25
325
793
865
1525
1771
2047
4187
4325
5713
5833
6697
8557
8743
8911
11245
11521
12001
12025
19825
21691
29341
29539
32005
40501
43273
52765
53929
58825
69311
70801
77671
79003
83981
85609
88831
92137
107587
134413
137149
143533
145351
145993
146611
156565
159559
162401
166499
175651
181579
188501
196093
200509
204653
245659
256159
257617
258589
259081
264773
268561
271237
272251
281101
303451
326197
360533
376813
382537
458989
460433
498317
510407
530611
536131
551227
554423
555397
561601
565001
582193
582341
592201
600211
601441
604117
607501
625049
682711
685945
736291
737425
860851
871151
873181
886657
896239
909709
931681
936847
950779
994507
1000627
1026241
1050943
1152229
1189423
1226173
1243009
1248481
1329511
1342123
1344025
1357621
1373653
1390229
1459553
1502257
1565497
1584133
1590751
1627921
1683427
1690501
1703863
1736107
1842541
1893943
1904033
2016379
2052613
2091181
2121061
2170081
2176525
2182267
2192219
2207659
2269093
2288317
2341279
2358025
2474269
2508013
2508419
2526191
2563903
2566801
2604331
2652721
2741311
2821129
2854471
3012251
3117547
3127769
3159325
3261139
3279553
3387781
3470921
3482753
3489877
3568661
3620261
3647621
3658033
3715897
3716861
3752173
3768451
3862207
3885157
3913003
3942271
4059859
4082653
4135631
4219331
4385239
4411681
4415251
4460413
4576391
4576513
4588033
4686853
4774927
4821745
4914631
4961867
5007241
5042951
5310721
5409601
5412871
5753581
5792905
5878261
5880001
5968873
6013639
6151949
6186403
6226193
6231331
6249541
6271111
6272449
6278533
6371177
6537529
6577121
6622351
6675751
6848983
6851521
6874391
6931039
7028821
7111541
7166525
7244239
7361201
7642717
7703551
7844873
8095447
8264461
8274619
8510347
8611327
8761553
8805007
8917969
9012751
9069229
9080191
9405271
9504191
9607237
9895217
9998189
10003825
10033381
10276297
10325621
10360321
10386241
10979029
11103007
11159071
11308987
11387725
11619829
11663191
11677597
11726983
11734831
11882863
11912161
12012001
12428573
12532027
12659989
12864923
13003411
13018327
13163473
13265071
13422553
13512929
13635047
13694761
13697191
13713409
14019391
14055925
14233969
14279689
14497267
14517049
14526091
14555221
14725099
14726293
14729101
14792971
14892541
14913991
14951341
15099787
15139199
15213739
15247621
15370763
15576571
15888313
16042027
16210801
16253551
16365961
16372201
16945633
17072101
17325463
17365969
17403821
17443213
17449417
17870561
18067501
18095773
18291073
18535177
18736381
19212821
19417069
20270543
20633167
21409813
21495781
21739591
21876667
21902887
22056949
22266487
22384181
22694401
23014421
23849869
23913319
25379965
26173909
26455153
26470501
26639719
27014251
27115453
27223951
27664033
28012465
28234781
28318931
28391201
29564393
29847511
29877541
30017293
30140419
30367873
30654325
30677617
30770767
30782273
31199923
32023909
32216351
32444341
32547691
32817151
32906791
33091657
33120341
33281159
33287557
33639631
33665833
34265107
34993583
36097471
36269773
36448387
36607777
36724591
36919681
36953929
37402601
37649503
37962541
38270377
38526571
38670349
38853541
39432361
40173187
40316641
40525631
40946725
41388917
41891401
42026419
42149971
42266251
42571421
42606661
42764453
42841327
42933841
43036003
43195387
43331401
43554787
43623977
43838341
44665421
44671001
44773507
44784037
45144991
45175201
45714217
45879941
46690753
47066419
47254481
47787881
47925121
47982769
48125437
49178141
49441339
49931461
50075461
50559769
51340807
51685889
51733489
53154337
53390611
53513857
53655551
54017533
54511021
54674461
54855929
55185373
55718881
55870543
56108225
56690701
57764411
58385263
59122711
59273561
59533351
60083651
60398801
60481411
60841441
61241057
61860629
62553599
63001801
63553621
63792691
64597387
65221381
66622111
66934529
67042009
67816589
67902031
68314357
68512867
68621701
68869583
69139201
69661513
69678307
69681257
69842089
71895697
72061741
73031837
73073807
73580077
73902403
73981657
74009401
74034451
74745217
74796553
74963671
75618301
76533901
76858063
77295961
77622533
77637463
77713021
77871691
78167701
78361457
79229263
80104033
81587665
82421065
82995421
85026841
85226689
86438857
86854721
87471121
88660993
89532271
89932351
90014653
90705301
90970133
91119925
91539281
91891153
91924093
92765017
92835667
93513239
93768907
94117249
95377393
95652481
95831929
96337613
97635925
98094193
98285713
98728033
99839491
99898801
100358273
100766447
101859661
102038719
102116323
102860371
102901633
103025077
106362559
106396891
106526551
107997079
108639329
108774793
109002511
109958887
110024785
110271781
111681679
112043989
112126369
112702591
112787711
112815883
113197061
113421601
113492101
114807463
116151661
116321617
118172251
121276651
121543501
121694719
122180449
122328961
122612069
123771511
124028519
124156045
124574413
124593031
125207177
126132553
126361219
126776557
126886447
127505701
127728811
128187271
128987429
129333377
130285387
130944133
131334851
131571181
132002191
133981621
134536033
134589001
134696801
135442819
136545067
136559881
138736153
140006017
141248381
141915061
143839525
144575881
145291501
146156617
146272901
150380983
150609097
152996999
153866251
153928133
154285721
155715481
157807981
157825351
158104801
158496911
159349051
160455049
161033489
161605793
161789987
162096901
162193159
162243091
162776041
162812833
163206271
163642141
164961763
166595131
166849561
168316025
169234003
169315651
169396921
169597891
169608067
169729561
170173741
170536321
170782921
170853211
171557101
171926257
172035841
172907281
173021851
174167407
174471641
175710943
176057603
176597821
176609441
177439061
177812641
178482151
178918741
179260621
181112461
181926109
183605425
183652657
183782479
184256647
184746889
184782691
185412679
186238469
187165261
187176601
187190347
188212807
188335711
189030481
189278977
190294963
190717213
192348641
194306617
195106237
197311087
199104533
199491661
199574701
199958761
200083333
200752501
201261061
204172939
205823873
206006533
206504033
207788437
208218107
208806109
212256301
212361761
213414841
214110541
214191623
216033001
216899047
217805281
218642029
219029329
219901837
220531501
224213329
224582221
226720777
228230437
228862969
230300857
230382401
232460821
232554037
232771501
232864081
234715021
234980257
235836361
236707957
237656431
238276153
238592161
239806561
243464113
244329313
248407321
249141421
249616589
250267909
250674481
251362679
251460973
251470927
251753441
252485551
254405713
254527561
254654941
254781451
256081393
256416883
256539511
261298297
261856261
263128951
263506951
264369151
265079017
265456801
265687567
268505551
269290261
270687409
271092553
271377763
271685989
271702027
272615851
273113371
273115163
274012801
274840021
274954993
275093071
275872241
276223001
276868609
277477903
278388881
279947137
280143557
280715077
281888209
282707461
284795731
288099001
289917937
293315131
294297569
294371227
295560757
297499339
297728551
297812677
298192753
298847671
299222101
305372383
305889931
306578203
306845449
308550061
311655691
312296557
313338061
314099143
314311603
314736661
314950351
315034513
315351521
315915541
316525483
317123173
318516571
319501801
320454751
320591209
321004147
321158761
321324589
323654041
324186451
324367759
324453361
325555903
325676377
326266051
327252619
328402181
329153653
329788981
330433261
331320991
332740981
333466777
333518281
334813411
335259073
336407437
338298661
340080457
340894369
341981557
343862461
346446871
348668321
348989101
349349317
349470703
350454479
350527351
352459697
352735351
354371761
354390037
356838421
357241361
357778331
359089091
360145633
361312337
362205367
362276251
362569201
363432371
364504661
366532321
368390989
369463387
370187819
370757809
371280001
371501147
372089173
373678831
376352521
376361149
377806687
379732501
380142757
380576953
382165273
384472481
385151873
385319089
387976037
389925629
390337201
391930003
395044651
395164151
398724701
399765031
401635909
404020777
406652569
407282851
407979829
412848031
414395701
415108891
415800703
415984001
419184481
420465277
424204249
424294289
424315751
425231533
426351283
426849859
428270767
428422261
429802001
430970041
431846119
433182751
434644033
435524911
436019641
439309261
439714133
440906551
442439341
444381391
446008879
448232419
449501761
451118981
451582231
452069101
452442511
455461471
456320801
456360673
458596579
459117811
461064187
464950877
466290949
467875211
469328203
470752133
471168253
473396057
474642257
474970501
475760449
475969231
476667361
477320537
477875231
478746269
480607579
485423533
486711259
487137457
488207501
489181981
489404971
489644453
490012831
491027293
491127289
491267573
491646403
491758573
492683311
493108481
494678251
495027217
498250201
498801889
499375801
501068881
501341041
502339597
504039421
504870241
506933623
508013923
509551201
509559481
509973817
510238717
510784691
511137409
511408171
513478057
514429651
514564051
516259657
517555711
519839041
520399381
521463359
527400001
532059529
532800133
533429881
539746111
540621181
541453147
542253601
542883223
543266177
544294081
544571921
544934431
547644371
549557251
550312621
555102871
556945633
557524171
558126661
558220151
559724131
560233573
560448631
563465431
563846401
564280841
564635143
566195449
566689927
567064577
568339069
569507579
569561779
570903271
573836033
575667163
576691741
579956653
581147701
581904181
582081977
583149991
584710979
587080789
587969203
588956479
591043771
592614689
593234929
593513467
594296501
601977601
603196525
603729361
606360421
607949539
608232151
609123971
609678401
612816751
615760133
616588207
618148873
623662903
624439747
625482001
628868467
630022069
630317509
630918367
631148813
631667737
632278081
633096001
633863809
634559917
636691817
636977251
640024705
644004817
644453633
650728597
650939521
653170033
654143491
656227853
657067951
659058593
662945911
663234977
663640561
664574653
664833205
667088797
669906557
671410093
672906991
677059231
679567201
680044697
680872651
682528687
683146129
685291489
685667317
686716993
688482523
691278697
693730357
696336967
697037797
697349473
697791403
700196011
700545217
701089523
704757901
704849419
705883951
706876801
709046269
709912657
710616001
710617861
711210523
711675667
715427861
716169301
717581251
722637367
723606391
728458501
729628069
730704133
732411451
739444021
741470549
741802753
743404663
743832091
744525841
745964371
746331041
747083891
749663539
753570817
755293631
758353597
759007261
759622753
759643501
760404511
761407021
763297727
763369111
770367361
770416799
770445985
774100981
775368901
775468121
779409391
779846159
780812173
782678161
783919207
784458517
785260711
788681771
792342569
796066571
801810983
801866647
802824751
803592043
804467773
805359169
807115753
808914881
809384941
809670049
810635801
813096481
813654217
816718681
818660131
818856377
823669949
828646051
832185451
834798973
835522601
837200219
840749761
841217653
842116861
842508053
845951767
848644291
850446769
854634061
855610381
856230733
857592913
858711673
861342301
861500053
861522157
863098237
870410269
870966713
871883371
873770509
878053177
878603701
884584891
886515593
888907073
889729993
891706861
894501037
896454379
896901461
897387481
902096161
904849219
911313001
912550241
913735747
914916637
915648427
918757127
920375821
923295871
923437213
925625341
926271991
931172551
932793401
933113341
933184801
938376181
942088201
942512947
948393559
948417109
951941161
955371871
955609903
956687761
960076627
960114709
962442001
967287751
968393597
972471151
973368481
979363153
982149451
987531121
994885141
999629299
1004231551
1005745261
1006107061
1011424681
1015269391
1015753601
1019293991
1020929113
1021731281
1028018413
1028591801
1029271651
1030354417
1036689737
1036969627
1037560681
1038986561
1049144801
1050422101
1053541189
1055022961
1055437633
1060147337
1060639645
1060794769
1061694109
1062337663
1063091459
1065262843
1065811825
1076232961
1080840043
1083623521
1084952881
1085447149
1086555919
1090447489
1093394377
1098000091
1100157823
1100510413
1104179605
1105014961
1106776951
1107132001
1112069791
1117547201
1121176981
1123817941
1125795271
1128462901
1128917681
1130893999
1134193561
1134210025
1139434453
1143730459
1145428597
1145507917
1147157621
1147710211
1150172041
1150636411
1151367361
1152265349
1156993373
1161764869
1163928109
1164498391
1166475601
1166779981
1169006329
1172378593
1173610129
1175762591
1177874587
1177979329
1179103213
1180426241
1189817371
1194469417
1195135951
1195524181
1196714161
1200738001
1202752279
1202830501
1204176751
1206444781
1210962059
1212639017
1213619761
1216178881
1216506373
1219288573
1222568707
1224200801
1224829153
1225198193
1226718131
1229970541
1232008201
1235806057
1239964723
1244421487
1245528541
1245906329
1249801957
1251773353
1253478073
1254330631
1254948337
1260390371
1261099531
1261570133
1261805971
1264778131
1264887007
1267133311
1268469781
1270193401
1270877557
1274522341
1274699101
1280045989
1280398663
1280486131
1286298133
1289781865
1295776441
1296034249
1298036149
1301564909
1301856601
1302145267
1304430481
1305208297
1305993109
1308118081
1308334273
1311616153
1312538551
1317570049
1317755401
1324081721
1324344341
1330187101
1334203489
1336803391
1337736277
1337768227
1338851011
1340121257
1340628199
1344420013
1346994449
1349488141
1351586251
1352576737
1353332417
1359412601
1359481589
1364378203
1366608377
1369918681
1375267769
1375684831
1376753671
1378203751
1378812097
1390749313
1390994641
1394632891
1395284293
1399144291
1402248403
1408610503
1410521941
1411438537
1414992013
1416144133
1417211153
1418213249
1419339691
1422981407
1435695691
1437675331
1437814225
1440213311
1440752827
1446812641
1452194257
1453219681
1453548403
1453672481
1456892471
1458783281
1460027969
1463992661
1471784581
1472650999
1473081889
1474641601
1476995281
1479647233
1480055617
1481225257
1481405377
1482498793
1484246765
1484868061
1486078903
1486312301
1489006091
1490056501
1490313091
1492938721
1494595801
1498193863
1503421453
1504633423
1511042851
1511144023
1515664153
1520190341
1525799329
1528936501
1531245379
1533506641
1546883209
1553685769
1563371713
1563607081
1564278211
1565138611
1569202181
1573285279
1578634831
1579079503
1580591011
1587808769
1588247851
1588942489
1591392349
1593923729
1605194197
1608935239
1613842001
1614423661
1615998859
1616767939
1617115537
1618435171
1620646177
1621848151
1627635761
1629696169
1630161541
1631314609
1631847619
1632452141
1632816001
1633426661
1635573901
1637436457
1640880451
1642173373
1642484341
1647629425
1648076041
1648903549
1649461301
1650490129
1650494801
1650682153
1652432659
1654884871
1655531291
1660521721
1663535989
1664113987
1665790327
1666691791
1667301217
1669229101
1674091141
1689130273
1692139291
1694012473
1694805389
1697558501
1700327353
1704141601
1716749761
1722306779
1722685777
1726778593
1731264079
1731573829
1733615563
1736808497
1738120903
1739029001
1744316701
1746543401
1753351903
1753936351
1757148121
1759770577
1767803047
1769797201
1773599521
1776536101
1783334719
1787934881
1790677193
1790899601
1791738901
1793417341
1794136627
1795480399
1796721907
1800812477
1802510669
1806175039
1807714063
1808952571
1810461889
1815566101
1816089157
1828593583
1828887061
1834781191
1836550993
1838363491
1838739523
1839947731
1841312377
1844279011
1850661583
1851176161
1852666901
1854713791
1855312229
1855782821
1859554957
1867667057
1869913825
1871052697
1871501633
1875365731
1875981313
1878141313
1878691753
1879978757
1882534921
1885915841
1886812211
1888925761
1892876077
1900826353
1905065891
1905878521
1905990211
1909750067
1913858449
1914119509
1923845801
1924201501
1927251943
1940174209
1942338961
1948079701
1950782777
1951285961
1952748821
1957908877
1962730531
1963824817
1970025721
1970097001
1975425887
1984748821
1984876771
1988547031
1991461411
1996651837
1997755321
1999083451
2000436751
2005662121
2009745697
2012084299
2012390173
2016481477
2027898577
2034740233
2050011727
2051486347
2054590693
2057835781
2062341979
2063228203
2075850817
2078541631
2080453951
2088110491
2091057739
2094177403
2095002631
2100824057
2102670961
2106122929
2107340821
2107462501
2113160011
2113663777
2115769633
2126842321
2137931041
2142238841
2144548033
2145585941
2150550271
2150832751
2152529447
2156567291
2156767003
2164195001
2166133001
2169536191
2171362159
2173371461
2176045901
2176379801
2180366233
2181897329
2184744451
2187056485
2187544531
2196331831
2196839041
2201546425
2204374043
2211735457
2213712499
2217930587
2218987009
2224183501
2224278253
2225383441
2231794681
2233247677
2239383511
2254796281
2257572013
2262200501
2265101581
2268866449
2274169561
2274434839
2283768499
2286701621
2292773083
2292837193
2293182217
2293675561
2296094737
2296543159
2296837133
2296995121
2298246181
2301980801
2302419601
2304286579
2312083801
2314044721
2314820377
2317579951
2319891307
2332301401
2332897201
2333669617
2335341601
2335640077
2338023601
2339464681
2340679843
2340771431
2346225571
2361316621
2362421953
2365094161
2368901831
2375894809
2376769741
2379610351
2382191599
2383788691
2383905037
2384804129
2385076987
2385574201
2387414683
2390257513
2395870441
2406220081
2416134241
2418384601
2421909911
2424842863
2425249601
2426169241
2430590131
2435644027
2438403661
2441397817
2442483061
2448848981
2450701501
2458169299
2460649363
2466012113
2470050929
2482081993
2483255947
2485230751
2489275121
2510553601
2520596233
2529410281
2530618177
2533915781
2539194701
2546257177
2548776871
2549110901
2550014941
2550780277
2560600351
2560891327
2561392189
2569327129
2569777867
2571162001
2577100033
2577770561
2579163931
2590281019
2590350751
2591636401
2595053401
2604315457
2605192211
2605354165
2606081813
2607358993
2608536551
2611072297
2620964501
2624136103
2630074903
2634043879
2649665789
2651046301
2659939453
2662805599
2665309519
2669138317
2670171323
2672605657
2677167511
2677890367
2679123637
2680883617
2696174171
2699471503
2700818017
2701920341
2702682529
2703400801
2704383551
2704935913
2705984291
2713420207
2716305643
2716344661
2716415983
2732805193
2745342331
2746476559
2748826651
2754814753
2761545403
2762427817
2764710253
2767472461
2767489561
2772059687
2779414327
2781585409
2784154273
2791575781
2795384183
2800742845
2803805111
2804967271
2806496551
2807249551
2814177901
2822521411
2826985153
2828698133
2833476463
2837076733
2846091067
2847630307
2855522041
2857327591
2860846721
2862481511
2864096047
2864687951
2868408061
2871232033
2871351913
2880138601
2882674937
2889262891
2893508731
2901514531
2903965321
2907098041
2908291159
2912326471
2914146379
2918295451
2930351701
2932556717
2934485191
2952147001
2953062361
2956249141
2965085641
2972005913
2975316859
2979282133
2979720901
2981628121
2983823993
2989794013
2995097503
3009018601
3009756751
3010717807
3012498941
3018743605
3021712597
3022921207
3024242731
3028462867
3038520367
3044976001
3049109701
3051128497
3053758639
3064748977
3064836181
3077771497
3084248521
3086407801
3086767657
3088969381
3103434601
3105534251
3109189409
3110951251
3115661761
3120427909
3131205859
3135040133
3142656469
3148806403
3150972917
3151353941
3151437617
3151935271
3152711161
3153458897
3154371361
3161050201
3161757457
3162778393
3165745861
3169419229
3172938247
3175536241
3175904033
3176087833
3180139201
3182587633
3183481393
3185944273
3187421077
3190544677
3193356013
3197941979
3203380891
3207218851
3217665961
3219798151
3237992101
3241796977
3242533897
3244976741
3249275681
3251660161
3254374789
3256366051
3263568901
3264149899
3265122451
3268841941
3270014749
3270477127
3273820903
3276044839
3276102787
3278492725
3280686221
3281279821
3282974857
3284140501
3285725701
3291155213
3293801281
3295624921
3305771365
3307436497
3310073443
3312191329
3312383425
3312536569
3315139717
3316241311
3321387649
3322227917
3324006533
3324444985
3329909641
3335261357
3340230013
3341009401
3349218881
3350308789
3357480281
3364070533
3368524867
3382983521
3383477191
3384800641
3388238101
3395120977
3396346229
3396619367
3412575097
3420158941
3420524467
3434575327
3434865877
3445787629
3450935503
3453354607
3459135107
3460536577
3464369581
3469409143
3476369563
3484529533
3490372117
3492297817
3495259681
3495943153
3496400977
3498191353
3500559203
3502970551
3505364101
3542303047
3543203333
3543553333
3546176671
3548766973
3574891757
3581503817
3591338701
3596337361
3600470101
3601083511
3601552249
3609302311
3621992533
3630596257
3634084871
3634321153
3637831753
3642034261
3653266681
3653554543
3660360467
3660743743
3662387977
3670047151
3673744903
3675353281
3679657997
3692585081
3705919309
3709757123
3713521033
3717260801
3727828501
3730420801
3737709991
3741975631
3745938239
3749480081
3751554581
3754038941
3755985577
3763597825
3766013525
3767348881
3767865601
3776447281
3778309081
3781934281
3784123501
3789787501
3789843461
3797157911
3797778601
3799264003
3806586631
3807044251
3807987059
3813919453
3821600341
3824069771
3829656403
3832807681
3833208961
3833846641
3835051201
3836565241
3851514109
3854932183
3878246201
3886643801
3888057209
3888136501
3896271311
3899376841
3900327943
3907458871
3911634937
3917814697
3921254653
3934182907
3940983073
3947560525
3951382753
3956339791
3959983099
3963510503
3964119001
3980267771
3980428033
3983921191
3994831639
3995706943
3996059101
3997885609
4009000997
4010790181
4014059701
4016386721
4020144133
4023844777
4034208301
4034969401
4043199601
4051034443
4057765111
4059776533
4063568449
4067036443
4067403481
4067887501
4068619801
4099620691
4102074797
4108086109
4112558413
4121286907
4122849683
4122954925
4125983681
4133928761
4134702601
4138568773
4144945351
4148314873
4155472351
4160411251
4160825551
4176385921
4179162457
4187360341
4189357987
4195310417
4204579303
4206464623
4206758533
4223711269
4231459597
4235818861
4259114245
4267280021
4267640833
4270142917
4275456071
4288989433
