341
1477
1541
1687
1891
3277
4187
6541
7471
8911
9073
10279
10649
12871
14041
14701
15409
16841
25313
28063
31021
38963
47461
49241
50401
50851
53659
54241
57553
58969
60691
61579
82733
88399
88831
93391
97921
98671
109061
112141
114247
115231
115669
132193
132239
134413
146611
146791
152861
156311
179371
181901
186497
191959
194221
196351
200431
218791
219781
227767
277111
293281
294079
323041
342271
355957
368971
380359
397717
399001
399799
400159
416641
432821
438751
455731
470851
510071
512461
514447
518977
522071
536131
544541
571979
578771
596161
599329
662861
665333
671977
713483
714511
769757
796111
799057
801643
803701
828271
869891
914551
954271
963857
964411
966169
990343
1003213
1023031
1024651
1032533
1044469
1064053
1080179
1082401
1091503
1092547
1144849
1152271
1173091
1193221
1197847
1207361
1241641
1302451
1305041
1314631
1335427
1352251
1491827
1517221
1530469
1533601
1539287
1549309
1563151
1576381
1585693
1627921
1639171
1681471
1735147
1735691
1760023
1773289
1777793
1782617
1787113
1857241
1864837
1873981
1902361
1904033
1911397
1925617
2030341
2091013
2091181
2134277
2161463
2178487
2192219
2219851
2295649
2329651
2341279
2358533
2400373
2424731
2449357
2508013
2510569
2541421
2543689
2544871
2604331
2604571
2628451
2633513
2674441
2686807
2724931
2741311
2848217
2887571
2895121
3032911
3035251
3062347
3101911
3150353
3200819
3302021
3306493
3308701
3369731
3432943
3438667
3457531
3465643
3542533
3543121
3561251
3581761
3595153
3805111
3812041
3814357
3818413
3826787
3850931
3905581
3952631
4041811
4047401
4057741
4063481
4111381
4128703
4150387
4151041
4177507
4224533
4260301
4265257
4291801
4405441
4411999
4543621
4634671
4671577
4686391
4746653
4799887
4811851
4827613
4876543
5187053
5371577
5481451
5518237
5707531
5753101
5834851
5900033
6058981
6186607
6189121
6251173
6409019
6471931
6503131
6631549
6659251
6733693
6765883
6955541
6963211
6973063
7122671
7279303
7398151
7403761
7442389
7493197
7549361
7596181
7631659
7678501
7811851
8011459
8070217
8086231
8095447
8163167
8219251
8243111
8247601
8256763
8261317
8293381
8301649
8332097
8336269
8346599
8394031
8437339
8449501
8507731
8534533
8559787
8563759
8577391
8584871
8595361
8633881
8650951
8655511
8668771
8785219
8830801
8855809
8901817
9080191
9204031
9272233
9371251
9439201
9504191
9533701
9585541
9600113
9611947
9691681
9694351
9780409
9835541
9863461
9973693
10008307
10014271
10267951
10276309
10386241
10403641
10438381
10509751
10678141
10679131
10703801
10993357
11013997
11060057
11104861
11107121
11317519
11349703
11387251
11394001
11407441
11438101
11444851
11635301
11715793
11727649
11734501
11812609
11931757
12220021
12254221
12322133
12441157
12507067
12529183
12578981
12755161
13003411
13012651
13072081
13155517
13261991
13404751
13628401
13821193
13851619
13914631
14044573
14119561
14223097
14297851
14471321
14505149
14555221
14575091
14579731
14634271
14671801
14676481
14792971
14808949
14913991
15019411
15071941
15182083
15247621
15450751
15484609
15564079
15576571
15614149
15650083
15720013
15885937
15888313
15995449
16004221
16253551
16442011
16520533
16661633
16710877
16755481
16773763
16948801
17080471
17091229
17236801
17306681
17349307
18054037
18301709
18342241
18531919
18736381
18790021
18980701
19248659
19705501
19916821
19981081
20194201
20196013
20281207
20504881
20586637
20633167
20695631
20738557
20871451
21095669
21330961
21356161
21395611
21397381
21496771
21546539
21583717
21625171
21672281
21780683
21813661
21933031
22066201
22187791
22309081
22349251
22363741
22369621
22420273
22439413
22507231
22721791
22735153
22759093
22781861
22885129
22994371
23017429
23129633
23679169
23865667
23913319
23988703
24016231
24662431
24783751
24844117
25025281
25076533
25206721
25326001
25603201
25696133
25722091
25806241
25915501
25957231
26313289
26424311
26474581
26551531
26597227
26647039
27012001
27223951
27236311
27494897
27510391
28163251
28358287
29033717
29214541
29442661
29985421
30131011
30291001
30363271
30428033
30693547
30770767
30912421
30932521
31079881
31090333
31107097
31206361
31574251
31902553
31957351
31975561
32091781
32144821
32244391
32813831
32817151
32869981
33312091
33476633
33717991
33796531
33840397
34084181
34139881
34248751
34273531
34516561
34519211
34519627
34657141
35270647
35407711
35510383
35798491
35981713
36338653
36355447
36365821
36466361
36533891
36561103
37578889
37675771
37736533
37964809
38129851
38655283
38685511
38722861
38788489
38903287
39004531
39469519
39710651
39713657
39826351
39969097
40863061
40876981
40917241
41240161
41446957
41636041
41642681
41662297
41929087
41963959
42149971
42318277
42652429
42666037
42698023
42709591
42714937
42933841
43384129
43694111
43794811
43834321
43876531
43904701
44043023
44248201
44482901
44509489
45025073
45025813
45190081
45877861
46093081
46233079
46350151
46456763
46626103
46672291
46703791
46724131
46876537
47029249
47253781
47271691
47292961
47494693
47647117
47791711
47823859
48064021
48316969
48354481
48612527
48706891
48722477
48821543
49019851
49075963
49297951
49303801
50102053
50169589
50355361
50393341
50509891
50678461
50774473
50790001
50854609
51339037
51347743
51733489
51738941
51767071
51891841
52060397
52098457
52204237
52463191
52575121
53363269
54459841
54524341
54771193
54959161
55682311
55729957
55901509
56029933
56052361
56261911
56581471
57838523
57919343
57961333
58077271
58986091
59569357
59647771
60249151
60515401
61230943
61683241
61731451
61829741
61965511
62399041
62479297
62756641
63336967
63810653
63833131
64173751
64271351
64339111
64377991
64830349
64992181
65259217
65407087
65922151
66994471
66998317
67498009
67680491
67706501
67902031
67907701
67909459
67916287
68155993
68391559
68452831
68462551
68463337
68621701
69017581
69178801
69235801
69485281
69581341
69637751
69728531
69949447
70455487
70760971
70917451
71238961
71345633
72108421
72286501
72371993
72415531
72543547
72721097
72835121
73030231
73254127
73527301
73945171
74342503
74745331
74786053
74968909
74985607
75320341
75642157
75663451
75691441
75743651
76164013
76465957
76725091
76882051
76969621
77146831
77622793
77701051
77852881
78430249
78644611
78734107
78954893
79089553
79323427
79413931
79624621
79631641
79826041
80078461
80207381
80282161
81926461
81954133
82452061
83042971
83699851
84164033
84191509
84354821
84757949
84758389
85063063
85400701
85759147
85852577
86012227
86095549
86417087
86456581
86727439
86754761
87497551
87558127
87637763
87650413
87913723
87930289
88256449
88367351
88554871
88738817
88922633
89151931
89314457
89433661
89532271
89998273
90202591
90772201
90784037
90881941
90910513
90970133
91314049
91433281
91657697
92625121
92795767
92917921
93431521
93715571
93980251
94037287
94502701
94536001
94612771
95000537
95095001
95690701
96159241
96896251
96916279
97039711
97230277
98498269
99165529
99173719
99732509
99809051
99882151
101534221
102115891
102569731
102898951
103846051
104524421
104852881
104900311
105312247
105312421
106156931
106299811
106363531
106374071
106374841
106755661
106837951
107032817
107520533
107610301
107905141
108067051
108347041
108422233
108438643
108811207
108882541
108981451
109838431
109883071
110067761
110446051
110646043
111291181
111340153
111428377
112442401
112576889
112784959
112819801
112932961
112939831
113103721
113173259
113310289
113980453
114693481
114910489
115252021
115543741
115688161
116151661
116448671
116463007
116613641
117129421
117531367
118244611
118846151
118901521
118973827
119261801
119289259
119384441
119413897
119693267
119870167
120755183
121228981
121455889
121820887
122404129
122505571
122703463
123323581
123508549
123936901
124954831
125080861
125789971
126035911
126200521
126211307
126323699
126428851
126731393
127060921
127218397
127534243
127664461
127721189
129540557
129580291
129762001
129788011
130027051
130060813
130944133
131117941
131680411
132140861
132806171
133227451
133331281
133552819
133800661
134176771
135218381
135779491
136027009
136217803
136322041
136372501
136608601
138158411
138958531
139592101
139952671
140742253
140832001
140922611
140978749
141000031
141069067
141157801
141640241
142812913
143674801
144074701
144526211
144545627
144764053
145006117
145130591
145187671
145377277
145469881
145620311
146729683
146806129
147037441
147039751
147175813
147517217
147872539
147899281
147964751
148109473
149161211
149727967
149917051
150340861
150614413
150846961
150866423
151820029
152559541
152619613
153109081
153384661
153440743
153566011
153843341
154011467
154148777
154653979
154822741
155058179
155336791
155775841
155897309
156090943
156897211
157082923
157346731
157368661
157485547
158496911
158522759
159134011
159874021
160041361
160122271
160205977
160409591
160940251
161304001
161559631
162096901
162324931
162419167
162654103
162755029
163513153
163584961
164126953
164578051
165164077
165283471
165291001
165543601
166442251
166688101
166724041
167472451
167979421
168586111
168665509
169397761
169407577
169515919
169608067
169976269
170920201
171093913
171340651
171536377
172435741
172436713
172521737
172528651
172723189
173696359
174043787
174058831
174189151
175250593
175592759
177064213
177710413
178482151
178837201
178899631
179201153
179374681
180115489
180721711
181195411
181702393
183400153
183524111
183931231
184644433
184778821
185168611
185389891
185624353
185934127
186109093
186923137
187143661
187190347
187226173
187527757
188821951
188985961
189482107
189836659
190212181
190294963
191327731
193564757
194033341
194194969
194225851
194325097
194339081
195007801
195589483
195664571
195664957
195700597
196404737
196696267
197143351
197239591
197991109
198603437
198669403
198724231
199609147
199863247
200083333
200390191
201261061
201898049
203231621
203653603
203687203
205235561
205828291
206703589
207477001
208051201
208614359
208760371
208774369
209711431
210527263
210537079
211734601
211794001
212058631
213516073
213835861
213875251
216204977
216315457
216486019
216727561
216762671
216821881
217571941
218112133
218167381
219341893
220502173
220531501
221419801
221709853
221793391
222116563
223120981
224102287
224136013
224646463
224737021
224927137
225045571
226720777
227180923
227829571
229905101
230044231
231368437
232173941
232393793
232554037
233148889
234030191
234610291
234715021
237087481
237656431
238199941
238473889
238517569
238523689
238818751
238940771
241094491
241508359
241657753
242126173
242577181
243174223
243791491
245957713
246191089
247522201
247587367
247878667
247912897
248668861
248682869
249183037
249378157
250216801
250306541
250436033
251148913
252767413
252826351
253158751
253613587
254047981
254433691
254864231
255866131
255958561
257403131
257403331
257460851
257586211
257623021
258503701
258634741
259184521
260211841
260386237
260518801
260768527
261856261
262011361
262204561
262424647
262833871
263972591
264798301
264826277
264863581
266023291
266051431
268731901
269702357
270362023
270470371
270525737
271076131
271523071
271876511
272306753
272313091
273163651
274525327
274617001
274867111
276290191
276356473
276506941
276612997
277045057
277210081
277241401
277581781
277880401
278215201
278741323
279196097
279377281
279744031
280263169
282096557
282714931
283229491
283239421
283273381
284166877
284301751
284374393
284518177
284666111
285111667
285754393
285978181
286641559
286914673
287443651
288384301
289105741
290356291
291442357
291595973
292036769
292409651
293432683
293843683
294311881
295384321
295504801
295717501
295908901
297396793
298080749
298204831
298491481
299015921
299267321
299449729
299592331
299649751
299671921
299736181
300484549
300979369
301238191
302204033
303181079
303639337
303990437
304346251
304396051
304764721
305324587
305578921
305933161
306125683
306703801
306785051
306798577
306859861
307061371
308951711
309525361
310932911
311076001
311527789
312773141
313980913
314099143
314154937
314200951
315467197
315838711
316315117
316336351
316583041
317331901
317641171
317899141
318158041
318456181
321833041
322451401
322523101
322913743
323487451
324001441
324010061
324171751
324186451
324236989
324528949
325479043
326187163
326470483
326655473
328011331
328024093
328734733
328952701
329262913
329311529
329542111
329769721
330366067
331312411
331320991
331623307
333416029
333482269
333571591
333944381
334291981
334688719
334763353
334863101
335091421
337135501
338298661
339033221
339190561
339385591
340001821
341267551
341848729
342650911
344336221
344820631
348849703
348869431
349138567
349588387
349706263
350104631
350743213
351146753
352000981
352354969
353022517
354790381
356042071
356374171
357204709
358416577
359053003
359696431
360145783
361234721
363941467
364285351
365493383
365858011
366178051
367372721
367808221
367870693
368113411
368660161
368667703
368840071
370706557
370760629
371477341
371920867
372432451
373768951
378034141
380142757
380420551
381128671
381194551
381522457
381604843
382166989
382536001
385934069
386649121
388313297
391278259
391774961
392050351
393197971
393716701
393950797
394689371
394789651
395044651
396231887
396331357
397608751
398814023
399271291
399469201
400253701
400520653
400593337
400963993
402279403
402358321
402497551
402757301
405234511
405513151
405900991
406123099
410458771
411374329
411840833
411947251
412402631
413326651
413670661
413689249
414741961
415605871
417100183
417444301
417746629
418226581
418813921
419350051
421502839
421578193
421923751
423448651
424005121
425420501
426448411
427184059
428902891
429832081
432487609
433381243
433532779
433784261
434443931
434782783
434802241
436817071
437029477
437247841
437297801
438153367
438181327
438344593
438454447
439042579
439042681
439212841
439331491
439714133
440306461
440885641
441669889
442989739
443471419
443646961
444593153
446069251
447360301
447642817
448500739
449055137
449765461
450326801
450640667
450759817
451118981
452503591
453257869
453557287
453767161
453992111
454087243
454398193
454766287
454842481
455417587
455461471
457497847
457500997
458086883
458140957
458368201
458946181
459184573
459248641
459838867
461232379
461878951
462139021
463150189
463264003
463719791
464382361
464819041
465928849
468500033
468950021
469497377
470063791
470070811
470524303
470574151
471928321
472091497
473170801
473301767
473750371
475320619
475468927
477004327
478155349
478298687
479737649
481135021
481166731
481239361
481637381
482120827
482497681
482769953
483486571
484410683
485188051
487165771
488104681
488328913
488640577
488656981
489459961
490234951
490447261
490518181
491172263
492270373
494680261
495234673
495649201
495748891
496644211
496962181
498788401
499411981
499613851
499998151
501793381
501819157
504870241
505705831
506568043
507234781
507250153
507525409
507683611
509299577
509451197
509551201
509632651
511408171
511773499
513352891
513777421
515520809
517448077
517515539
517697641
518252141
518820101
520396661
520760693
520924141
521531947
522431449
522697429
523061749
523170421
524016901
524545303
524968349
526129771
526926553
529102027
532258271
533300041
534036469
535025737
535575409
536004631
536682511
537683251
538412033
538443553
540020801
540427031
541930501
542756341
542761301
542809411
543730181
544101481
544684207
544773511
544952341
545430607
545670533
547281851
547523569
547869941
549132871
549308761
549765163
550052137
550312621
551672221
554494951
555016771
555102871
555245947
556110661
556334483
556360081
556734271
557199959
557795161
560704213
561358601
562342411
564084841
567737633
569332177
569969401
570271057
570423751
570856069
571827601
573800401
573896881
575534093
576328663
576413011
576884761
577232657
578185301
579516631
579606301
579769429
579946951
580186133
580786331
584968639
586197361
587059471
587273399
587444287
590414977
590503123
590795551
591034843
591043771
591072067
592674431
593708977
595612171
597872341
599374441
599581471
601796521
602475017
605341837
608560661
609260767
609361567
610659109
610870531
610878709
611852671
611888311
612816751
613332721
613343371
613519291
613937773
613959571
614572513
615916577
616151251
616681291
617279821
617725453
618113861
618206051
619302361
619846291
621787951
624732421
625647241
625719793
626128231
632188423
632492011
633289807
634394041
635103001
635415481
635755007
638117573
638148443
639437491
640385131
641601871
642290027
643232251
643316461
643767931
643824511
644900257
645656863
645903919
647101267
647121121
648035227
648154651
648328801
648720001
650097449
652863751
652969351
654288031
655185019
655452241
657414577
658155631
659381321
659846021
661795597
662611951
663353101
664018097
665040989
665197859
665416417
666615757
668734753
669400513
669769741
670362029
670438861
670567301
671343509
671651191
671727781
673319083
675255403
675387901
680609551
680860351
682415401
682783429
683159887
683723233
684162923
684634133
685440053
685553311
685949551
688496761
691472071
694271791
694947313
695116411
696155251
696446719
696464269
697332497
697724161
698135911
698302783
698446421
698959561
702343963
702347731
707089027
707899291
709879301
712766503
713946133
713998891
715594153
715699741
715855561
716169301
716485231
717164449
717653333
720223813
721636801
722700161
723606391
725508241
726427937
727083001
730364137
731567791
732736621
732842101
733310821
734451121
734793467
737000161
737605351
737918569
738491131
739460701
739542607
739643491
741745531
741981871
742227619
743404663
744244441
745165477
746770867
747406801
748419127
748998811
749546029
752186593
752514793
753509359
756147701
756850343
756954901
757221977
757834531
758142883
758188481
758228041
758639281
759638881
759706273
760777063
762466771
763587607
764392351
766190771
770016803
772702531
772986997
773131927
773343169
774109627
775988033
776728661
777169243
778804111
779566211
779819587
782330231
783563059
785190451
786333241
786775709
787540879
788046901
789445691
789707707
790468141
794321909
794399041
795861193
795883771
797396941
798356791
801093011
801866647
802470961
803127151
804182993
805699201
807172609
809506133
810778687
810927661
811101349
811110301
811478533
814056001
814542049
816025231
816623809
817918843
818600707
819443791
820171991
820718861
820816561
821531257
821566561
822390229
823298341
824405041
825404581
825639511
827983729
828130117
828781231
829678141
830022211
830231821
831408283
832108051
834121447
834445789
834541681
835526441
835882139
835893511
835935361
836015731
836276921
836836309
838690363
839635651
840749761
842579011
843218443
843320791
843810001
844858939
845376533
846649957
846695851
847407023
848615161
849014581
849606031
851703301
853127227
853877641
854187181
854553133
854581807
855443611
856738081
857100421
857902861
858437929
858711673
860578687
860815141
861161861
863120221
863744701
863909903
864165457
867323521
867886727
867965251
869560903
871695397
874193891
874835911
876850801
878603701
879485311
880554547
880869277
882096049
882723427
883849753
884317351
884584891
885177541
885208933
885493927
885528461
886474201
886525907
887141971
888700681
889597729
889729993
893604013
894562813
895489757
895540861
896901461
897283213
897916207
898011137
901338673
902135873
903136901
903297319
904393361
905737639
906471301
907337971
908349601
909675811
909802601
910020833
910121281
910182781
910287691
912722491
914183761
914668291
915330001
915567301
916411663
918661501
919980361
922767913
922845241
923161201
923472923
924335371
924409333
926555311
928040131
929497817
929548051
931840531
932098133
934290251
934495801
934562201
938020501
938443213
941604877
942347369
943478957
943491601
945090121
945154879
947485351
947581801
948834811
950693251
950875381
951232133
951715987
952807501
955134181
955772947
955938901
956427481
960946321
962375941
962620429
962959631
966376981
967587377
970432057
971159879
972029809
972467551
972471151
975073373
977770531
977915581
978313877
981292987
981423001
984640651
987628501
988060591
988966291
988978849
989283481
989768893
990061957
990816679
991115371
991124551
991179757
991977017
993885751
996228221
996576211
1001254129
1003091257
1004630761
1005402133
1010450651
1011175859
1012309073
1013823721
1014882049
1014904441
1015269391
1016003701
1016250247
1017194011
1017455293
1019807119
1020220661
1021281301
1022155951
1023160921
1023430591
1024289281
1024516693
1025529649
1025956037
1027050499
1027116091
1028290187
1030354417
1032317441
1032898241
1034360191
1035159049
1035988087
1036027441
1036771921
1038163961
1041820867
1043108671
1044997927
1046427649
1047340963
1048478413
1052210909
1052442631
1053732751
1055188027
1056264211
1056642889
1058595299
1058816533
1058989231
1059193297
1059738301
1059815611
1060366501
1061008201
1061711281
1061957089
1063488763
1064519011
1066624201
1068761027
1070063191
1070972911
1071423991
1072839941
1073273209
1073299501
1078636369
1081298419
1081607311
1083750823
1085509151
1086555919
1092310759
1093916341
1094554151
1096675561
1096810303
1098000091
1098047453
1099140337
1100519773
1100784637
1101725461
1102989301
1104254197
1104575201
1105397011
1105898747
1107068983
1107200719
1107309043
1108973251
1111114663
1111502701
1112103541
1113798181
1115207297
1117107379
1118056717
1122681011
1124188577
1126296991
1126543351
1127993861
1129384021
1129390421
1130322943
1131030811
1132635601
1132794301
1132897351
1134696067
1135024519
1135791691
1136570701
1137315061
1137551851
1137696529
1138924711
1140338761
1142072513
1142799521
1142865013
1148210227
1149741121
1152793621
1153290961
1154888911
1154987209
1155006917
1156155721
1156995407
1157839381
1158757741
1159519691
1159860367
1161531601
1162627621
1163168077
1163928109
1165394603
1167300811
1167644917
1168050241
1168150129
1169823119
1170614593
1173892591
1174744603
1175812669
1176711721
1177054763
1179679117
1184667901
1187667691
1187675551
1187887891
1189817371
1190996893
1191751849
1192412033
1192815779
1193533723
1194154921
1194805459
1197998101
1199340587
1199942521
1199993083
1200359497
1200583403
1204034959
1204634677
1204817833
1205045761
1206335761
1207762513
1208250781
1210705651
1212297847
1213347691
1215125551
1215984331
1217181061
1217429731
1222533901
1225124011
1226271961
1226838151
1227573271
1227839621
1230021469
1230466231
1231153561
1233296333
1235378293
1235730151
1236032227
1236625993
1236724583
1238177503
1238490691
1239141649
1240812271
1241210359
1241946109
1242227647
1245989471
1247373271
1249057867
1251295501
1255983901
1256187217
1256652013
1257216577
1257776251
1259220701
1260341191
1261099531
1264145401
1264718071
1266025351
1266425101
1267133311
1268469781
1269295201
1269994441
1271812543
1272265471
1277966971
1280192551
1280303389
1281445313
1282875397
1284188963
1286407711
1287441037
1288597591
1290999529
1291412431
1291650571
1291773451
1296056449
1297757161
1299585841
1302145267
1305208297
1305904531
1308320861
1308358507
1309382713
1309608739
1309723213
1310095739
1311094639
1314704887
1314817687
1315757561
1316169541
1317333601
1318402691
1319070671
1322886911
1323086563
1323238951
1323646561
1325172421
1325802559
1325857541
1329329041
1330139911
1331803121
1333541371
1333797961
1334116621
1334427007
1335954547
1337160733
1340080741
1343575381
1346624533
1350685001
1351449919
1351700911
1353909601
1355932531
1356328121
1356779521
1359525889
1362515701
1363672981
1363838587
1366194649
1367251621
1371543481
1371998071
1372957321
1373329927
1374908761
1376331881
1376799577
1377031463
1377352351
1378203751
1379937781
1380056371
1383406649
1387709731
1388431801
1389321001
1389975149
1390046393
1390637851
1390969207
1392969397
1393045699
1394524811
1396243991
1396326163
1397169091
1397357851
1400081777
1403440879
1404228421
1405160047
1407548341
1408013443
1409792801
1413112411
1413848171
1415952091
1416144133
1419339691
1421358601
1421475031
1425524563
1425860101
1426015501
1426743211
1427149351
1430902481
1432354901
1432852711
1435725163
1437717847
1442067433
1442827801
1444733551
1446180877
1448927299
1449418909
1449948431
1451025091
1451346161
1451635201
1451951069
1453073539
1453935401
1454149183
1459234817
1461079621
1463992661
1464568381
1465566211
1465908193
1467132679
1467817471
1470437411
1472221921
1473838741
1474836931
1478912117
1480849831
1481489719
1484981851
1485065537
1487387611
1487478511
1488935251
1490860801
1494646801
1495049771
1497055111
1501247881
1503351991
1504832033
1505432881
1508781583
1511558533
1515785041
1517322241
1519798591
1520190341
1520880241
1521835381
1524585841
1526162119
1527763333
1530615641
1532468969
1532755369
1533555271
1537855961
1537978349
1538538949
1539477829
1539679769
1540208251
1540454761
1543776301
1544149417
1544599061
1545163817
1545387481
1548141211
1549688923
1552535129
1553231569
1554888437
1557305371
1558328257
1558985011
1559070241
1561644091
1563534901
1563607081
1563799981
1564322491
1566260461
1566937373
1567090867
1567830241
1568916311
1569296717
1570169581
1573491067
1573689151
1580201501
1582527241
1583205643
1585872571
1587764251
1588247851
1589305213
1594247143
1596190801
1597523101
1598540989
1598982533
1599366649
1602175301
1603636651
1606097953
1606749061
1607530051
1607988901
1609916491
1614341431
1614512251
1617586471
1618770913
1620646177
1625604781
1626088603
1626167341
1626557011
1627416859
1627521769
1632754327
1632816001
1633780483
1642747591
1646590843
1650725731
1650920129
1651132111
1651267291
1652429611
1652521501
1654537921
1656711631
1656917377
1657119223
1658333251
1659279301
1660521721
1663067641
1663451551
1664555839
1665790327
1666337761
1667642491
1669547881
1669965103
1670924641
1678625719
1679678371
1681832497
1683174533
1684044781
1689293881
1693383121
1693522501
1693524001
1694484013
1694998831
1695505417
1699369813
1700483233
1701031931
1702386407
1702532567
1703130133
1704199771
1705176901
1705641901
1706302123
1706943811
1707699491
1707704461
1707832963
1708549501
1709259553
1710385201
1715225281
1716781891
1718028601
1719867911
1720630759
1721298001
1724885761
1727153251
1728172501
1729633751
1730239333
1731522079
1731573829
1736159671
1738190981
1741436533
1742815621
1745655463
1748603149
1750249213
1751772401
1753593031
1760013487
1760371201
1760706811
1769037089
1771976251
1772877943
1773271009
1775658259
1779544531
1782634069
1782807511
1783423231
1784455147
1784491523
1785852361
1787371813
1788021217
1791187861
1791963811
1794637807
1795628581
1796002321
1797732991
1798757171
1799250571
1799805547
1803229007
1803278401
1804090627
1806241337
1807922491
1808491813
1811435761
1811444461
1815781969
1815999481
1819843561
1821800611
1823174413
1823380921
1824028369
1826906621
1829110681
1830703711
1834104151
1836118981
1838745541
1840512787
1840525831
1841510653
1841840461
1844028961
1845942151
1847657581
1851176161
1852666901
1856009377
1859603437
1861026133
1861771339
1870454851
1870663411
1876485691
1877130011
1877445571
1878810697
1879201297
1880504033
1880836669
1885319857
1889346961
1891663741
1892498147
1892836441
1894909141
1898139707
1899793711
1902058681
1907221681
1907545711
1912527631
1913422591
1914637411
1919469241
1921159021
1923224689
1926511511
1929022291
1930403333
1934297011
1934453971
1936752767
1938678221
1939369531
1942089601
1943366041
1945042181
1945290733
1946163511
1946823031
1947686761
1948457221
1949646601
1953141601
1954115329
1954808041
1958468491
1958687261
1963181081
1963843831
1965356947
1966370561
1976295241
1976378731
1976956759
1977785371
1987732891
1988672533
1995380551
1995414121
1996423357
1996659001
1999743661
1999845457
2000083537
2000436751
2001074701
2002321987
2003569501
2004190501
2006309311
2007567937
2008585897
2011297009
2012193271
2012554081
2013108857
2018252837
2018761111
2019805261
2020581389
2021367151
2022804691
2023528501
2028812399
2029830409
2030516251
2030781751
2032389157
2033609689
2033779573
2034039871
2034368491
2035107871
2038093597
2039214857
2039604139
2039884153
2042507251
2046408787
2046528013
2046770701
2047324579
2050839121
2053393891
2053603657
2054752223
2055634561
2058565051
2059739221
2060618077
2061092431
2062314181
2062726597
2063335933
2068472791
2070296281
2071518031
2071680079
2071973119
2072488771
2074349269
2076192007
2076453757
2082697471
2083022929
2086236181
2086453279
2087360551
2088768533
2089173811
2090066947
2090741293
2091518443
2092225591
2092254361
2092485151
2093330587
2093609269
2094026929
2094411089
2094857077
2096688049
2097911113
2102670961
2103661801
2105489681
2107449271
2107535221
2113487293
2117955451
2123112967
2124004411
2126563253
2133876991
2139650173
2140784761
2142324367
2145647393
2147440681
2150969633
2151764809
2153447227
2159239219
2159814001
2159891873
2162323351
2162366251
2163198151
2163245233
2164617907
2165464841
2166133001
2167068811
2167577527
2168461621
2169918451
2170186021
2170282969
2170896001
2173540951
2173895263
2173995529
2176084037
2177402401
2178605521
2178678431
2178944461
2184744451
2187118171
2190735829
2191108207
2191146013
2191189051
2192237461
2195237881
2195344801
2196265861
2197944451
2199931651
2201347513
2201659969
2203663621
2203856497
2205122449
2205965563
2208175201
2210184553
2211218803
2213057893
2214399931
2216093707
2217879901
2219517901
2222229767
2224635451
2227141489
2228263129
2233350271
2234807701
2236552081
2236928341
2238390361
2239383511
2242579951
2245519981
2250774683
2253208021
2254136383
2254922123
2256666133
2258436517
2262315823
2263824503
2264745313
2268050401
2269231231
2274704701
2274767581
2275575121
2277332641
2278677961
2279149363
2279473501
2280149767
2283430117
2283583933
2285071933
2292068143
2293014533
2294119183
2294455411
2294462971
2299089283
2302706551
2305594333
2308684141
2315650709
2316884641
2317328431
2318517311
2322648901
2328205111
2329564201
2329584217
2330830321
2332745029
2332986463
2333010751
2333604781
2335341601
2339464681
2340241537
2341075843
2342409691
2344385077
2347701661
2347943131
2349294193
2349357107
2350043767
2361476041
2361615161
2363346151
2366743537
2366765851
2366923087
2369011969
2369012651
2377297001
2379610351
2380603501
2382563233
2385076987
2388410749
2391672271
2392743361
2394862751
2395490113
2395791451
2395925011
2399430661
2400724657
2402348227
2405914759
2413439311
2416509031
2418890527
2420346853
2421293311
2425643551
2428158643
2429563907
2432264027
2436691321
2439600833
2440646443
2445579907
2447975791
2448642349
2448848981
2449977757
2452465621
2452746671
2453060971
2456166091
2456268701
2456472271
2456536681
2463928621
2464369831
2470883521
2474104177
2474676949
2482903723
2483255947
2484892381
2485008451
2485230751
2485745377
2489462641
2490872047
2493698131
2494292401
2494508519
2496915401
2497638781
2497921207
2499902201
2501989729
2505569419
2507224441
2508178843
2511830551
2512259251
2513210239
2513331941
2514093553
2515374973
2515452409
2515992013
2518548211
2519186671
2520852517
2525730589
2526939433
2527233721
2529410281
2529794921
2530447327
2531762647
2533915781
2534525701
2534660663
2535510709
2536942789
2539024741
2539976011
2540972071
2541095671
2543395477
2544804811
2544948451
2546216651
2548864631
2551550401
2551598071
2553858287
2557449343
2560424221
2560600351
2560891327
2563970737
2564263001
2564594059
2566454311
2567132101
2568659003
2569327129
2572151401
2572727909
2574243721
2574332101
2576447569
2576890621
2579163931
2579788751
2584383961
2585837251
2587770907
2588218777
2594603437
2596667863
2597204989
2601366721
2601670969
2602171951
2604794941
2605557781
2605995901
2606392297
2611365277
2612330389
2613676231
2615491451
2617947883
2618013049
2618117461
2626769521
2628703213
2629409759
2630374741
2632472863
2634641951
2639521393
2640443917
2641590941
2646397141
2649767137
2651800549
2652289891
2652996691
2656578181
2657314351
2659835641
2661906001
2666306953
2668306897
2668734847
2671318567
2671407701
2674138937
2674839511
2677147201
2678252081
2683456777
2685263029
2685907009
2686960603
2690531171
2693739751
2695496077
2701545221
2701878941
2701920341
2704410661
2706814283
2707521317
2708917381
2714115821
2723932801
2724552907
2728102651
2729221111
2732936641
2736288589
2737161121
2738053141
2739614257
2740431601
2745972901
2752784231
2753093071
2756446663
2758078201
2758209091
2761298857
2762645521
2766172501
2766403333
2771071031
2771667253
2772674881
2774416241
2774542321
2774920541
2775740167
2776874941
2778469129
2781100801
2784116773
2792686069
2793854251
2796401581
2798992811
2800511821
2801094451
2801911631
2802853819
2802960781
2804159827
2804827411
2807249551
2812335373
2816058961
2822830561
2825272621
2826128971
2827961221
2832384133
2834148061
2834517241
2834658553
2836157501
2842912381
2842941631
2843291023
2846091067
2850812749
2855661121
2856521251
2860488313
2861347019
2864096047
2869064911
2869363201
2869934491
2870442901
2870502251
2874292801
2878823963
2882674937
2883442477
2886519971
2888854207
2889079201
2889389401
2890057771
2892431701
2894667781
2896185241
2897082211
2898101221
2900333521
2900875037
2901486977
2901785041
2901832151
2905813441
2906467801
2911934287
2916878041
2918487661
2919098821
2921399557
2924285053
2926753831
2927963231
2928676747
2929612687
2941839811
2944011337
2944756811
2945208001
2946016891
2947978909
2951104333
2954626837
2960646251
2960930809
2964284137
2966697553
2967375797
2974793401
2975530651
2977885177
2978766341
2981605771
2981708731
2988308849
2992398319
2992999771
2994098281
2994591601
2995094911
2997466543
2999583871
3001743361
3002444461
3002732713
3006321631
3007085929
3012225113
3016086247
3018902251
3020299327
3020455021
3023423537
3034858399
3038880473
3042955891
3043917001
3044238121
3044636687
3044677351
3045763111
3048467381
3050431993
3053742061
3056770921
3057254513
3059183863
3059193391
3059407531
3060537511
3064704457
3068534701
3068957369
3069824941
3070901837
3076947811
3077122133
3077802001
3080097469
3083594779
3085945021
3087048619
3087774271
3088236427
3091010833
3091354111
3091565251
3091581947
3095612521
3098048113
3098430737
3100485943
3102234751
3104700107
3105241441
3105775691
3106380761
3107044747
3111148097
3112588741
3112723351
3113926531
3115243891
3121915699
3132736201
3135040133
3135342031
3137756161
3142164691
3142656469
3143282221
3143653111
3145218733
3147615451
3150043687
3150110269
3152169439
3152711161
3157759289
3158804167
3159059401
3159917581
3162579421
3162838051
3169095721
3172406423
3174698143
3175391647
3176138851
3177449713
3177858847
3179093101
3180682891
3181824857
3182781811
3183882571
3184139701
3185210881
3190010041
3190189591
3190319651
3190364101
3190706923
3190894201
3194326921
3195638893
3208669337
3209160289
3209533471
3209806909
3211069951
3211997891
3215031751
3215920051
3216762067
3217744531
3218552611
3222489793
3224109701
3226449997
3228044821
3229131137
3229602401
3230120951
3232912621
3233558021
3234849377
3238904251
3240057913
3243537751
3244976741
3247453301
3248675101
3248783401
3248891101
3249335941
3255203269
3256366051
3258425633
3261194581
3267614767
3269696461
3274435391
3275671969
3276360361
3277465801
3277908721
3278392129
3279841343
3280018381
3280593611
3283991959
3286184287
3290827951
3292319323
3295217971
3295445833
3295802849
3296284181
3299956747
3304267561
3306560671
3306915991
3308023799
3309935891
3313744561
3316749463
3319859317
3324006533
3325988251
3326459599
3326602427
3326803201
3329909641
3330919201
3332887937
3338628301
3341126251
3342280663
3347214421
3350806171
3352026133
3363763231
3363781201
3367980991
3368821639
3373586371
3374142841
3374957881
3376227037
3377551171
3380446213
3381115501
3383477191
3384588901
3386814211
3388238101
3388400833
3388473973
3394190857
3398362291
3399013729
3400458931
3401808697
3406357013
3408200641
3411338491
3413054251
3421067059
3426330571
3430295971
3430765921
3431378971
3439058899
3441372061
3442964671
3446334767
3447533191
3447748651
3449170903
3462909031
3463035577
3465407977
3465705079
3469473871
3470006161
3474542497
3480593953
3481538581
3488303281
3493069141
3497594101
3499313537
3499908751
3500177563
3502679053
3502970551
3506440411
3507144601
3509029873
3515852359
3518143003
3521383951
3523593277
3529254061
3530018821
3531777877
3533662129
3534420583
3534913021
3541312087
3542303047
3544104649
3545542727
3546176671
3547080781
3548150959
3548161441
3550401011
3552109801
3554817481
3561599653
3563551991
3565437751
3566695681
3569988781
3570928927
3571168591
3577829251
3581894263
3582770911
3587793751
3595831207
3601083511
3601806251
3603030637
3610247851
3613601473
3614083747
3620517139
3621992533
3627376327
3628191551
3628762831
3630291841
3635068627
3640465991
3642034261
3642436321
3643480501
3643701821
3645579601
3649304203
3651826091
3652672789
3656012491
3656511073
3657547171
3658156349
3658664701
3660449311
3661339771
3665321029
3665804671
3666019937
3669580771
3671544163
3675132571
3676451101
3676620151
3680186051
3682471321
3682694731
3686748913
3691395631
3692149847
3693227827
3697278427
3697673959
3699073057
3699340147
3702755971
3705308951
3705639601
3707348471
3711225751
3713287801
3714165811
3719174101
3720371251
3722267777
3727828501
3733844353
3736510471
3737709991
3745806793
3747140461
3759311251
3762111151
3765083671
3766920301
3772354483
3777732631
3778881551
3783003409
3784123501
3784755151
3789843461
3791549611
3798642721
3799087001
3800306971
3801275017
3806248321
3809691601
3809785981
3810069649
3811064839
3815551189
3818466901
3819502651
3820084741
3821259331
3822894877
3825779717
3830915651
3831462631
3833988577
3837299311
3838530511
3840430807
3841245541
3841680493
3842137531
3842363251
3846396797
3850835663
3851114347
3852262831
3863475901
3870868801
3874471147
3876522001
3877136551
3882729131
3883853249
3884909491
3886660031
3889818451
3890915551
3891539653
3892244491
3892503691
3895046191
3896711521
3900327241
3902735773
3903943681
3905335351
3914554931
3921169501
3924892921
3925086619
3925310581
3925583551
3926598607
3926638003
3928760551
3930606451
3931701391
3932907679
3937512151
3937526911
3940096981
3946857461
3950345683
3950795521
3951107101
3955054027
3958739123
3961243441
3963245599
3963447379
3966358789
3968339527
3970673947
3971095301
3972462647
3975414301
3978324673
3982599271
3983868001
3984737791
3987598201
3990268261
3992790751
3992849251
3996987251
4002124013
4004541913
4005319771
4005434701
4007797067
4010949377
4014433909
4015029061
4021176463
4021221331
4021546777
4029341947
4029869101
4036169381
4037490451
4041783361
4049382481
4055627339
4059250651
4060942381
4066000027
4066921187
4073010931
4077957961
4083065003
4085511487
4086697501
4086968981
4087390501
4093990801
4094278651
4095986753
4105766701
4111874161
4114422251
4119741001
4121286907
4121443549
4121541271
4125125611
4128469381
4128653431
4129629071
4134414961
4135285369
4135467047
4137709421
4140420373
4142177693
4144945351
4151938597
4160203213
4162084489
4169181517
4173248663
4175289271
4176142891
4181184001
4183664101
4184072089
4186750681
4187906581
4189909501
4190932567
4192936201
4200253513
4200339791
4200395641
4200871321
4206695677
4206723067
4208413141
4210095667
4210559221
4216008091
4218900001
4219975813
4220681471
4233038779
4233862027
4235818861
4235887891
4238770501
4239174661
4242354731
4251343963
4253109901
4257763999
4259645101
4261287941
4266403033
4285058701
4289393281
4289432521
4289641621
4291255109
4291402651
