21
33
77
231
451
679
781
793
861
871
1267
1491
1513
2209
2911
2977
3439
4087
5611
6533
9471
12871
13969
13981
15343
16401
17557
19909
22261
24211
31609
31621
32021
33227
38503
42127
44287
45141
49051
53131
61131
67861
68101
80137
81631
83333
90241
90751
100711
104653
110449
122221
122673
122899
125563
141361
145351
157807
181597
183781
191351
199459
218791
220669
221761
254639
271051
302177
307051
312577
319507
330263
333401
385003
392701
395557
409537
449401
481601
502153
509881
519049
524173
526891
546481
583489
611893
655129
669761
672441
689323
765703
766481
769567
819541
935923
994507
995089
1035937
1056331
1122787
1152271
1168273
1268551
1308673
1351633
1357441
1389581
1420481
1513801
1519057
1537381
1555451
1580531
1711711
1774063
1778401
1810513
1869211
1948051
1964069
1984009
1994689
2048773
2134277
2205967
2240671
2284453
2284633
2361217
2476551
2479519
2522869
2528443
2530561
2599169
2629801
2826581
2855521
2872321
2954881
3057349
3092233
3221101
3305993
3325309
3339883
3362083
3400013
3459061
3460969
3536821
3542533
3576049
3647621
3814273
3879089
4082653
4200997
4259137
4260301
4274677
4291801
4321591
4330861
4364119
4382191
4529617
4645751
4872367
5049001
5161823
5170621
5176153
5194051
5279431
5343001
5351537
5355313
5371577
5481451
5492761
5804569
5876261
5886079
5968873
6106537
6321187
6485509
6537529
6561181
6567679
6649501
6663883
6733693
6952037
6970129
7028821
7047271
7062443
7085671
7133953
7385209
7538393
7753501
7795201
8135419
8371771
8477801
8507731
8521039
8559787
8576737
8725753
8811713
8833891
9010297
9112681
9371881
9444451
9444943
9495181
9585541
9603257
9694351
9709681
9808651
9845857
9863461
9999103
10075681
10125361
10267951
10297009
10303151
10528771
10698799
10837601
11035867
11088013
11210641
11407441
11415301
11840869
11955457
12009817
12093409
12140347
12166999
12397153
12562579
12605057
12691967
12860569
12923639
12932989
13012501
13073941
13326733
13521353
13593247
13773061
13851619
13996951
14652991
14656723
14712337
14717287
14800391
15157661
15711937
15713881
15720041
15929981
16070429
16253551
16298929
16324001
16333621
16464261
16539923
16661633
16709941
17174561
17403821
17443213
17586361
17603617
17722081
17812033
18027557
18063559
18302761
18485497
18814049
18985627
19061281
19328653
19578847
19669271
19684921
19975429
20100381
20196013
20336233
21262817
21335443
21415297
21490379
21810359
22122001
22187791
22259989
22369621
22672501
22694401
24186793
24387361
24403843
24599653
24673373
24855727
24904153
25052527
25331293
25415941
25531897
26153821
26694401
27107897
27167317
27429377
27441577
27956503
28317451
28647253
28691111
28979731
29120053
29533003
29914561
30004129
30200851
30496537
30524957
30826753
31150351
31442797
31442809
31484017
31530241
32028697
32049289
32429431
32444341
33120341
33333091
33571477
34329571
34530721
34613851
35022709
35119591
35340769
35798491
35841457
35851037
36222317
36306817
36713521
37649503
38207063
38370361
38734193
38903287
39243601
39272833
39407831
39536641
39928081
40062413
40102063
40496131
40511251
40928701
41045551
41899981
42878881
43036003
43098241
43694111
43726673
43834321
43838341
44039119
44404001
44602091
44913883
45219329
45411241
45466513
45796801
46025821
46728533
47824417
48120427
48671443
48736081
49209187
49303801
49703707
50130519
50169589
50825881
50952301
51377677
51469859
51939889
53367049
53474113
53795201
53872219
54459841
54493441
54816059
55383109
55384033
55674361
55729957
55840681
56121661
56420033
56479897
57013919
57253561
57511189
58060999
58090213
58986091
59659921
59719969
60033403
60259681
61241057
61501441
61580293
61602557
61624669
61799851
61829741
61949759
62542789
62633371
63001801
63386903
63553621
64042903
64409437
65063761
65218939
65221381
66077971
66092909
66096253
66243451
66345221
66692719
66762607
67137601
67706501
67958431
68182003
68189389
69030901
69313711
69661513
69957811
70084801
71244811
72027001
72541681
72624301
73117837
73576441
73902403
73937917
73944001
74336131
74705401
74985607
75140137
75308221
75320341
75401461
76788811
77090413
77432077
77605277
77701493
78488191
79400213
79746041
80304001
80324491
80375707
80657419
80717131
80755721
80826121
80922521
81571001
81979873
82379189
82771471
82798679
82865839
83224351
83556799
84157561
84353921
84582991
84888709
85053127
85791733
85875973
86067367
86233351
87011479
87497551
87857827
87938111
88020833
88182079
88216507
88733503
88738817
89179679
89439577
91092377
92349517
93311573
93605401
93980251
94158141
94347289
96423913
96630829
96677209
96896251
97071211
97177589
98158789
98757517
98805531
98904361
99173719
99986837
100017223
100173823
100993369
101052401
101627401
102702223
103253333
104874529
106374071
107216801
107520533
107687317
108596953
109166023
109427291
110127739
110199721
110861857
111246031
111608401
112342213
112828801
113757751
114298141
114305441
114834553
116385751
116673481
116806141
117366379
118172251
118244611
118579441
118898011
119414593
119693267
119710951
119907751
119937007
120740651
121432651
121466453
121752811
122154671
122459119
122785741
123125591
123771511
125858629
126073963
126323699
126564043
127068061
127428631
127664461
128710891
129762001
130969511
131112193
132378151
132641209
134176771
135220411
136545067
136751473
137340451
137745821
138030721
138556211
138901937
139931191
140384161
140859811
141184891
141618181
141659701
142335491
142787737
143106133
146890741
147166417
147175813
148313089
148709383
148910653
149048047
149389633
150216533
151328731
152437321
152751997
153054001
153754873
154287451
157082923
158192317
158489501
160731451
161318401
162243091
163206271
164612353
164885221
165099131
165283471
165327121
166326337
166442251
168485959
168946701
169057801
169500833
169870597
170371861
171253309
171356527
172116181
172436713
174626201
176301157
177425431
178253869
178503967
179124013
181830853
182333251
182947507
183142891
185040703
185189401
185316613
186054721
186125633
187248307
187473441
187642711
188765713
188985961
189197821
189904513
191852501
192797211
193230577
193409701
196425307
196896001
197446859
197701939
198336529
199495159
200083333
200100781
200475787
200802337
202276621
203073643
203200151
203432689
203875201
203992237
204229001
204280501
204488231
206818201
206870977
208615843
212172241
214038533
214479751
214852609
215328481
216892291
217033381
217517653
218793401
219367019
219802589
219831011
220794401
221104191
221391227
221821111
223877201
224136013
224582221
224645797
225389051
225650041
226366003
227475601
228895129
229739533
230369309
231576409
232347691
232376131
232460821
233275249
233308681
233851201
237844153
241080913
242685959
242808151
243037979
244047031
244061371
246560651
247787191
248863231
250246261
251460973
251497723
252650737
252776863
253158751
256081393
257379583
258634741
261856261
261962317
262833871
263072821
264404311
265189597
265754263
266810581
267449891
267877189
268430191
268505551
270183061
270849979
273480637
273910393
274504819
275871853
278587843
278590069
279065377
280263871
280395649
283200163
284532529
284803213
285066079
285265091
286565833
288086041
289712281
289766701
290148391
291461633
295350001
295663789
296266411
296422171
296792497
297392899
297624961
298161301
298920007
299127973
299916141
300468493
300484549
300866581
302500969
302653201
302780563
303164317
304317421
305464661
305594101
305889931
307061371
308538007
308568691
309861889
311955071
312773141
313258861
313416737
315351521
317008411
322226587
322913743
324246997
324893371
326088253
326391901
326405713
329996641
330335627
330993433
331760101
331994561
332858701
334014337
337417231
337615433
337812049
339162517
340642411
340839853
341168353
342257479
343286947
343650721
344776301
345132481
345170519
348785119
349132339
350017081
350765983
352735351
355971377
356964841
358454771
359887711
360018361
360977501
361187201
362045977
364037423
366964831
368721601
369961561
370384213
371675221
371814181
375881761
378648833
381116881
382001401
382304161
382536001
384415981
384554497
384701953
385414349
390698101
390836377
390922741
391205293
391930003
392124151
392803861
393404381
394538551
395044651
395216713
395604721
397054711
398348149
399365611
400698523
403095421
404020777
404465651
404565961
405739681
408469881
409081037
410613809
411146371
411266989
414087631
414892171
416818321
417767201
418617281
420948739
422560837
424875361
430318279
431679611
432246151
434503213
434907931
435604951
435993521
436644001
437239529
437247841
437699851
437866087
441874973
442849837
444396811
444988001
446044843
448232419
451895441
452580151
453673207
454972897
455398903
455430713
455461471
455570119
458723191
459822991
462426343
462639277
462735471
464126653
466401781
467083399
467099011
467491753
468700669
469328203
469870971
470000833
470752133
470896201
471059621
471284731
471535373
472444417
472708321
475183523
475468927
476059523
477129841
480974609
481645603
482025251
483029821
487065751
488752069
489583579
490803461
493699441
493961737
498679021
499772701
500424773
501472441
502382561
503340017
504870241
505691551
506134879
507082699
509049481
509551201
512385391
512489671
512878063
513113659
514253761
519075103
519367447
519458629
519920311
522080609
525033169
525124867
525255197
527505859
527954017
532025131
532258271
532688401
533929717
534433633
535832641
536000221
537361921
540547001
540621181
541644751
542131201
543367441
543730181
545809991
546322201
546650179
546683539
547520473
547743169
549724033
551580121
551856551
551878741
554494951
555449329
556488811
556886551
557876479
559143883
559445921
559702153
562871233
563490481
564392851
566938441
567737633
568352773
572116501
573862021
580280143
580686881
581113381
582799951
583061411
585281791
586712881
587459857
590424553
590571001
591043771
591717787
592769633
594163441
594469961
596831593
597530893
598198813
598293931
598371107
601810273
602962153
605990911
608647051
609260767
611852671
613343371
615752051
616896589
616915963
617250349
619830469
621900553
623662903
625459609
625482001
627034339
628973311
630317509
631148813
636859339
637507651
639043969
641391329
644004817
648263387
649496191
649668421
651514753
651895009
656723161
656793899
657414577
657732349
657751681
660475201
660600529
662853151
663653209
664129153
668425711
674194207
674600053
674824643
674910259
677975101
678218311
681481291
683116849
685903681
688180561
689842759
690078313
699456647
699838441
701508401
702595681
702787807
709879301
710542237
710617861
712708001
716332061
716792023
721847809
723914897
725508241
727083001
728458501
730148849
730218169
732516907
733017409
733172623
736668013
737180263
737455711
738272429
739643491
741182401
742415311
743317051
747135131
747542741
748604033
750052097
750810001
752574061
754332149
754512571
756265033
756318751
756632101
758687581
759991699
761212333
765675541
766281251
770695087
773014451
773286889
774346981
774628121
775890469
776342533
776593861
777146081
779333857
780527191
784620203
785190451
787092641
787822097
789008917
789858501
791551441
793813333
795425401
800772751
802267777
803744371
803957857
805394773
805859617
808562791
808587137
813654217
814056001
815521177
816315683
816719567
817076611
819276001
822464701
824115621
827560021
829800973
833859433
837948157
840028141
840739183
843161887
843470497
844779769
846963053
851350501
851703301
856457489
856738081
856974727
857538991
859769191
860543797
861856311
867965251
869109281
872380321
872457601
873438931
876614509
878571001
880193917
880554547
881214067
882818857
883597163
883656401
884584891
885528461
886180429
887182507
887470871
888786151
890687621
894267151
894492187
896231953
896878501
898966801
902501629
903108821
908493499
908547979
915743251
922947409
925198081
926577577
928040131
928766257
933262261
935010277
935319079
937758187
938376181
938606143
941548753
944832533
948278131
948921481
949317217
950371003
950949469
952112747
955131121
956348353
956453023
957765607
960076627
960138139
967423153
973518001
974741041
977770531
978316081
987195421
992680153
993161161
994517533
994642937
997656059
997869727
998071021
999260501
1001338771
1006800829
1007194519
1009334617
1012601251
1016486017
1025318351
1029705899
1030994141
1033315993
1034479231
1040149387
1040295691
1040641027
1043799373
1045809133
1045983401
1049917867
1050920461
1055416363
1055989001
1057785079
1058989231
1059406819
1059492961
1060199869
1066713553
1067111551
1067802667
1067828497
1072177723
1072839941
1072988401
1074255643
1081552369
1083110401
1084444481
1086184471
1091001031
1093675987
1094275297
1098000091
1100927281
1103102191
1103978233
1105978861
1106152153
1114032551
1121176981
1121868931
1123726543
1133818561
1135263583
1138289041
1139663801
1140221181
1142300503
1145170153
1145604241
1153164097
1153383197
1154343961
1154691409
1154987209
1156557561
1156993373
1160358359
1161110683
1161531601
1163676169
1164199141
1164999553
1166083501
1174264813
1175033201
1178185201
1185396751
1186054213
1187573761
1189576961
1189817371
1191216133
1192640941
1197045517
1201773689
1202142061
1205606533
1208080147
1216506373
1216551631
1217107079
1224075001
1228500121
1229956003
1231041041
1232853007
1233070471
1234125721
1236474373
1240628407
1243959679
1244612641
1248752611
1250455741
1252222619
1252482601
1258079971
1258911631
1261570133
1266989701
1267133311
1267610501
1272866167
1274984791
1286298133
1289281621
1290630433
1293469519
1301204087
1302145267
1302257197
1306527841
1307130577
1307512729
1311250361
1311616153
1313022881
1317828601
1318970881
1320072851
1323086563
1324344341
1325743693
1328043337
1328256247
1328936753
1329662179
1333215703
1335016723
1335707953
1336858051
1337008861
1341450001
1341699613
1343575381
1344197377
1348155691
1348995187
1349645659
1353363161
1356241321
1357097341
1357663751
1358142823
1364089861
1371720013
1372869661
1373412157
1375684831
1376483627
1378203751
1388400751
1389039761
1390531957
1390886071
1391200331
1396862113
1397228411
1399728151
1402084657
1403481169
1404876601
1406851249
1415982571
1419459121
1423717703
1423837477
1424883043
1426068821
1426743211
1427127051
1427900833
1429204043
1430295241
1432796041
1433928581
1438648993
1438765093
1438939321
1439756137
1441603423
1447251541
1448921633
1448994977
1450180673
1453672481
1454938651
1456659961
1459015451
1463992661
1464568381
1464763213
1465043599
1465677721
1466514761
1467403213
1468824787
1473219043
1473526807
1475756593
1479276223
1479479461
1490056501
1491607849
1498776101
1501194397
1502124859
1503129503
1511819641
1512291551
1516410901
1518066829
1519931449
1523575327
1524564127
1529648231
1531714297
1531927151
1532534251
1533555271
1537246201
1542818611
1548568387
1557551143
1563753871
1565791067
1570361581
1576176541
1579079503
1588247851
1591514801
1591770217
1592595703
1593738749
1595447533
1602758977
1605778213
1610083333
1611706133
1611716401
1614508267
1617921667
1622037967
1623595051
1624512133
1625309491
1630092601
1630161541
1635548221
1636846531
1643074273
1644177883
1650935209
1652330257
1653225103
1654351729
1656917377
1659856969
1663520191
1668694999
1671386081
1671854029
1678345921
1679443361
1681381801
1685130301
1685142361
1685160401
1697213407
1698749497
1699877317
1706302153
1710368839
1713369991
1715051053
1717239889
1720994833
1721188327
1728960133
1731264079
1734254593
1737552601
1739057633
1742201821
1744262081
1748100181
1749933761
1750412161
1753593031
1757055847
1762133401
1763032909
1764313651
1771976251
1776820033
1778233969
1779894761
1782737749
1783592497
1784621089
1785761317
1788745141
1790349859
1791426787
1796734241
1802510669
1806825553
1811444461
1811574913
1814671321
1815566101
1817515201
1818827141
1823024773
1823698261
1825349611
1827329549
1828182427
1834823341
1841190937
1843051687
1844279011
1852317251
1853659697
1862400943
1864092761
1866337201
1866514861
1868596733
1869820921
1872710141
1878810697
1879201297
1879627051
1884179273
1885752763
1889528033
1892594401
1898987767
1900823653
1905707551
1905758713
1907093761
1908612217
1913422591
1915795781
1916729101
1917397637
1921309633
1923069601
1927196897
1930534453
1930819243
1934902241
1937105941
1938081983
1938869857
1940174209
1940449897
1942274647
1951469101
1952636929
1963133581
1976640967
1985348527
1988198701
1988672533
1991132311
2000436751
2001191617
2005421341
2011950757
2018489491
2018761111
2020170601
2025112501
2028279793
2028416021
2028621673
2028685753
2028889801
2042467741
2045702893
2046107137
2051051029
2054711381
2060330779
2064413059
2069182981
2070303709
2074544033
2081595091
2093865601
2094177403
2094437687
2095087037
2099750977
2101755697
2106711361
2108568827
2112532001
2118354079
2123500033
2123520001
2124078653
2134500689
2138101759
2140699681
2141033203
2142945793
2143585621
2145810977
2147022749
2147177233
2148788881
2151933701
2152700299
2156567291
2163167011
2164957957
2166602881
2170153021
2170186021
2175406201
2177445601
2181638369
2182364801
2183000227
2183827831
2197163333
2201347513
2203856497
2211616733
2216267467
2218980089
2219540753
2224278253
2228487601
2229236101
2229640183
2232176131
2233031701
2236198693
2236456861
2237435851
2243273761
2251050841
2256488389
2257309531
2258850151
2261372143
2262212029
2262760501
2270115493
2271817633
2275099751
2277099451
2277246991
2283289681
2294462971
2296894753
2296995121
2298333241
2301745249
2302591591
2305081711
2306778281
2308966661
2319724441
2320249691
2321551751
2327658901
2327748337
2331015961
2332673701
2336667103
2336761627
2342409691
2347597981
2355622721
2357880199
2360261989
2360459767
2363910277
2369755351
2370784627
2373625981
2380603501
2382412339
2384275879
2388913921
2393997523
2401060117
2403209377
2406427943
2408300143
2411047351
2411152927
2421909911
2422191883
2428870753
2429365447
2432438609
2432761633
2432878709
2435792461
2436927907
2437668371
2439555859
2441432503
2443708961
2446810957
2449191841
2455024133
2462997551
2474409001
2475418609
2484759421
2487015809
2488507201
2490562849
2493698131
2497573633
2497638781
2499853333
2501761951
2502693253
2503267981
2504618047
2504814511
2509203841
2515436251
2519300449
2526566041
2527975951
2532010139
2532630787
2535304861
2536918999
2540972071
2547042409
2547796681
2550567193
2551331467
2553045097
2559251323
2560891327
2563596751
2572534147
2574766417
2578735351
2579163931
2580590401
2582524319
2597294701
2600022209
2600972359
2603055799
2609294101
2611418627
2615193841
2616180821
2621977627
2621986753
2626987277
2629245841
2632626901
2636360191
2639601211
2639962081
2646809551
2648671957
2650180649
2650497961
2653176913
2653723801
2657314351
2662950739
2680883617
2684464129
2686453817
2690374441
2690411257
2692079167
2695819127
2699072641
2699704171
2700933481
2702082451
2703479497
2704546027
2711006191
2712078973
2712724291
2714121433
2715365971
2716157989
2719583161
2728102651
2730509551
2732693371
2736572689
2743342039
2754606553
2754696073
2761545403
2761814351
2763236107
2766172501
2766752561
2771243329
2777364127
2786295671
2798357101
2798410001
2799582731
2802380491
2806770121
2808005713
2809830823
2810254357
2810630131
2816058961
2817047731
2821642799
2822118769
2824854913
2826128971
2828698133
2831675701
2832735121
2855290901
2856782851
2864096047
2866657501
2871231301
2871884827
2877469141
2879049181
2885594497
2886768671
2887910983
2888672221
2889079201
2895140767
2907912941
2909180401
2910431899
2915953633
2924488129
2928209131
2932740541
2936542691
2944080133
2954764289
2962366021
2974506841
2977044001
2984311891
2996498881
3001933903
3004551701
3015894883
3022678099
3023483761
3042365617
3042630533
3044518969
3049512623
3051225781
3054297403
3063683503
3074534299
3076947811
3079839239
3086767657
3089312311
3099122317
3102234751
3108524459
3112723351
3114738679
3119161361
3125631329
3139384691
3140243377
3159140601
3160245301
3162330289
3169830751
3180742577
3186421351
3189888001
3192479137
3195638893
3202626169
3217744531
3218714491
3218870271
3221986651
3224109701
3225930427
3231203977
3245834281
3246849607
3247318717
3252488401
3257219743
3259595539
3260095957
3261194581
3262329071
3263120137
3275218171
3282974857
3287088883
3289320721
3292052009
3296801647
3303077263
3304301393
3311236741
3312034133
3316915001
3318516221
3325263103
3325624051
3337779253
3340984501
3342005633
3342491639
3362009611
3365002721
3375162571
3398397773
3400986541
3403953463
3407274001
3413183671
3416757961
3418253021
3423547651
3423589133
3427929451
3430295971
3433421377
3443019667
3445882081
3447569863
3448620793
3450410261
3450935503
3452287471
3453234583
3453864329
3457061173
3462909031
3463035577
3468046819
3469968811
3470716657
3480076057
3480908203
3483759553
3485894371
3488877701
3489023009
3490433119
3493204237
3496828951
3497642209
3505364101
3514588813
3518950501
3521383951
3522245429
3523473721
3531903457
3542550631
3548378341
3559066513
3568938613
3572000723
3577158157
3586833253
3591619879
3594110081
3595237411
3600223213
3607087681
3616574081
3628526287
3631880269
3635292601
3638653201
3643701821
3647618101
3665242951
3671070481
3673522819
3674555623
3692149847
3692268007
3696258151
3697278427
3714709531
3721840667
3722954887
3725696141
3727086529
3733646491
3745163341
3745409509
3746164339
3751498801
3751554581
3755288413
3756859921
3758383207
3760896133
3772937701
3775611001
3785729117
3786262241
3786784093
3789843461
3797454433
3800306971
3807044251
3816081361
3817422181
3820769569
3820964551
3821104519
3824069771
3829542697
3832807681
3835457341
3838253689
3843871813
3844074781
3845485513
3849581341
3855210241
3857419681
3874523017
3878227987
3879312601
3882346903
3894052999
3901597747
3908015821
3914378317
3922752121
3929293061
3934797241
3935179579
3936611323
3939646189
3943365553
3946455761
3948285679
3955764121
3960653029
3970173583
3971029231
3972303781
3972326051
3973167091
3979102537
3979122373
3981686509
3982017601
3982152091
3983895001
3995798551
4001705551
4005840541
4007299801
4011693529
4013534509
4015029061
4020240617
4021546777
4023034021
4029869101
4038105779
4044243739
4057715801
4057864441
4060287793
4062498301
4067887501
4075374621
4078414661
4080471319
4080558571
4089121453
4096610317
4099980581
4101013073
4121286907
4124908981
4132025479
4134125893
4136262901
4150829593
4160824891
4164220343
4169799721
4177133689
4183937377
4186561633
4187360341
4187906581
4196523101
4199925031
4206220411
4207191577
4210095667
4215877513
4219598287
4226624497
4228090903
4235309233
4240310411
4244901007
4253518673
4263447899
4271761519
