185
451
481
1405
1541
1891
2047
5963
10397
13981
14201
16717
18265
20591
27511
31621
31753
35551
40021
43553
43739
44801
49141
50831
51757
51985
52213
52931
65281
68101
78751
79003
90113
94681
107689
123391
137149
142321
143251
146611
148417
153145
162361
180851
184573
188501
189461
208339
238561
267793
269011
280051
281881
341371
373831
399001
400357
415351
417121
432379
436021
464101
491563
497503
560821
582241
608203
627751
631639
639241
651511
671977
675805
710533
721801
751607
752221
753481
800605
805141
852841
975031
982747
1002901
1024141
1042417
1053761
1056331
1082401
1128871
1132657
1219661
1262791
1293337
1314631
1316485
1342123
1357441
1373653
1441091
1463443
1513981
1529551
1535665
1589617
1600117
1607311
1693771
1803601
1841611
1852321
2030341
2070541
2084071
2163001
2165801
2313697
2405477
2441281
2466133
2508419
2724931
2741077
2884501
2898841
3006877
3065311
3158101
3338221
3363121
3366631
3453517
3582619
3604201
3837271
3887201
3913003
4000207
4093703
4246169
4301491
4314967
4335241
4360801
4417001
4758119
4768723
4908157
5017081
5033191
5146759
5160565
5176153
5292631
5391121
5404801
5449819
5481181
5481451
5494141
5691331
5694601
5697077
5804821
5926981
5965711
6139127
6255341
6457951
6594901
6613813
6639301
6658861
6696097
6752761
6953701
6955541
6966721
7120961
7442011
7610591
7682131
8036033
8330041
8341201
8442617
8602513
8681581
8725753
8738311
8902741
9056501
9131401
9227417
9242263
9504191
9589291
9744827
9780409
9904021
9969037
10024561
10402237
10403641
10679131
10713809
10714393
10780009
10878187
10901491
10930459
11137237
11287741
11569861
11767001
11852353
11891401
12245281
12347551
12661897
12675751
12738571
12890503
13012651
13163923
13554487
13779811
13836637
13927681
13973651
14469841
14652991
14794081
14943377
15371201
15604321
15631153
15771751
16030117
16033501
16072201
16119001
16324001
16501591
16525489
16555751
16585099
16616461
16680511
16725619
17354111
17375249
17683381
17762441
17800091
17897701
17911807
18049471
18286363
18361939
18444581
18535177
18790021
18985627
19053329
19162541
19293943
19328653
19553827
19582837
20250901
20552221
20769001
20904799
21215011
21451321
21603457
21630901
21772453
21881617
22150321
22187791
22822543
23757145
23975401
24550241
24598081
24648493
25158871
25177531
25183589
25617601
25645465
25836529
25993081
26291977
26694361
27040861
27051571
27219697
27722857
27758593
28365247
28678951
29120053
30260609
31118081
31201801
31388281
31809889
31872961
32653363
32683201
33312091
33414833
33438961
33581161
33717991
33997111
34060219
35516701
35845633
36077221
36314497
36424613
36642451
36709247
36850657
37736533
37959703
38300771
38513149
39056509
39272833
39408097
39420031
39547171
39655153
39676033
40460737
40621591
41642681
41662297
41935951
42120379
42149971
42287701
42666037
42701131
42933841
43036003
43195387
43331401
43397551
45786133
46094401
46109647
46396801
46457993
46912051
47131657
47254141
47583397
47724629
47793203
47844661
48304481
48551161
48701053
49345463
49404547
49949251
50341169
50462959
51871663
52306489
52557853
52748827
52966757
53377171
53433901
53741491
54052363
54255521
56399491
56479897
56984647
57493201
57609397
57975079
58725703
58947407
59142001
59689631
61334173
61587529
61621561
63065281
63910081
64118161
64186771
64606201
64781941
65210107
65600641
65622821
65676139
66273949
66754531
66856951
67194401
67226941
67991017
68621701
68635591
69158503
69180991
69961231
70126993
70771307
71592751
72047557
72856081
73224811
73902403
74445421
74476291
74927161
74936341
74949901
75621281
77518981
77705593
78315553
78430801
78644611
78802849
79038961
79069807
79417801
79786523
80057713
80179651
80218153
80395057
80936929
82929001
84084121
84354821
84686101
85907221
86385587
86413081
86854721
87505651
89067361
90665789
90698401
90970133
92970571
93591721
94266299
94774699
96142927
96630829
97741171
97924217
98241781
98728033
99115297
102659657
102690901
102921197
103240321
104220703
104933377
107581501
107586361
108140401
108906901
109138981
109216561
109437751
109507663
110274193
110436481
110555971
111380671
113605201
113699953
114276905
114329881
114469073
114954773
115039081
115363711
115376011
116360051
116396131
116613641
117632201
117959221
118577785
118655473
118657529
118801453
119166809
119327041
119710951
119907751
120897661
123771511
123801421
125499401
125622397
126303001
126323699
126428851
126564043
127128331
127710563
128536561
128653261
128932021
129465433
130944133
131881429
132740353
132980401
133189697
133467517
133564081
134188993
134758801
135308881
135465601
135469321
137043721
137932321
138736511
139133611
139206541
140862349
144369373
145043659
145172011
145603333
146272901
146550121
147243713
147567617
147959467
148436209
149733001
149839031
150380983
151415713
151438051
153625601
154716251
155188777
155203361
158175343
158599111
158868181
160210441
160547501
160899751
161216021
162243091
163214641
163871641
164800711
165283471
165930623
166101391
166814245
166827943
167384887
167430817
169234003
169608067
169847443
171346177
171850361
171893611
173071201
173678203
173727971
174383791
176057603
177396157
177961639
178482151
179005681
179041771
179626721
179822161
180107533
180828799
181525213
183736411
184238209
184937041
185037113
185189401
185653333
185956993
186054721
186310781
187190347
187761241
188433337
188821951
189648577
190127089
190801271
191648161
192280951
192946681
193230577
194159881
194649001
195758683
196035001
196962967
197703901
198624193
198800041
199608031
199866391
200622407
200790371
209608051
209802581
209949121
210568573
210582217
210709451
210830401
211068203
214027321
214952791
216315457
216675763
218385241
219367019
219832549
220081097
220327801
220471841
220955941
221793391
221965921
222402727
222571231
223018489
225853633
226366003
226437979
226853801
227738897
228605491
228646081
229240369
229671451
229695751
230408303
230508937
231405701
231633271
231690271
234610291
234903341
235638001
235887361
236620921
237321727
237962737
237994381
238625347
239132629
239391181
241161061
241265161
242745751
243576341
244594151
244883981
245309461
245497669
246180019
246560651
247759873
248290927
249517909
253158751
254781451
255080551
257146501
257543287
258020473
259765747
261186001
261504673
261856261
261884563
263941627
267374561
268422881
268570051
268954141
269120461
269516371
270282601
272313091
272782849
274204967
275101373
275161573
275712533
277453093
277477903
277819081
278586181
279285859
280226033
280277971
280450633
280637951
280722433
280890391
281219821
281850481
282838961
283732621
285091759
285702353
287390641
292809871
294778751
295643089
297404801
297722881
297763051
300341959
300510001
300835081
307024651
307061371
307694323
307920097
310093057
310693633
310701119
311151821
312663151
313328191
313826753
314681491
315013807
316315117
317082331
317799973
318036097
320160781
321021037
322090247
325330081
325420597
325511861
327553921
328573477
331103497
332152423
332352967
333103373
337312117
337606453
338447719
339953851
341981557
342360061
342614533
343477681
345654541
346946563
347632351
348849703
349369021
351717193
351843049
353722513
353932801
356087887
356991571
358416577
358715873
360018361
360145633
361545841
362138239
363245581
363908371
364480541
366594661
368113411
368844751
371103409
371283067
371376631
374753633
380137633
383425351
383793541
384365827
385319089
388916971
390612221
391431941
393277679
395225161
395858159
396717319
397700503
403705583
406932289
408748181
410759671
411910903
411988207
412278721
413719441
415108891
416090599
416964241
417535801
418667401
419366377
421392401
421779961
422342581
425931661
429595039
430227877
430361461
431148901
432114331
433222327
434680471
435581281
435993521
436637251
437029477
439309261
442543553
447109909
450953537
453919201
453994351
456929101
457320533
459153047
464553751
465170161
468194581
468511229
469328203
469636861
470644021
471441001
473750371
474648241
475468927
475969231
477938207
478597789
478884421
479222101
481593997
482510851
482823469
483006691
483029821
484883137
485328187
485667409
488656981
490643591
491127289
492559141
494091619
494603131
495666601
497285713
498455599
500520833
501950159
502643143
504142381
505397861
505570771
507520133
508029401
510856051
511408171
512682509
512705551
512706121
513741313
517270969
517466977
518629889
518820101
520809451
520924141
522490783
524521981
525127777
529214311
532758241
534521131
534754897
535736449
537432937
541438591
542180539
543489491
543730181
544571921
545057371
545793263
547743169
548265041
549162511
549533221
551856551
552163333
555102871
555456001
556105691
557876479
560795563
562467361
562501585
565753151
568073287
568937833
571292881
571460977
573862021
573977509
575143453
578139101
578191849
580677457
580686881
581354881
584570491
584868181
584968753
588575641
595590841
596534989
597537361
598234291
606401303
608963227
609196673
610200961
614071751
614120113
615895897
616912559
617079461
621045151
623332529
625419997
628868467
630310033
632237707
636111451
639364937
641069729
645771127
648268405
649775089
652737871
654221431
654781429
655059961
655850137
656721391
657665341
658182493
661426561
662198041
662745241
663035401
663484501
663760681
664867441
664990951
670208533
670851091
671447731
675236329
677022251
677842981
678168401
678393601
679298959
680471041
680921851
682655999
683398423
684437851
687249883
688779451
690398941
694199537
694662571
696447181
702424951
702683101
702948091
710445121
711675667
711828553
712650881
715427861
715503037
715855561
716389831
719910091
723417301
724615651
724969087
725992721
730704133
732302231
733786561
733995883
738898409
741181547
741214237
745399351
750270181
751705597
752731751
756265033
756913459
757158533
759716821
765232009
765378241
766737217
769006153
772526017
775136251
775368901
776249251
778608829
779786131
780608791
783326377
784203841
784966297
789375511
790829461
792689773
793987811
797545247
798590977
800869681
801288749
801610681
801803521
805859617
807267901
809506133
810099001
811275401
813193921
815697133
825289471
830664451
833429611
833824181
834917359
839208439
839231407
841723489
842960981
843218443
843470497
845376533
847697171
848553031
851778817
852253351
855073301
856425571
856457489
856939231
857185489
859884751
861657343
862422173
865129471
867022747
869382697
871653289
873953869
874017145
881376673
882321761
882878551
886027501
891706861
898092001
898654777
899600833
906471301
907274791
916569289
918400033
918661501
921023911
922668007
923627233
928235197
929106601
929559403
932148253
933262261
934290251
937457987
941363281
941575597
941883769
943634089
948131281
949324951
950371003
955609903
958208833
961664203
961685141
962500561
965501857
967287751
971515777
972336691
973077601
976382509
977046533
977483449
979363153
982134091
982860581
983232161
985075681
989034061
989684191
992341351
993296657
993321187
998219431
1001473201
1003062061
1003103011
1008128761
1011704047
1020725161
1023392891
1024123501
1028187529
1032101461
1034958601
1035917137
1036689737
1040641027
1042368601
1049575697
1051950233
1055512369
1055982313
1058698751
1064857411
1067064781
1069409953
1071645797
1072581277
1074655037
1076271379
1076826469
1077202121
1083509911
1084049201
1086444001
1094450779
1101017731
1101669391
1102324141
1104194521
1105941689
1106383411
1107403097
1109307781
1111114663
1121158747
1121176981
1122175303
1124592431
1124922301
1125016271
1125201811
1127993861
1129126909
1130159801
1131872029
1133371981
1134759631
1135428031
1135596661
1139434453
1142770133
1147839197
1152079741
1156593791
1158895159
1159202773
1160186491
1165080061
1175136481
1177054763
1179276253
1179800191
1186915861
1187122561
1194540481
1195036489
1195306001
1198880261
1202184037
1207443511
1209229477
1210562701
1221044653
1222915279
1224026861
1224958261
1226454529
1229956003
1241713531
1244963413
1245132379
1246110361
1249785941
1250556211
1252569361
1253674699
1257502891
1259521351
1259863561
1264145401
1264649761
1265867929
1266003461
1266025351
1266054193
1266482017
1266989701
1267277467
1268920379
1272553201
1274622859
1275048919
1278692053
1286197489
1287146251
1290219583
1292925421
1294115671
1297556023
1298817451
1299963601
1300909951
1302145267
1305810161
1308758533
1312845661
1317979651
1321856449
1324702801
1330139911
1330429081
1332313291
1332633277
1334904499
1335514051
1337036801
1338247681
1347452551
1348969031
1354906801
1354991653
1356661711
1358196001
1360398211
1363124791
1364378203
1365950683
1369059737
1370223541
1371046249
1375573249
1378203751
1382336641
1382512891
1382811491
1383614467
1386072229
1393604785
1394640941
1395564127
1395898141
1402248403
1411211051
1412651017
1415815171
1422449911
1423067801
1423152001
1424832571
1426068821
1426439321
1428966001
1430123689
1432548937
1437866561
1438620691
1438918105
1444441861
1444555117
1444590859
1448994977
1449023701
1449438131
1451054471
1453672481
1455845239
1456162129
1458366551
1464544321
1465031107
1467403213
1472221921
1472650999
1481489719
1490068973
1490926471
1497192269
1497221281
1500703579
1504350541
1506604969
1508953447
1509316901
1509973627
1511042851
1513012381
1513682731
1514905001
1515568711
1515785041
1515986137
1517846257
1521015247
1521221473
1521530239
1521538201
1522299661
1523848129
1527047497
1527869017
1529415343
1530159247
1530898111
1532755369
1537641691
1537768081
1537979641
1539583921
1540926721
1541533621
1544599061
1546458211
1546883911
1552915531
1557118081
1563607081
1563824861
1564700593
1567090867
1568259001
1574362441
1578984661
1580449201
1581451961
1582874113
1583572381
1583744629
1587109229
1590394313
1595229301
1595592343
1598982533
1600721701
1602177851
1609913059
1611420697
1611615151
1614381133
1614475651
1614498145
1618435171
1620926887
1621656997
1622783801
1625025481
1628194681
1632852437
1636435201
1637181571
1637839927
1638164131
1639683739
1641582191
1642868137
1643665021
1644689597
1649540101
1653849751
1657304671
1658247053
1666216697
1669444729
1673857739
1674091141
1674180049
1674366541
1677251411
1682457313
1687224511
1687374697
1689317209
1695714661
1696437311
1697251747
1703644801
1707375287
1711638721
1712291311
1721857021
1727151659
1728962119
1730214823
1731541813
1738118557
1738687469
1738718701
1741436533
1747030321
1750412161
1761660469
1763946287
1764888661
1771976251
1772877943
1778550049
1780074871
1783334719
1786169431
1790023969
1792442737
1793750131
1797382823
1797498631
1800812477
1806241337
1808205701
1809312997
1816572745
1817133121
1819989865
1820772281
1823174413
1827702101
1833328621
1836856121
1837099211
1838191811
1842173077
1843783621
1844279011
1853926777
1855389997
1856352403
1856689453
1859153041
1859474233
1862960153
1865700973
1868747113
1871501633
1875122257
1876195231
1878261841
1878810697
1878848731
1881287321
1881894961
1887425341
1898826463
1901334751
1904524903
1904558701
1913422591
1932808963
1937105941
1939756177
1940174209
1941446071
1944125633
1948395871
1950782777
1952968753
1954394641
1955219311
1961563339
1962173641
1963824817
1973561377
1976195521
1976945501
1978813453
1980485341
1986632407
1989835417
1991063449
1991416069
1995784961
2001670477
2001814669
2004299641
2005507081
2006823193
2007646961
2011903489
2022710041
2024149843
2028416021
2033258401
2034039871
2039758771
2042030651
2042467741
2045705677
2046984211
2056517783
2057756611
2057835781
2060910307
2063021581
2063260321
2067292501
2067887557
2071874419
2073615721
2077982089
2078948233
2079283321
2082146617
2082204583
2082440533
2089748431
2090140781
2090978605
2095330381
2095941163
2098171351
2099324323
2101620439
2103857281
2103933043
2117648963
2120710541
2123112967
2129395141
2130687691
2131620571
2131822801
2142555323
2144961253
2148892903
2151124513
2165467081
2166124801
2166133001
2169646561
2170870787
2174799563
2175728251
2184744451
2185898401
2189630269
2202816001
2203227599
2203875871
2205592093
2208657001
2214630397
2217879901
2220062653
2224183501
2225576123
2229523921
2231602759
2233031701
2234394451
2234695231
2238620671
2242724851
2243273761
2250357679
2266660351
2267121361
2267568073
2269506313
2269661941
2269846561
2269969141
2272817149
2278091971
2279052749
2283040759
2287378081
2293014533
2293820371
2294455411
2296894753
2300959711
2302804489
2308966661
2313507841
2318260541
2318469121
2321473001
2332301401
2333010751
2333074153
2343221371
2345286953
2347025143
2347195303
2347597981
2350043767
2355230749
2358414217
2358822941
2365443001
2367494059
2369602813
2379761801
2380502581
2383466941
2383905037
2384275879
2385076987
2387707201
2387937781
2393695613
2396814913
2400732181
2403109393
2405461309
2411193019
2417408533
2419277491
2434765877
2438525053
2441264941
2452465621
2454543571
2465433431
2471205361
2483816171
2485230751
2485837243
2487542401
2489093785
2490533977
2493019343
2500526281
2502344549
2503359037
2513290627
2519300449
2521286857
2523611941
2531204989
2535277291
2536225777
2561654099
2577944869
2579163931
2600611861
2601842959
2611561313
2613318751
2615604157
2616180821
2617882807
2628587963
2644178041
2645676001
2648322631
2648625841
2651464703
2654851387
2657314351
2660061013
2669377201
2673068431
2683598581
2687668129
2690535661
2693195569
2699471503
2702284273
2702776301
2704546027
2708987401
2714115821
2714240821
2716344661
2721304037
2721721939
2723932801
2727491131
2728800901
2736116281
2737377761
2744040727
2746982801
2749430413
2756402251
2758410209
2758416103
2766983551
2767572571
2776662001
2780879401
2783492237
2784469609
2789455261
2793935713
2799676801
2804470327
2813512591
2814414331
2815675241
2817352801
2820853921
2821312321
2822521411
2824256377
2841190381
2847129991
2850264451
2851488163
2855736217
2872846199
2874386737
2877270271
2877769501
2883818011
2884789153
2887560991
2889079201
2889439027
2894667781
2895004927
2901514531
2902626091
2909572129
2910935201
2919081769
2922345721
2928902479
2929521013
2933563781
2934625951
2946016891
2948673901
2955421393
2955905737
2957263289
2957999573
2958516271
2962394731
2964816109
2966279941
2970486251
2972330281
2975096953
2983651177
2984031679
2986816873
2989126601
2992394501
3004224137
3006907957
3008414251
3009756751
3014101261
3014397871
3016520599
3017211809
3019747231
3020423491
3023483761
3024919171
3025350343
3053742061
3056364271
3057886051
3063664447
3066639817
3066903341
3067302529
3070725391
3073693153
3083295601
3084106807
3091354111
3101577151
3103136311
3105364861
3107729953
3109380301
3128182201
3130893011
3136119151
3139862657
3143282221
3147615451
3150150301
3152900111
3166118047
3166826939
3172658653
3175391647
3175464601
3175526971
3180136961
3186595981
3190894201
3193560521
3195297493
3201021497
3204618041
3205012963
3205563103
3210759901
3214329049
3215031751
3219767461
3219865741
3220158517
3245782591
3248285401
3251544853
3263062661
3265122451
3270997861
3274271911
3275218171
3276325921
3281593591
3284060977
3285725701
3289454011
3292165297
3292848593
3294279361
3296403601
3302623741
3306393751
3322551403
3326803201
3329019409
3329769169
3331170091
3337399189
3339981877
3343344691
3344045993
3349218881
3352026133
3356361205
3361369951
3362608321
3363763231
3364070533
3368396809
3368821639
3374598781
3387014401
3391215973
3399796423
3408200641
3418275121
3422143351
3424483399
3425761949
3428526817
3431378971
3432158137
3443481721
3445470001
3447569863
3450935503
3453086513
3454091419
3455258263
3457716961
3457896259
3464641081
3466802971
3469254571
3473779849
3481835701
3491936939
3494670301
3500559203
3502121491
3502470913
3502870363
3502970551
3503841139
3504570301
3504936907
3510135157
3511215541
3512949529
3521383951
3524750251
3527015461
3531599353
3534273403
3537283681
3541312087
3543203333
3544229521
3553201445
3553319989
3555176869
3557218921
3563340457
3570829393
3570930301
3578705131
3583048561
3585588157
3590409439
3592176571
3593626261
3594218321
3599020177
3602006101
3602386369
3605066921
3606649741
3607764733
3609494533
3619001209
3620282387
3622271117
3626562301
3628526287
3630457063
3631504001
3634624981
3637831753
3640903111
3648223393
3653628247
3656511073
3658389661
3660474841
3672238021
3674140331
3676446271
3679835713
3681540881
3685192001
3696707869
3707400097
3721783267
3727069321
3727828501
3731194807
3733851577
3737509777
3741197797
3746573377
3761206153
3772938529
3773061337
3776226637
3777952627
3788970571
3790965241
3791731429
3794012083
3795206827
3800306971
3805857901
3807567289
3809018947
3811547617
3814341991
3816081361
3822579401
3822894877
3828001561
3829135081
3846178337
3848047141
3851515081
3863311801
3869876497
3877267601
3883051573
3887635753
3889818451
3892503691
3892928203
3894053311
3894389281
3901710151
3905583823
3910339577
3910653577
3911960417
3914522089
3915393031
3919337893
3919405141
3929614313
3935531251
3937526911
3940800361
3940978261
3947250061
3954027763
3956339791
3965117911
3968510761
3969322801
3975630361
3981071749
3984796241
3990272651
3997740319
4003121785
4022945083
4023019381
4028908811
4028995297
4035028861
4038242413
4041063109
4041356801
4047928951
4053634345
4060942381
4069915097
4078814393
4079382187
4079877037
4086792001
4091862377
4104383851
4108970251
4111476517
4114347781
4121089793
4122849683
4127062627
4134506251
4135285369
4154920837
4155070369
4156580741
4159012439
4161449143
4164854719
4168348237
4170123541
4172898547
4173476887
4175362133
4179895273
4187360341
4197341149
4199951251
4219028237
4228090903
4234224601
4235887891
4244037691
4246227421
4249672057
4250911061
4256928349
4257780001
4260506489
4263507091
4268085713
4270088341
