141
1247
1551
2321
2641
2701
3097
6487
6721
8119
8473
10011
12403
13333
14981
16771
19601
19741
26599
29751
31621
41311
42001
42661
44173
47321
57929
64681
79003
81871
84169
88831
91001
109061
128451
131401
133141
144421
146611
154481
163831
164081
176947
192221
194503
217891
237817
264037
265651
269011
270481
282133
282901
284611
325851
327261
341531
342109
405233
416641
417041
458989
484273
487621
488881
506353
525559
537421
543973
569059
592201
611971
695213
700503
710533
715201
722261
757621
765703
769567
805141
810001
821059
848863
929633
954271
972931
984187
1024651
1048477
1097227
1141141
1163809
1168513
1292341
1373653
1381801
1401121
1418131
1420579
1428781
1433407
1458241
1584133
1607311
1615681
1649653
1652561
1671013
1677469
1690501
1735841
1763581
1807751
1834837
1835821
1876681
1943581
1946599
1979701
1987021
2023873
2103929
2105321
2112321
2168401
2197001
2270581
2433601
2466133
2477479
2488051
2534851
2602321
2635751
2699791
2743999
2795519
2829541
3011479
3098171
3114253
3162121
3223243
3285829
3363121
3402449
3470921
3521701
3644101
3686681
3832457
3851929
3861397
4014361
4059859
4084489
4112369
4240951
4244131
4255903
4258213
4278583
4477051
4510507
4625017
4686391
4799761
4845317
4858801
4864501
4920301
4935701
4966921
4974881
5012717
5031181
5090821
5293201
5406787
5419751
5492761
5497537
5722289
5894461
6035009
6117211
6186403
6409591
6539821
6812749
7196977
7268917
7297793
7424321
7594747
7634173
7683397
7686401
7721641
7784893
7910713
7927651
8341651
8472601
8725753
8766313
8864017
8899661
9120021
9131401
9227417
9254561
9312409
9717247
9744827
9769369
9828739
9920773
9933001
10011471
10382173
10403641
10461329
10620331
10668701
10679131
10679881
11100853
11415301
11530693
11541307
11621611
11703583
11756317
11767001
12140173
12318541
12481411
12875801
13042657
13073941
13295281
13475711
13515223
13647691
13701871
14005441
14048347
14056111
14334739
14471321
14523913
14526091
14548141
14555221
14575091
14676481
14687681
14852017
14899751
14932781
15037433
15500941
15514969
15532231
15902461
15978007
16024933
16063813
16355809
16449343
16536691
16652521
16773763
17256961
17410303
17502661
17569441
17761141
17795471
17843281
17868649
17875213
18158251
18225703
18303319
18342241
18888799
19308673
19356217
19513649
19582837
19613203
19684921
20196013
20310751
20330213
20590741
20870641
20908441
21333601
21392089
21442279
21651361
21654533
22236061
22325521
22397497
22543681
22848541
23135421
23172081
24247021
24373441
24598081
24957337
24963391
25047949
25242601
25500901
25502891
25503031
26017291
26069581
26274151
26694361
26912173
27012001
27103161
27230701
27276751
27429377
27452881
27898921
28103041
28187251
28572961
29448631
29458573
30824399
31040833
31181581
31268301
31758371
32036317
32116141
32804227
32834987
33243037
34060219
34621091
34657141
34675951
34713361
35078413
35212453
35732497
36387121
36448387
36484471
36578389
36919681
37035337
37124137
37449101
37964809
38010307
38248981
38271749
38552361
38696347
38903287
39049921
39428251
39536641
39547171
40813711
40828241
40917241
41106941
41467213
41546359
41725631
41819329
41848687
42149971
42266251
42474547
42581009
42709591
42903953
43109431
43363601
43567921
44148649
44292211
44404001
44709491
45563027
45877861
45879941
46260831
46528831
46833229
47298331
47632513
47637311
47903701
47978701
49030381
49303801
49322387
49735351
51027589
51600529
52204237
52273561
52639861
53154337
53167951
53355121
53377171
54026029
54396871
54422437
54459841
54902401
55178551
55385221
55780561
56029933
56052361
56322961
56514053
57279121
57424933
57571249
57677051
57833861
57879323
58157779
58194049
58624039
58730813
58986091
59309251
59639581
60930511
61231277
61363541
62969281
63411151
63469543
63479809
64042903
64377991
65429569
65906023
66965131
67175161
67602881
67603901
67636297
67662541
67761121
68033593
68754561
69171929
69187411
69661513
69794519
70232443
70247959
70837131
71592751
71960743
72884701
73289861
73571051
73721341
73902403
74554261
76405211
78131761
78644611
78876601
79110601
79411201
80207381
80564837
80748391
80918281
81087511
81376903
81429051
81571001
81634911
81902323
81926461
81979873
82343801
82580689
82688321
83403041
84218941
84648527
85400701
86563277
86832241
87676681
87807241
87938111
88778201
89532271
90014653
90054889
90057101
90178901
90462331
90471301
91043401
91051501
91450351
91587943
92572561
92835667
92999201
93246553
93766661
94886711
95145751
95204971
95432941
95492521
95652481
97071211
97444657
97505167
97686161
97723201
98204107
98487001
99732509
99971821
100017223
100923481
101649241
102358747
102560407
103746241
106051177
107634521
107805601
108250627
108829681
108869707
109231229
109630621
109659457
110043119
110813249
110925631
111291181
111360913
111566561
112702591
112835729
112881161
114516751
115140241
116096821
116151661
116701003
118016911
118099801
118179751
118392301
118901521
120761761
121374241
122141473
122162881
122597473
122739761
123808387
124359901
124669609
125135767
126045001
127664461
127952497
128350321
128536561
129451297
130417361
130827817
131237983
131529171
131819101
133817491
134696801
135002001
135308881
135658321
136745857
137583181
137651201
137932321
138505441
140346421
140384161
142717891
143170171
143783641
143987737
145850041
146156617
146158801
147631801
147703501
148468927
149477791
151736881
153416089
153550339
153974551
154158313
156693853
157368661
157803521
157812601
158489501
159160751
159320599
159741469
159992841
161367013
161542361
161790721
162415111
162861931
163122961
163602281
164411911
165283471
165563707
165930623
166485601
166634987
167881121
168127111
168482581
168969109
169746337
170491777
170640961
171773681
172116181
172521737
173980409
174479729
174598387
175558447
175573621
176051461
176977921
177439061
177850037
178482151
178918741
179750561
180089251
180568889
180828799
181242121
182077759
183001933
184259623
184599221
184617187
186046369
186739057
188985961
190055881
192302581
192769291
193374451
193516961
193875557
194159881
195137461
195664957
196035001
196287391
198073951
199104533
199867177
200430231
200791009
201885661
202130197
202431737
204063469
204466081
205053481
205288441
205828291
205858027
206304961
207606277
208646923
209802581
209990881
210595681
211505821
211814851
212146507
212412493
212897281
213474031
213835861
214800121
215701039
215957281
216675763
216762671
217186537
218603617
218624033
218850311
218970937
219621781
220252159
220531501
221391227
221497303
221904289
221998241
222192559
222524347
223762111
225756709
226637371
226920989
227132641
227259719
229376701
229671451
232482251
233087951
233110081
234086641
234717913
234869009
235845793
236025721
236653201
238001653
239230223
239395349
241094491
241508359
242493931
242650717
242729401
243746791
244160437
244286993
244545967
244757701
245393767
245402291
248682869
248787751
248952001
249086531
249430969
249807559
250118017
250216801
250318279
250550497
253260221
253766101
254892891
255488689
259798969
261186001
261504871
261962317
262134071
262872481
264984529
265372801
265972981
266203601
267321601
268505551
269547739
271018511
272668537
272975131
273823507
275712533
275786009
277704013
279199201
279638951
280702423
282600361
283141057
283732621
285278501
285703793
286023403
286171201
287831053
287953201
289604899
289912433
291646697
292290181
292538819
293549833
293606839
293781727
293967361
296850261
297032401
298177441
298890901
299671921
300484549
302002401
302780563
304349347
304593241
306105001
306191621
306571483
307268461
307688851
309750351
310693633
312232807
312485167
313380971
314756531
315754261
316715323
316885801
318662961
320942623
322122329
324246997
325709021
325787017
325787591
326695141
326995267
327754321
328177657
328402181
328650613
329558329
330238801
331051943
331076311
331173503
332809777
332976961
334037461
334963333
336100213
338396257
338452321
338455153
339033221
339195097
339764101
339878191
341352793
342469401
345891419
346635829
346859521
347785699
349752913
350417341
352280839
352351693
352976417
353201311
354914101
355497031
356128081
356560639
358005187
359643079
359696431
362297911
362369701
363245581
364380017
364479501
365330701
365561911
365932297
367042691
368054201
368133481
368476501
368615521
368688989
368999929
374654681
375303583
375321643
377979169
378051001
379732501
379763129
380086981
380977477
381298711
381435461
382015369
384140401
385218901
385606981
386923741
387202457
389909449
390430261
390609941
390612221
390810421
395664751
396135001
396748687
399241441
402154177
403458841
403900351
404020777
404673793
405545977
405900991
410192707
410925871
412102489
412988761
413678261
413689249
414876013
416437741
419894021
420383251
422411333
432058093
433666069
434721001
434782783
435581281
437597101
438109561
439431697
440650081
444062659
444222731
445411289
446715221
449501761
451185643
451698589
453366029
454356541
454774951
455251721
455444611
455461471
457050361
457274161
459838867
460585861
467272807
467307661
467631037
468942493
468950021
469497377
469906259
470063791
470113351
471901501
473730531
473750371
474753469
475516801
477047929
477850231
478005581
479326821
479809817
480436651
482061241
483351217
483701791
484481089
487299901
487890703
489290551
490057837
490703617
491603953
492559141
494534713
495159757
496452997
496918241
497243137
498238201
498442951
502062121
511327291
512500529
513360011
514869601
518333509
518548801
518752513
525047797
525946667
527442581
528289117
529487911
529774669
530714887
532937651
534243667
539019361
539085709
542003617
543730181
545220869
545430607
547311421
548857051
548978629
549724033
550198463
551313683
552914071
553601809
554494951
557876479
559536721
559854751
560907271
561817589
563947141
564271381
564535441
564770081
566389801
567113401
567126971
569507579
569720321
570132481
571812433
573435133
575133131
577521001
577754497
578191849
581354881
581782573
582799951
584085703
584868181
585220513
589908481
590414977
590688751
591576163
593964841
597033151
597149173
598022261
601884091
604581451
605166251
605217881
606304513
610289909
610309841
611888311
613438723
613919461
614742241
615416341
615440641
616686799
617087701
617279821
621787951
622159501
622801453
623606413
630355601
631019843
631656901
632784583
633595201
633811751
634271041
636859339
639246007
641425357
643189751
643767931
645950453
646443337
651514753
652969351
653260633
655026121
655194541
656824033
657395537
659846021
660237299
664465231
665498107
667081801
668828401
672023777
672279427
673804363
674843401
678055811
686551351
687344197
688360333
690652411
693452551
693730357
694656901
696042901
697791403
698431681
698536021
701873707
702343963
705596629
710580151
711828553
720385903
722237897
723896177
726453199
729375781
730066723
730125397
730704133
731772889
735207271
736145587
742056391
746331041
747130231
748638001
749670247
750510199
750810001
751657651
753022201
753225901
754332377
758081801
762273901
766292239
774109627
775136251
775165789
775368901
776011051
776249251
779391131
783623917
788404849
793237069
793385987
793603021
800786827
806783473
807416401
810382453
811359649
813185311
815727487
815791901
821376533
825734671
829163561
834918631
836119147
836276921
836470207
839208439
839541781
839564881
839599489
842960981
845369141
852081121
855822241
856727191
857582251
858419011
861598081
865047121
865129471
867323521
868088341
870142879
872380321
873631027
874837633
876850801
877080277
878404759
879778621
880230937
880288049
880623901
880875727
880951717
883066321
885493927
887436601
887838197
888119611
889597729
890226013
893692819
894791077
894840661
895398523
898966801
900641743
900990553
901228033
902096161
906471301
907475851
913000273
918111001
918661501
920415011
922845241
923300641
928693081
928766257
933184801
934995751
936820021
937278011
941056273
941473163
941548753
946495369
947068201
949214729
950179159
950298403
951565697
952398721
954527449
955134181
958574251
971032861
973368481
975475297
976396961
977668891
977770531
979421111
981292987
981357703
981484561
983724919
985075681
985708621
986054191
987842101
989005441
990776623
991286041
993321187
1001464621
1003087801
1007774041
1009912627
1010872201
1015269391
1015753601
1017748057
1027546921
1027731167
1027744453
1028494429
1029513481
1030401901
1030758301
1030974589
1031268961
1032101461
1034283421
1036028071
1036263001
1039740833
1040234231
1048373551
1048478413
1048703317
1049917867
1050535501
1052009641
1056970531
1057570331
1058816533
1069082657
1069253641
1074198241
1079245381
1080708091
1082062633
1084982081
1085836897
1086444001
1086477809
1088253427
1093026553
1094042321
1094603261
1095484069
1095724249
1101231541
1104535861
1109819413
1109977793
1111502701
1111692301
1112103541
1113940801
1115236189
1115910727
1119915421
1121176981
1121704921
1126262173
1126998913
1127880571
1132690561
1133165563
1133880049
1134759631
1136142911
1136191771
1137111461
1137133379
1140850751
1141653871
1145170153
1153937867
1154320639
1157081983
1158739003
1160186491
1168003201
1171035251
1171992889
1174700719
1174935787
1175756761
1182738811
1186841261
1188141001
1195369561
1202085067
1202207137
1202842513
1203092617
1204140403
1210962059
1212036013
1213347691
1213558081
1215641269
1219004749
1227573271
1228672513
1229377433
1229695991
1229866087
1230113791
1230812741
1232469001
1234330483
1235188597
1235864033
1236032227
1245558697
1247724181
1251773353
1254621901
1258970021
1260782161
1266003461
1267133311
1268018093
1268946253
1271082241
1276107841
1280257469
1280988547
1282887061
1283359981
1286133661
1288507093
1291412431
1295150671
1301012281
1303906101
1305571261
1308758533
1310641113
1311584737
1313022881
1315474513
1316169541
1319057983
1323136501
1325929201
1331061887
1333215703
1338001981
1341620281
1342481407
1345702447
1346035591
1346326243
1348242871
1348313821
1348782917
1350851419
1351700911
1352057911
1352945231
1353440233
1353853981
1354991653
1355646961
1356328121
1358425741
1364320729
1364378203
1365250321
1369420933
1376350721
1378203751
1379699161
1385188771
1388863361
1397169091
1399230289
1403368201
1406851249
1407125899
1407667069
1411275601
1416270241
1419459121
1419575167
1422727147
1426015501
1430661181
1436632693
1440673643
1440752827
1441316269
1443652033
1444095001
1444441861
1448115727
1448921633
1448994977
1452194257
1452272851
1453548403
1455266413
1464159061
1465945417
1467817471
1468226831
1474468057
1474936871
1477422187
1478086273
1481085997
1489022263
1489427941
1489694081
1491076567
1491510899
1494549569
1504363489
1504633423
1504996177
1505432881
1505724001
1507746241
1510860121
1514301179
1515566581
1515785041
1519906279
1520803021
1522669051
1527763333
1533555271
1536446921
1538071061
1539171289
1543378051
1545342793
1545449881
1546340401
1546508057
1548553609
1548815717
1552568431
1553223601
1555780673
1556329633
1558913203
1560500439
1561800833
1561957251
1564278211
1564968653
1565791067
1566612379
1566828121
1567543589
1573291501
1573653201
1580449201
1580591011
1581766061
1584369889
1585284023
1588247851
1589853281
1594058857
1594933831
1604413973
1607325553
1607819851
1611615151
1613072663
1615118081
1616387653
1619537581
1624486967
1625983147
1630062253
1633947841
1635167227
1637847553
1644177883
1646861161
1649383273
1651317301
1655514001
1657063871
1664466751
1665450221
1679469611
1695419041
1698991321
1701155011
1701350561
1702123201
1702532567
1705641901
1706687471
1710505931
1712449201
1714808611
1718057027
1724596661
1725279811
1725547321
1726356391
1727194153
1729548151
1732895393
1735699681
1736122513
1736159671
1737106933
1738851007
1741436533
1741730369
1745286731
1750412161
1752172003
1757068121
1760706811
1762308623
1762599169
1763946287
1769571841
1769901841
1776062521
1783334719
1785440371
1788995161
1789048801
1789167931
1792916981
1793976049
1795178701
1796734241
1797402223
1802658001
1802881159
1808131111
1813266001
1816853581
1817906071
1817937001
1820406499
1822479751
1833473617
1837596251
1842173077
1846755289
1852869061
1853393401
1866409861
1871987041
1876485691
1880415769
1888046869
1888845841
1893388421
1896689737
1897712857
1899946301
1901673001
1902303721
1906278361
1907088331
1910134309
1913422591
1913646001
1914303841
1924324431
1924716223
1930403333
1930534453
1932808963
1933740491
1934121757
1937105941
1940044217
1943951041
1945350259
1953249211
1957822987
1959594019
1960577189
1962730531
1966596061
1966648231
1966774069
1968289051
1970360771
1973142407
1975424249
1978554121
1985348527
1985383931
1994106241
2000436751
2004080941
2006916607
2008372801
2009745697
2018129521
2018761111
2023422871
2028416021
2032292641
2034039871
2039055523
2041265041
2042467741
2054080729
2060823643
2061251749
2062721467
2063228203
2066983381
2068212397
2072624761
2073312253
2076840341
2078957341
2080325521
2082599751
2088364741
2088809453
2091614951
2091848221
2093347679
2095676983
2096301281
2101983871
2107263551
2107326167
2109402961
2115246013
2116483027
2118564841
2118692071
2122894177
2123792551
2125630597
2136889801
2137495361
2139462991
2142871459
2143585621
2144921521
2145072511
2148788881
2151933701
2152337111
2165034049
2167107721
2167577527
2170265077
2170284917
2174465581
2179515601
2182666501
2183757409
2196463861
2196825511
2197699073
2197944451
2198582101
2199931651
2205105311
2205590479
2218584061
2220512641
2230253293
2236456861
2239021513
2245238179
2245411351
2252664121
2258956841
2262861901
2262942061
2272342249
2272413529
2273778391
2279751181
2286310321
2290361221
2290902769
2292068143
2294455411
2295209281
2296074871
2298773143
2301269601
2305992649
2307480211
2320500379
2320851187
2321551751
2322956161
2323143649
2323866169
2329436803
2336667071
2343545521
2356077901
2360261989
2373402781
2374172497
2377620901
2387525141
2389496149
2395330701
2398529563
2400220859
2401992349
2408136221
2411016329
2422084591
2424211697
2427296953
2430807121
2434053469
2434876861
2436927907
2438403661
2449802881
2452038961
2453478457
2454986491
2458231903
2462917031
2466345169
2479211641
2480289631
2485230751
2489462641
2490222281
2494660033
2497394191
2497638781
2497738951
2498505199
2499853333
2507395279
2514929581
2518368701
2519186671
2519854741
2519978267
2521128527
2523736531
2525140333
2529794921
2532598591
2541545117
2551598071
2555429151
2560176001
2563970737
2566804501
2568089611
2572964371
2575060949
2575591001
2577770561
2579628881
2582887021
2583022261
2584347613
2587111231
2589001309
2589324109
2598821699
2599095409
2603384603
2604688651
2605557781
2608711711
2616180821
2617909093
2622242521
2625942493
2628327521
2628358913
2630374741
2633213521
2634284801
2636051563
2636261987
2639301281
2643585551
2644099841
2646147001
2649907201
2650719541
2654561281
2654851387
2659701493
2660275171
2668013291
2668607761
2673898151
2676471271
2683025627
2684846953
2689007641
2690094919
2693297863
2693497591
2709933451
2711356301
2714110001
2716157989
2717428033
2728730287
2730051241
2730389581
2735798941
2736066667
2738184697
2743738003
2745918001
2746021741
2747609701
2750867841
2753091067
2753586529
2757773551
2757944953
2761545403
2764925129
2772059687
2772711649
2776874941
2781468559
2789622529
2789751763
2791474403
2795730751
2802497251
2815453033
2816084497
2817904541
2821317907
2824854913
2827961221
2831354881
2831440921
2832813811
2833476463
2835471731
2835968059
2836157501
2837102833
2838786211
2840871041
2853188551
2858414987
2858583961
2867481971
2870118421
2870127401
2871890407
2875626491
2877204833
2878414057
2881429741
2884558709
2893993777
2899835959
2903163901
2906523901
2912900761
2913401611
2915365051
2916391501
2921552653
2925732031
2927266123
2929539209
2930831641
2931878071
2941138253
2941345051
2943002593
2954933549
2955988177
2956724317
2960416561
2962748101
2970228199
2970486251
2978011651
2979921421
2992013641
2992112131
3005281603
3008857951
3014101261
3015794911
3018501529
3031135837
3033998661
3037186021
3042630533
3043115743
3044238121
3048467381
3049386451
3058670677
3061429603
3062088481
3063683503
3068534701
3073688231
3080730181
3086271829
3099339013
3103256617
3105241441
3106952647
3108044953
3116834401
3118411501
3123509941
3134453281
3135342031
3136114801
3137756161
3144229321
3168847441
3172175137
3182889761
3183907579
3187421077
3188687221
3189732781
3189888001
3196681601
3200985217
3202626169
3205387441
3206569969
3215031751
3215212153
3216409099
3217744531
3220681699
3225276937
3226135859
3228044821
3228492961
3232909331
3238185721
3240703229
3277104991
3277300741
3285401921
3285725701
3292356943
3295217971
3295297717
3300548473
3301164901
3301652353
3307713501
3311236741
3313196881
3316485421
3325642849
3331936891
3332340703
3333346213
3335899927
3336263461
3344457601
3349046461
3352776701
3355619467
3359595821
3363763231
3365110981
3368695961
3369469349
3371397941
3371840929
3373301587
3380740301
3383477191
3383774521
3394190857
3395120977
3399901517
3400530121
3403593901
3405216361
3407609221
3413127241
3415379701
3420678707
3426473587
3426615853
3430848583
3434575327
3440739661
3471848461
3483650743
3492249697
3493069141
3502970551
3507606523
3509904421
3510474757
3516883001
3519779341
3527380819
3532226041
3539922751
3550379341
3564239251
3576764143
3582259253
3583970569
3589884131
3592764001
3593420767
3601806251
3605151241
3608207951
3614898031
3619061269
3619298413
3630600751
3631019389
3631661183
3634594861
3638805913
3639481903
3640903111
3641629591
3655078561
3658138541
3661339771
3661441261
3662182837
3674037151
3675122501
3679113199
3686275601
3686988421
3704116219
3705308951
3717260801
3720164401
3724290901
3725016749
3731458501
3737095993
3743195689
3745494001
3748439521
3764549623
3770652901
3784427821
3786671113
3788970571
3795206827
3796370803
3797969297
3803435137
3803679181
3806586631
3809227843
3813919453
3822308461
3823155001
3828582421
3831424031
3841086841
3841126141
3841163233
3843449941
3852363997
3854690191
3854830981
3868332271
3874135651
3875337733
3879268901
3880649341
3882729131
3882967621
3885983053
3886269841
3887635753
3891264091
3892217401
3894053311
3904075297
3904316701
3907822801
3924969689
3925583551
3926933557
3928256641
3937024981
3946494793
3950479409
3951472961
3954334159
3958248169
3960653029
3971394127
3971790659
3976339993
3976878929
3982926757
3989027533
3989454031
3992000601
3998384441
4006582537
4024992817
4028172931
4028771849
4029869101
4050126547
4054079251
4054302701
4057769041
4063732063
4071045637
4073353243
4076107811
4077733601
4080622201
4080633229
4080739681
4087958449
4094224501
4104821521
4116546911
4121492761
4128379201
4142342401
4147919821
4149101017
4160203213
4160927761
4162325831
4169643791
4171540729
4171735277
4172516311
4177712561
4185098737
4195843037
4209201361
4226438371
4229014483
4230451471
4242354731
4255288237
4256766511
4267013521
4277949001
4282136321
4283444731
4283445403
4284144001
