25
49
65
325
343
1369
1387
2977
4577
5725
5833
5941
6601
11425
12025
18631
22411
28153
29341
30889
35425
39817
40501
41159
49141
60685
60691
74425
80137
90751
99451
101905
104653
104977
109561
111151
111841
121301
134113
148525
197209
197633
211825
219817
220669
227767
229633
239071
270481
272161
272611
282637
302281
311725
314821
339913
350065
362401
370921
382537
408851
417761
425809
433993
444925
460507
470017
474631
481601
485293
517273
584461
624025
636641
647569
665281
671977
714511
769567
787081
816001
842725
873181
922381
936433
943669
950779
1032181
1061341
1075321
1077805
1092547
1102759
1110421
1112521
1127611
1144849
1165841
1177991
1306631
1352233
1360489
1373653
1457773
1458217
1525201
1530787
1683937
1703677
1735147
1737913
1749511
1809697
1858501
1884961
1963501
1987021
2010121
2108417
2181121
2192219
2284453
2339377
2346463
2358577
2435833
2491637
2616325
2736901
2810557
3011479
3062701
3076481
3100393
3116107
3158101
3209273
3214081
3367771
3375041
3445681
3453529
3513889
3514513
3634633
3715897
3850225
3872161
3927001
4030249
4107025
4113841
4150387
4151869
4415251
4499701
4567837
4588033
4671577
4672825
4734127
4771313
4823617
4981145
5044033
5049001
5095177
5160025
5173601
5176153
5261059
5308181
5310721
5322871
5405833
5406787
5481181
5623363
5723677
6055501
6126301
6140161
6226193
6295969
6365941
6439231
6494801
6675841
6787327
6885061
6973063
7154881
7196911
7324129
7372769
7378801
7411201
7462001
7560281
7567501
7648033
7837525
7848061
8032261
8066705
8133229
8180461
8225425
8370629
8417251
8477801
8510347
8650951
8850979
8875561
8941253
9006401
9056501
9131401
9174829
9416485
9516977
9527545
9602561
9863461
9896921
9969961
10010345
10024561
10185841
10192183
10372801
10479787
10505701
10837601
10895377
10924129
11047609
11060057
11238121
11250485
11407177
11541307
11677597
11762461
11774161
12085217
12241963
12453029
12525241
12584251
12711007
12765925
12942823
13028081
13113101
13418329
13490621
13500265
13694761
13972801
14121757
14469841
14542645
14612473
14695601
14844925
15174685
15247621
15254911
15405013
15461569
15604321
15807841
15920101
15978007
15995449
16070429
16232309
16326325
16737341
16783801
16786981
16853077
16879501
17153401
17165131
17320351
17354111
17365321
17603617
17812033
18111773
18136301
18212977
18366937
18443701
18463321
18632137
18674713
18985627
18994405
19022641
19123561
19169473
19328653
19495841
19732897
19815331
19897151
20857229
21229841
21837301
22099601
22214725
22697281
22781861
23208769
23318137
23567545
23731489
23913319
24002651
24179347
24236461
24443057
24490201
24739961
24930881
25081225
25118293
25326001
25370801
25486111
25614947
25981957
26092639
26236747
26688487
26782957
27023701
27331921
27452881
27509653
27664033
27979843
28101511
28184857
28426201
28527049
28837069
29270281
30017293
30275269
31118081
31150351
31189051
31464317
31767121
31873465
32099777
32141401
32308433
32322067
32441305
32767741
33328331
33814801
34006393
34012225
34018057
34285447
34293793
34518569
34648021
35365111
35932441
35977393
36012943
36024913
36307981
36765901
36953929
37093627
37439201
37491301
37756601
37797673
38120041
38270377
38624041
38722301
39154081
39169321
39264319
39676033
40959019
41169061
41183101
41277601
41306761
41343751
41739769
41826943
42004961
42388657
42660493
42714937
42803077
42933841
43237261
43312273
43882313
44122321
44877709
45455041
45466513
45559729
45576121
46584037
47091157
47264725
47356171
47925121
48191653
48641701
48908521
49080007
49174201
49660801
49953481
50087467
50213089
50249761
50759141
51426961
51501763
51511727
51533929
51605821
51856201
51959377
52204237
52243871
52493647
52575121
52818977
53245921
53292641
53711113
54029741
54585313
55298791
55318957
55325029
55729957
55901509
56035657
56157853
56198431
56498933
56819701
56842843
56851525
56943457
57561085
57699739
57802361
57909671
58167145
58312171
58345901
58756057
58821841
59309251
59806111
60574729
60631561
60932521
61171951
61832377
61838971
61872583
62194687
62330369
62540861
62884837
62944201
63388033
63888961
64152289
64199191
64478611
64838089
65431393
65562031
66096253
66300551
66442825
66489751
66801751
67025009
67194401
67269151
67525501
67861543
68154001
68534005
68563301
68586001
68768569
68784431
69176647
69228967
69786049
69985981
72292249
72604561
72866081
72993601
73378661
73813279
74574737
74927161
75300479
75621281
76437271
78671651
79398901
80139871
80375707
80408981
80925847
80990551
82411201
82929001
84001807
84134593
84303001
84485161
84761447
85297969
85400701
86262361
86854721
87536065
87995917
88115021
88738817
89833861
90006361
90017237
90347041
90607213
90698401
90838681
90962551
91345073
91572017
91678753
91857025
92143657
92280259
92645437
94036537
94502701
94893283
95042851
95451361
95652481
95831929
95850457
98094193
98197705
98338511
98907997
99036001
99625351
100402681
100468513
100527661
100773313
100907047
101171897
101258561
101649241
101709205
102217217
102690677
103708667
103731743
103858171
103983907
104852881
104857391
105306881
105741667
105919633
106015501
106156931
106466725
106485121
106491841
106531829
107895023
107903617
108002161
108140401
108596953
108667549
108792533
109069153
110150641
110294461
110631841
112596611
114329881
114777601
115039081
115060537
115526753
116028361
116090081
116253961
116457121
117308977
117349519
117445987
117987841
118701181
119111431
119130371
120046709
121088701
121387577
121543501
121790621
122176405
122806501
122839417
122907073
123343901
123378529
123390703
123895649
126042157
127011457
127584811
127786639
129623917
130018981
130225993
131113351
131481901
131803153
132171845
132327301
132478243
132584761
133217785
133614001
133800661
134616505
134993977
136007143
136155169
136924057
137518597
137932321
138233731
138418411
139902181
140846567
141551413
141778801
141921721
142418011
142980553
143013187
143168581
143269957
143681671
143994691
144509251
144894025
145299925
145966021
146845525
147899281
148415737
148910653
149549137
150265117
150310441
150360769
150439369
150939157
150966901
151009405
151953821
152255611
152259481
153316645
154148777
154287451
155444705
155897309
156221281
156583813
157182637
157803521
160025659
160547501
160581961
160615937
161304001
162026869
162112613
162445501
163855225
163968617
164116639
164409571
164970163
165157543
165792745
165938653
166820333
166827943
167187385
167692141
168583249
169548611
170537281
170584961
170800939
171733591
171973201
172028053
172116181
172232369
172583731
172617481
173066563
173470441
174104503
174167407
174321001
174746701
174924569
176597821
177265469
177637153
177681131
177850037
178091443
178837201
178899631
179260621
179581847
179593501
179988439
181105129
181812541
182481391
184071581
184259623
185558341
186185665
186472441
187181873
187571341
188276119
188516329
188821951
190328839
190539721
190541441
191251847
191279089
191490641
191951761
192241901
192594641
193197281
193330237
193949641
194556451
196049701
197247371
198168967
198501451
199410553
200182951
200637649
200778547
203528033
204261427
204697429
206304961
206593487
206595601
206957531
207243601
207761581
209504881
209898763
209945849
209971733
210451177
210838321
212124161
212146507
212815853
213035761
213496273
214238201
214852609
216114511
216204977
216727561
216816913
216855601
217396481
217534157
217768601
217852237
218642029
219076057
219633991
220081097
220531501
223625851
223993729
224411221
224597881
226265521
227731153
227798131
227892097
228181201
228405953
228936559
230697073
231322513
231822449
232846111
233144159
233148889
233543341
234420209
236685523
236750501
237321727
237962737
238001653
238421761
239998273
240689401
240785047
240938629
241161061
241374797
247003093
247318957
248290927
248972725
249129331
249504473
249699841
250216801
250346171
250860025
251234479
251642129
252722557
252767413
252853921
253535431
255196801
255205081
255499921
255862441
256435345
257281681
259765747
260107993
260887609
261962317
263128951
263622607
264265429
264523645
265020001
266147857
267078169
267152033
267180817
268207409
269134133
270855113
271289929
271365229
272739025
273480637
273795793
275594401
275619961
277133809
277210081
277873501
277986673
280392601
281997217
282610441
283210049
284301751
286060457
286619797
286924051
289760833
290549687
290907121
292043023
292121761
292539493
293379001
293875111
294807661
295057949
297411661
297812677
298362241
298953271
299736181
300580237
301010579
303191741
303468271
304340725
304654351
307775821
308538007
310386571
312240961
314184487
314445097
315726013
316032721
317123173
319167157
319227481
322981121
324353401
324766063
325330081
325352101
325788101
326266051
326695141
328098601
328264297
329153653
329700857
329788981
330747301
331361101
331934989
333910391
334872721
335554321
335791321
337602301
339307669
340464001
340496533
341848729
342553639
342737441
342838313
343958749
344350849
345249721
348141301
349154137
350320813
350996423
351058753
351814681
351843049
353541421
354372481
354390037
355226257
356042443
357981289
358274593
358922497
360666263
361155901
361987489
362043001
362258261
362937961
365485177
367030525
368133481
368290301
368419591
369188821
369702607
371187977
371489263
373669453
374753633
376686337
379203589
379251401
380069929
380142757
381560401
381799157
382016797
382536001
382956757
383785201
383849629
384365827
385543369
386711077
388535137
389014921
389134021
389239325
390612221
392100463
392128813
393611653
393828913
395136505
395145557
396755713
397102841
398728273
401487617
401806819
402507769
402586381
402769441
402856049
403095967
403689313
403720601
404556661
405018979
405739681
408255553
408905789
409354681
411840833
412151381
413138881
414134821
415249297
415476343
416818321
417640213
418226581
421246513
423933241
424135531
425918593
426288809
426833219
427580227
429360361
430318279
430833313
430933621
431947801
433210429
435243601
436648501
436817071
438023251
438191521
439309261
440341073
440531383
440973721
442691191
443407469
443633497
443665261
444015919
445125409
445677599
446008879
446830369
447652757
449237449
450016901
450046411
452706937
453366029
454909225
455779013
460596709
460625281
461311709
462213889
462604789
464012033
464064737
464169259
466306231
466758181
469695925
469721365
470000833
472091497
472410847
472602289
475468927
477938207
478614067
481828177
482120827
482628953
483006889
483029821
483908053
488114477
489994201
490040641
490043071
490679417
490703617
493108481
494873209
495013397
495062443
496479061
496589101
498662561
499321261
499534439
500448821
500520833
502104373
502382561
502460773
502643143
503298461
505691551
505855585
509285737
510154189
510425569
511925353
512330281
512927119
515038633
515807893
520809451
524115601
524690041
525255197
525561961
525962179
527466241
531580349
532791491
534293761
535206211
535235023
535426109
535575409
536682511
539245801
539839441
540016817
540654409
543096793
543614341
544861633
545859217
547654213
549724033
550024441
551140129
552915001
553692511
556614865
561439657
562072069
565422001
566630611
567737633
569720321
571389001
571681639
572189941
572228929
573079709
573641161
576981301
578783083
579474919
579606301
579956653
581262091
581618143
581887801
584310889
584643907
585261637
585684521
585914297
586509481
587159497
587444287
588183751
590609521
591717787
594460945
595590841
596734681
599047351
600507277
600731083
602742773
605221501
605417605
605877553
606105937
606580063
606789097
606870569
607133081
609361567
611605601
613562797
615542299
615822425
617087701
617761279
617766271
618599801
618856225
620072251
621433081
625419997
626516881
628705969
629161261
632778697
633448621
633595201
633863809
637439881
638765551
643711529
644016521
644842091
645681193
646121467
646687031
647798761
649497967
650730319
650867809
651861761
656635609
662222107
662853151
663760681
665714449
666872473
667081801
667619839
670147831
671457161
673498561
674194207
674841457
677018473
682528687
684632581
685632025
686059921
687344197
689327731
689537441
692305931
697332497
698571391
699894001
700794361
700861141
700968871
701665897
702683101
706835971
708098749
708995071
710215829
711054631
711210523
712454401
712650881
715040569
715295177
717653129
718353901
718442845
718718933
718732081
719715361
720452701
723237991
724418689
725871301
726047297
726917449
728209927
729094843
730364137
730736161
731736209
732525553
733332601
738272429
738782777
738820351
739444021
741777653
741949837
742200601
745258901
745745461
748466071
749496089
750632137
750671269
750799061
750810001
751262459
753532781
756205633
756613859
756684361
757696031
758493601
758687581
758930581
760383991
764447477
765167801
765378241
766105777
766620089
769377841
770212231
770746451
772784137
773131927
773596157
775368901
775788001
779819587
782214841
784810297
786514081
787085857
787209277
787731521
790623289
792049381
795172181
796777633
802931473
803887531
804978721
805004929
805859617
809351993
810543301
811359649
811440601
812398201
815414167
816024161
821486251
824049559
825283225
825976559
827289769
828579079
830490179
830752003
834451129
840749761
841217653
842926825
843069937
843981361
845338033
845598433
846649957
846961321
847402817
849389833
850818931
851778817
854949565
855050701
857198431
857540821
858374833
859096477
859727233
860422273
860987737
862365661
864014581
864165457
864421441
867055801
870559777
871039303
871157233
873621343
873631027
874292917
876784949
877963969
878940833
878975347
879706741
881214067
881769211
883333441
884304037
885960973
887467621
890754151
892584001
895625641
895932157
898379357
902355229
902987551
905602829
910989337
911313001
913953353
914102311
916801801
920808941
921061351
921106129
923161201
925112777
927106561
928040131
928587661
929442421
932148253
935921761
938376181
941548753
941771881
944306263
947710171
948921481
952542281
952551865
958154473
960527189
960946321
961050025
965485561
965587681
965788531
968053133
968462897
968607721
968703841
971446627
973368481
973374805
975680917
975765787
976382509
976518449
977045257
979027237
979363153
979850431
981035177
981484561
982282921
982585531
984008089
984515681
985075681
988693297
989473057
989810251
991609921
995586373
997819879
999135901
999405079
1001805001
1002261781
1002701521
1003304611
1004245621
1005502681
1007634031
1008216553
1010461121
1010700289
1010943623
1017735181
1019580157
1020720997
1021552897
1022386513
1022957101
1026028591
1027744453
1028017201
1028494429
1030053727
1030503091
1030607951
1031545789
1033501877
1034475601
1034866801
1037849177
1038515521
1039480129
1040212801
1040234231
1041820867
1045612201
1046613569
1050950869
1053572741
1055437633
1057651937
1058408941
1058720051
1059193297
1061013301
1061153321
1062603361
1063513361
1063631521
1064418293
1069110157
1071331193
1072816949
1073879861
1073902141
1075100041
1075268737
1079750197
1080954577
1084444481
1086591025
1087071889
1087546549
1090911341
1092963425
1093761001
1098250921
1098259201
1103941441
1104194521
1111602689
1117436041
1117904789
1119091351
1120293193
1121176981
1123406047
1123625501
1125038377
1131266305
1132046801
1134679321
1135423951
1137355201
1137523007
1138059049
1140756481
1142524501
1146877201
1150769929
1152088033
1152716269
1153665299
1154343961
1154630053
1155751031
1157839381
1159357301
1160186491
1161467497
1161531601
1161764869
1164838313
1166240833
1166876771
1167087769
1167124129
1167512873
1167623401
1168060301
1168256953
1171264817
1172476897
1174986671
1175033201
1177673647
1177874587
1178040865
1179875161
1182385121
1184554801
1186723091
1188221201
1193900161
1195794491
1196195821
1197247393
1198707469
1200456577
1201773145
1202142061
1202346601
1202893561
1204817833
1205572843
1206246925
1207026521
1210844431
1213619761
1218556873
1222090183
1224200801
1225572769
1234274497
1235359441
1235382419
1235949001
1236313501
1240340257
1242171349
1242227647
1243171777
1244239201
1244828341
1245762571
1248044587
1251773353
1252046329
1255577689
1256728537
1258452325
1259596801
1260423001
1260683425
1264011977
1265138551
1266025351
1266054193
1267154071
1267534423
1269929411
1271789569
1275619753
1277336743
1277913841
1280319841
1280643037
1282875397
1285950313
1291773451
1292552761
1292935801
1293514951
1296025501
1298464927
1299017431
1299328049
1302594841
1302809201
1304553251
1311616153
1312775489
1313917081
1318664537
1319281393
1321141489
1321711819
1322499961
1322785081
1325172421
1326448621
1332313291
1332918721
1334887945
1337942201
1338247681
1341620281
1341871777
1342162979
1343793947
1346538961
1347378283
1347387361
1348964401
1350277699
1351126057
1356241321
1356948937
1362922471
1363200833
1365454793
1367270893
1370043133
1371899173
1373329927
1373447881
1377577549
1384887529
1385550601
1388400751
1392658021
1395564127
1395928381
1397357851
1397563051
1397820997
1409202991
1414187861
1414702297
1418365873
1420913231
1423186201
1423631353
1425428005
1425860101
1425911953
1427618593
1428917491
1431875341
1432383499
1434738937
1434927283
1435264609
1436198281
1438819357
1442468701
1443078001
1445043601
1449438131
1450670521
1450792891
1450879417
1451516221
1452377725
1460366821
1463178817
1464137641
1464568381
1464961741
1465454101
1468003153
1468713811
1472412943
1473460777
1473800413
1476078749
1476194833
1476232661
1477178761
1481626513
1482342841
1483418401
1491840281
1493881093
1497221281
1498635601
1500501857
1501280273
1503504001
1506168913
1507136797
1508179661
1508953447
1513888157
1518198151
1518290707
1521221473
1524087577
1524090121
1525831471
1532419099
1532468969
1538012449
1540117801
1544047441
1549569269
1549684753
1550064209
1550887801
1555645033
1555965601
1557593881
1559601941
1559625211
1561800833
1561990987
1563246301
1565934721
1566693481
1571111587
1573822337
1574362441
1575064009
1576339777
1577738683
1581071521
1587650401
1589749801
1589853281
1596380369
1599168601
1605840053
1606097953
1610540083
1612672417
1616653681
1618096825
1619680147
1620055183
1621058027
1623417661
1624030129
1629273193
1629568429
1630062253
1635030571
1638294661
1646366257
1647889751
1648076041
1649097649
1651366927
1654018801
1661157881
1661575681
1662784117
1666884817
1667208901
1674578341
1674898243
1676743807
1679146417
1683886823
1688983957
1691919941
1695419041
1698353381
1709127811
1709881273
1710918421
1718995801
1719870601
1722703501
1724596661
1725217121
1726372441
1731995497
1732835917
1736763949
1739057633
1739529457
1740859909
1741824059
1744650799
1747163359
1748100181
1749544525
1751786219
1755197999
1757055847
1758186889
1760026001
1760709601
1760746501
1764946633
1776695009
1782372481
1784865337
1786685269
1787473169
1789035121
1789197919
1789748341
1790023861
1791853267
1792442737
1794136627
1795502393
1796170351
1799390977
1801232791
1802658001
1805947313
1813266001
1813826521
1817515201
1819875697
1820280925
1825190177
1826414021
1831228033
1831766401
1832918713
1834881049
1835114401
1836818251
1839562819
1839800293
1839920941
1841534281
1841715481
1843061651
1848607501
1848719701
1850863801
1852356281
1853296351
1854940231
1855100017
1856689453
1857784897
1858197961
1859787187
1860373241
1862229199
1865004661
1866330001
1870276591
1870396861
1878691753
1879201297
1879202881
1880504033
1880544907
1882788881
1883796293
1885562209
1886635717
1886778937
1888045111
1888604917
1889801101
1890718831
1894909141
1897116593
1899829471
1900826353
1901367001
1901994161
1909566073
1911197947
1918052065
1918193003
1918389901
1918959001
1919586271
1921079161
1921309633
1921938563
1922840965
1924928011
1926511511
1927785601
1928585777
1929930209
1930534453
1933531291
1936949873
1940174209
1941746161
1943951041
1944023621
1946790701
1949412757
1950782777
1953378337
1960577189
1963181081
1966182401
1967946037
1975602451
1977257441
1977932797
1978179841
1981681153
1984231201
1985320369
1985348527
1986837205
1989647497
1991063449
1995356881
1995830761
1998306481
1998945811
2000622989
2001477061
2002772201
2011533709
2016261721
2025231409
2031881281
2035850983
2036628553
2038393579
2039868923
2043120751
2043721351
2044723825
2044957273
2045252029
2046408787
2046790513
2047483231
2048141261
2049293401
2052153017
2052510241
2053507705
2057835781
2058485017
2063296789
2063334619
2066493481
2068867841
2070303709
2070854281
2072422637
2075469761
2076001969
2076192007
2078159329
2093588047
2094644557
2098122049
2099787301
2101172725
2101755697
2105612857
2107278259
2108275489
2108601389
2109576379
2110414177
2114374921
2114643217
2115769633
2117555641
2117890501
2117955451
2120522689
2126151977
2131727413
2137033747
2137495361
2139888577
2143772929
2144548033
2144961253
2146582621
2151351721
2156759785
2160173497
2162380321
2165155693
2165196001
2170931573
2174003551
2177118217
2178401501
2179448641
2182858525
2187094501
2187787213
2192682143
2196427741
2196839041
2197210601
2200120621
2201347513
2201924341
2213789761
2213830789
2213850601
2217879901
2227002961
2228071297
2228796361
2229320459
2229522709
2232059701
2234202049
2236928341
2239383511
2245401001
2248354153
2250225259
2251732033
2251753549
2254469101
2258701705
2258778133
2259033817
2262861901
2265787831
2274063301
2278381051
2278873441
2280603697
2281759621
2283488701
2284660351
2286367129
2290316377
2291006381
2291397241
2291881283
2292997361
2293939117
2295209281
2302024969
2302502861
2303998597
2304710123
2306508679
2309911651
2310097313
2311558021
2314044721
2317579951
2319891307
2323147201
2323866169
2331181621
2334135281
2334883321
2340628093
2342644921
2345191729
2347597981
2350043767
2350561069
2352336307
2355320101
2359473421
2360225737
2375177533
2378073673
2380085989
2385076987
2386828117
2387553673
2388374605
2389903561
2392366637
2393026579
2400477437
2400988481
2406963329
2411983169
2412172153
2425612481
2431144801
2436707309
2441203129
2443708961
2449494241
2455753193
2456198521
2458228825
2461680161
2462022421
2463164593
2470214251
2475131293
2479141729
2480147521
2494128451
2501771329
2509878961
2513688481
2518061257
2524460209
2533838737
2534377369
2537105761
2537738963
2542958377
2555201023
2558559511
2558586049
2560891327
2563970737
2564536201
2575060949
2575080397
2578132561
2584776629
2586958573
2590268591
2595053401
2597294701
2605485581
2615373001
2619909319
2622968129
2625665701
2626783921
2629317961
2641331551
2646596857
2648662777
2651794201
2652314257
2654346241
2661478241
2661906001
2669935001
2672750869
2672947597
2674812211
2677363901
2681503301
2683456777
2684846953
2690374441
2690411257
2693739751
2695564441
2696344621
2700286993
2708862991
2711169053
2712224677
2715522517
2717250553
2718695701
2719664977
2721020849
2723932801
2728997441
2734201121
2735798941
2736316301
2739606451
2742119407
2742444217
2744318737
2744387401
2745577817
2746882669
2754895609
2756523001
2756881171
2758143169
2766006253
2769306751
2771357821
2771478637
2774406577
2778693233
2779690843
2780617963
2781117721
2784469609
2785197221
2789067131
2801457985
2804696161
2807354881
2808035425
2808600841
2815004881
2816003251
2820155077
2821626809
2823431209
2824685161
2826985153
2837102833
2837917633
2841913945
2842442903
2847423001
2847848881
2852762977
2857342627
2860827313
2867266901
2869376819
2869898621
2873094001
2877443461
2881094725
2881429741
2882674937
2893368547
2896171921
2900835517
2903013961
2910702731
2911250161
2918192161
2927707201
2928412439
2938045631
2945208001
2948136521
2949800023
2958453401
2963380225
2966663129
2973306701
2975071529
2977791941
2978549701
2981542411
2982121585
2983078457
2984166001
2988134717
2988886825
2990110129
2999699977
2999862001
3002848921
3004224137
3004412993
3012077251
3014101261
3017066581
3019654081
3021417019
3022018591
3025350343
3027626681
3028586471
3029374657
3029895289
3031873183
3037295801
3050026477
3051542971
3053707313
3056100623
3057693409
3058507513
3064380073
3070144741
3078683401
3080098157
3090208273
3099369043
3110663771
3117042721
3128717201
3137756161
3141306001
3145539871
3151256417
3152506501
3157218649
3165079051
3166332553
3168018869
3172658653
3180615461
3185210881
3188097925
3189432121
3189788317
3190797631
3192323681
3198682369
3200416363
3206667253
3209987159
3211036165
3215031751
3218192209
3220649657
3221205697
3226864033
3227488049
3234034081
3237992101
3242483033
3244976741
3247318717
3247352473
3248561821
3253799071
3254827339
3255246091
3257334541
3259458073
3267221801
3268506541
3273918001
3280320001
3283190485
3288342943
3296558777
3299060521
3299246833
3306686659
3310526341
3312062681
3312416251
3314727281
3320669437
3323000981
3344045993
3344191241
3346190401
3348177121
3349275151
3353925221
3358625849
3369251047
3369642877
3370519549
3375172501
3381335677
3382983521
3384800641
3386196589
3387401047
3392066497
3393140561
3399205591
3401510113
3407401999
3407772817
3415379701
3420215321
3420524467
3429749401
3432992401
3435462601
3436241761
3439126051
3446341627
3447476149
3448620793
3453354607
3454199101
3455741521
3457284119
3458216917
3459114979
3461364541
3463143751
3466495957
3469174721
3472416217
3474782627
3476804801
3479087431
3479768461
3480387041
3483759553
3484529533
3485265337
3493670401
3494479771
3508396489
3510577309
3512997541
3513489607
3513604657
3515122717
3536503189
3538213381
3539956417
3543561529
3544307401
3544719289
3566516101
3566769361
3567852553
3570928927
3579165229
3579213529
3583249921
3586113511
3586833253
3597120577
3599942113
3603030637
3608866007
3616131529
3616574081
3623872321
3631850461
3638653201
3638809945
3638976563
3639302137
3641397241
3646135637
3649145701
3649258801
3651572609
3659890961
3660955481
3663084541
3665242951
3666076849
3669721597
3669734077
3670650001
3675122501
3683152661
3688061441
3689086481
3695689957
3697278427
3707332525
3708905341
3712280041
3712507741
3716616901
3717056377
3717260801
3718032301
3720371251
3726894403
3727322561
3727447049
3731618911
3740574601
3741437521
3748290893
3759060229
3769364299
3771498697
3776634289
3779250049
3781611797
3785056549
3789787501
3789960301
3790906153
3793395703
3802867021
3807430441
3808432091
3813919453
3823066999
3826699537
3850020109
3857088929
3863326897
3867183937
3868511743
3873833101
3875965417
3883051573
3883439647
3886269841
3888925501
3891892421
3892217401
3895924033
3897813781
3897869201
3899028719
3901440511
3903711841
3904816231
3906045053
3909917213
3921208601
3930690019
3935821933
3947560525
3952261289
3955882673
3956507425
3957742297
3964430359
3971677951
3977530577
3985427917
3992486389
3994507441
3994739407
3998254261
4003255081
4012607327
4012995841
4016759533
4024697041
4026762721
4034969401
4034993269
4037768533
4050202501
4060942381
4066007107
4066271401
4069915097
4070241961
4079665633
4080171709
4086792001
4088957617
4098520981
4106260033
4112516957
4114347781
4117447441
4121127193
4121492761
4126424287
4127050621
4132385233
4137681283
4139069521
4140553477
4142068261
4143256321
4144190689
4146965167
4151654893
4157008813
4159493201
4159767737
4159811881
4167850681
4171563001
4172804707
4174848151
4181177881
4181282701
4183491997
4187360341
4191441889
4195821457
4204259641
4209285257
4209830549
4215352351
4215376441
4220265601
4223872141
4231323713
4233808153
4234009397
4234224601
4240777201
4251724627
4265456911
4269987307
4270198417
4275011401
4275230917
4277526901
4292880139
4293365611
