65
259
511
973
1465
1891
2701
2761
3809
5143
6533
6697
9409
10147
12403
13213
16297
17767
18907
19045
23347
31483
36001
36121
46063
48133
48217
52633
55969
58493
65077
68251
71029
92453
96751
99499
106057
109061
114211
134521
145921
153401
156547
158599
159727
162401
176113
186089
190381
196981
197633
206981
226801
275887
293281
294409
308863
310381
331717
334369
365713
375439
396271
425587
440263
477667
488881
512461
528841
537751
569059
587861
610091
613963
655051
671977
729973
736291
741751
765811
796111
819541
825563
930541
940837
943669
1011781
1033853
1043389
1091611
1113547
1125181
1157101
1163801
1201861
1271101
1272727
1314631
1410871
1431305
1434521
1526869
1543901
1586509
1703677
1704331
1728401
1735147
1822177
1849303
1863907
1874701
1879147
1898999
1907851
2029009
2091181
2182267
2190511
2208781
2323663
2409481
2442799
2487941
2504617
2538251
2570551
2587033
2588951
2595581
2628073
2669761
2678413
2890561
2929291
2967007
2987917
3025051
3059101
3060091
3093697
3149039
3225601
3272611
3366631
3375487
3387781
3488717
3511747
3568661
3623761
3629977
3654691
3768451
3822337
3903257
3913003
4030027
4116763
4123619
4127329
4145941
4219129
4224533
4225807
4266389
4291801
4314967
4324741
4336181
4441501
4543621
4567837
4577197
4587397
4588033
4686151
4687801
4752721
4782553
4836511
4898209
4906441
4935701
5016191
5020867
5044033
5081497
5226413
5275465
5277781
5428993
5433685
5481451
5603333
5656429
5707153
5753101
5871097
5901811
6186403
6516181
6634057
6696967
6969511
7232321
7236769
7327561
7360003
7457461
7497163
7508269
7608089
7624501
7648033
7651439
7846681
8024671
8086231
8134561
8177137
8337403
8502551
8605279
8650951
8827633
8911681
8934871
9018883
9172357
9259181
9371251
9439201
9444943
9493903
9557227
9782609
9863461
10099541
10247357
10486861
10813321
10847143
10990513
11427931
11585293
12032021
12042727
12140101
12163817
12245377
12448999
12570301
12840097
12856249
12890503
13449619
13628401
13729069
13907089
14029633
14129021
14183317
14292241
14452831
14517049
14609401
14671801
14687681
14721617
14843767
14913991
15019561
15332221
15482647
15537151
15560651
15576571
15595259
15672511
15788305
15802271
15802681
16158331
16204759
16253551
16477891
16613851
16661633
16705021
16862743
17063623
17148571
17246533
17287291
17440721
17539853
18094259
18112513
18118465
18429289
18443701
18519463
18535177
18616393
18888799
19053329
19442119
19582837
19781737
20236483
20632051
21048721
21355951
21966013
22005583
22342861
22369621
22409269
22556801
22716631
22862683
22870741
23129633
23131901
23261713
23286781
23604391
23806651
23902321
24254297
24402197
24723893
25517161
25783501
26017291
26364829
26678161
27036751
27040321
27409541
27516721
27630461
27808463
28103041
28296781
28333687
28335007
28505203
28569997
29136769
30141469
31155001
31643821
31715713
31767121
31777381
32053531
32167801
32431169
32480911
32733161
32804227
34035271
34043101
34172429
34590403
34657141
34890481
35166961
35213459
35340769
35626501
35798491
35820937
36144967
36425341
36919681
37070671
37296341
37734289
37817011
38116921
38605393
38903401
39016837
39087467
39545221
40062413
40076549
40112551
40863061
41027227
41831911
42026419
42403291
42462421
42503231
42841327
43050001
43231231
43358131
43510765
43834321
44286373
44471671
44482901
44819299
45110413
45877861
46325029
46529761
46643569
46724131
46728533
46887697
47988667
48134521
48316969
48481679
48671443
49019851
49062511
50825881
51088133
51802381
52361011
52493647
52634641
52741417
52977521
53010721
54206129
54235879
54400291
54520247
55464481
55904203
56134189
56324161
56423599
56472431
56579491
57365551
58022497
58058947
58148017
58730813
58824613
58986091
59009521
59059727
59309251
59318533
59466331
59840537
60155929
60473683
60552161
61026463
62176661
63745921
64049371
65559647
65649361
65664743
66342673
66640021
68090203
68102641
68314357
68768569
68946811
69432217
70018561
70572577
70593931
70637905
71318371
71530711
71592751
71836451
72711041
72841057
73289861
73601137
73806137
73861621
75591169
75606049
75642157
75663451
76153337
76341469
77526049
77555713
78672151
78795181
79217629
79343923
79369321
79381501
79854721
79921921
80283031
80340097
80641507
81106481
81594871
82289341
82346131
82606231
84247963
84432041
84633301
85350017
85459069
85518229
85993165
86632393
87558127
88020833
88524701
89998273
90014653
90114001
90178901
90192367
90203059
90520751
91061041
91348501
91433281
91843981
92625121
93046351
93431521
93511531
93980251
94567633
95377393
95720221
96142927
96398569
96894071
96904081
97219361
97924217
98690671
98728033
98781157
98855329
99398761
100782193
101975659
102123191
103983907
104391577
105543631
105577447
105763321
106157521
106958971
107520533
107869549
108707551
109437751
110135821
110477473
111127303
111610333
112470493
112499311
113352431
113389249
113406481
113729401
114011239
114366313
114516751
114788521
116357909
117063761
117662981
118985599
119736761
119907751
120236707
120702529
121391581
121745021
123267721
124028519
125868053
126748441
128200253
128396921
128527561
128905141
129762001
130449971
130876751
131391193
131515129
131819101
131993509
132245291
132338881
132683347
134176771
134767153
135798067
136084921
136941097
137358037
137763037
137766163
138880501
139121599
139363927
139905121
140384161
141242641
141355099
141616201
141618181
143168581
143243305
143733367
145251091
145410931
145820503
146094937
146156617
146512441
146983873
147269761
147294481
148610701
148709383
148906999
149532571
149574541
149690809
149915011
150155039
150415987
150988753
152309917
152320231
152609921
153584971
154011467
154420289
154455827
154492231
154513633
155161843
155267011
155872333
156154505
156564361
157341931
157453201
158036293
158649679
159270589
159722821
160041361
160776481
160906351
160955537
163177037
164187601
164270233
165283471
165542059
166339057
166442251
166595131
167028731
167286913
167719609
168566501
168990193
169234003
169771541
169890607
170072407
170173741
170584961
171275959
172035841
173401621
174230029
174435697
175242061
176597821
177167233
177254533
177896951
179081411
180252797
181799213
182661701
183524111
184071581
185136031
186125633
186393481
187546133
188059393
188479657
188853409
188985961
189686503
191191933
191834581
193133557
193605641
193715281
194140481
194513947
194848109
194892553
195757381
196035001
196100623
196280701
196287391
197026051
197259217
198546877
198861167
201185857
202059109
202565651
204271021
206526673
206956751
207408001
207657001
207660707
208464887
210812311
210830401
211396231
212949791
213011371
213485791
214799887
215949427
216762671
217035223
217123069
217500221
217786501
218112133
218882353
220081097
221442151
221578579
221884001
222354721
223034561
223502701
224131681
224294533
226127023
226637371
226761901
228842209
229110541
230260819
231058241
232109011
232794253
233394367
233745271
234958417
236559457
238001653
238771321
239395349
241814365
242589491
245497669
246479941
246536551
247403509
248978017
249582481
250216801
251706157
251928337
252722557
253158751
253271761
254048761
254477089
254781451
256237409
257623021
257924551
258234401
258404999
258634741
258731281
258733957
261868447
262163081
262299601
263428181
264350521
265731931
268138687
269999269
270032041
271289929
272615201
273922351
276456031
277732951
278274781
280312003
281986597
282339361
282569081
282589651
283230431
284207323
284821321
285833329
286459957
288382091
289105741
289765981
289975291
289981729
291003949
291178801
292870081
293652551
294560873
295057949
295572289
297404801
297842353
299511319
300164287
300523699
302780563
304031323
304553369
306103379
306798577
307316797
308483911
308550061
308766151
309075289
311177213
311671361
312223213
313380971
313578791
313770601
315404245
316032721
319167157
319199461
319412377
319489873
320409811
321035149
321880141
322096699
322166593
322169359
323516161
324186451
325330081
326695141
326931601
328117259
330905863
333698671
334034737
336217231
338138227
338832649
339320881
345227741
346245257
348038347
348177971
348524965
348588901
348759121
348829633
349470703
351092611
352240111
353714471
354904741
358778527
359416201
360064771
360145633
360666263
362654893
362673937
363767587
364021549
364497811
365321191
366821183
367042691
368196529
368949277
369052153
369610237
370082917
370394473
370712161
371376631
372057731
372718711
372810719
373669453
373737211
375321643
377073131
378648833
379292371
379732501
380152501
380418937
381116881
381294361
382911301
382984841
384174829
385140209
385401017
386407477
386787701
387311107
387451081
388153201
388791833
393247027
393289051
393508417
394034911
394440301
395044651
398724701
398976841
400288771
402358321
406201951
406652569
407218309
407907611
410465273
411197063
411706291
412995731
414325297
416588491
417470857
419894021
421686379
424871651
427691521
427942477
428375899
428548717
429890581
434932961
435171043
436198687
436919629
437247841
438560137
438815845
438816817
439025101
442088239
442589321
446075281
447191893
448242631
448563127
449204293
449204689
451698589
452040751
452661481
459011191
459938581
460486921
460756957
462743971
465249901
465809653
468452029
468950021
471264613
471617431
472091497
472491181
472821121
473573413
473995061
474696553
475126273
475681213
475935571
477320537
477702721
477938207
478647553
479202751
481637381
481831681
482164597
482813971
483226741
484721371
485181313
486711259
487266991
489407131
493016941
495966511
496262383
498033079
498706651
499315741
500129281
501172241
502123381
502540081
504635365
507725947
510769891
511408171
513074279
514562293
515874517
517392091
517567051
521430751
521463359
522758233
522810487
524151253
524318261
525662701
527278127
527954017
528911263
529214311
530717833
531580349
531681281
532258271
532288771
533600033
533795653
533856727
534650851
535702301
538412033
551768941
552270769
552695599
552894301
556466167
558111083
559043941
559492561
562572011
563947141
564495361
565753151
566689927
566938441
567201097
569507579
570423751
571017217
571572541
573479281
573525811
573554521
576691741
578166499
578185301
579849247
579912103
581332841
587102671
590751661
590801671
591043771
591758201
592769633
595996699
596562049
602011201
602575741
602766751
603503689
604636033
608016599
608232151
608262961
609628051
612916669
615413701
617424001
620072251
621446851
624140701
625482001
626038477
630888481
631314811
634580647
635891587
636087871
637834961
638433811
639437491
642505609
644369501
647101267
651483841
654947101
656472871
658378459
659526601
659813953
660902369
661541809
661972273
664574653
665545681
667078273
667274419
669711961
669875251
672210661
673778827
674031931
674779561
674801447
677802061
678652801
678883981
679396303
679567201
681688801
683116849
684026627
687812233
688049933
688929229
689537441
694656901
694894231
697791403
699419377
701078669
705890219
706562851
708552361
708995071
710232829
710263729
710617861
713946133
714619277
715040569
717831211
719922281
725954797
725997721
728458501
729068359
729094843
732736621
734045761
735259141
738820351
739269937
739444021
739478017
739643491
742301377
743000779
744118657
745134103
747504451
748638001
749553751
752607809
754020361
756194587
757260463
757306639
757630801
759120473
759431251
759814261
760264009
762239809
762278161
762382381
763929079
763931701
765186581
767684521
770909107
773028901
775367741
776480311
779102693
779566211
781517881
783676243
785190451
786433819
786672251
788046901
788052631
791551441
791998183
794102779
795616021
797391673
798180437
798604951
798774553
800018221
801346387
801866647
808587137
809982721
810014129
812093257
813083101
813361771
813642311
818248861
818401321
821139817
821376533
821486251
822390229
823599043
823669949
827200669
828499393
829737221
831196913
832048447
832870891
833364967
834425021
837807673
838253041
839217521
840680677
840912331
842270761
844788757
847324843
849606031
851287861
853478893
855734401
861206261
864433057
864639931
865009621
867965251
868134721
868233059
868964641
869766151
872377073
874684201
875543761
876827051
877532671
878940833
880701697
882014251
882656479
885296521
886618813
887470381
887795221
888352081
888506401
889835761
890244053
895489757
896551507
896878501
896901461
902355229
902922589
903136901
906162181
912399451
923992807
929559403
930326251
932148253
932472679
933262261
935399603
936438247
939701101
940626961
947812321
949324951
953999191
955188181
955938901
958464277
961144507
963065251
963454339
964240687
966339271
966468721
966790393
967371721
968133739
974388451
975539251
977770531
978563041
985052881
985419649
986072977
986126221
988212421
990142757
999165691
1001338771
1005833971
1007239429
1007713171
1007960599
1011127181
1011568741
1015217497
1016146393
1020705673
1021495321
1021981273
1022001553
1022583061
1026057917
1027744453
1030252801
1034526901
1035808661
1036754419
1045571953
1050721561
1056578251
1058989231
1061998253
1062137503
1073066881
1081176601
1083431431
1084511797
1085119933
1092215521
1097307001
1097324791
1098000091
1098250921
1104540383
1107309043
1115910727
1116614651
1117547201
1120023871
1121704921
1123817941
1129716811
1132002847
1133818561
1134696067
1135425547
1137051541
1138471951
1139761261
1142910001
1143969751
1146067063
1149709601
1155939709
1159202773
1161306721
1161521681
1161901183
1166240833
1167674803
1177778671
1179172723
1182205399
1186915861
1187801569
1196744737
1196969707
1200003559
1204911289
1219064491
1226855293
1228139329
1228229143
1230809323
1234946719
1237644307
1238846407
1242148363
1252132481
1252135909
1257102001
1258559177
1259832001
1265099617
1267133311
1287379493
1288024687
1289508679
1296720019
1298258413
1299034771
1300939351
1302182593
1302745481
1305080869
1305571261
1308544903
1308758533
1312332001
1315612607
1317357553
1319978701
1323011377
1324870273
1325857541
1327805407
1329174601
1329332239
1329517583
1329893305
1330377121
1331413333
1333159351
1334279983
1335954547
1339317229
1339615201
1346624533
1347948001
1348995187
1349467547
1352858977
1353315701
1354991653
1356241321
1356374683
1359842581
1360088921
1361837551
1366807933
1368560719
1370328923
1370767051
1371328081
1373205079
1373452033
1376483627
1382378377
1385142661
1385627077
1385866861
1393204201
1394278861
1397169091
1397678699
1401761629
1402248403
1407542611
1409765633
1412809777
1412900707
1423857493
1426319563
1426852153
1430362319
1432796041
1436549071
1442460133
1452465451
1453548403
1453585501
1454143153
1454860691
1454938651
1455266413
1457687089
1458051337
1464568381
1465217911
1465685527
1469960377
1470741427
1478932093
1479647233
1483859539
1484660593
1484742533
1486078903
1488329851
1489976797
1490375921
1491188401
1491510899
1494714493
1496585017
1497965713
1498692661
1503735361
1508953447
1515664153
1524612187
1527188461
1527435337
1532419099
1535694001
1538232463
1538331463
1541112841
1542007777
1543378051
1547125507
1547190401
1547277337
1560129607
1564968653
1569936097
1571186611
1574362441
1576059421
1579718017
1582547851
1584639097
1588247851
1589202247
1592900513
1594010701
1599333401
1606097953
1606749061
1609832557
1616387653
1616756513
1616853421
1618070737
1618704901
1618983433
1621577833
1625446831
1625604781
1632417823
1636346981
1637434657
1638564181
1642430417
1644685351
1645859251
1646370503
1648076041
1651667161
1653958153
1656280033
1658314063
1665597781
1671867349
1681753633
1682842921
1683113059
1683526321
1691113999
1695305719
1695801977
1702111921
1709299271
1709740049
1710251401
1712148439
1712392321
1712956681
1714808611
1715019247
1720732861
1722463471
1726372441
1726936093
1727809073
1731275341
1733373041
1734394201
1734858913
1737569401
1739057633
1742815621
1750412161
1751409757
1753922503
1754030591
1754991661
1759417381
1759420141
1759477399
1771044773
1771447019
1773599521
1775969347
1778233969
1780945501
1781835043
1789197919
1791745789
1794093205
1801281259
1808754781
1811066203
1812099073
1812188513
1812824593
1813073653
1813810501
1815566101
1822479751
1823589601
1825700917
1833851641
1838474353
1841691001
1842560959
1848453751
1858502017
1859787187
1862162965
1878691753
1878810697
1880544907
1881346723
1885021777
1885257781
1885915841
1887446251
1888332527
1889528033
1891442981
1897422829
1901264641
1906722439
1907221681
1910668033
1912724353
1913422591
1914303841
1915563217
1916523181
1917051013
1920301951
1924304141
1930403333
1932564331
1934350351
1935969211
1937105941
1938960091
1941652441
1942362907
1951588543
1951655351
1952968753
1953199171
1955219311
1958383981
1963353781
1963555021
1966375381
1971808441
1973414411
1974056491
1976956759
1978670233
1982389891
1982876941
1985379631
1988305831
1990408897
1996178281
1997844157
2002120561
2002323313
2004480091
2005060357
2011899361
2016261721
2022720151
2024869991
2029186837
2029830409
2031881281
2032250617
2035354231
2036171131
2038836841
2039888131
2039977633
2043699271
2045026103
2048646601
2049293401
2054423741
2055634561
2058187147
2061135001
2063228203
2068455511
2074544033
2076285961
2077766623
2079379651
2082440533
2085790789
2085952801
2087605969
2088768533
2089282339
2093163521
2099095561
2099604667
2107645651
2108568827
2110093327
2114102593
2120897329
2123792551
2124078653
2126800747
2139039769
2143171201
2143585621
2146301929
2148788881
2150969633
2157646291
2162461663
2165176171
2165467081
2165690321
2186354161
2189233393
2190120337
2193216229
2194499849
2195607943
2195936501
2201924341
2208757981
2210621797
2211844501
2219517901
2221946819
2225733157
2229372211
2231794681
2233031701
2233247677
2234202049
2234695231
2237526271
2242724851
2244932281
2245872347
2246024299
2252879857
2253376133
2255353721
2256666133
2256748777
2257069201
2257572013
2259937681
2263824991
2275224481
2277442289
2280105367
2280656953
2286789301
2290647061
2291606003
2295337441
2300319061
2307480211
2312616263
2312709697
2319891307
2323147201
2325136133
2329548823
2331142921
2332530289
2338225891
2342409691
2345875471
2346276577
2347957951
2348465953
2350457861
2352378601
2356711561
2359505921
2362421953
2365838767
2368812403
2371217371
2380603501
2386545409
2389419973
2403109393
2404908631
2407398757
2410714993
2414673271
2414983169
2423679581
2424755831
2425925701
2430428551
2431378531
2438791153
2445743513
2446100245
2446893703
2450419687
2452221017
2455840141
2456464921
2462493793
2466980473
2470278539
2474326249
2482625653
2483670971
2484784261
2488420801
2489838157
2494660033
2496272551
2502154453
2505360001
2506874021
2507909851
2514929581
2515521031
2517183109
2524186963
2524582213
2525900833
2526566041
2528867713
2537726491
2542196809
2555706731
2555954977
2557026451
2559857761
2560891327
2563812577
2563970737
2565407513
2574243721
2579283631
2579888209
2579933509
2582799451
2585813231
2588582089
2590788041
2597677453
2599774561
2600611861
2605557781
2605974521
2608536551
2616599701
2621324161
2621978269
2626387297
2626783921
2637526711
2641107223
2643585551
2644366861
2645283233
2645941423
2649418241
2650999781
2657314351
2663326163
2665209457
2668925881
2680628791
2683456777
2690374441
2692889677
2693739751
2696638363
2699072641
2701545221
2710811461
2716196419
2717617717
2723453701
2726963137
2727058951
2739441541
2740007749
2743034171
2743069681
2743738003
2746982801
2749450859
2749750477
2750016079
2752336201
2755968301
2756523001
2757169801
2760505441
2761096081
2766006253
2781165661
2781370549
2785428493
2786774321
2790856751
2791194931
2796401581
2798992811
2800036189
2807249551
2813512591
2821066637
2822521411
2822963177
2824256377
2825682553
2826128971
2826266593
2828698133
2833621561
2833936561
2837917633
2840612689
2844272309
2848624417
2851069411
2855512909
2867000401
2870118421
2873094001
2877769501
2888221351
2889079201
2889311797
2899381381
2905948711
2906033281
2908519489
2913401611
2924177401
2927326529
2929539209
2933267371
2933563781
2935002857
2935029841
2944812319
2945549881
2960898331
2962635301
2962907501
2965700233
2971466171
2974506841
2975096953
2978188141
2978492353
2987398981
2987414977
2988324721
3012806413
3032550181
3045763111
3046219597
3047179969
3051542971
3063229681
3063685633
3064565557
3066802201
3070849351
3074083651
3077771497
3079168801
3080471521
3089436421
3089749969
3094792471
3101395069
3105534251
3108809003
3116834401
3118538471
3120316501
3123578849
3123859049
3127639511
3141373105
3142072261
3143823271
3150590929
3155608361
3157579861
3159917581
3167394103
3167597161
3168181273
3172658653
3175526971
3185985853
3200046721
3206203003
3207635597
3217456721
3218001337
3225095179
3228488869
3228492961
3233558021
3241962277
3243157501
3243176281
3245288153
3245454829
3251034067
3251355911
3255458221
3261194581
3261280549
3282480181
3282974857
3291076627
3300548473
3307251221
3307433263
3314605771
3316160251
3322551403
3325760803
3327587693
3328150519
3328600577
3331426561
3333016177
3337201121
3337776883
3340635619
3342685873
3349997731
3351020663
3352026133
3352776701
3364070533
3368907709
3371778763
3388811167
3392145121
3396188941
3399639811
3402737377
3407274001
3407609221
3407710687
3409716931
3411516067
3418922341
3420524467
3420671689
3424829491
3428447149
3429457921
3431287861
3435462601
3443019667
3445470001
3448739269
3457284119
3457896259
3465759337
3468274879
3468903571
3469968811
3493443361
3494075941
3496063321
3505364101
3507805153
3508999651
3548512423
3558122713
3565810613
3567852553
3568781399
3570729031
3575823529
3586004173
3591387073
3593444009
3598392331
3600905491
3604125601
3605775617
3609494533
3611686157
3620200951
3628526287
3637831753
3642255181
3643651057
3646707373
3652775041
3653628247
3656374849
3661766197
3666242467
3667793039
3684056821
3691220773
3693626041
3697278427
3697282261
3698702771
3704091751
3710889811
3714188083
3715430413
3716714863
3724447483
3728989441
3735864763
3736293461
3747084769
3761389673
3769946473
3779554411
3785056549
3789227051
3790723171
3793243213
3793934159
3794469361
3795328351
3803059063
3813919453
3818504713
3822303871
3832646221
3851114347
3855546521
3869668351
3874471147
3876903377
3878450413
3881249857
3881445751
3884601337
3903711841
3907752241
3908908033
3917319841
3928115773
3929162953
3930022279
3932204221
3939922351
3941075647
3957157069
3959921521
3959983099
3970615001
3975757501
3980558401
3987016441
3987336961
3993401411
3993860701
4007872753
4022233811
4034284759
4042712521
4063732063
4072142257
4080879241
4088827657
4091153431
4093458601
4103331277
4106003617
4110080167
4111710211
4127050621
4134189937
4140077041
4142981287
4147919821
4150174393
4155031891
4156885391
4168234801
4169145583
4173866413
4182331501
4183446341
4189357987
4193190019
4195348543
4200913127
4207101841
4210095667
4214865601
4217100161
4232966251
4250595379
4269476323
4275941587
4282033687
4282600561
4283445403
4289393281
