221
703
793
3781
7363
9061
11647
13051
17767
19669
19909
22681
27133
30073
31021
38503
41353
43213
58829
79081
80137
83569
88357
92509
96049
104653
107213
121987
127697
128627
129889
130561
133141
139679
139897
141877
142717
146081
146611
154513
158701
164737
165923
188191
191407
194041
205927
243581
256961
260833
270481
271951
276139
276361
286903
291409
292153
310381
314821
318551
319507
360533
362113
385003
413909
430939
464101
470851
486019
486737
524173
552721
556421
586249
597871
608203
614941
640537
642001
705473
721801
741751
742813
752161
810001
816229
819541
878219
887833
903169
921059
928201
930151
935713
1024651
1053313
1073971
1092631
1152271
1166791
1297741
1342549
1366961
1409339
1446661
1509709
1536697
1590751
1703677
1720577
1747357
1748921
1755001
1771789
1851121
1869211
1892851
1970501
1981501
2035153
2042051
2045521
2083691
2094289
2217307
2221811
2284453
2294561
2317753
2337301
2435833
2522533
2528443
2706299
2722847
2727649
2909297
2975701
2976487
3003589
3021859
3059101
3091681
3270403
3272513
3383353
3568661
3569131
3832457
3836191
3887201
3905581
3913003
4055437
4082653
4099439
4111381
4499701
4513519
4591123
4686391
4713361
4812853
4863127
4865239
5090821
5176153
5181931
5271251
5357717
5407991
5467543
5518237
5674087
5754871
5876261
5968873
6146551
6151949
6231331
6315853
6576949
6603301
6733693
6868261
6955541
7214969
7398151
7434541
7522399
7759937
7808611
8033131
8106121
8108101
8141281
8190703
8225803
8231653
8233633
8264461
8394031
8445559
8487781
8650951
8654581
8699041
8999281
9441881
9444943
9728863
9964921
9991633
10024561
10267951
10403641
10489681
10525139
10703801
11349703
11619739
11795281
12270421
12300391
12318541
12562579
12890503
12936121
13001209
13114001
13180511
13189969
13322017
13449619
13606841
13696033
13747361
13773061
14246389
14342833
14555221
14632537
14652991
14676481
14769281
14913991
14965523
15093349
15269857
15312221
15531031
15771751
15870973
15894691
16213861
16225459
16897217
16991911
17116837
17812033
18105281
18394291
18679879
18771299
18809911
19196137
19442119
19627273
19669271
19732897
20081953
20517953
20563453
20694341
21120961
21249427
21331213
21366199
21654533
21945223
21988201
22366531
22393999
22678657
22806811
22828651
22988557
23222993
23316751
23386441
23706901
23972401
24149509
24540787
25528123
25810027
25815841
25859767
25885421
26605573
26694361
27120631
27605449
27760247
27956503
28147963
28647253
28823041
29296361
29691161
30047869
30165409
30371923
30604183
30778903
31060243
31197151
31470211
31472461
31735621
32091781
32677597
32728921
32817151
32920817
33293101
33328331
33460243
34084181
34326073
34590403
34657141
34696531
34890481
35121421
35340769
35497603
36307981
37130029
37392577
37964809
38383321
38789441
39202759
39229681
39371141
39536641
39545221
40440223
40554193
40674841
41603921
41848687
42312013
42899491
43036003
43275229
43301527
43699177
44736511
45085559
45596461
45786133
46094401
46728533
46912051
49345831
50569201
50602423
50838679
50850433
50997451
51463189
51733921
52204237
52329421
52344073
52589741
53020991
53399449
53470303
53542147
53728921
54672781
54965791
55610837
56241937
56420033
58029889
58089461
58146019
58312171
58449847
58852307
59624137
60275671
60663709
61127849
61171951
61201009
61537337
61762261
61799851
62330369
63226081
65357167
65429569
65737621
66062467
66077971
66156157
66345221
67611121
68324257
68462551
68621701
70688857
70958497
71022391
71325437
71946131
71981281
72993601
73166131
73705633
73981657
75298141
75465469
75642157
76228741
76490503
77034277
77594653
77877431
78154861
78427273
78520639
78644611
78795181
78876601
78954893
79089553
80258851
81367273
81463411
81954133
82023649
82870517
83012521
84244969
84686561
84701371
85371859
85706497
85756861
86077951
87120811
87683867
88216507
88238627
88677007
88832269
89532271
89863621
89941123
90054427
90111529
91051501
91433281
91783987
92670673
93461281
94037287
95344201
96398569
96718961
99456257
99574411
99766987
101591921
102400321
102901633
104399051
104569501
104747149
106362001
106778671
108000349
110495083
111179881
112235089
112805879
113016751
113310289
113542861
113605201
114188509
114652793
115151437
115648741
115699957
115805593
116151661
116163301
117435839
118054721
118172251
118844491
118901521
119710951
120343021
121507283
122839417
122941981
123430231
123771511
126273877
126323699
127417123
127560439
127664461
127955143
128261101
129085961
129939937
130191409
131631641
131791991
132610981
133462561
133520041
134176771
134960029
135192601
135564673
136201591
136469477
136545067
138609847
139363927
140309947
141309001
142414843
143106133
143168581
143704181
143822449
144178057
144930703
145072351
145410931
146272901
146854339
147203449
147989771
148109473
150457819
152419961
152624401
155203361
157182637
157183907
160086781
161199991
161423377
161857457
162096901
162776041
162791617
163764641
166595131
166820333
167692141
169118951
170048111
170737771
170782921
171147601
172586459
173068309
173159449
173401621
174383791
175385953
176419933
177254533
177287311
178388731
178482151
178605857
180089251
181926109
181934759
185365141
185896481
185965291
186985993
187947271
188043913
188985961
189222757
189941761
190304209
190812049
193330609
194159881
194424491
195106237
195160519
195850411
196395739
196705909
197239591
198065401
198220579
199104533
199574701
201617527
202276621
202352929
203793559
204391711
204582457
206247151
206703589
207132481
209213929
210465301
210527263
210733591
210921421
212277157
212652217
213314389
213617351
214419931
214529563
215713931
216762671
217490813
217502821
217517653
218310571
218624033
219218599
219765151
220531501
220591051
223502701
223993729
224294533
224391637
224582221
224870017
224985619
226359547
230260819
230508937
232114433
235638001
238338167
238421761
238824151
240936361
246252343
246732553
248007943
250216801
250602241
251366009
252517231
252552301
252657401
253394483
255866131
256418401
258503701
260736341
263128951
263343499
265687567
265731931
266935141
266952871
267151249
268257697
270240769
271293571
271832849
274335049
275712533
278473297
279325217
282147997
282589651
282707461
283017307
283533233
284216371
284262079
285265471
285820501
286211557
287715121
288120421
289105741
292290181
292761379
295419097
296009731
297362539
299206651
299671921
300866581
301157767
301195441
302934641
307629401
307775821
308387881
312199213
312798397
313158913
318210337
318465703
325780417
327099403
328511413
330654547
330747301
332835049
332976961
334356023
334824841
334872721
335385409
335740231
337096889
338120449
338253401
338458807
338511469
338753227
339704839
340580857
341576143
342265951
342737441
343666181
344966599
345674071
346092991
346305403
348460597
350104631
351910021
354486007
354870431
355787741
355878553
356119201
357697273
360018361
361198241
361307521
362068241
363425177
363941467
365485177
365736373
366487201
366526469
367010911
368113411
368376121
368468689
372641765
373669453
374140493
374344643
374923021
376644841
380069929
380137633
381948361
382676887
383776093
383885339
384040001
384484147
386678767
387486373
391431941
391930003
391972591
392803861
393410023
393613081
394966339
396231887
396849457
397343803
400385701
400992769
401103613
403095421
405739681
406527031
407626267
408978961
410067871
411367433
412936327
412995731
415108891
416469769
416879593
417027451
417308321
418617281
418962421
419184481
419289817
419890951
420383251
422560837
424860551
425224801
426061201
427580227
429890581
432246151
433741729
436017901
436215739
437247841
438546655
439714133
442181291
447798803
449856793
450750523
451118981
452076967
453919201
455461471
457271641
457320533
458869951
459838867
460409671
460713709
461454677
463047481
465810391
468725083
468840961
469669279
469863451
470063791
470896201
473570191
475772809
475969231
476896591
477640321
480668347
481563013
482164597
485849701
486992881
488731349
490894111
493108481
494000629
512626201
515040499
516058201
517204733
517489001
517567051
519257701
520958197
524151253
524704069
527278127
528199897
528968917
529570351
530714887
530759989
531624347
531739141
532704187
534983761
535235023
535836263
536436937
536680621
538412033
538726901
540975007
542497201
542761301
547608289
549533221
552013309
552252979
554336191
554353817
554494951
555321007
555779113
557969917
559059019
563025457
563211881
563764501
564526091
565115741
566389801
567094501
568247101
569332177
572268601
573183451
574870753
575014441
575133131
576052651
576691741
576971249
579956653
581055623
581354881
584815811
585281791
585809261
587444287
587795231
588615553
589614551
590356357
590488001
590799763
591043771
593964841
594492823
594542467
598079579
600507277
600893921
600949361
602593441
603423991
604446527
604636033
605829089
606789097
608645797
609864221
611463169
612816751
615244481
615416341
616238407
617969929
618699821
619327999
619831717
620939881
621900553
623662903
624630049
626516881
626577563
627872911
628868467
635907581
636111451
642402223
645771127
647190253
649754353
652923521
652969351
656661097
656723161
656793899
660859651
665498107
667081801
671743901
674098471
674152849
676323071
676623569
678206101
678452923
678935893
679905073
682528687
683471713
687039013
692113153
692858557
694365001
696032791
696447181
701454979
704522281
705883951
707941417
707960753
710538631
711304903
715855561
717369577
718150273
722837641
724529191
727083001
731211319
734059453
735432773
736054507
736542847
741182401
742579111
743232001
743481901
745708657
747083891
748329517
750685321
752949991
755438861
756557047
758556121
758722411
765186581
767603929
772445431
776342533
778803169
779047579
780458101
784042309
784776059
784810297
784966297
799721749
801866647
803428471
803716723
806252581
807115753
807358403
810613273
821376533
826004467
826579777
827980471
829737221
830991961
832469909
835228801
840399761
841217653
845951767
849049183
853877641
855050701
855734401
857294813
857732089
858374833
859787011
861782209
863984881
866008153
867022747
867110501
868820723
871334857
871763713
872380321
875565811
875729989
879485311
886180429
886695109
890687621
891398251
894082001
894492187
897756751
897916207
901844617
909651767
910709381
913809601
914848507
916496573
917242159
917450227
920099629
922845241
927089749
927849763
929559403
933184801
936438247
938030101
939964117
940123801
943795201
946603087
946963333
951941161
955371871
955609903
955938901
957600541
958279897
966526201
967234501
969655807
970155649
971978023
972471151
973647781
975539251
980557327
983879821
986856901
996196741
1001324377
1002261781
1002733453
1004752181
1004840801
1007048827
1007713171
1026438247
1031027383
1036995919
1038489811
1038901837
1039740833
1041353857
1042271029
1044002917
1048780321
1048827613
1052246753
1054132061
1067802667
1069145533
1069683403
1070042359
1071704341
1072834561
1075737601
1079159639
1080124657
1080425119
1080814253
1085114971
1085935579
1092321151
1093866497
1095784471
1097560507
1098404941
1099003421
1100199953
1100510413
1101623381
1101826001
1104293989
1105384417
1105782913
1107379681
1112103541
1114952851
1117968517
1118783329
1120478951
1120981021
1123406047
1124057089
1125022741
1127880571
1132541953
1132788751
1132901953
1135428031
1135685633
1137104219
1138623553
1140687679
1142300503
1144245103
1144852337
1146408397
1154206219
1157341513
1162806913
1166240833
1168256953
1170722863
1172197463
1172662633
1173008131
1176404821
1176649699
1180970407
1181167189
1183921651
1186219057
1188221201
1190330387
1193229577
1195457537
1195694651
1197336103
1202893561
1203967801
1209229477
1212866929
1213558081
1218386353
1219072801
1219858921
1220523739
1221044653
1222447927
1224572161
1228229143
1229820551
1229956003
1230946201
1231340779
1234125721
1234850159
1235070601
1236409219
1245431881
1247687747
1254948337
1255663267
1255911121
1256711359
1258065073
1259741341
1260332137
1274141611
1274335549
1278053551
1278335503
1280837381
1286952841
1287278051
1294723417
1304033641
1307004641
1308544903
1313565397
1316707393
1318126321
1323492829
1327026403
1327387129
1332804013
1335940057
1336404901
1339505663
1343575381
1344586153
1346624533
1348995187
1350985777
1352453257
1353558301
1362309439
1364487281
1365419113
1365834229
1366033153
1371720673
1375684831
1376331833
1376799577
1378203751
1380507701
1380617551
1381321201
1383795323
1384936001
1385866861
1387360321
1388916397
1389675541
1393946227
1395564127
1396183367
1397169091
1399120717
1399369453
1402248403
1404021973
1404253369
1408511977
1414755619
1419575167
1420613161
1422724073
1423794079
1425524563
1427316697
1430446951
1432354901
1436675041
1437684931
1438726633
1441791061
1443742273
1444441861
1458198151
1460269201
1461911989
1465217911
1467817471
1468714465
1469768653
1470437411
1471953979
1472221921
1474227217
1485095737
1487387611
1488107251
1497082411
1497192269
1501839683
1502682721
1504136677
1507136797
1511042851
1513663351
1513912109
1515664153
1528632271
1528936501
1530438031
1532325679
1532450921
1533555271
1534055363
1537641691
1537736401
1547543161
1552636807
1552891201
1555022233
1556886241
1557142099
1557593881
1558524221
1558595131
1562240887
1563960913
1567090867
1567793641
1569144547
1570193101
1572561601
1573960273
1574362441
1575064009
1579079503
1582310857
1588247851
1588624951
1589202247
1593706201
1595447533
1599349711
1599353473
1607530051
1614341431
1619680147
1625279041
1625597569
1627708447
1629602521
1630161541
1632785701
1634695021
1636886203
1638294661
1638831793
1646366257
1646590843
1647242521
1651200013
1654203961
1654537921
1656280033
1657063871
1662807169
1663451551
1665450221
1668060253
1671603667
1674091141
1674185563
1675383631
1691701777
1702123201
1706302153
1707662881
1709133401
1710345323
1714770781
1715019247
1719318121
1719454591
1719715201
1722685777
1725217121
1730422219
1736159671
1738769281
1739529457
1742815621
1743406211
1743657931
1743805801
1750412161
1750866287
1757000341
1758205501
1759506781
1760746501
1767803047
1769160821
1770346111
1773900833
1776399059
1778233969
1782371509
1785179041
1788745141
1790023861
1792442737
1792560881
1793132881
1795322731
1798391773
1798915561
1811405107
1811574913
1811912677
1813279057
1818776269
1818827141
1820306953
1824933853
1835114401
1838201861
1842044653
1842154651
1843925581
1850372371
1852055869
1854960073
1856689453
1860137101
1863247501
1864274917
1868422609
1869092161
1876228357
1877667331
1878092089
1878138491
1879201297
1880544907
1890851257
1893427981
1895675233
1897700113
1898139707
1898757253
1899525601
1902303721
1906722439
1910668033
1910673409
1911739439
1911859951
1914031351
1916327557
1927196897
1928450371
1930321531
1930899871
1931390501
1940523481
1950279577
1950575551
1952315569
1955219311
1965948013
1972221103
1973561377
1973864257
1979540249
1981681153
1996507889
1999111801
2000400949
2000502631
2003220161
2008184641
2014592959
2018761111
2019620671
2025177463
2028685753
2029768981
2030600833
2031606221
2032102847
2034039871
2040432101
2042030651
2048406407
2049018301
2058026041
2062143271
2063617837
2068185841
2068867841
2073912961
2080995841
2082557551
2086236181
2091709793
2096692033
2108764481
2112925033
2115480553
2116154431
2122562101
2123112967
2124239521
2131620571
2134406539
2141969597
2143198997
2147303777
2148892903
2149542289
2154048079
2162044961
2162452781
2164793857
2169013759
2169885901
2170765301
2171643241
2172185341
2173540951
2173700173
2174090027
2177645557
2180644537
2189700833
2190926917
2193730661
2196552151
2199931651
2201879791
2209471489
2210621797
2226469051
2233412261
2240825581
2241880033
2247843907
2253467701
2254796281
2257069201
2263420459
2265291949
2268928751
2269307587
2270125159
2272148381
2274727141
2278829281
2279751181
2280603697
2284635781
2285848441
2289738401
2291686141
2294455411
2299124299
2301316033
2305256171
2309027281
2309405617
2317802761
2318518273
2332461949
2333010751
2334484153
2336355841
2336386921
2342210209
2347701661
2352378601
2361232477
2361562583
2362421953
2369972489
2371328461
2375894809
2378374051
2379610351
2380085989
2385059041
2386172251
2393394551
2414673271
2418501541
2421859357
2422800691
2423516551
2424033331
2432761633
2432827931
2435825521
2439600833
2444497273
2447291281
2449462247
2452359457
2453170861
2453858551
2462297041
2462440753
2473616017
2479607591
2480100701
2483253781
2488215337
2488884841
2491512427
2499126673
2502235963
2502525637
2510516011
2511521569
2513669357
2524460209
2524532267
2525070241
2525468947
2525957851
2528013121
2534916931
2543900707
2544804811
2551223533
2554606871
2555907331
2556345409
2560187761
2562814621
2566732411
2571809473
2574151501
2582799451
2585281861
2586819803
2592630301
2596643323
2596912471
2601144001
2602378721
2609854651
2614202137
2618398231
2619241801
2625135787
2635035817
2636360191
2637444289
2640582751
2644262821
2657917081
2659939453
2667646669
2675680013
2680411031
2682240401
2686776511
2690411257
2693185507
2697374737
2700878599
2701607507
2703714007
2717549929
2720028799
2721256777
2726090071
2727959431
2730595501
2742893651
2748524711
2749430413
2757550979
2761096081
2766006253
2767716241
2770560241
2771071031
2773037431
2776497949
2777351677
2780217721
2794697011
2805937201
2809566391
2811966961
2820562963
2826128971
2827541393
2839292167
2841190381
2857570489
2864096047
2866785991
2866872781
2869782805
2870118421
2870566931
2872327321
2876793767
2876984167
2884081897
2884596721
2888754643
2889151021
2896924291
2897736661
2898371617
2904875191
2909509093
2911715441
2919966611
2924187137
2926945621
2930831641
2944088659
2946446051
2969268481
2973275827
2975096953
2979921421
2984426503
2994724081
2995476199
3000271091
3005131889
3005851031
3014193001
3028125781
3028223287
3028944511
3033944101
3039112721
3044238121
3054297403
3066142561
3066639817
3088408429
3094462109
3099554881
3105901171
3109895647
3110830003
3111345583
3115120321
3127461751
3129639349
3145982977
3146902111
3149594701
3150284749
3155254741
3156601561
3157579861
3172658653
3176423713
3181295833
3199095769
3203878057
3205512997
3211997891
3213454549
3213467713
3213895051
3214895881
3215031751
3215101607
3217321801
3217744531
3217912237
3227483953
3240361633
3247029787
3248561821
3252183229
3252441193
3253543207
3255246091
3258269101
3261194581
3265122451
3269381611
3273820903
3274961761
3275683111
3276030187
3292356943
3300658241
3304511219
3312536569
3314605771
3316485421
3317651059
3317753011
3318885907
3320606773
3322551403
3323945921
3324133117
3325231927
3325284091
3326803201
3328354801
3330883781
3332803241
3333405961
3334492549
3348064367
3351561553
3352091557
3353779801
3358625849
3358956151
3369251047
3371840929
3374744311
3382695361
3383477191
3387013541
3389500801
3396405041
3397588993
3423025139
3425005091
3430765921
3448620793
3452252329
3458253649
3460536577
3466718027
3479485501
3480908203
3487862701
3492297817
3495447929
3495642949
3503691241
3505364101
3507373591
3513414337
3518807791
3525195281
3530536465
3538213381
3542932741
3556373647
3559066513
3563635531
3568683301
3578189341
3580950871
3586071721
3594968821
3599103691
3600682387
3602550451
3618030781
3620463883
3626796091
3629869237
3637831753
3643239209
3645090313
3650592667
3653266681
3661380361
3665242951
3665407517
3672754633
3673744903
3676551343
3684206737
3690942991
3692283211
3698276741
3700755073
3706404781
3709857757
3710446609
3715430413
3717318961
3719121379
3728989441
3729097633
3736293461
3736921781
3737497451
3742708201
3743072341
3747084769
3749317001
3751554581
3761091937
3773061337
3778309081
3783782941
3787284821
3788970571
3793243213
3804689549
3816592429
3825096697
3841324339
3844011713
3845346133
3845391569
3853584967
3859055929
3864563341
3869668351
3874471147
3878939569
3881648317
3882346903
3883750471
3892604101
3896815991
3908920681
3909462391
3928304341
3931360651
3932157961
3933512731
3937526911
3942543469
3945645677
3953949421
3956561701
3958051087
3959921521
3959983099
3964119001
3964686319
3970170901
3977617733
3979485931
3982017601
4000272481
4002124013
4012771271
4018933249
4029529141
4029869101
4031384813
4032895609
4035028861
4038381901
4039449877
4048260637
4051780237
4057715801
4059250651
4060684351
4066007107
4078542241
4079665633
4081180951
4081806919
4085692901
4103745689
4106003617
4118382551
4121286907
4121492761
4127050621
4136773139
4140853777
4150054819
4150861201
4154459321
4156140011
4156580741
4157531761
4168267981
4174497889
4176316201
4182989011
4191993733
4195231741
4195864261
4201003633
4206894721
4207191577
4217455243
4226066461
4231459597
4241343151
4246017409
4248992161
4250911061
4251659221
4257763999
4264604801
4268359621
4271116249
4277299123
4281834673
4282033687
4291545571
