91
121
511
671
703
949
1387
1541
1729
1891
2701
2821
3281
3367
3751
5551
6643
7381
8401
8695
8911
10585
11011
12403
12991
14383
15203
15251
15841
15863
16471
16531
18721
19345
23521
24661
24727
26335
28009
29341
30857
31171
31621
31697
32791
38503
42127
44287
46999
47197
49051
49141
51319
52633
53131
55261
55969
61831
63139
63973
65485
68887
72041
73555
74563
74593
76627
79003
82513
83333
87913
88573
88831
90751
93961
96139
96727
97567
99499
101101
101935
104653
105163
111361
112141
122851
125563
126217
126523
128627
138481
139231
141391
142901
146611
147511
148417
152551
156877
166499
172081
176149
181351
182527
188191
188461
192713
206981
208999
211411
218791
221761
226801
228073
228811
239701
245791
250717
251251
258017
269011
276013
278221
282133
286903
288163
293401
294409
304399
313243
313447
314821
319507
320167
327781
328021
334153
340033
341341
342271
355291
359341
359369
364231
365713
368567
385003
385201
399001
402721
415051
416641
417589
432821
437251
439291
442471
443713
449065
453259
455155
455533
478297
488881
497503
504913
512191
512461
517687
521731
522349
532171
534061
544541
550639
551881
563347
565001
566401
574397
578771
579307
595441
597871
600301
615851
622909
625873
631351
633907
638011
638731
652879
653333
654805
655051
658711
668431
670033
671671
679057
689323
705091
709873
721801
724087
729829
731971
732367
736291
748657
753251
764491
765703
769567
782341
791743
792451
796111
801139
823213
838201
859951
867043
873181
876961
886411
891595
894781
903631
904051
929633
951481
954271
966301
973241
992251
994507
1016521
1018601
1023031
1024651
1028821
1032533
1033669
1042417
1049959
1050985
1056331
1082809
1090051
1092547
1097227
1099891
1151281
1152271
1169533
1182181
1193221
1207885
1212751
1224721
1226413
1236031
1237951
1241143
1244161
1266151
1267651
1268551
1287091
1302451
1302907
1308853
1309111
1314631
1323859
1329511
1335961
1336699
1344295
1351601
1373633
1373653
1404235
1407103
1414639
1433971
1449751
1461241
1504321
1509859
1528255
1530787
1533151
1537381
1551941
1561921
1562779
1563151
1584133
1590751
1592137
1600117
1600951
1621901
1627921
1638781
1683683
1690501
1702537
1711711
1717633
1718431
1729729
1768621
1772611
1773289
1775437
1804231
1817743
1822177
1857241
1869211
1893943
1898999
1899451
1904033
1908397
1910291
1916761
1973329
1987021
1987441
2000251
2003527
2008597
2023873
2035661
2044657
2051089
2062727
2063971
2064479
2100901
2119069
2125759
2133751
2172043
2178487
2182267
2183251
2193841
2202257
2226043
2253751
2254351
2259583
2284453
2295229
2330671
2435791
2442799
2446741
2455921
2477479
2480017
2483731
2508013
2512441
2523193
2531845
2545181
2545511
2548819
2567359
2586083
2599381
2604331
2628073
2630071
2652721
2704801
2724931
2727649
2741311
2745623
2746589
2748023
2795519
2797349
2817001
2833831
2855147
2863271
2864501
2867221
2876419
2899801
2944261
2948947
2974087
2983981
3003589
3020093
3028133
3037165
3059101
3063751
3065311
3073357
3078361
3094273
3096583
3099373
3114707
3116107
3117547
3121111
3122701
3146221
3147103
3166087
3168607
3168883
3174133
3185593
3204241
3248101
3264797
3270403
3272611
3282217
3285361
3288481
3294199
3307051
3336151
3375041
3375487
3379663
3383353
3387781
3431647
3449251
3455101
3496627
3520561
3536821
3537667
3543121
3554497
3554633
3561139
3562361
3573235
3584395
3584491
3636161
3642757
3664585
3678401
3771691
3815011
3818413
3822337
3828001
3882139
3913003
3945871
3963901
3975931
4011715
4014361
4042403
4059859
4074907
4077151
4082653
4099439
4109221
4119301
4128703
4232431
4238191
4252381
4255903
4265257
4291801
4292911
4294679
4299023
4314967
4336879
4361389
4378321
4415251
4415581
4448351
4463641
4496371
4504501
4504951
4536571
4553047
4561481
4587415
4606759
4670029
4671871
4686391
4701089
4767211
4770991
4779139
4788643
4864501
4865911
4903921
4906441
4909177
4917163
4920301
4923521
4933951
4935677
4935701
4962931
4964851
5028751
5031181
5044033
5049001
5073199
5087171
5090821
5095861
5107591
5148001
5173601
5191159
5193161
5243371
5256877
5268511
5292631
5293471
5310721
5419751
5481451
5603333
5632315
5691331
5709203
5720149
5723191
5770201
5770927
5774801
5789995
5832685
5887531
5903657
5934391
5968873
5968945
6019945
6043159
6047381
6054985
6059801
6121291
6140161
6186403
6192901
6214213
6225151
6226193
6231331
6242545
6278533
6309901
6321187
6395821
6456241
6482533
6491999
6503131
6524011
6533281
6539527
6540271
6566671
6567883
6569911
6622351
6638401
6639301
6666751
6675751
6710177
6712651
6733693
6744955
6755251
6759751
6787327
6835441
6868261
6869339
6969511
6973063
7023199
7049459
7162429
7208155
7262413
7266211
7266821
7267051
7344947
7412131
7442011
7462001
7481215
7519441
7546981
7551361
7587901
7621091
7624501
7673563
7688311
7689683
7758601
7846385
7878889
7944091
7951411
7952563
7995169
8012845
8055419
8086231
8095447
8163167
8180551
8231653
8233633
8243111
8248129
8256763
8275121
8317351
8324641
8335351
8411041
8417953
8443501
8445559
8447341
8468951
8477041
8507731
8509501
8577391
8595361
8602513
8615971
8624851
8628391
8650951
8681581
8716961
8719309
8778229
8816779
8829451
8830801
8834995
8845411
8846173
8910811
8927101
8959951
9006401
9021671
9028771
9056501
9080191
9086011
9237937
9317647
9346555
9371251
9439201
9467767
9483211
9493903
9494101
9549541
9568801
9585541
9603257
9613297
9663491
9694351
9704449
9780409
9808651
9846401
9863461
9902341
9946711
9959413
10002241
10077929
10083547
10089601
10167571
10267951
10403641
10470901
10509751
10517581
10534415
10594877
10604431
10606681
10679131
10778923
10802017
10821301
10841209
10877581
10895803
10899523
11107121
11130241
11182421
11191411
11256751
11303909
11407441
11415301
11456491
11529001
11530801
11541307
11569405
11619739
11621611
11636249
11765293
11768251
11780209
11795281
11811907
11820073
11865883
11897689
11915191
11964601
11972017
11997127
12082643
12110743
12114271
12163817
12169711
12182401
12205873
12261061
12266551
12299365
12307219
12322133
12328771
12348367
12381541
12400291
12461815
12490201
12507067
12529183
12555619
12584251
12711007
12722221
12829531
12866581
12890503
12932989
12945745
12979765
13003411
13012501
13012651
13073941
13078885
13089907
13120603
13122913
13131721
13137083
13162501
13188319
13217977
13295281
13324411
13341841
13404751
13447291
13495729
13515223
13544851
13667023
13694761
13992265
14005441
14008681
14056111
14160601
14169331
14193361
14297851
14324171
14396449
14407615
14433001
14469841
14523913
14652991
14670019
14676481
14687681
14709421
14716837
14726881
14746373
14764501
14783203
14800391
14829211
14843767
14913991
14924851
14975731
15008033
15084739
15093613
15247621
15258151
15266251
15286051
15376501
15403285
15530971
15560461
15570535
15576571
15602077
15642991
15698431
15766651
15776851
15827827
15879431
15882217
15884821
15888313
15889189
15913261
15922661
15978007
16042979
16046641
16052491
16070429
16107631
16119001
16126463
16158331
16185191
16253551
16343251
16585099
16661633
16725619
16756201
16796671
16805233
16821751
16853077
16879501
17064007
17108311
17147521
17164913
17216641
17236801
17316713
17338259
17349307
17494687
17559829
17586361
17599351
17659601
17670673
17684593
17689387
17737381
17815307
17843281
17905321
17984251
18026849
18067501
18112513
18158251
18225703
18274411
18303319
18307381
18366937
18434041
18443701
18445783
18473797
18736381
18740971
18790021
18809911
18864739
18900973
18918511
18985627
19061281
19071397
19103809
19135751
19182151
19194181
19201781
19206811
19212821
19328653
19383673
19395151
19429801
19553827
19571251
19609633
19616779
19636381
19683001
19701151
19703503
19714501
19769509
19877353
19936081
20044441
20103895
20178313
20234341
20236483
20261251
20279563
20300743
20310751
20351563
20566771
20576089
20691617
20694383
20821285
20821801
20862623
20904799
20925961
21036437
21116551
21124793
21129389
21165643
21170371
21181447
21184271
21184351
21262817
21355951
21397381
21415297
21430951
21490379
21526897
21578051
21630631
21681677
21760531
21794851
21933031
22028203
22103803
22112911
22172509
22187791
22211431
22349251
22363741
22369621
22533761
22584851
22670011
22721791
22783471
22922593
22975879
22994371
23053867
23286781
23338993
23346509
23382529
23422231
23600851
23740081
23747851
23865667
23868481
23871487
24010633
24017365
24133633
24176209
24195151
24242261
24350419
24444883
24482503
24492151
24519313
24550241
24565981
24642811
24651991
24686311
24687017
24720571
24740113
24832823
24834613
24904153
25052527
25067251
25118087
25178077
25182301
25214977
25225751
25248851
25275511
25276421
25313443
25318111
25326001
25335223
25382701
25463431
25511501
25528123
25591771
25678261
25696133
25708453
25732591
25810027
25823851
25834627
25845319
25917409
25921561
25947461
26017291
26112529
26182823
26256401
26280073
26317291
26321023
26339321
26455153
26470501
26474581
26579897
26673361
26684785
26699491
26742241
26781479
26783365
26880127
26902331
26947523
27012001
27028117
27062101
27171001
27191011
27218269
27243271
27305851
27384967
27509653
27543979
27589801
27611731
27664033
27736345
27773887
27872443
27956503
27985003
28018495
28103041
28149655
28336771
28406953
28505203
28527049
28569997
28633529
28647253
28708219
28780471
28785907
28871815
28875691
28979731
29054257
29112373
29229383
29277067
29281393
29323735
29625427
29809459
30058381
30131011
30141469
30200851
30221437
30241345
30320419
30542131
30677941
30722911
30750655
30924979
30947995
30958201
30971711
30987809
31033549
31041571
31146661
31150351
31199923
31252597
31294231
31405501
31470211
31487899
31513861
31527451
31528927
31571443
31584421
31692805
31762441
31918987
31928581
31957351
31989109
32091067
32192723
32196649
32199511
32264029
32285041
32325151
32376961
32429431
32484655
32676481
32683201
32817151
32914441
32933251
33088427
33175801
33179491
33333091
33420661
33450571
33552553
33554629
33567451
33567931
33592681
33613489
33664741
33717991
33734263
33762751
33796531
33848101
33852781
33908981
33931423
34011091
34035271
34097467
34129321
34290931
34324381
34330001
34386781
34391071
34453783
34482281
34546123
34556059
34590403
34599391
34657141
34745047
34751999
34884847
34901461
34905133
34974481
35082217
35107381
35119591
35213459
35235731
35274421
35292601
35321197
35452891
35507749
35523161
35571601
35578243
35728129
35798491
35807461
35891263
35896519
36013351
36053333
36243563
36307981
36448387
36546067
36647611
36721021
36724591
36735463
36762931
36765901
36913591
36922183
37227541
37240921
37354465
37439201
37469701
37507159
37510019
37649503
37707211
37736533
37962541
37964809
38012851
38220887
38239741
38297029
38300771
38316961
38347921
38624041
38742049
38825227
38848483
38946931
39131383
39211597
39288019
39368611
39371141
39375721
39447181
39469519
39506251
39545221
39547171
39607723
39738637
39814301
39870061
39975481
40105477
40142305
40166017
40210591
40266731
40621591
40728463
40825405
40828241
40917241
41070781
41089291
41142037
41298985
41341321
41384941
41494531
41500117
41710411
41798401
41847235
41963959
41987111
42120379
42149971
42249533
42254737
42275567
42318277
42329659
42365863
42448841
42474547
42536099
42702661
43011667
43036003
43040161
43136821
43146181
43205455
43248871
43275229
43276051
43331401
43357343
43362859
43397551
43620409
43658371
43737001
43834321
43838341
43843411
44053087
44118361
44148649
44238481
44304619
44478211
44482901
44488171
44591443
44851255
44884801
45025073
45079091
45110131
45171631
45175201
45262621
45566371
45669541
45696223
45768251
45786133
45877861
45890209
46045117
46069321
46100143
46126501
46256489
46288333
46320541
46483633
46519663
46560529
46576069
46585379
46633861
46633951
46672291
46977421
47046091
47063611
47129881
47209069
47249681
47253781
47315249
47341057
47356171
47561761
47573611
47583397
47632513
47641861
47712673
47728501
47734141
47793203
47804671
47953621
48053149
48060937
48064021
48125437
48191653
48294883
48324991
48369727
48411751
48427561
48481679
48507331
48628801
48849811
49019851
49075963
49098659
49320391
49379773
49476373
49613491
49617037
49735351
49775797
49910341
49994179
50102551
50217301
50221171
50229631
50235517
50311831
50363611
50622743
50635597
50832901
50838679
50997451
51038749
51072931
51139453
51425011
51452951
51653785
51664807
51720271
52031263
52204237
52214111
52283107
52306489
52393867
52510141
52519291
52652821
52748851
52836341
52934701
52959691
53129035
53150581
53295151
53338381
53369149
53390611
53559955
53580367
53585299
53638903
53711113
53738293
53822341
53822827
54001531
54012421
54029741
54089101
54120151
54255521
54364333
54464671
54532387
54599731
54637831
54767881
54816059
54992407
55056673
55318957
55370569
55483741
55729957
55849015
55942915
55957201
56017487
56034343
56052361
56153503
56160133
56196901
56354035
56369279
56389873
56479897
56520031
56810137
56963521
56964817
57013919
57120001
57211903
57253561
57254279
57295351
57511189
57543355
57544111
57561085
57829681
57833861
57847717
58006639
58197547
58344301
58439431
58449847
58485337
58489201
58546753
58603843
58724821
58725703
58980637
58986091
59063801
59091001
59162891
59218513
59251951
59330041
59476169
59524351
59607859
59788931
60004471
60025421
60033403
60112885
60180715
60199483
60394051
60552161
60743719
60761701
60957361
61088413
61189201
61343437
61475261
61526143
61754941
61832377
62007781
62123047
62289541
62423551
62566093
62577217
62672701
62975719
62976589
63219799
63245611
63317215
63365653
63388033
63526519
63535771
63553621
63745921
63799471
63928711
63935821
64042903
64049371
64097461
64162693
64218133
64277551
64339111
64349011
64377991
64392571
64398379
64464919
64570081
64579231
64671083
64693135
65037817
65170351
65187613
65363101
65378683
65589571
65737519
65798083
65872831
65922151
66096253
66176339
66296401
66342673
66345221
66381931
66437371
66453973
66498667
66609361
66754531
66760471
66810745
66834721
66860185
66960559
66966301
66998317
67065571
67134541
67194401
67199497
67400551
67559383
67634281
67656571
67680491
67775401
67902031
67916287
67979731
67994641
68090203
68154001
68164903
68182003
68245909
68257351
68462551
68755141
69139201
69146419
69176647
69197311
69228967
69389581
69444841
69703189
69728531
69899401
69949447
70038343
70125659
70132807
70161211
70186051
70577119
70593931
70695769
70726657
70760971
71006077
71094223
71314039
71345633
71386849
71433055
71579701
71592751
71710489
71733157
71936899
72011041
72108421
72113041
72186421
72239311
72250801
72286501
72415531
72464131
72601651
72884701
72965971
73022491
73254127
73289861
73902403
73951939
73981657
74112787
74165455
74349157
74363953
74383489
74408701
74440081
74620739
74633911
74667601
74698345
74913833
74927161
75042101
75137563
75251947
75335041
75397891
75476251
75606049
75607583
75618361
75644251
75663451
75681541
75851801
75927853
75929617
75935971
76129987
76202371
76323871
76335893
76549901
76576051
76609231
76813697
76903021
76923461
76970119
77023579
77100751
77146831
77164795
77334769
77343865
77496103
77518981
77594653
77658967
77926411
78091201
78120001
78340951
78428791
78644611
78671651
78755491
78779251
78795181
78813727
78876601
78892141
78981253
79202755
79348429
79398901
79511671
79624621
80037551
80104033
80176351
80234155
80342711
80375707
80530871
80658001
80903269
80927821
80936929
80980993
81276859
81376903
81412589
81451399
81603613
81610673
81739913
81787879
81893611
81926461
81954133
82170691
82186031
82239391
82274317
82452061
82530091
82575361
82606231
83005609
83083001
83099521
83330581
83631703
84350561
84354821
84357091
84633301
84718087
84890737
85030139
85090339
85371859
85446571
85636609
85666151
85719871
85769515
85823401
85891121
85907917
86044897
86067367
86077951
86081857
86115031
86168251
86199751
86385587
86484269
86506219
86610071
86743873
86911283
87146305
87167971
87215959
87217561
87298291
87385523
87466843
87498491
87649381
87726451
87749521
88229107
88340851
88456591
88544401
88584301
88599421
88683631
88828651
89227055
89253631
89381791
89439577
89517299
89532271
89578081
89646271
89879521
90008605
90014653
90057101
90203059
90279113
90951199
91014181
91161451
91332253
91523071
91587943
92095147
92239615
92267341
92379001
92503411
92625121
92750491
92755441
92779831
92998207
93046351
93143401
93255895
93361381
93582107
93666535
93709073
93944467
93977191
93980251
94347289
94502701
94532041
94536001
94612771
94775927
95173783
95239699
95451361
95537071
95546269
96028001
96142927
96165601
96215533
96322951
96501373
96558049
96691771
96727879
96770941
96894071
96895441
96990541
97071211
97340041
97396597
97871699
97879783
97999201
98034751
98147947
98241499
98467501
98504359
98591311
98592391
98690671
98728033
98735209
98811721
99036001
99385219
99585851
99809051
99890461
99945007
99971821
100017223
100107163
100228051
100424041
100690321
100801135
100897681
100907047
101270251
101381371
101458351
101649241
101742187
101913211
101953177
101957401
102090781
102294427
102358747
102469469
102560407
102678031
102690677
102757501
102861751
102901633
102924109
102957157
103007921
103144829
103253333
103437685
104148451
104220703
104404861
104428091
104498551
104569501
104852881
104857391
105040321
105048001
105309289
105558787
105569101
105649621
105746873
105869401
105919633
106146091
106247809
106314931
106374071
106485121
106533361
106640731
106667101
106705963
107291881
107507611
107520533
107575051
107714881
107774821
107814835
107957431
108079313
108251641
108264031
108477433
108596953
108653887
108654481
108703351
108725851
108869707
108991951
109137391
109339123
109427291
109499851
109507663
109577161
109838431
110192401
110280451
110413333
110532127
110721835
110970289
111189001
111291181
111309031
111678769
111716281
111858739
112384621
112420793
112478821
112499311
112579561
112612417
112686211
112702591
112723007
112747951
113016751
113197061
113605201
113678293
113757751
114023371
114081211
114172801
114366313
114668911
114685741
114707881
114770251
114849901
114910489
115039081
115164721
115214881
115363711
115498087
116090081
116151661
116385751
116446891
116448671
116612959
116673481
116682721
116701003
116799301
116806141
116895871
116922421
117060217
117063761
117186037
117424231
117445987
117447331
117667459
117734851
117771551
117987841
118080391
118172251
118227037
118484479
118846151
118901521
119074501
119079937
119093311
119327041
119386079
119427811
119660101
120269053
120356839
120453761
120474991
120561319
120582001
120628111
120739279
121099829
121343293
121346149
121422301
121544039
121572451
121573321
121774901
122089843
122154671
122340511
122398519
122495101
122505571
122516731
122785741
122987321
122998363
123249511
123369511
123399431
123489259
123694639
123771511
123820489
124038337
124187581
124412155
124584679
124593031
124755853
125154277
125173847
125354941
125632891
125680231
125778823
125807851
125809861
126035911
126127531
126150781
126211307
126384733
126428851
126440731
126619741
126767785
127202251
127410011
127479097
127535651
127664461
127676473
127728811
127811833
128072161
128116387
128124151
128199823
128256613
128294839
128344231
128530711
128544571
128696569
128821981
129116401
129146563
129205781
129648751
129762001
129795203
129812761
130027051
130263361
130497361
130876751
131117941
131136301
131256451
131334851
131504143
131888611
132218461
132375061
132486751
132610981
132688711
132806171
132949801
133344793
133391611
133568821
133576823
133800661
133956523
133961599
134176771
134204071
134276143
134314891
134777221
134880901
135023257
135125011
135358831
135647569
136173031
136217251
136453901
136511701
136625941
136716889
136754731
136867531
137170013
137200981
137340451
137433751
137738413
138158411
138327001
138336661
138440641
138653101
138700459
138828821
139027201
139295701
139301191
139315891
139592101
139931191
139952671
140309947
140742253
140817751
140862349
141180949
141281471
141616201
141770143
141856885
141870067
142002733
142125289
142170931
142285417
142664977
143040301
143060071
143168581
143254441
143366987
143433631
143468611
143520833
143822449
144006589
144202931
144218341
144645889
144989461
145072351
145319563
145410931
145439351
145719301
145820503
145890361
145911451
146053267
146183401
146451691
146481193
146514371
146613013
146806129
146843929
146856893
147026503
147405259
147785191
148205821
148267351
148358771
148470751
148540561
148910653
149104471
149115331
149532571
149559751
149754151
149762845
149906863
149915011
150023303
150192667
150454081
151172165
151197355
151659619
151830551
151837093
151958623
152034751
152175451
152255611
152310781
152327719
152766901
153392701
153584971
153589801
153691807
153734473
154287451
154480327
154492231
154797085
154944533
154982683
155122451
155328053
155389181
155474051
155539567
155857747
156045709
156381679
156538201
156748879
157085401
157341931
157378501
157491541
157748761
157807981
158397247
158404141
159094783
159492061
159591169
159874021
160016851
160169371
160171417
160201639
160210441
160463953
160776481
160959751
161005573
161304001
161364511
161634821
161851159
162026869
162036031
162069271
162243091
162681571
162761449
162943441
163024051
163070071
163085455
163140847
163195901
163252531
163441171
163580743
163591897
163729483
163892587
164217691
164411911
164578051
164946055
165283471
165407551
165587017
165612811
165930623
165938653
166007689
166028917
166046881
166099501
166297273
166401469
166442251
166595131
166827943
166980997
167130841
167160013
167414501
167472451
167692141
167787181
167979421
168380251
168659569
168834961
169234003
169608067
169876621
170109409
170122357
170173741
170336881
170394337
170446249
170549237
170700823
170947105
171147601
171356527
171454321
171515719
171679561
171740791
171893611
172018667
172035841
172116181
172193671
172534051
172907281
172947529
173021851
173024503
173085121
173093491
173376127
173641831
173678203
173818867
174223681
174375343
174413161
174681781
175197595
175208689
175242061
175318963
175487401
176243671
176597821
176752801
177176971
177197833
177238921
177329521
177703219
177710413
177930919
178077361
178343749
178416127
178451857
178482151
178837201
178937851
179124013
179146207
179622241
179864567
180013363
180022597
180115489
180533053
180573823
180841949
181154701
181323091
181670539
181828765
181988461
182022841
182026081
182075951
182142379
182333251
182615551
182625301
182918737
183131257
183223951
183370447
184158451
184228591
184276289
184353001
184451401
184531051
184864699
185040703
185141647
185587411
185791537
185893291
186010711
186059329
186063787
186162301
186189751
186956911
187159501
187188571
187546133
187790131
187949987
187985095
188063695
188184151
188519653
188597011
188628751
188689501
188821951
188985961
189175951
189344845
189482107
189540451
189546319
189546967
189686503
189863129
190197421
190420861
190640143
190667851
190711177
190761731
190934371
190999591
191321407
191384611
191512141
191752093
191845249
192070081
192123037
192143011
192331567
192726577
192769291
192840103
192946681
193000567
193133557
193330237
193374451
193648393
193708801
193715281
193749823
193938361
193949641
194084263
194120389
194225851
194389903
194556451
194834551
195072049
195100057
195475351
195664571
195761521
196049701
196177645
196287391
196295191
196352953
196634821
196759973
196796263
197143351
197177071
197239591
197443013
197599921
197620237
197816807
197879851
197892601
198044257
198382591
198472933
198940699
199020733
199080271
199104533
199608031
199789441
200100781
200190427
200371081
200441561
200476321
200624281
201140227
201215407
201231739
201261061
201344683
201809071
201959731
202059271
202318831
202597249
202738081
202825583
202892551
203269177
203330401
204020641
204214771
204280501
204754321
205228357
205374961
205599983
205790431
206089885
206144191
206304961
206804701
207058951
207173701
207551711
207654679
208113079
208464887
208615843
208969201
209097901
209146015
209711431
209733779
210023917
210271501
210461959
210519331
210812311
211491001
211734271
211929991
212027401
212058631
212082817
212320351
212402851
212412547
212472415
212607991
212730467
212841565
212973751
213306691
213387979
213835861
213903901
213924481
214076101
214110541
214191623
214754221
214852609
214975405
215063939
215335261
215612401
216095671
216126751
216686339
216804421
216821881
217088641
217517653
217628227
217875571
218023807
218139391
218351101
218535643
218642029
218850311
218970937
219659161
219669451
220209451
220252159
220261861
220531501
220534651
221378317
221445197
221631667
221793391
221823643
222439573
222524347
222867613
222939551
223018489
223127191
223625851
223889029
223942951
224073865
224129431
224394119
224460181
224582221
224627551
225111601
225590509
225741661
225785407
226227751
226366003
226535207
226637371
226731211
226791685
226853801
227132641
227333107
227475601
227512651
227564767
228085831
228274381
228842209
228987487
229113421
229194811
229330441
229575151
229662811
229671451
229798729
230244281
230300857
230323549
230430043
230637541
230687591
230794013
231120751
231194965
231233131
231290515
231415651
231505801
232311241
232341901
232460821
232472677
232480531
232794253
233322811
233394367
233570431
233789851
233860771
233950421
233988721
234521893
234610291
234742597
234823051
234843841
234870301
234960685
235224571
235378207
235437665
235658431
235836361
235928071
236051761
236205793
236285251
236372989
236432911
236914801
237142621
237207961
237265321
237592879
237621469
237656431
238001653
238024093
238100539
238208543
238713493
239137291
239201131
239536771
239806561
239936035
240141287
240272077
240311449
240502627
240602363
240785047
241011551
241094491
241396381
242131889
242225551
242366419
242485651
242589491
243174223
243374743
243400249
243576341
243592219
243622787
243654139
243892531
244043831
244061371
244229581
244693153
244762057
244822153
244898807
245350873
245388781
245497669
245518351
246353509
246410029
246446929
246666187
246794269
246801517
246864889
247095361
247285171
247318957
247683241
247920661
248069641
248270773
248290927
248694931
248969785
249141421
249183271
249331237
249445651
249511393
249511591
250612831
250756507
250837051
251217271
251479721
251614771
251703691
251802649
252035851
252099541
252853921
252876871
252888781
253016101
253111951
253158751
253261999
253613587
253788661
254079343
254265001
254433691
254447929
254781451
254827211
254930131
255076331
255160621
255596083
255692647
255866131
255982057
256119733
256192861
256269911
256324099
256336807
256539511
256794949
256970029
256978135
257020609
257323501
257460851
257495641
257586211
257908651
258404999
258457231
258503701
258634741
258844951
258857635
259167277
259765747
260410837
260547001
260615041
261628459
261867571
261951649
262229761
262480501
262503047
263051581
263949031
264384469
264487871
264496933
264843121
265099151
265390189
265731931
265794211
266003101
266389729
266983501
267151249
267217861
267486841
267559627
267948209
268505551
268621021
269601121
270042697
270373411
270479311
270628129
271481329
271700431
271724623
271773319
272282161
272343751
272615201
272912641
272995561
273083887
273457201
273460951
273480637
273599971
273894997
274114597
274744351
274840831
275283401
275509081
275619961
275661751
275951773
276492931
276648121
276751201
277112753
277241401
277477903
277650839
278152381
278220151
278575201
278748919
278818031
278943301
279085717
279377281
279531379
279604711
279606211
279718909
279744031
280249967
280312003
280327087
280634383
280690345
281360551
281773871
281960911
282011191
282569839
282589651
282707461
283020013
283200163
283484449
283866121
284301751
284597821
284625881
285111667
285156631
285703793
285924331
285946021
286023403
286154131
286168049
286560343
286563355
286607863
286673041
286721353
286854947
287504293
287904511
288120421
288324091
288630343
288683257
288708421
289022911
289088353
289765981
289766701
289987889
290149207
290344753
290422891
290512909
290565367
290698321
290768311
290799073
291959669
292016323
292074733
292100491
292244833
292558501
292897961
293249599
293315131
293585167
293600371
293825071
294368801
295199587
295364501
295638433
295643089
295826581
296266411
296509357
296792497
296838973
297411661
297624961
298002403
298070461
298204831
298216801
298329751
298365703
298387171
298567621
299051761
299569051
299736181
300510001
300589381
300614161
300745171
301000363
301267801
301273111
301390321
301603501
301704985
301900795
301947451
302037901
302652871
303639337
303651041
303817411
303826141
303826651
304283101
304349347
304597231
305120089
305208073
305427547
305495281
306309037
306313855
306357871
306420751
306490135
306649801
306871201
307041619
307061371
307237681
307484143
307870627
308086051
308148751
308448649
308483911
308550061
308568691
309095689
309419623
309543653
309707371
309881879
309969199
310103599
310131781
311206351
311840551
311955071
311987611
312107251
312232807
312453481
312485167
312703093
312940519
313157711
313207357
313338061
313411411
313529671
313588801
313802443
314071381
314099143
314184487
314283601
314324011
314555077
314721001
315005251
315047069
315113191
315838711
316382851
316804867
316880929
317236051
317604079
317688251
317698201
317712877
317773823
317845585
318202291
318465703
318641077
319066903
319821103
320212711
320371051
320606911
320685211
321004147
321544417
321768001
322020973
322226587
322254871
322762007
323994871
324120511
324236141
324246997
324778777
325352101
325542127
325546585
325726147
325834309
325938251
325944737
326023621
326035001
326244911
326266051
326565811
326613151
326695141
326702531
326794351
326838061
326913071
326980417
327127249
327328093
327452815
328189163
328302791
328573477
328881239
329153653
329542111
329769721
329897071
330133321
330433261
331623307
331671223
331934989
332017651
332303203
332976961
333065305
333229141
333574291
333615361
333619357
333657301
334291981
334660411
334783585
334793551
334813411
334963333
335337619
335506081
335719189
336273211
336440707
336491701
337046815
337519171
338177827
338253401
338281489
338455153
338458807
338629721
338775151
339128303
339274531
339731821
339915667
340407001
340718887
340863307
341009971
341349583
342105751
342206371
342265951
342664081
342697231
343445311
343557931
343581085
344066101
344141981
344216071
344677165
344698349
345106459
345579067
345674071
346080391
346305403
346745561
346782151
346795639
346868989
347347087
347632351
347656699
347666551
347743189
348236911
348335821
348424501
348612265
348668321
349138567
349369021
349435801
349466339
349470703
350310241
350626459
350721631
350723827
351000973
351336349
351739181
351910021
352171741
352735351
352825291
352966951
353461513
353596321
353815801
353829059
354229781
354349501
354938221
355496851
355751509
355836251
356379751
356450791
356643211
356683471
357167593
357340621
357380101
357534811
358240321
358791707
359282597
359364151
359499781
359696431
359914231
359992711
360018361
360115561
360195151
360350953
361014949
361198241
361231651
361250983
361660781
361674991
361719631
362045431
362070829
362205367
362357059
363107291
363245581
363972361
364054285
364143551
364282381
364285351
364637701
365326471
365825377
366194863
366207031
366527743
366532321
366561691
366652201
367042691
367156859
368113411
368120935
368304931
368476501
368559379
368834581
369552221
369610237
370476241
370734157
370820695
371376631
371779201
371920867
372038627
372211237
372256711
372378871
373091239
373145851
373179031
373397779
373669453
374325841
374703127
374828491
375357163
375817651
376972219
376979251
377034737
377074721
377187031
377256601
377704471
378197789
378682537
379029421
379363267
379574581
379687331
379827397
380036455
380636011
380791783
381073771
381103801
381298711
381427201
381428659
381509311
381897091
382017989
382304161
382386271
382536001
382588511
382984841
383027941
383036941
383216131
383793541
384417001
384993451
385593391
385889509
385912723
386654831
386678767
386759623
386804809
386846477
386925551
387288553
387311107
387400807
387440173
387595441
387728587
388745813
389064589
389389897
389841661
390110281
390612221
391041001
391147703
391148377
391437859
391542151
391792571
391930003
391979377
392050351
392099401
392675141
392803861
393122521
393323221
393611653
393716701
394101761
394255261
394805503
394978651
394980643
395044651
395996311
396036877
396106261
396825445
397085221
397147861
397252153
397608751
398359951
398427211
398773673
398922299
399365611
399682081
400374253
400804951
400841569
401012083
401376553
401749741
401939981
402167701
402321277
402400967
402497551
402513931
402535651
402606961
402752533
403043257
403095421
403095967
403317421
403494001
403650823
404840833
404942461
405047251
405318817
405739681
406424713
407047829
407478601
407881441
408012037
408218041
408289573
408368663
408580741
408980251
410044951
410204419
410357731
410377915
410733049
410746051
410925871
411838199
412402631
412927901
412936327
413058601
413870821
413976781
414020971
414687023
415006577
415039087
415098161
415108891
415476343
415800703
416168461
417241045
417308321
418065019
418226581
419019889
419124751
419336281
419347963
419350051
419854271
420385747
420465277
421175581
421779961
422052961
422103133
422336251
422515765
422521051
423448651
423664723
424005121
424279621
424703683
424742023
424762801
424840801
425194111
425669641
426002941
426138895
426448411
427165601
427225051
427691521
428010101
428128489
428399161
428457251
428651011
428666221
428715991
428758201
429344917
429446513
429595039
429890581
430131781
430288651
431374951
431590681
431976295
432020317
432523051
432525607
432547651
432740587
433036381
433098631
433315741
433559501
433812229
433925801
434181529
434465851
435147581
435210311
435399031
435408619
435648901
435649033
435848689
436042531
436047067
436215739
436644391
436897819
437029477
437247841
437444431
437558815
437764471
438255181
439309261
439331491
439714133
440306461
440437957
440846891
441646507
442659433
442850923
442871183
443071939
443211961
443253007
443355823
443384023
444030043
444071629
444273985
444634111
444706921
444725051
445001011
445003105
446459131
446497381
446714701
446747851
447191893
447236791
447411553
447550489
447801103
447915763
448242631
449308201
449513911
450692017
451088749
451389139
452040751
452588347
453018721
453366029
453557287
453992111
454013911
454766287
454945501
454963279
455461471
455734711
457274161
457388581
457410331
458368201
458493751
458753401
458858459
458869951
459248641
459785089
460765541
460895119
461338903
461502097
461854261
462181141
462626401
462639277
462640151
463125937
463427947
463603771
463743601
464012033
464169259
464380723
464589247
464790781
464815177
464912839
465476761
465658903
466758181
467061967
467089687
467099011
467307661
467433181
467491753
467971351
468511229
468600301
468619579
468950021
469209751
469328203
469636861
469767691
469784561
469825663
470063791
470119813
470599483
470752133
471059621
471168253
471284569
471333331
471697799
471812701
472708321
473302051
473390017
473435401
473442733
473617513
473750371
473842111
473930965
475210801
475468927
475969231
476059523
476263051
476459101
477006181
477215011
477267481
477654871
477838801
478166911
478343815
478614067
478639829
478927901
479445613
479470789
479586301
480605273
480695023
481089467
481239361
481637381
482164597
482314801
482459851
482498731
482519269
482706271
482772049
483006889
483029821
483474877
484076521
484159651
484844231
484935451
485472409
485627563
486122569
486336811
487240073
487560043
487890703
488175601
488184445
488656981
488696383
488946601
489290551
489829051
489994201
490153471
490234951
490518181
490894111
490983571
491646403
492559141
493108481
493166353
493699441
493917211
493959061
494024965
494286157
494498131
494903431
495020215
495062443
495095057
495159757
495416503
495814051
495873001
496665577
497278081
497429101
497484415
497928985
498013951
498238201
498338881
498442951
498476251
498598255
498662561
499310197
499618351
499998151
500129281
500983627
500985941
501044041
501134563
501539749
501573889
503636563
503758801
504287911
505226767
505354249
505535731
506155313
506455093
507082699
507520133
507565201
507726901
508606771
508710079
509033161
509735839
510111361
511338241
511408171
512303611
512330281
512385391
512489671
513100607
513951901
514286491
514482079
514751221
516058201
516097051
516465007
517567051
517756213
517887631
517937581
518706721
518820101
519442231
519570451
519809701
521064145
521086933
521165713
521460503
521531947
521980201
522337411
522357193
522778621
523100305
523122391
523478981
523972261
524129383
524151253
524178865
524302991
524342701
524416681
524581751
525438901
525444431
527278127
527327983
527761081
527904235
527920093
528415201
528444631
528729781
528863257
529214311
529354547
529782121
529984801
530613907
530717833
530759347
530759989
530766289
531333001
531893519
532238909
532258271
532385191
532400023
533860309
534075211
534521131
534644161
534680251
534821191
535078831
535606561
536682511
537926899
538486651
538773391
538833401
540654409
540721585
540909631
541316143
541458331
541458919
541496845
542173451
542180539
542497201
542571211
542883223
543334651
544101481
544171321
544339441
544500421
544660481
544861633
545057371
545220869
545282131
545430607
545738203
546273883
546911569
547642591
547659451
548124655
548133859
548469391
549117205
549132871
549390619
550198463
551171479
551260711
551297251
551672221
551856551
552221605
552589561
552894301
553081789
553491511
553771081
554171999
554494951
554658751
554821291
555076603
555102871
555196951
555212251
555938251
556450777
556865281
557058133
557163157
557794177
557795161
558112421
558987997
559059481
559325341
559724131
560335231
560612167
560907271
561403921
561435865
562641661
562960007
563096611
563230907
563529611
563947141
564331697
564484921
564875347
564921091
565043473
565473745
565566001
565704091
565753151
565998337
566328937
566488081
566733349
566913061
567396469
568055671
568339069
568569781
568898551
569332177
569507579
569596513
569784403
570214891
570699181
571155509
571706587
571904173
572228929
572446951
573129899
573183451
573248089
573519673
573862021
573896881
574803079
574885567
574894111
574923151
575421301
576052651
576691741
577239247
578376415
578822257
579606301
579871387
579946951
579956653
580026931
580186133
580565233
580725391
580746901
581130733
581227381
581618143
581956831
582433547
582707311
583145011
583248601
583914277
584030179
584956801
585261637
585281791
585809261
585843589
585902953
585903913
586244389
586459337
586577479
586922051
586981801
587143243
587449981
588450061
588956479
589905821
590014171
590751661
590754385
591043771
591197971
591717787
592220311
592234105
593921161
594002773
594047191
594375827
594530911
594751459
594908521
596142643
596714509
596995747
597132811
597386791
597492673
597681721
597717121
598371107
598999591
599317741
599570077
599685943
600058157
600091831
600790259
603841601
604796299
605014531
605033065
605253221
605564851
606732841
607007401
607140773
607154923
608016599
608350807
608693401
608917753
608965397
609244501
609361567
609678401
610200487
611397865
611463169
611852671
612409951
612458461
612816751
613321021
613594703
613686607
614886049
615895897
616015469
616238407
616393801
616523293
616568401
616685887
616907021
617087701
618584407
618883201
618904231
619257871
619409701
619433101
619833871
620072251
620163589
621464923
621787951
622157779
623662903
624775537
626497741
627007259
627421559
628273405
628349851
628362421
628419415
628782127
628903213
629031043
629350345
629560783
630015571
630057191
630584731
630888481
631071001
631314811
631611841
631677421
631767943
632227163
633072133
633182551
633289807
633639097
633739751
633987901
634057183
635689633
635947687
636077611
636442003
636859339
637071499
637306759
638223371
638232211
638842141
638959321
639437491
640325711
640538641
640954171
641490697
641601871
641642527
641703601
642264919
642290027
642524257
643038757
643065481
643082413
643413049
643567051
643767931
647190253
648012773
649032871
649041583
650028061
650215891
650489113
650710321
650874841
650982907
651409231
651854971
652863751
652969351
652997269
653553811
653733961
654288031
654346391
655219207
655487929
655523311
655850137
656038937
656075971
656748631
656824033
656958061
657067951
658889911
659377321
659603431
659846021
660069259
660518551
661129651
661686571
662210731
662611951
663397939
663760681
664574653
665394017
665743429
666353143
666434791
666699607
666751903
667563487
667837171
668530171
668719381
669485881
669916099
670208533
671506561
671651191
671933971
672094501
672169291
672389641
672552937
673091101
673725469
673778827
674000029
674600053
674737523
674910259
675025351
675106651
675168193
675569791
676178011
676273027
676491949
676613257
676880821
677285233
677349217
677497393
677845711
678203461
678452923
678966211
679151651
679306231
679832081
679975003
680235011
680247601
680403781
680471041
680609551
680860351
681303241
681650383
682015951
682053373
682460501
682512601
682528687
682655999
682709311
682786261
683004551
684717223
685776091
685797841
686052511
686207971
686984611
687601081
688050301
688075501
688334761
689398711
689443273
690225787
690801229
691225543
691540921
691543381
691807285
692144671
692484311
692597647
693747001
694656901
694691551
694800101
695406727
695964977
696032791
696157039
696447181
696514583
697754971
697791403
698840461
699224137
699322423
699566491
700331347
700361641
700627591
701781071
702237151
702345007
702568351
702683101
703441531
703787551
703995733
705037097
705226501
705883951
706028101
706562851
706600441
706698259
706714471
706915009
707265451
707293243
708570661
709183399
709956001
710541481
710741953
710865541
711264331
711304903
711424297
711675667
711876881
713054651
713232797
713278369
713921911
714123551
714619277
714757909
714930391
715670683
716089879
716389831
716402611
716485231
717653129
718092607
718944227
719862451
720385903
721157515
721566847
722339623
722508229
722754901
723350461
723466423
723606391
726213671
726458923
726775603
727083001
727861615
728583071
728600449
728708401
728811091
728948557
729026689
729055351
729068359
729090001
729094843
729272701
729790381
730100251
730105801
730326961
731016631
731018891
731024339
731172421
731785861
732113005
732473953
732736621
732999493
733010221
733013341
733039903
733044901
733045951
736098931
736333333
736919821
737162431
737846551
737971741
738769501
738820351
739065611
739444021
739521667
739643491
740433505
741470549
741964861
741981871
742399351
743404663
743832091
745745461
746269231
746706961
746712253
747083891
747085501
747236701
747325237
747504451
747856073
748574047
748604033
748691591
748773169
748959709
748990171
749546029
749894041
750094151
750632137
751449799
753182431
753532781
753578981
753624631
753987379
754004251
754020361
755987581
756088351
756205633
757020439
757158533
757272707
757625653
757894831
757895251
758056531
758103841
758142883
758379511
758533351
758687581
759541321
759778735
760264009
760692661
761178061
761507833
761688481
762001021
762133751
762239809
762399151
762592819
762595627
763061797
764240611
765245881
765378241
765406153
765898171
766947805
767553151
768075295
768404251
768657583
768844231
770727211
770884381
771350581
771678865
772320655
772798951
773131927
773286889
774084151
774310267
775136251
775368901
775866001
776081503
776176261
776437489
776728661
777016891
777664639
777993931
778482991
779819587
780251671
780545311
781091329
781303861
781347841
782581171
783291307
784536787
784861441
785190451
785213801
785483581
785514751
785846071
786046261
786139201
787085857
787209277
788394817
789026851
789033421
789375511
789445691
790162501
790858927
790871311
792335317
792476101
792698293
793045561
793100519
793228303
794134001
794937601
796353391
796976335
797125951
797179531
797298869
797900671
798134833
798770161
799162561
800055367
801093011
801123451
801610681
801803839
802680877
803103571
803107493
803127151
803744371
804734581
804978721
805042603
805055461
805470307
806872013
807115753
808338271
808562791
808914881
809068321
809350543
810009637
811082611
811110301
811374709
811467073
811478533
811525567
811909841
812154421
812405017
813185311
813411089
814056001
814441633
815915563
816002419
816024161
816099895
816718681
816849751
817076611
817918843
817934063
818243479
818248159
818874541
821008735
821162179
821421901
822177379
823188367
823495919
823617673
823988341
824405041
824465071
824532931
825374719
827439607
827980471
828781231
829247077
829575119
829673527
829678141
829978381
830030809
830194729
830399041
830533471
830699281
831417709
831736231
831762851
832236451
832870891
833091631
834121447
834191353
834206071
834244501
834720601
835193941
835241341
835935361
835955485
836712661
837540991
837878149
838110673
838548019
838588411
839059213
840274051
840749761
841217653
841340521
841648171
841678705
841741237
842105671
842220289
842245111
842423713
843218443
843463501
843670297
844075051
844779769
844788757
844893901
845569591
845821081
846961321
847482049
847660591
847691461
847898101
848490931
849349501
849482701
849606031
849674731
850028939
850053271
851703301
851934601
852326777
852729121
853578751
853674931
854359001
854573591
854581807
854622601
855082177
855686161
855734401
855867811
855990143
856070599
856425961
857052451
857538991
858236743
858859651
859096477
860088337
860923351
861657343
862649191
863984881
864113251
864496933
865020631
865224451
865322371
865426171
865890469
866008153
866494931
867284551
867519577
867800701
867951503
867965251
868172761
868316467
868707643
868811263
868827961
869132755
869598451
870898939
871157233
871195561
871296973
871300351
871425391
871948801
872380321
873631027
873775841
874153507
874528831
874837633
874910341
875193601
875729989
876289387
876850801
877272181
877532671
878603701
878607031
878940833
879080401
879582791
880090741
880554547
880566209
882117271
882676441
882985741
884304037
884584891
884918035
885336481
885460291
885547939
885556351
885561961
886615115
886695109
887141971
887219023
887708251
888700681
889047121
889255423
890687621
891052507
891706861
891973783
892179685
892938619
893377633
893539333
893692819
894599101
894611911
894809791
895082143
895398523
895518079
895889215
896046181
896263705
896307427
896901461
897756751
897880321
897916207
898008259
898384501
898525651
899499601
899908363
900037711
900421117
900733861
901568179
901982467
901999099
902096161
902683783
902946227
903788971
904221641
904609501
905084713
906471301
907475851
907825591
908381431
908750179
908809021
909521911
909646411
910203931
910904191
911342251
913778011
914350841
915087473
915211571
915641821
915648427
915941737
916226641
916392727
917176051
917397601
917556877
917602777
917897401
918023891
918400033
918573503
918600751
918661501
918940327
919662511
919891201
921066859
921425221
921822811
922601881
922845241
922944439
923837641
923992807
924335371
924473971
924775699
924930091
925198081
926168533
927045913
927106561
927113797
928040131
928763543
928876411
929335771
929559403
930745621
931617961
931644583
931840531
931869553
931881511
932148253
933078121
933200123
933554551
934063901
935333191
936656281
937013621
937769329
937793431
938376181
939369001
939448693
939555619
940123801
940379623
940494619
940661101
940724555
941056273
941870755
942448957
942520597
943312393
943719781
944235931
944500519
944817877
945154879
945910351
945959365
946774981
947198521
947342353
947485351
947950501
948393559
948834811
949005541
949324951
949837435
949941811
950157601
950313127
950371003
950632645
950857741
951507511
951510433
951636511
951733651
952717501
952773031
953815921
954732853
955134181
955297771
955527301
955609903
956309831
956427481
956558387
956874601
957765607
957958195
958762729
959108207
959285701
959288567
959382467
959770741
960946321
962375941
962983183
963615457
964332181
964997215
965209861
965326051
965647411
965658511
966769441
967175257
968133739
968283247
968553181
970155649
970355431
970670701
971203447
971700301
972142373
972372601
972471151
973087921
973225807
973286965
973352251
973448209
974232601
974422879
974764021
974892133
975765787
975817987
976074269
976175551
976436413
976488871
976794841
977046533
977397103
977737321
977770531
977929723
978563041
979001839
979144951
979363153
979869211
980081383
980957071
981317701
981484561
981559297
981789337
982249789
983811583
984207841
984607741
984640651
985052881
985075681
985326301
985764781
986426131
987177205
987668683
988506991
989034061
989306935
989893367
989927191
990035317
990061957
991440451
991523479
991938251
993161161
993420289
993770137
994758661
994885141
995586373
997695661
998849281
999260501
999271891
999582991
1000567501
1001112331
1002261781
1002398551
1002604513
1002932443
1003103011
1003724821
1003939651
1004752181
1005606751
1006272541
1006335361
1006679401
1007713171
1009014571
1009496335
1009743731
1009912627
1010914723
1011123001
1012601251
1012710571
1012846537
1014292945
1014599881
1014742621
1015269391
1015429141
1015626151
1016393401
1016553011
1016788891
1017631315
1018928485
1019091943
1020442537
1020775139
1021077991
1021281301
1022128261
1022239387
1022388641
1023048061
1023430591
1023640381
1023685349
1023855295
1024157429
1024516693
1024663921
1024757581
1025027771
1025468011
1026438247
1027050499
1027281943
1027668871
1027744453
1028018413
1028328301
1028494429
1028591801
1028769211
1028952541
1030354417
1030401901
1031009741
1031917811
1032034501
1032071251
1032101461
1032108313
1032746695
1033071061
1034080321
1034283421
1035313021
1035384527
1035608041
1035710483
1035988087
1036744219
1036995919
1037447539
1037627051
1038097567
1039082791
1040234231
1040257783
1040295691
1040334607
1040427901
1042265827
1042271029
1042553311
1042647763
1043181811
1043218321
1043467711
1043606971
1045953163
1046641531
1046991331
1047312085
1048066591
1048385671
1049426899
1050721561
1051630273
1051837999
1051839811
1052249761
1052291791
1052823241
1053059521
1053732751
1054770211
1054841971
1055512369
1056180133
1057109131
1057367593
1057376107
1058795101
1058797687
1058836807
1058894533
1058989231
1059124921
1059339205
1061084701
1061730451
1062069751
1063265677
1064519011
1064534851
1064736901
1067323951
1067643991
1067736541
1067802667
1067920811
1068761027
1069683403
1069703551
1069731901
1070042359
1070063191
1070359879
1070875051
1070941987
1071126001
1071423991
1072085941
1072679659
1073299501
1073349187
1073539951
1073729801
1073827147
1074363265
1074403891
1074800827
1075004701
1075490821
1076271379
1076867977
1078750297
1079063371
1079556193
1081142101
1081192645
1081607311
1082209601
1082492251
1083073267
1083234241
1084242361
1084393129
1084444481
1084952881
1085125951
1085139343
1085205745
1085255893
1085765251
1086477809
1086668701
1088416421
1088524711
1088673997
1088763001
1088778691
1089544303
1089682837
1089991981
1091272331
1091403391
1091486197
1092215521
1092902533
1093171969
1093637491
1093770847
1093916341
1094339401
1095225301
1095280759
1095485821
1095963751
1097475835
1097509811
1097606593
1097875471
1098000091
1098094981
1098777331
1099619947
1101376711
1101999893
1102346551
1104194521
1104701563
1105322653
1105742731
1106451361
1107266791
1107696511
1108505777
1108882711
1108973251
1109467381
1110148033
1110816421
1110891601
1111114663
1111502701
1111587841
1111771957
1112103541
1112237581
1112525731
1113802003
1114075387
1114598413
1116714413
1117004257
1117179361
1117547201
1117948393
1119272311
1119273961
1120076281
1120170349
1120414231
1120657429
1121176981
1123406047
1123459657
1123625501
1124199259
1124921029
1125038377
1125376957
1125907111
1125978931
1126030327
1126031347
1127446453
1129716811
1129869343
1130574061
1130893999
1131317101
1131872029
1131881251
1132350031
1134044821
1134156901
1134696067
1135103867
1135425547
1135428031
1135556173
1135781177
1137320581
1137966061
1138055839
1139434453
1139527567
1140441121
1140782827
1141153651
1141350211
1142300503
1142910001
1142963263
1143025057
1143488701
1143693667
1143730459
1144669501
1144898863
1145170153
1146230611
1146953089
1147907941
1148247871
1148556683
1149135751
1149584437
1150703347
1150839091
1151221951
1151583301
1151917111
1152001699
1152005713
1152683155
1152779041
1152793621
1152990091
1153290961
1153366501
1154960731
1155025171
1155189631
1155357389
1155967723
1156012457
1157445451
1157839381
1158491641
1159092667
1159421509
1159896277
1159974119
1160358359
1160527501
1160704315
1161492047
1162161379
1162163539
1162202581
1162265833
1162290781
1162625581
1162868071
1163168077
1163446811
1163659861
1163928109
1164653953
1165956121
1166290123
1167684751
1167823621
1168150411
1168256953
1169088811
1169722399
1170435721
1170722863
1171525681
1172067583
1172735731
1172817151
1172924471
1173071059
1175267767
1175297761
1175308721
1175602681
1175799241
1175972981
1177281451
1177778671
1177874587
1178159221
1178330221
1180757143
1181531611
1182502393
1183023703
1183628437
1183807711
1184508751
1184554801
1185066451
1185355729
1186382413
1186524991
1187012485
1187695711
1188646903
1188738233
1189577341
1189817371
1191216133
1192252987
1192508885
1193229577
1194668839
1194866101
1195685821
1196092619
1196969707
1197009835
1198650961
1199671201
1200417571
1201550581
1201773689
1202056471
1202142061
1202150851
1202480593
1202588641
1202683373
1203263797
1203705979
1204034959
1204187797
1205786737
1206475051
1207002655
1207006801
1207252621
1207443511
1207502479
1208026471
1208125777
1209271141
1210962059
1212297847
1212753703
1213347691
1214493089
1214703721
1215017519
1216456001
1216506373
1216843601
1217508293
1217524459
1217829817
1218525331
1218710791
1219342141
1219554811
1219858921
1220417731
1221044653
1221485035
1221517991
1221701293
1223472169
1224393409
1224610207
1224748171
1227264589
1227501661
1227573271
1228246489
1228353841
1228957003
1229501989
1229866087
1229956003
1230331411
1230582403
1232013421
1232097751
1232469001
1232713511
1232853007
1233001771
1233023023
1233250585
1234125721
1234290919
1235910331
1236313501
1236691021
1236865951
1238247781
1238517649
1238846407
1238891431
1239852835
1239902401
1241248711
1241764105
1242128539
1242171349
1242227647
1242693121
1243122661
1243223371
1244577529
1246741367
1247365211
1247875903
1248258733
1249622743
1249785941
1250700907
1251295501
1251499951
1251533977
1251633241
1251847873
1251965341
1252569361
1254515659
1255215259
1255389031
1255621861
1255663267
1256012101
1256276581
1256652013
1256711359
1257691051
1258133131
1258962541
1259514281
1259875621
1260332137
1261099531
1261873621
1261885211
1261949539
1262158381
1262641501
1263293281
1264003021
1264145401
1264258579
1264703167
1264928149
1265465413
1266025351
1267133311
1267154071
1267600105
1267643557
1268469781
1268946253
1269295201
1270810087
1271603521
1272265471
1272866167
1273192285
1274398741
1274436901
1274609701
1275538591
1275816781
1275932791
1276582321
1277966971
1279106851
1280149831
1281364111
1281364363
1282500103
1282816711
1282877245
1282996261
1283690395
1283728951
1284563071
1284674969
1285438681
1286064673
1286298133
1286407711
1288046101
1288189189
1288349851
1289084161
1289508679
1290090463
1290278029
1291047121
1291338541
1291412431
1291773451
1291933501
1293039239
1294261781
1294971601
1295006791
1295074171
1296742621
1297040671
1297541059
1298986081
1299513931
1299963601
1300377835
1300678669
1300812331
1301342491
1301698927
1302013303
1302015781
1302145267
1302352501
1303910581
1304553251
1305942121
1306742221
1307946871
1308544903
1308630163
1308868903
1308958751
1309440001
1309531861
1309608739
1310671111
1310835961
1310971741
1311284801
1312328611
1312538551
1312845661
1314056899
1314657121
1315768195
1317793591
1318126321
1319139001
1319190331
1319315713
1320044683
1320425569
1321492663
1321588771
1321734497
1322140501
1322722693
1323011377
1325172421
1325802559
1326426319
1326759641
1326974897
1327026403
1327805407
1327935115
1328256247
1329306121
1331574553
1332313291
1332521065
1332633277
1333205497
1333215703
1333767961
1333842607
1335105703
1336100959
1336140751
1336207049
1337686945
1337765419
1337924071
1337927473
1338452501
1338605713
1339871491
1340117311
1341231211
1341726211
1342082141
1342577857
1344350921
1344373691
1344450241
1344690073
1345289261
1345571921
1347387361
1348150051
1348324661
1348484221
1349026753
1349671681
1350111841
1351660039
1351700911
1352153341
1352265949
1352401597
1352952601
1352995211
1353440233
1354782511
1354991653
1355213687
1355922613
1356329627
1356569299
1356641677
1356661711
1358168761
1358425741
1359481589
1359617689
1360200115
1360747351
1360896901
1362132541
1362791521
1362804481
1364320729
1364378203
1365287239
1366222009
1366274383
1366303681
1366494529
1368161521
1369125541
1369446431
1371720013
1372681861
1373980231
1375684831
1376346691
1377352351
1378203751
1378250731
1379475037
1379928421
1379933857
1380756091
1381108591
1381647439
1381925431
1383052441
1384157161
1384962419
1384978231
1385142661
1385188579
1385627077
1386108451
1387709731
1388135953
1388400751
1389272851
1389353941
1389913543
1391292001
1392379561
1393253191
1393687801
1394182105
1394524811
1394550169
1394632891
1394942473
1395260413
1395564127
1395966367
1396183367
1396711573
1397169091
1397273687
1397316061
1397357851
1397396287
1397678699
1400118103
1400575177
1400629831
1401906641
1402248403
1402576561
1403607971
1404111241
1404228421
1404403273
1404599491
1405660231
1407383911
1407542611
1407548341
1407953971
1408013443
1408610503
1408811251
1410341377
1410521941
1411040359
1413277951
1413960139
1414125451
1414237051
1414363951
1414504519
1414786501
1414938377
1414987003
1415496391
1415969101
1418161681
1418362051
1418451931
1419339691
1419351517
1419459121
1420062205
1420379065
1422057781
1423618499
1424287099
1425524563
1425860101
1427204251
1427491963
1427725927
1427876839
1428141001
1428746941
1428966001
1429182091
1430453323
1431974935
1432852711
1432940671
1433455813
1433882341
1435173361
1436131621
1436699437
1437355811
1437684931
1438334983
1439205391
1439492041
1440231941
1440389791
1440449011
1440752827
1441316269
1442229031
1442692285
1443365551
1443652033
1443826957
1444441861
1444888951
1445084173
1445889667
1446153361
1446457933
1446551191
1446812641
1446883063
1447091491
1447293211
1447467841
1449081451
1450130849
1450440001
1452280999
1452625271
1453133221
1453356829
1453548403
1453672481
1453742977
1454168101
1455517751
1455916891
1456588381
1456901419
1457426521
1458051337
1458128179
1459015451
1460894401
1462497841
1463008951
1463178817
1463756881
1464568381
1464576499
1464832747
1465058449
1465217911
1465415719
1465685527
1465749451
1466936899
1467151471
1467217897
1467260621
1467276823
1467817471
1468000891
1468549013
1468592539
1469214019
1469696339
1469768653
1470083401
1470650851
1470789301
1471426111
1471523221
1471541143
1471735591
1472554651
1472619667
1472650999
1472674573
1473813391
1474074181
1475522413
1475783377
1476648901
1477422187
1477604461
1478647951
1478932093
1480664191
1480849831
1481307751
1481597801
1481619601
1481626513
1481714627
1482430411
1484071681
1484080291
1486078903
1486161673
1487387611
1487884201
1489216999
1489420387
1489705507
1490630581
1491219227
1491510899
1491832369
1492102261
1492567021
1492762133
1493324911
1494562369
1494595801
1494659881
1494714493
1495564651
1496433205
1497952771
1498104661
1499890141
1500703579
1501011001
1502188501
1502584357
1502668621
1503351991
1504350541
1504842571
1505050261
1505432881
1505864111
1507178851
1507232791
1507296841
1508953447
1509885877
1510726897
1511042851
1511819641
1513022545
1513412057
1514807281
1515625651
1515657823
1515785041
1516594213
1516669939
1516971301
1517196451
1518290707
1518700591
1519237981
1519834681
1519992073
1520467201
1521167617
1521221473
1521352981
1521641707
1521734597
1521835381
1522669051
1522677871
1522957129
1523529751
1523801521
1523812819
1524170129
1524886663
1525781251
1526916691
1526946229
1527064111
1528936501
1529914663
1530141757
1530898111
1531245379
1531929841
1532419099
1532740751
1533512371
1533555271
1534768031
1536112001
1537138747
1538012449
1538753581
1538990251
1539131671
1540208251
1540454761
1540550413
1541980717
1542042451
1542350701
1543357663
1543865779
1544339197
1544599061
1545387481
1546249951
1546517935
1546974091
1547040781
1547076349
1547543161
1548045451
1548089821
1549251299
1549308001
1549353421
1549964371
1550063359
1550256481
1550581231
1550612701
1550975791
1551988291
1552103821
1552342807
1552365881
1552891201
1555023331
1555049431
1556033221
1556135521
1556856301
1557305371
1557970723
1558595131
1558678771
1558913203
1559720701
1561232611
1561975417
1561985965
1564278211
1564637101
1564746121
1565138611
1565791067
1567720631
1568792341
1569202181
1570997431
1571111587
1571163451
1572069709
1572279791
1572613615
1573689151
1573953541
1574362441
1575429031
1576939651
1577004661
1577059201
1577137501
1578051151
1579079503
1579452601
1580201501
1580449201
1581540013
1582547851
1582571321
1583205643
1583572381
1583779603
1583929441
1585009351
1585350271
1586528107
1586548531
1588247851
1589800609
1590910501
1591661521
1591783447
1592225449
1592595703
1592668441
1592974801
1593306541
1593996427
1594123561
1595120473
1595288773
1595566621
1596620681
1597018591
1599196381
1599451837
1600952221
1602345151
1602447001
1603515331
1603709761
1603924081
1604135233
1606158299
1606195591
1607530051
1607607031
1607791061
1608312571
1608729127
1608751523
1609098583
1609593931
1609916491
1609921171
1610596351
1610844929
1611568547
1611615151
1611832861
1611842101
1613004715
1613861239
1614341431
1614512251
1614772951
1614912391
1615335085
1616387653
1617562051
1617586471
1618206745
1618435171
1619447741
1621413001
1621472581
1622644765
1623031201
1623595051
1624031971
1624628251
1624962115
1625330071
1625725207
1626167341
1626518227
1627241491
1627816387
1628195851
1628740387
1630062253
1631904913
1632785701
1632816001
1633240001
1633373461
1633572379
1634551381
1634861971
1635050131
1635548221
1636447513
1636644571
1636820761
1637171803
1637212483
1638294661
1638495001
1638564181
1639115731
1639561111
1640209411
1641086371
1641211961
1642207051
1642736519
1644236551
1644359185
1645859251
1646303731
1646590843
1647328181
1647401701
1647890623
1648076041
1649012143
1649080681
1650235153
1650287083
1650294073
1651267291
1651451551
1652161519
1652537719
1653171121
1654537921
1654864831
1656017353
1656058051
1656280033
1656294631
1657119223
1657346521
1658181701
1658333251
1659856969
1660392343
1663725919
1663788251
1663808455
1664337601
1664739949
1664879383
1665152851
1665348647
1665450221
1665597781
1665709405
1666434361
1667422963
1668060253
1668425581
1669324483
1669528801
1670382715
1671117883
1671479551
1671603667
1671738355
1671854029
1672111841
1672459309
1672547531
1673513731
1673857739
1673927605
1675121887
1676082517
1676203201
1676311151
1676734921
1676763991
1677178621
1678569121
1678611049
1680901381
1681812823
1681932961
1683174533
1684418401
1684761283
1685114551
1685169055
1685322707
1686354757
1687369321
1687543891
1690698031
1690914781
1691113999
1691379901
1692030871
1693342333
1693707301
1693715101
1694368963
1694484013
1695303821
1695568001
1696796641
1696913551
1697213407
1697597201
1697675869
1697897543
1698083251
1698585211
1698623641
1698820531
1699177711
1699225801
1699279441
1700370569
1701129281
1701185641
1702123201
1703130133
1703173771
1705641901
1706302123
1706302153
1707699491
1707704461
1708117447
1708504813
1708549501
1709127811
1709983171
1710036901
1710129719
1710452281
1711083907
1712640511
1712985301
1713124513
1713125233
1713319453
1713824911
1714348579
1715427451
1718106481
1718528455
1719454591
1719867911
1720460281
1721154799
1721558401
1722384301
1722463471
1722703501
1722825721
1723188565
1723209101
1723998223
1724060911
1724126171
1724196781
1724548807
1724610979
1725547321
1726007797
1726372441
1727408143
1727781571
1728838297
1728960133
1730007301
1731264079
1731474379
1731919351
1733739853
1734429061
1736569693
1736586343
1737145979
1738201541
1738845343
1738851007
1739338889
1739521411
1740205741
1740323431
1741150951
1741327267
1742106091
1742168221
1742664421
1742708773
1743095341
1743159793
1743328471
1743392201
1743657931
1743970033
1747256579
1748554531
1749752107
1750245211
1751209429
1751246641
1751506093
1751527471
1751981887
1752049531
1752051211
1752172003
1752241823
1752710401
1752878389
1752958891
1753208821
1753593031
1753766143
1753814107
1754576617
1756262531
1757000341
1757055847
1757148121
1759381763
1759479929
1760460481
1760706811
1761086449
1762308623
1763702533
1763893661
1765560469
1765780471
1768006981
1768424197
1768585969
1769031901
1769148751
1769434381
1769605921
1769883535
1770120241
1771447019
1771976251
1773096931
1773196363
1775182411
1775471287
1775658259
1775969347
1776450565
1778382541
1779454171
1779614551
1779806117
1781826929
1782923311
1783038907
1783334719
1783401247
1783971883
1784491523
1784975941
1785172411
1786910671
1787297617
1789336463
1789586605
1790023861
1790023969
1790288281
1791426787
1792442737
1792835101
1793056771
1795216501
1795273943
1796721907
1796960551
1797382823
1798016221
1799006671
1799250571
1801558201
1802778901
1803016261
1803278401
1805947313
1807218011
1807751977
1808760331
1809919111
1810050661
1811495701
1813073653
1813810501
1814183371
1815826651
1817067169
1817168731
1817226091
1817342287
1817998267
1818882901
1820306953
1820526151
1820723191
1820734147
1820881807
1821500041
1822479751
1822587751
1823174413
1823977051
1824191281
1825462279
1826206471
1826695801
1826906621
1827554653
1828036729
1828050445
1828182427
1828887061
1830703711
1832254399
1832625761
1833328621
1833515491
1833670357
1835114401
1836810481
1837240483
1838251801
1838325853
1838453203
1838494297
1838871763
1839888181
1840388243
1840512787
1840525831
1841312377
1841314351
1842154651
1842418051
1844279011
1844641891
1845024791
1845644201
1846673335
1848505957
1850661583
1852317251
1852666901
1853156341
1853659697
1854001513
1854597851
1854871201
1854925255
1854940231
1855100017
1856009377
1856689453
1857296035
1857605137
1858395529
1858820671
1860373241
1861026133
1862510101
1862823791
1863014161
1864392427
1865243113
1866153901
1866217717
1866986893
1867388707
1867996351
1868270491
1868452381
1869088651
1870613101
1870663411
1870674037
1871390071
1872063271
1872831871
1872862615
1872872431
1874458741
1874924731
1875365731
1876447927
1876485691
1876900481
1877190283
1877386771
1877445571
1878630391
1878691753
1878810697
1879712953
1879828501
1880490481
1881346723
1881470683
1881534535
1882775467
1884132941
1884179273
1884992653
1885467781
1885752763
1885931111
1886370445
1887446161
1887757769
1888344259
1890097679
1892134609
1892737441
1893144961
1893427981
1893583519
1894909141
1896689737
1896789349
1896969751
1898717965
1899494311
1899525601
1899551251
1899915649
1900209169
1900823653
1901233291
1902303721
1902768409
1903296313
1903454747
1904524903
1905283801
1906162207
1906235119
1909260299
1909566073
1911197947
1911690479
1911990691
1912344631
1912548011
1912867543
1913296951
1913422591
1914031351
1916729101
1917399521
1919693161
1919819071
1921086091
1921309633
1922029381
1922485969
1922864123
1924810291
1928121361
1928550997
1928971801
1929022291
1930126321
1930167961
1930534453
1931192011
1934350351
1935151651
1935322657
1935465301
1935969211
1936529281
1936547929
1937292061
1937654191
1938228451
1938612655
1938945289
1939369531
1942089601
1943078497
1943116183
1943523811
1943951041
1944934369
1945081951
1945752679
1946049247
1946129491
1946374109
1947245323
1949584501
1949646601
1950276565
1951469101
1951591123
1952417461
1952951671
1954853641
1955219311
1955324449
1960013611
1960278739
1961021971
1962730531
1962804565
1963529443
1963712713
1964283421
1965948013
1966146451
1966857691
1967460683
1969242871
1969244761
1969429531
1970256151
1970454871
1970495605
1970509135
1971353539
1971531151
1972743469
1973398141
1974056491
1975557113
1976295241
1976368321
1976640967
1977039811
1977147019
1977785371
1977984919
1977991051
1978270021
1978429531
1979933491
1984053517
1985265451
1985348527
1986165787
1986220787
1986629167
1987180021
1989628327
1989985453
1990056007
1990362349
1991063449
1991751931
1992633551
1995830761
1998273565
1998913411
1999004365
1999743661
2000436751
2000688481
2003561051
2003569501
2004299641
2004406261
2005755937
2006309311
2006572681
2006625853
2007244471
2007860171
2009621503
2009675501
2010214441
2011297009
2012422231
2014775911
2016139595
2016340081
2016784981
2017574431
2017801381
2017921291
2018761111
2019986233
2021542501
2022122557
2022978449
2023073101
2023122091
2023528501
2024149843
2024178913
2024869991
2025112501
2025725599
2026170961
2026816663
2027668301
2028110161
2028519019
2029244551
2029328941
2030384231
2030516251
2030759587
2030781751
2033787301
2034039871
2034348961
2037233839
2037903739
2038093597
2038345579
2038634731
2039888131
2040687181
2040713641
2040743251
2041025581
2042467741
2042507251
2045295091
2045693651
2046462211
2046770701
2047861171
2048443501
2048751901
2049293401
2049459523
2049645859
2051420995
2052483679
2052500347
2053449451
2053629721
2055021031
2055126331
2055814897
2055984931
2056837781
2057835781
2060910307
2061251749
2061854137
2063228203
2063345509
2063942857
2064236401
2064373921
2065040353
2066420501
2067887557
2068867841
2069490277
2069613019
2069810821
2070701185
2071874419
2071972981
2072237131
2072488771
2072565631
2073560401
2073912961
2074393787
2076192007
2076374941
2076721291
2077067221
2078801797
2078901721
2079090019
2079772147
2079972091
2080544005
2080742479
2081658511
2082440533
2082837251
2082857491
2084142061
2084833081
2086236181
2086679251
2087028067
2087420713
2088126151
2088900793
2089348291
2089393951
2091345367
2091518339
2092743179
2092866049
2092913479
2093830531
2093987701
2094177403
2094534559
2094877891
2095002631
2096128273
2096461039
2096510417
2096692033
2098350253
2098359143
2100090811
2100543521
2101799071
2102263801
2103743321
2105887627
2107359851
2107535221
2110898917
2111416021
2112013531
2112975919
2115400171
2115769633
2117185051
2117555641
2117955451
2118525281
2118597955
2119102651
2120560751
2120681899
2121988051
2123377831
2123413381
2123416351
2123792551
2124004411
2124004919
2125213201
2125236001
2125774759
2125963591
2126689501
2126800747
2129856541
2131620571
2131822801
2134311901
2134502137
2135133001
2135166877
2136140621
2136400813
2136546061
2137425991
2137736161
2138190343
2138250751
2138446597
2138706389
2139018229
2139462991
2139637831
2139819001
2140082101
2140410151
2140419763
2140699681
2140870771
2141033203
2142324367
2142871459
2144098645
2144513071
2144961253
2145152197
2145357481
2146536019
2147291821
2147601331
2148892903
2149051771
2149983151
2150063191
2150466571
2150489251
2153145601
2153447227
2153635561
2155416251
2155824721
2156216567
2156767003
2158285591
2158378651
2159165749
2159679511
2160475181
2161342261
2161582291
2162323351
2162366251
2162461663
2164573411
2164701631
2164829701
2165494501
2165592781
2167107721
2167327207
2167574473
2169646561
2170185517
2170186021
2170282969
2170781341
2172466801
2172857611
2173540951
2173956907
2174044709
2174096431
2174173651
2174790619
2177027281
2177046691
2177449183
2178672517
2178944461
2179383151
2182281601
2182693717
2182774897
2183601107
2183723809
2184744451
2184865651
2186347255
2186404903
2186527523
2187108001
2187114805
2187181333
2187303391
2187426385
2187514351
2188209751
2188728341
2190825631
2192220161
2193192877
2194422751
2194470293
2196278143
2196845311
2197813333
2197944451
2199129067
2199238231
2199931651
2200609351
2200734361
2201879791
2201924341
2202004697
2202338713
2202491719
2203211011
2205014581
2208676471
2210462591
2210621797
2211343201
2212154605
2212287661
2216123671
2216267467
2217096239
2217839131
2217879901
2218416619
2218920481
2219911651
2220071311
2220755461
2222770159
2222829001
2223471251
2223609161
2223876601
2224183501
2224220233
2224278253
2224597447
2225576123
2227035227
2229108499
2230305949
2231476987
2231734051
2234642131
2234695231
2235504271
2235562147
2235757987
2236922521
2238280147
2238286831
2238630031
2239622113
2239907581
2240507821
2240588581
2241116827
2242193941
2242352971
2242724851
2244484331
2244932281
2246056261
2246916001
2247143491
2248501801
2250292687
2250357679
2250556561
2250728503
2251732033
2252072509
2252612539
2252705473
2253376133
2254690351
2254796281
2256666133
2259418519
2260585651
2260689103
2261424151
2261510251
2262795235
2262861901
2263318801
2263761793
2265225211
2265424771
2266747561
2267121361
2267429599
2269506313
2272178251
2273314051
2274521959
2275115767
2275568011
2275631191
2276290297
2276606503
2277332641
2277743329
2278677961
2280105367
2280656953
2280743011
2282458579
2283294511
2284364395
2284660351
2285857639
2286789301
2287447111
2287788841
2288137601
2290773871
2294119183
2294455411
2294462971
2295169591
2295209281
2295578911
2296094737
2297149453
2297460691
2297978413
2298363451
2299068685
2300877001
2301403807
2301467311
2301745249
2301828211
2301980801
2302419601
2302706551
2303646031
2303921629
2304156469
2304710123
2305042741
2305346443
2306234101
2306716021
2307317479
2307480211
2308966661
2309765221
2310414841
2311558021
2312888293
2312963333
2314820377
2315575945
2315947411
2316278221
2317576801
2318452081
2318730091
2318964821
2319724441
2320640011
2320762951
2321300833
2321551751
2322648901
2322661751
2323147201
2324511883
2325294241
2327748337
2328851161
2329584217
2330338249
2330565121
2331181621
2331615931
2332301401
2332461949
2332767295
2333010751
2333830591
2334697441
2335522393
2335640077
2336012461
2337334621
2337802561
2338293961
2339497399
2341235167
2342409691
2344056823
2344261591
2344310101
2344794157
2344810609
2346386923
2347597981
2347701661
2348491699
2348964703
2350059811
2351602801
2351733931
2351738611
2352420019
2352708451
2352777571
2355320101
2360261989
2361232477
2361627307
2362166521
2364094861
2364671407
2365268401
2367314101
2368671661
2369012651
2369322901
2371181473
2373312271
2374143157
2374374259
2374684813
2375073955
2376959131
2377845289
2377871941
2378080279
2378397397
2378844043
2379610351
2380603501
2381752351
2382304501
2382356971
2383927651
2384515201
2386172251
2387525141
2388570757
2388866719
2389803361
2391928477
2394278651
2395474027
2395483927
2395761031
2398364911
2398860091
2399134123
2399430661
2401464451
2402301451
2402703977
2404254271
2404942541
2405987497
2406476437
2407831051
2408327041
2408469961
2409040411
2409361045
2410250311
2410709437
2411193019
2412172153
2414673271
2414829781
2416334131
2416803481
2417562005
2417743351
2418196051
2418501541
2418818923
2420684779
2423647663
2424553051
2425221151
2427745249
2430078971
2430556381
2430632101
2431144801
2431909327
2433213721
2433889081
2433943891
2435792461
2436691321
2437783223
2438403661
2438969941
2439264997
2439600833
2439813181
2439927631
2440519471
2440646443
2440832911
2441432503
2441841751
2443197061
2443708961
2445019831
2445805259
2446662367
2447248627
2447358211
2448848981
2449037593
2449191841
2449462247
2449575001
2450763811
2450821811
2450982301
2451428983
2453060971
2454316411
2454502501
2455024133
2456536681
2458231903
2458698709
2459236627
2459359589
2459637181
2460222001
2460381601
2460564055
2461676197
2462225473
2465033851
2465078071
2465516881
2465932267
2467813621
2467816261
2468485627
2470869253
2471290921
2473189441
2474877511
2475538669
2475820051
2476227601
2476956607
2477812247
2478643907
2480147521
2480415211
2482610029
2482732471
2482801321
2483255947
2483670971
2485230751
2485427491
2487122461
2487455923
2487604351
2488933957
2489462641
2490174919
2490300979
2491092451
2492104819
2493440489
2493698131
2494621585
2494984321
2496474487
2497638781
2498811391
2501709451
2502079441
2503796251
2503829701
2505827941
2506663369
2507395279
2507427433
2507897701
2510085721
2511656071
2511668251
2513090633
2513863969
2514105301
2514768751
2514929581
2514936079
2515005041
2515992013
2516120461
2519186671
2519230141
2519909119
2520596233
2523182101
2523600091
2523611941
2524314871
2525957851
2526364621
2526653641
2526658135
2526670081
2527812001
2528425951
2528655481
2528663957
2529410281
2530186351
2530618177
2531616517
2533685671
2534996101
2535563411
2536067917
2536918999
2537726491
2539024741
2539839727
2540393021
2540487857
2540713231
2540972071
2541013903
2542290643
2542915189
2543211763
2544804811
2545660981
2546257177
2547123301
2547319741
2547621973
2548735651
2548776871
2550139253
2550584671
2551598071
2551809391
2553133441
2553858287
2553889591
2555118301
2557026451
2558637901
2558925443
2560016341
2560600351
2560891327
2560910419
2561654099
2562814621
2563596751
2563994413
2565734851
2566305991
2566454311
2568560051
2568900671
2569777867
2569950181
2570597371
2570753641
2571556213
2572286707
2572534147
2573686441
2574211669
2574243721
2574271855
2575060949
2575260241
2577406379
2578194997
2578310191
2578842367
2579163931
2579260637
2579301199
2579417353
2579788751
2581236181
2581993373
2582799451
2583487217
2584786387
2585837251
2585894581
2586106315
2586883231
2587817833
2588064821
2588392045
2588653081
2589458327
2591705423
2591846813
2593251889
2593416341
2594220751
2596248013
2597294701
2597452651
2597788951
2598183683
2598309091
2598445207
2598689731
2598933481
2599972453
2600611861
2600809471
2601144001
2601944221
2602171951
2603643967
2605557781
2605973371
2606619691
2607584401
2608931051
2609525161
2610404551
2611901293
2613382201
2615193841
2615463649
2615491451
2616180821
2616193273
2617106857
2618191747
2618760031
2619241801
2619847801
2620282951
2620691509
2621191399
2621819773
2621840845
2621977627
2623335859
2625135787
2625912901
2626783921
2627854153
2628578143
2629496773
2629740331
2630374741
2632973071
2633402395
2634209911
2636360191
2637285491
2637313351
2638251751
2638585909
2640013663
2640443917
2641107223
2642025673
2642737051
2643585551
2643966091
2644366861
2645941423
2646946639
2646950953
2648662777
2651390281
2652168731
2652228481
2652660019
2653046551
2653670377
2654002351
2654934631
2655456127
2657314351
2657502001
2658745511
2659393549
2659939453
2662805599
2662828939
2662950739
2664401203
2664841411
2666296831
2667521893
2667583885
2669817151
2670459067
2672703947
2674839511
2676148399
2676876529
2677890367
2678257261
2678497561
2678704051
2683147741
2683150471
2684388631
2684765161
2685860695
2686264147
2688948991
2690094919
2690408533
2690754229
2690867401
2691311221
2692810429
2693739751
2693939401
2695064653
2695148821
2695782223
2696554861
2697374737
2697995371
2699471503
2699507251
2700170551
2701039771
2701700569
2702470861
2703714007
2704383551
2705647141
2706333829
2706687841
2706751153
2707138729
2707475551
2707979903
2709377353
2709867721
2710607311
2711006191
2711393449
2713562867
2715365971
2715893821
2716305643
2717873621
2717931527
2718812629
2718994513
2719703449
2720554291
2720986801
2721137329
2723859001
2725978631
2726702119
2728102651
2728558867
2728730287
2729324521
2730075559
2731949431
2731972951
2732378377
2732535731
2732693461
2733494401
2733864751
2735851369
2736288589
2736316301
2737532953
2737922851
2740174921
2740741699
2741301751
2741617711
2741734921
2741749889
2742496771
2743342039
2743611697
2743706251
2743738003
2745172711
2745342331
2746476559
2747623033
2748131551
2748948301
2749558141
2750868929
2751354991
2753275801
2754547987
2756444041
2756573281
2756663261
2758686595
2759337001
2760438751
2761204951
2761225171
2761545403
2761850743
2761966219
2762709271
2763206731
2763236107
2763262837
2764337599
2764702501
2765560711
2766006253
2766172501
2766403333
2766901501
2769266851
2769361921
2770343869
2770560241
2771071031
2773525691
2774049895
2774491259
2776874941
2777232023
2777780149
2778076421
2778891949
2780879401
2781117721
2781850501
2781939241
2782295461
2782548319
2785170379
2787998641
2788009771
2788705459
2788802941
2788958827
2789162263
2790069931
2791053541
2791315651
2793293689
2793839051
2794061047
2794368241
2794697011
2794904971
2796069871
2796940301
2797002901
2797912987
2798451721
2798692669
2800454581
2801124001
2801454961
2801706601
2802186751
2804470327
2804783533
2805369931
2805608401
2805900571
2806421257
2807378911
2807570701
2810604337
2811031291
2813275693
2813512591
2813543261
2815125377
2815816033
2816876431
2817547201
2817567061
2817867119
2818843951
2818894651
2819238319
2819680861
2819937493
2819942413
2820743531
2821231417
2822521411
2822837341
2824544359
2825491901
2826128971
2826329731
2826400291
2826605041
2827467649
2830767061
2832735121
2834635987
2835372889
2835968059
2836115713
2836853029
2837917633
2839669561
2839992427
2840963203
2841461773
2841542959
2842384231
2842592551
2842912381
2842941631
2845161199
2845397809
2845785313
2848514527
2848650715
2850264451
2851693501
2854281673
2855389153
2855661121
2857131577
2858105251
2858298301
2859283321
2860182091
2860751801
2861104411
2863231801
2864630851
2864719117
2864776501
2866005139
2866635451
2866785991
2866872781
2867740003
2869144141
2869458479
2870118421
2870566931
2871974561
2874211129
2874828751
2876848231
2877517217
2879995039
2880632179
2881429741
2882759041
2884372597
2884418629
2884550401
2886402487
2886872941
2888944201
2889012523
2889079201
2889715789
2890528327
2891574127
2891759579
2893048597
2893936849
2897511751
2897736661
2900333521
2900448163
2901832151
2902766959
2903822251
2904875191
2905213721
2905335511
2905494517
2905500871
2908056607
2909354977
2913401611
2913565021
2914194931
2914292641
2914525391
2915560831
2916055661
2916085597
2917899527
2917901455
2919333781
2919730723
2922769711
2922794473
2922816971
2922845251
2923525711
2924655521
2924658451
2925841465
2926157711
2926272103
2926491283
2926957393
2927266123
2927412541
2927963231
2929108501
2929880185
2930684611
2930871617
2931226931
2931665101
2931738811
2933395501
2933588503
2934819277
2936664223
2936727001
2937456811
2939369251
2940051781
2941962661
2942952481
2943556201
2943765631
2944206541
2944266733
2944969297
2945208001
2945635771
2945817631
2947114801
2947441921
2947521721
2947783801
2951238883
2951336917
2954487551
2955064529
2958516271
2958755887
2959123103
2959865701
2963468701
2965743991
2966000143
2966974501
2967624451
2968719391
2970063109
2970206227
2970584695
2971178911
2971930867
2973514621
2973569581
2973739681
2974786651
2975096953
2975710249
2981590051
2982807319
2984431339
2984440961
2986000249
2989590031
2990554601
2990578771
2994232231
2994626701
2994873751
2995097503
2995895491
2997076951
2998467901
3001133257
3001933903
3002281981
3005065021
3005627041
3006032617
3006313003
3006576037
3007736551
3007964101
3007991701
3008029331
3008110141
3011747317
3012569381
3013636543
3014101261
3014193001
3014348551
3014935877
3016392961
3016907659
3017887471
3018571921
3019916461
3020271787
3022169851
3022746481
3022853471
3022921207
3023094619
3023483761
3024665491
3024774901
3024917167
3025350343
3025708561
3026820317
3028586471
3029512609
3030476737
3031135141
3031242061
3031469533
3031792451
3032646751
3032872381
3033691651
3034203361
3034421311
3035057455
3035837161
3036868255
3037295801
3038361217
3041764987
3042162443
3044238121
3044636687
3045763111
3048189691
3048638473
3048928861
3049924879
3050205355
3050640097
3051133471
3054297403
3055007971
3056100623
3056160451
3056160929
3056762215
3057345271
3058367399
3058606981
3059683705
3060055441
3061961551
3063491431
3063683503
3065461201
3065493229
3065683951
3066501145
3066641969
3068534701
3070110811
3071333371
3071516923
3071729443
3072080089
3072094201
3074083651
3076931341
3077194069
3077771497
3077802001
3078860473
3079010071
3080137861
3080439181
3081782101
3082386889
3082572683
3083053387
3083647321
3083727781
3084106807
3085326181
3086680477
3086694451
3087208489
3087521641
3088408429
3090053995
3090054199
3090809369
3091353553
3095753851
3096360919
3097171423
3098021473
3098430737
3099851347
3100485943
3101466661
3102234751
3103039891
3103612351
3104043391
3104207821
3105534251
3110830003
3111606961
3112723351
3113847451
3116046571
3118538471
3118592377
3121379041
3121477633
3123455401
3123743593
3123798301
3123893683
3126520351
3126692293
3126951133
3127902361
3128862241
3129639283
3130386821
3131985211
3134280241
3134995403
3136572737
3138105961
3141576091
3142413901
3143253251
3144091951
3145407877
3146209621
3146902111
3147032701
3148247239
3148269359
3148806403
3150110269
3150561163
3150712967
3151353941
3154067281
3156769441
3157579861
3158172779
3159919621
3159939601
3162159661
3162294811
3163106953
3163595527
3164459833
3164918221
3170194651
3171651751
3172036897
3172658653
3174115015
3174698143
3175204531
3175526971
3175887941
3178036751
3179180101
3180981781
3181341239
3181647151
3182781811
3184049443
3184139701
3185550323
3185944273
3188031211
3188208251
3188625001
3188922479
3188929591
3189888001
3190894201
3193414093
3193515451
3193955983
3197727623
3198654577
3200635897
3200849461
3201145093
3201298201
3202626169
3203285369
3203895601
3205345411
3205512997
3205563103
3206203003
3206529181
3206627005
3207358441
3207871747
3208428577
3209601943
3211036165
3211823251
3211997891
3212025391
3212246773
3212753401
3213456767
3213895051
3215031751
3215051029
3215075953
3215395639
3215920051
3216762067
3217409131
3217744531
3217761961
3219767461
3221898787
3222465601
3223328863
3223538641
3223584001
3224109701
3224961601
3225723901
3227396239
3228044821
3228488869
3228492961
3232060741
3232368217
3232450585
3232912621
3233558021
3236073601
3236121181
3237611023
3237806801
3237992101
3238307941
3240022501
3242406871
3243157501
3244756411
3248891101
3249335941
3251182981
3251467891
3252915961
3253543207
3253611985
3255203269
3255344911
3256366051
3257334541
3259249841
3261194581
3262519723
3262618789
3263389501
3263564305
3264776971
3266031121
3266582743
3267776161
3267858343
3268506541
3269333161
3270916087
3271272751
3271363381
3272350537
3273820903
3276075709
3276325921
3277937323
3280967353
3281593591
3281736601
3281958751
3284630713
3286184287
3289320721
3291579451
3291639583
3292909915
3293641055
3294734131
3295217971
3295254151
3295769527
3296164873
3296580283
3298453619
3298614089
3298942621
3299010139
3299246833
3299942017
3299956747
3300548473
3301430671
3303217789
3305077099
3306319619
3306560671
3306686659
3307433263
3311682601
3311737573
3311887987
3312489577
3313196881
3313744561
3314291761
3316679851
3319323601
3320157733
3320669437
3320847721
3322551403
3323748247
3324006533
3325624051
3325760803
3326087273
3327991381
3328150519
3328437481
3329297197
3329755159
3330398071
3330883781
3332303099
3332340703
3332449753
3332833369
3334614949
3334794541
3335899927
3336728221
3337776883
3340056871
3342280663
3342491639
3344191241
3344462311
3344828411
3345555571
3347570941
3348060811
3348254281
3348463105
3349275151
3349859701
3349997731
3350863309
3351156019
3352776701
3354424349
3354464039
3356563801
3357539101
3360379777
3360478861
3362615407
3362620031
3363483589
3363763231
3364070533
3365685841
3365771041
3366205129
3366711401
3367381231
3368281153
3368367829
3368467531
3368686483
3368710135
3368713681
3368821639
3369243599
3369251047
3370276573
3370398031
3372272723
3374598781
3374957881
3377265607
3377862781
3378949321
3380740301
3383190721
3383477191
3383575903
3385426199
3386634031
3388831831
3388857319
3388967695
3389786191
3390812551
3391095301
3391347247
3393758791
3395120977
3395192167
3397216391
3398327941
3399205591
3399890413
3400151041
3401399791
3402758647
3402993331
3403591381
3404154151
3404238841
3404560051
3405503791
3406188787
3407772817
3408953641
3410495551
3411338491
3413656441
3414826171
3415379701
3415637023
3416231683
3418253021
3419946349
3421044901
3421844101
3423034651
3423443563
3424005091
3425870071
3426330571
3426356251
3427369831
3427725881
3428432371
3428626237
3429457921
3429704917
3430055161
3436351021
3436450951
3439129237
3440195713
3440486827
3440695213
3441837421
3442486321
3442964671
3443489101
3445482751
3446146201
3446717671
3446726053
3447057457
3449407651
3450410261
3450935503
3452221819
3452517521
3453240551
3453354607
3458341657
3459730201
3460006111
3460153247
3462817177
3462909031
3464862571
3465868231
3468903571
3469254571
3469409143
3470006161
3471396169
3471641371
3472092649
3472151509
3472494301
3472853719
3475911601
3477402181
3477762289
3478753201
3479711509
3480174001
3480908203
3480939631
3482402197
3482948701
3484107841
3485465281
3485607139
3485894371
3486194545
3486371059
3486843451
3488108443
3489367813
3490035457
3491763493
3493072871
3493329931
3494842327
3494973259
3496895641
3498145489
3499299301
3500177563
3501192601
3502121491
3502404577
3502970551
3502997389
3503295463
3504283099
3504434431
3504570301
3504722521
3504921355
3507476887
3508614517
3508999651
3509781599
3512814823
3512847869
3513049871
3513604657
3519779341
3520718701
3521383951
3521593021
3523416749
3525526459
3526184009
3526764787
3527742611
3528493151
3528544751
3529489951
3529669501
3531927211
3534420583
3534537763
3535208101
3535211953
3535358863
3537386581
3538213381
3538347151
3540851581
3541133245
3542077397
3542834987
3543203333
3545945551
3546090721
3546810751
3546826591
3547777349
3550211731
3551880179
3554184961
3554383141
3554601751
3556216261
3556770391
3557530901
3557821051
3558597211
3558993131
3566359633
3568044943
3568202119
3570871523
3572739823
3574014445
3574500703
3574513307
3575749537
3575856601
3576641267
3576763573
3577077533
3577512121
3578617841
3580553971
3582244307
3583048561
3584212703
3586707151
3586833253
3590963443
3591338701
3591861841
3591933913
3592832167
3593259181
3593588917
3594300841
3594705751
3594968821
3595831207
3596071201
3597270517
3597988303
3600918181
3601570171
3601806251
3602452051
3603006031
3603648043
3603833101
3605427631
3606338191
3606377149
3606581863
3606942203
3607550299
3608154481
3608430661
3610247851
3612825221
3614108063
3614369011
3616153381
3617240891
3618244081
3618318691
3619001941
3619734841
3620019943
3621425411
3621618331
3621992533
3622205189
3622322431
3622487779
3622683251
3623207113
3625141699
3625328981
3626255449
3626410051
3627258793
3627338521
3627524551
3628834891
3628850171
3629280293
3629325649
3629630371
3630239131
3630250177
3630291841
3630894541
3631202389
3631418561
3634084871
3637405045
3637727821
3637831753
3637851211
3638071681
3638142541
3639481903
3639814751
3640903111
3643604251
3647134531
3648049259
3650592667
3651150331
3651572609
3651965071
3652603795
3653628247
3653966711
3654451711
3656012491
3656940001
3657547171
3657556321
3659702911
3659940701
3660661031
3661020727
3661339771
3661594051
3661807297
3663084541
3663870301
3664814347
3665242951
3666742843
3667225591
3667828513
3669316801
3669943957
3670377131
3671070481
3673280611
3673744903
3678588373
3679947751
3682471321
3682605211
3682630327
3683023345
3684201751
3684400001
3684403711
3685125401
3686093483
3687246109
3690049673
3691220773
3691764451
3692149847
3692283211
3692381683
3693253231
3693626041
3695127217
3696429241
3697278427
3697306321
3698314801
3698724415
3699058267
3701035561
3701413981
3704072653
3705308951
3706828031
3706892869
3708905341
3708956251
3710911051
3711021793
3711745181
3712974283
3713287801
3715938721
3715970161
3717198871
3718108051
3720689623
3721933801
3725164411
3726384091
3726779701
3727828501
3727957487
3727962635
3728469511
3728789929
3731324311
3732454241
3733646491
3733851577
3736293461
3736499131
3736562401
3737663851
3737709991
3738733535
3741145801
3742606351
3743038477
3743097571
3743381531
3751218641
3752701381
3754183051
3754244131
3755462347
3756415027
3757010191
3758569271
3759555857
3759963391
3760896133
3760983029
3761279731
3761580691
3766153843
3767185171
3768388261
3768803849
3770046451
3770116351
3771410371
3772448065
3772720315
3776019979
3776364271
3776893231
3777577957
3778316233
3782932271
3784723801
3785356387
3787491457
3791799751
3793282093
3796105951
3796198771
3796352551
3796666237
3796732171
3797918251
3797969297
3798040471
3800306971
3800755531
3803059063
3803999113
3804037681
3804237553
3804867841
3805284361
3805506901
3806354539
3806586631
3808670651
3809018947
3812301403
3812463307
3813590701
3813919453
3816050971
3816178711
3816279181
3817422181
3820540255
3820738681
3821259331
3822308461
3824581591
3824948801
3825087211
3826460821
3826845985
3828582421
3829656403
3830100715
3831911551
3832557233
3832646221
3832760941
3832807681
3834444901
3834961283
3835537861
3835627001
3839122651
3839143333
3839692543
3843146341
3843913363
3846400831
3849204943
3850835663
3853010351
3853220099
3853584967
3853809793
3854142517
3856306861
3856507291
3857982157
3859546687
3861044731
3861793951
3863326897
3863844865
3867183937
3869668351
3872676151
3872902051
3873961531
3874186471
3874471147
3876859351
3877846459
3878450413
3878859911
3879218467
3881647397
3882346903
3883439647
3884599621
3887635753
3889775251
3889818451
3889917667
3890718217
3890736481
3890921317
3891338101
3891367747
3891559771
3891573811
3891892421
3892836529
3892928203
3893308651
3894053311
3894560431
3895046191
3895252601
3896222065
3896963857
3897378001
3897869201
3899958973
3900600757
3903711841
3904563151
3905265331
3906236413
3907109251
3907116571
3907720531
3908413559
3908908033
3910653577
3911689601
3915262171
3917125811
3917848663
3918468961
3918524851
3920071471
3921659791
3921952651
3922632451
3924474379
3924769681
3925505431
3925583551
3925728091
3926249581
3926933557
3927954151
3928653581
3929238223
3930452101
3931879267
3934940833
3937387393
3937526911
3939765859
3940423201
3940621067
3940622047
3943004137
3943196089
3946272001
3949034779
3949249501
3952002691
3952090981
3953218519
3953375371
3954334159
3955764121
3956343701
3956392531
3956782649
3959983099
3960653029
3961048141
3962448061
3963177361
3964762363
3965737051
3965813359
3966877883
3968671645
3972228121
3972326051
3973046923
3973308961
3973938541
3974505571
3975414301
3979234351
3980421047
3981047941
3984737791
3984904651
3985093897
3985621861
3986664571
3987598201
3989679001
3991500451
3992560111
3993126083
3993401411
3995431861
3995826847
3996987251
3997386991
3999455701
4001304583
4001715541
4002592133
4003168159
4003180351
4006119811
4006717351
4007649031
4007797067
4008849901
4011650653
4013620381
4015029061
4016960101
4017384391
4021095823
4022128501
4022790751
4025089321
4025662939
4025720197
4026112279
4026127951
4026822577
4028695651
4028734291
4028995297
4030637771
4033578889
4034969401
4034993269
4035028861
4035675191
4037490451
4038105779
4038242413
4039097791
4039869835
4040016787
4041666613
4041716185
4042009921
4042147591
4042578403
4046045257
4046925583
4047536539
4049771797
4049932919
4052427451
4055861107
4055980621
4056093445
4056500737
4056767821
4056791383
4057220443
4057691401
4057918939
4058433931
4058670331
4060881973
4060942381
4061851751
4062489421
4063084411
4063732063
4064303899
4065120241
4065133501
4065731797
4066324357
4067377711
4067493691
4069683749
4071847807
4073618881
4073671681
4073888071
4075029871
4075578991
4075702333
4076568481
4077582631
4077957961
4078037993
4078754941
4079665633
4080471319
4080491377
4080891673
4081908601
4082576387
4083065003
4085525413
4085747731
4086437587
4088620043
4089165445
4090636177
4091502031
4095650791
4097652571
4098254161
4098318481
4099811591
4100383211
4102265311
4104383851
4105210931
4107939571
4110041251
4110820621
4111298191
4111565833
4111600111
4111649489
4114542361
4114552051
4115677501
4117447441
4118976751
4119589301
4120891087
4125263311
4125453151
4126315501
4126424287
4127050621
4127355001
4131037531
4131665461
4134189937
4134204361
4134219589
4134657415
4135285369
4135506103
4138461685
4139820967
4141040851
4142519821
4142981287
4143435715
4144298581
4144945351
4145820121
4145871817
4147537771
4147919821
4148553331
4148675551
4149101017
4149933151
4152653221
4154874193
4157008813
4157552557
4157908039
4160203213
4160411251
4160472121
4161040159
4163181241
4167038161
4167331667
4167683521
4168113757
4168461811
4168712395
4169092201
4169867689
4170123541
4170583687
4171540729
4172772241
4172804707
4173248663
4175289271
4178880889
4179008347
4179951199
4181626891
4183069511
4187360341
4189909501
4191454411
4191509281
4191829549
4191891859
4192361377
4192936201
4193096701
4193912737
4194566443
4196325701
4196523101
4198736851
4199275441
4199994631
4201740187
4202009461
4203244711
4203625087
4204605623
4204635031
4205773111
4205983681
4206371401
4206723067
4206758533
4207253401
4210095667
4210559221
4210922233
4211044201
4211668495
4211783731
4212528139
4212786997
4214905423
4218654133
4219113901
4226393053
4226638153
4228090903
4231459597
4233275353
4233553255
4234224601
4235682781
4235818861
4236668981
4236958463
4238910461
4239174661
4239518639
4239974069
4241343151
4241738503
4243349623
4244972239
4248858055
4250911061
4251343963
4251365101
4253198561
4254171571
4256316013
4256654455
4257763999
4263461141
4263507091
4264124983
4265185279
4267253987
4268420011
4271121161
4274302079
4275011401
4275579121
4276163809
4277526901
4277982241
4278756931
4279133119
4279227349
4280905831
4281642839
4281876271
4282033687
4282136321
4282600561
4282626973
4283445403
4283479495
4283876251
4284625591
4286699551
4287612127
4289393281
4289470021
4291107151
4294868509
