9
69
85
133
207
209
781
1111
2545
3145
4633
7171
8653
8911
11041
13019
14491
15251
24211
28939
31201
31753
32551
34441
42659
43057
43265
46999
49967
52417
55651
78409
78881
79381
83333
94165
96139
104441
104833
109061
111361
112141
112369
116869
129099
147109
154481
170431
188501
190681
191407
211069
222301
226801
253099
255109
256961
258145
296323
320161
326017
360533
362113
368341
377719
387001
410041
414391
439291
475463
484051
494001
501877
509461
514447
531931
585631
597871
616309
631351
665281
668431
690691
708709
732421
735589
736291
780529
795159
818083
821059
827401
883951
896809
928801
1056331
1152271
1163801
1175201
1191017
1194761
1212751
1237811
1258093
1260097
1267651
1314631
1373633
1374251
1415845
1499473
1546021
1725439
1735841
1810873
1840357
1844267
1863907
1869211
1945501
2014249
2083691
2093569
2134277
2210001
2410561
2435833
2467321
2487941
2508013
2510569
2534533
2538251
2546431
2596537
2596721
2622871
2692387
2742169
2857481
2864501
2948947
2949541
3057601
3059101
3093697
3135133
3257593
3272731
3298987
3502981
3539101
3656449
3767233
3793609
3862207
3951221
4123619
4140943
4181921
4224533
4231681
4336541
4336879
4449205
4545589
4567837
4600139
4615207
4713361
4734127
4737913
4789093
4803931
5233471
5292631
5371577
5373629
5407169
5419751
5522401
5529499
5575013
5876261
5902849
5968873
6038673
6121291
6282691
6539527
6675841
6696967
6759949
6787327
6833761
6851521
6868261
7143571
7214969
7273891
7306561
7575961
7729165
8052901
8174089
8176801
8386561
8521549
8557087
8559787
8732597
8864017
8880449
9014251
9040069
9148297
9179117
9213361
9506707
9551365
9585541
9601681
9707377
9749951
9752443
10235161
10267951
10286137
10504981
10647757
10703761
10969687
11122021
11137237
11189251
11648779
11671271
11736211
11793211
11904517
11926789
11947027
12032021
12088669
12303901
12795553
13243651
13870001
14146021
14396677
14676841
14712337
14899681
14913991
14946107
15136573
15247621
15253057
15431791
15829633
15838663
15888313
16113553
16126463
16136161
16139881
16494143
16564369
16661633
16679521
16705021
16737341
16863001
17645689
18034381
18127937
18257329
18443741
18520141
18558247
18809911
18924419
18985627
19328653
19441813
19609633
19781737
19823119
19997767
20012071
20117467
20502661
21398869
21563785
21776203
21906823
22137809
22174021
22806811
22828651
23409517
23872213
24482503
24736469
25150501
25270561
25340849
25347001
26093209
26197039
26236871
26279161
26474581
26479333
26668321
27150787
27441577
27580849
28011001
28437111
28672099
28803727
28850719
28983007
29194621
29507921
29564609
29752387
30047227
30270769
30987809
31120981
31390901
31556071
31630327
31797949
33567451
34084181
34266257
34313449
34357171
34905133
35578243
35633153
35694253
35820937
35956801
36197491
36494371
36531811
37028899
37189879
38059183
38351347
38770031
38845931
39447181
39469519
39536641
39545221
39547171
40344409
40717447
40898005
41027227
41242847
41452759
41500117
41604109
41662721
41819329
42149971
42215167
42392065
42413953
43544271
43694111
43941049
44068001
44108821
44118361
44122321
45576049
45653017
46483633
46681181
46930951
47131657
47728501
47825317
47855011
48836987
48902201
48960409
49230343
50087467
50105929
50156861
50587309
50662711
51038749
51518269
52031263
52386265
52575121
53638903
53655551
54453073
54520247
54637831
54771193
55378373
56649641
57291781
57343651
57593743
58111621
58489201
58814839
59085211
59218513
59318533
59640979
59647771
59926259
60229121
60308691
60814433
60826501
61052441
61380307
61422187
61539239
61938241
62165839
62199505
63737857
63764933
64271351
64377991
64476229
65490517
66762985
66790057
67971751
68137081
68182003
68462551
68635591
68819521
69039233
69187411
69557359
69612061
69871201
70593931
71079661
71620561
72005779
72351091
72543547
72604561
72624301
72952951
73116559
73501457
73705633
74343949
75469519
75663451
77090413
77594653
77719951
77850151
77871691
78430801
80428123
80826121
80835301
81281989
81497077
81862621
82061071
82452061
83248513
83900017
84001807
84191509
84686561
84890737
85371859
86385587
86855351
87096001
87948901
88225201
88400131
88644013
89050417
89158819
89190301
90698401
91500631
92696911
92794477
92914799
93419803
93427091
94550747
94620241
94944193
96423913
97071211
97378321
98205017
99809051
100618933
101276579
101648431
102134761
102294427
102690901
102901633
103042241
104569501
104600497
104852881
105919633
106571869
106601419
107047981
107496271
107520533
108915421
109162223
109541461
109838431
111202297
111291181
111654401
111736189
112056337
113197061
113389249
113617261
113955089
114254009
114355081
114582469
116045827
116135059
118623727
118801453
119000281
120453761
121807891
122759443
123771511
124028519
125997121
126456397
127574147
128203381
128676601
129650977
131035321
131505721
131685751
131762413
131881429
131889551
132337261
132884431
133800661
133881793
134295061
134589001
136900513
137045705
137684401
137813129
138403981
139592101
139952671
140512751
141246977
142148161
142522381
144133021
144369373
145251331
146156617
147424001
148339777
148742801
148921861
149349259
149532571
150155039
150381505
150614413
151077061
151358059
153657473
154944533
155193457
155979991
155985061
156045709
158649679
159668671
159995131
161459713
162429409
162771337
162776041
163125187
163744307
163759753
166046053
166797431
167472451
167692141
167994163
169558159
171430351
171688357
172907281
173401621
174180299
174581611
176169841
176915239
176977921
177254533
177455701
177730279
181112461
181491733
182202697
182322401
182880913
183223951
183659491
184111489
184238209
184241779
185671279
185965291
186054721
186378193
187176601
187637071
188094061
188269597
188821951
189098869
189686503
189863129
191219341
191524393
191951761
192726577
193283581
194389903
194649001
195885601
195935611
196223957
196287391
199104533
199791073
199863247
200265283
200405731
201789127
202881151
204300541
205364251
206372377
206437741
207896063
209228317
209301121
211734271
211846591
212018881
212390611
213228121
214491781
215091841
216206533
216631801
217396481
217584277
218610943
218624033
219029329
219401659
220010533
220222297
220591051
221284001
221695051
221751643
222377851
223051141
223081831
223625851
224586751
224627551
225418483
226366003
226474441
227852353
228652201
230357761
231393223
232661521
232910497
233148889
233335049
233394367
233584731
233685061
234005857
235319699
235812053
236617261
238797161
239948831
241994143
243303413
244414099
246099317
246487597
247893493
247912897
250274977
251876113
252552301
253703581
255843721
255927181
256167473
260042509
262536587
264350521
266147857
267419861
268430191
270525737
270984001
271724623
271763467
273019321
275101373
276776839
277477903
277485589
278089069
278587843
278834137
279376549
280491751
282707461
282881371
283017307
283375219
283484449
284166877
284301751
285553729
285979105
288605581
289292669
290908801
292961183
296324921
297624961
298472483
298772209
299646601
300882061
301835953
303191741
304374019
304788013
306785051
307171873
308538007
309463493
309959497
310073549
310693633
311609059
311844023
311955071
312115207
315034513
315981121
318004849
319113791
319364137
321967621
322120009
323627503
323901007
325766323
326651851
327121183
327328093
329599339
330016541
330880213
330905863
333082801
333438265
334291981
334963333
336596081
337080871
337122673
338455153
339474019
339825791
341818051
341906221
344776301
350031973
351058753
351884107
352682749
352874611
354214951
354824521
354938221
355931929
357250951
357330167
358912961
359512011
359914231
360856801
361173691
361307521
363245581
364396033
365511191
366426607
366916621
367328977
368045371
369276139
372383857
372564397
374504551
374703127
377625581
377806687
379696379
380913569
381298711
382123141
382402099
382536001
387427457
387663823
388576207
389014921
390918163
393220621
393613081
394513109
395044651
396231887
396325021
397302077
397850293
398844161
401054897
401518657
401635909
403095967
403900381
404020777
405042457
405182251
406134793
406824029
409081037
410977477
411840833
413530111
413719441
415149697
415800703
416474137
416818321
418226581
420383251
421392401
421534279
422192383
422411333
423195323
423502171
429347647
429890581
430833313
432523051
436263541
436351159
436686461
436830421
437239529
437444431
438173737
439714133
440306461
444875713
446715221
449299841
450640667
451389139
453456007
455795251
459163951
460756957
461063023
461272267
464012033
464382361
465964969
467491753
468760007
469328203
470232907
471272299
473694943
474946741
478898689
479445613
480605273
481285823
481529161
481563013
481658101
481788343
483351217
486766801
490894111
493977037
495062443
497238851
499705039
500985941
501779821
503367089
507525409
511203551
512237797
512330281
513346891
514059859
514592291
515778511
519167617
520406641
523697861
525323387
527160481
528013333
529067743
529258601
534412171
534468139
534521131
535702301
538412033
539345539
541585087
541947841
542761301
545738203
546911569
547281851
549680041
551262721
552013309
553935313
556840873
557876479
558977761
562960007
563947141
564687379
569600047
569784403
571389001
571765321
573296881
573945037
578166499
579946951
582243341
585281791
585941959
588604873
591717787
593973493
594026021
600733251
602611707
605428693
607673711
608781031
612816751
615127111
615542299
615696271
615760133
618206051
618569821
619264391
619348357
620169409
620928533
621032959
621377089
622917079
623606413
623662903
624732421
625381919
628868467
632056699
634467461
635165701
636949369
637612813
640325711
641814179
645681193
647265907
647683721
648337951
649525087
652393421
652459393
652969351
655219207
656793899
657326251
661956517
664214431
665118079
667280989
667578871
669291691
669845023
670176667
670567301
671743901
673778827
676094581
676273027
676880821
677802061
679975003
681157051
688444747
690035713
691131349
693864653
695319719
696581533
700252673
701258251
703787551
705180737
706902583
707345341
708670621
709802497
709879301
711660881
712227161
713197939
715040569
717315821
718953121
719562061
721267399
722020493
723880571
724938241
725809397
727075969
728029457
728458501
730704133
732473953
732736621
733310821
733451185
742941937
743227651
747324761
748554841
750631033
754771543
762156361
763785751
763835101
764654749
765245881
765977521
766292239
769006153
769954957
774618937
775136251
779819587
784966297
785533859
787807621
788156513
789221941
789538051
790623289
793979011
795425401
801123451
803744371
808141951
808562791
808983319
811359649
812093257
812117461
813834127
816904001
818243479
820269781
820749131
821618453
824170439
826137649
827562893
828128341
829737221
830749921
833432609
836758693
838906889
842425601
845376533
846054353
847745179
849992599
850744723
853389601
853702081
854094781
857664991
858687103
864165457
866725469
866906353
867019721
867022747
867323521
868088341
869412437
870142879
874594561
875486543
876879407
880065037
883677007
884606731
885493927
887141971
889372241
893389693
894562813
896231953
907280669
911484421
914628719
916046657
917450227
917935741
918514801
918757127
918968989
922845241
926614753
926877589
928154041
928587661
928675879
929559403
930200041
931339319
933554551
933569953
940456843
943795201
944189497
948578177
949307851
949324951
950693251
952879721
953370133
953535061
953844271
955134181
956427481
960242473
961384373
969528337
970983833
972328957
975539251
978563041
979030443
979421111
981733873
982585531
982686169
985563217
989908921
990061957
991609921
992731951
994613161
994885141
998078527
998128951
1006616489
1007713171
1007717257
1007951561
1009333459
1009572461
1015269391
1015466971
1016770063
1017186199
1017982153
1019347811
1021281301
1022822513
1028004121
1028064961
1029271651
1030336651
1034475601
1037560681
1040295691
1042309441
1045186591
1049378131
1050055861
1050721561
1052940305
1053273961
1055437633
1058542609
1060504001
1060648213
1063259341
1064519011
1066237283
1067506831
1069145533
1071645797
1072839941
1077199817
1085098141
1093270511
1093637491
1093675987
1098000091
1105322653
1109021629
1110233791
1113419953
1115153971
1116290713
1116614651
1121676013
1123481687
1124300521
1125377969
1127880571
1129390421
1131080809
1135103867
1135791691
1136940031
1138289041
1139683231
1142300503
1142524501
1143730459
1144839697
1145008159
1146950113
1155080209
1155112313
1156402001
1160844821
1161062767
1161965369
1163256931
1167684751
1169450911
1173243853
1173488779
1174298581
1174525111
1175248961
1189126919
1191216133
1193888851
1198542097
1202084011
1202286751
1202893561
1203919159
1204774801
1205606533
1210562701
1213172029
1215988051
1216393201
1216854161
1218899389
1220292571
1222925653
1226704939
1227910711
1228672513
1234142281
1236032227
1238018797
1245821953
1245914461
1249785941
1250896849
1258094801
1258697209
1261949539
1262281861
1263064141
1263783377
1265395843
1265740717
1265826241
1266054193
1267948813
1274601301
1277461693
1281683131
1284351181
1288888537
1298258413
1298285419
1304176897
1304772067
1306409833
1308358507
1311616153
1314260905
1318394269
1318402691
1328863831
1329517583
1333215703
1338247681
1340767489
1340963401
1348964401
1350277699
1350350191
1356241321
1356476161
1363838587
1364378203
1367373451
1368769681
1370094223
1371720013
1373226341
1379466043
1387837441
1388431801
1390405381
1390911001
1392658021
1393150249
1393599401
1404163723
1404253369
1404962791
1407548341
1408013443
1408706209
1412651017
1412665981
1414125451
1416179491
1421189551
1429073101
1431019327
1432548937
1433397001
1442166881
1446812641
1447743233
1448921633
1453672481
1453848301
1457857543
1461071251
1462471921
1465454101
1465945417
1467817471
1468658419
1469194273
1474643201
1476104561
1480849831
1482152101
1489587997
1497965713
1499890141
1501194397
1501331527
1501764001
1501945033
1505653189
1506080593
1507682933
1507746241
1508762557
1517423851
1526075461
1528936501
1530159247
1533555271
1535140231
1537123513
1540208251
1541948383
1547750473
1549208233
1556033221
1559121023
1561306249
1562595427
1565791067
1568334133
1568506405
1575268993
1576233541
1577121547
1582547851
1586548531
1592595703
1597851421
1598527771
1603651583
1605057793
1605632729
1605839659
1607455331
1608738301
1612923551
1623794113
1625035231
1625446831
1627521769
1628692201
1632785701
1633240001
1636128937
1637181571
1645859251
1646710099
1657063871
1659222577
1663067641
1663913161
1664637319
1665597781
1671276601
1672547531
1673857739
1674578341
1679240179
1684044781
1685114551
1685772541
1692015209
1695245941
1695482821
1696700851
1697559481
1699282477
1700759833
1700985943
1702111921
1702310593
1702726877
1703130133
1709881273
1709909293
1711232251
1712859301
1713372781
1713473581
1714661579
1715795761
1716603463
1717002277
1718906491
1739521411
1743186241
1744262081
1746615347
1753376197
1756891393
1757585563
1760706811
1762622533
1769797201
1769832557
1771447019
1773900833
1778715511
1780142563
1781824801
1783956721
1790911789
1791183241
1792442737
1798488847
1800147163
1802873041
1803991571
1815566101
1816089157
1818827141
1822479751
1828837609
1831947001
1835389837
1835771419
1838552353
1844279011
1851176161
1856222317
1860117829
1862817841
1863332659
1863572731
1864009153
1868076451
1870663411
1871730433
1871773697
1874696371
1878261841
1879627051
1882773283
1883699581
1885915841
1886526721
1887446161
1888820105
1889236763
1889528033
1890435949
1892136809
1897116593
1899525601
1901519911
1902303721
1906162207
1906801123
1908088001
1910117893
1910668033
1911736951
1913296951
1917051013
1924361011
1934350351
1937105941
1938532499
1940521591
1941893101
1943819659
1945042181
1945987291
1948401703
1948898429
1949614729
1949645239
1950903671
1952832251
1953953401
1955025601
1957084741
1959893573
1965414571
1966457221
1969848551
1970097001
1970256151
1971081841
1972250221
1973163791
1977257441
1977932797
1981947577
1992777613
1994106241
2001655345
2004299641
2007963637
2008709311
2009621503
2010936509
2013164209
2016698917
2018761111
2023134421
2025191251
2026633951
2029244551
2041219871
2048030449
2054862271
2062074431
2062472677
2063584711
2065836403
2068957801
2072470817
2075104123
2076192007
2082041693
2085877921
2091093671
2093300401
2093336851
2093747801
2094177403
2097325441
2097928883
2106122929
2106263041
2106952597
2111054401
2113628747
2115769633
2123792551
2125774759
2127616063
2132833609
2139039769
2139462991
2139952379
2142324367
2144548033
2144961253
2154693601
2163013201
2167107721
2169323861
2170880713
2174166881
2174349029
2174672257
2174988817
2178605521
2183608501
2185948201
2191178791
2192591611
2194499849
2197944451
2199931651
2203227599
2211616733
2217350059
2219008177
2224250757
2227207399
2227533067
2228850937
2229907501
2230390009
2233031701
2234202049
2234971621
2239679287
2242724851
2243273761
2248354153
2249182547
2251752851
2254329001
2255968331
2257069201
2257413409
2259202031
2259756001
2262964943
2264745313
2284602079
2287447111
2289657553
2290647061
2292817151
2293014533
2297067967
2299876417
2306716021
2318964821
2323866169
2326353541
2328811969
2330565121
2331286189
2335181921
2341388089
2353047649
2354751361
2358822941
2358938191
2363335727
2367797041
2381637301
2385076987
2387562519
2389911127
2393317291
2399784997
2403960001
2405914759
2411152927
2413478761
2423195777
2424494953
2426011691
2428870753
2432761633
2432997997
2433213721
2433791593
2445496453
2446810957
2455696673
2457252289
2462440753
2464065199
2464334731
2466318643
2467601881
2475048073
2476956607
2486022449
2486661139
2489462641
2490859243
2491427701
2497394191
2499923597
2502525637
2509860961
2514409051
2518853789
2523611941
2524973933
2525957851
2531245333
2540061601
2542999793
2545660981
2548864631
2550063011
2552188549
2553098857
2553133441
2559667057
2566804501
2566840501
2567493001
2573708107
2574066119
2575373181
2579163931
2588016889
2596123111
2605133101
2607804013
2612824397
2628327521
2628743209
2629623907
2633355401
2638116673
2642781007
2643486301
2643585551
2650948231
2651800549
2652776039
2653176913
2654346241
2654402833
2655016211
2656433531
2658313633
2660275171
2660738771
2661394303
2663794183
2666756401
2669817151
2670886051
2674839511
2680732051
2681460461
2683456777
2684846953
2686788469
2686816133
2690867401
2692079167
2699333071
2701920341
2705093947
2707228637
2712853837
2715365971
2727058951
2732693371
2733494401
2733652639
2734370293
2735309521
2746839877
2752534271
2756607751
2763143839
2766006253
2768290153
2774403811
2778076421
2780260157
2787073901
2789783621
2791098281
2792788909
2792912281
2795110823
2796401581
2803081993
2813512591
2816084497
2819908913
2832000949
2834934961
2845140481
2845397809
2847423001
2847894377
2848452361
2853859373
2854281673
2854366373
2859123193
2866872781
2871762013
2884094711
2888672221
2888754643
2891484383
2898129547
2903161801
2904440309
2904875191
2911022239
2913401611
2916370441
2919542599
2919603961
2925325343
2930831641
2931525559
2931708097
2932164673
2932337959
2936938877
2939384029
2945549881
2946864341
2949736441
2954487551
2956724317
2964816109
2985799657
2987414977
2993495041
3007811361
3011242879
3015474661
3020229809
3023722081
3031769053
3033762187
3033944101
3034691893
3042763501
3052364641
3054297403
3062953297
3063082723
3063683503
3069835129
3071051701
3071642779
3071892217
3079429849
3080203177
3086407801
3093102377
3094575961
3105241441
3112723351
3112854851
3117119023
3121936271
3126920773
3132312289
3135040133
3138973381
3148560637
3149218381
3149950183
3157724341
3162006121
3163106953
3173558431
3175526971
3176087833
3181824857
3182357713
3184042681
3184058957
3188538497
3189732781
3199834013
3203549857
3205512997
3207081043
3217201651
3226864033
3227088097
3237604003
3240703229
3242859203
3243842101
3247473349
3250143469
3253036663
3256366051
3262187527
3272811173
3274264033
3277461251
3280018381
3285456491
3285833431
3288852841
3292356943
3295217971
3304052371
3307251221
3313438801
3315139717
3324006533
3332303099
3332340703
3335362801
3349756747
3363763231
3367708489
3368821639
3372246043
3374296001
3380221433
3380740301
3381968101
3383477191
3383511531
3388238101
3390797341
3391580809
3395904157
3402107047
3404103379
3417023429
3439566391
3441611557
3442157321
3445470001
3449665943
3453864329
3458341657
3460006111
3460065541
3462180641
3466398673
3468632197
3479490281
3480387041
3480908203
3481538581
3482161261
3484560721
3489402251
3493069141
3495943153
3496558301
3499030081
3500695207
3508999651
3513604657
3514349437
3520909237
3530703821
3539956417
3546090721
3555423083
3566601799
3570928927
3581976331
3583063093
3583249921
3584800801
3590126777
3597725431
3600622243
3602671087
3605151241
3605954587
3614083747
3616574081
3616681249
3618244081
3634594861
3637831753
3638858263
3640903111
3651150331
3651826091
3658049827
3670404301
3672033223
3672977101
3673661071
3675122501
3678588373
3679113199
3693874117
3694630441
3696042149
3696718699
3709974751
3712663321
3713489239
3713998933
3717318961
3718938007
3720459649
3721689089
3722383471
3729097633
3733851577
3734855041
3736693451
3739192013
3741308143
3743440523
3754390741
3762572851
3763710721
3785940199
3800306971
3803679181
3804521911
3811100281
3812822413
3812945683
3824339819
3824718353
3829656403
3835537861
3838115161
3839465341
3841324339
3845485513
3855884581
3870259849
3873382297
3874186471
3887414521
3888925501
3889292273
3891007261
3893611789
3898445923
3898585861
3898829803
3899161657
3901952785
3904826803
3904907161
3908165713
3908883421
3910653577
3910811057
3916403401
3927983809
3935259121
3937526911
3944309573
3945525853
3949021051
3954403153
3970673947
3982017601
3984576857
3986897461
3986902921
3999968839
4005883571
4012643251
4016512439
4018641667
4022858009
4024301893
4029869101
4035028861
4042578403
4050891811
4055746861
4057852345
4064467993
4064888959
4068882721
4077957961
4081806919
4099768999
4100934241
4102265311
4111281089
4112485301
4115153233
4124680561
4127050621
4128037141
4134911871
4144912157
4146414637
4147919821
4150829593
4155375349
4156580741
4163416909
4168854769
4169092201
4169697533
4172804707
4173248663
4184442211
4186372051
4186448267
4197100783
4201003633
4205926141
4215885697
4219777717
4223828071
4224036769
4235818861
4240031797
4243063841
4243744201
4257214963
4260711391
4264604801
4270038229
4275941587
4277949001
4283445403
4284408701
4284625591
4285395271
4287612127
4290911551
