65
121
123
133
259
703
949
1145
1271
2059
2977
4921
5203
5461
5611
6601
7421
7471
8119
10081
12403
14885
15007
15051
15251
16717
18103
25761
31021
33419
42229
43621
44287
44749
44801
50737
53467
55537
55651
79003
88831
101311
102173
109061
110371
119461
146611
152551
164737
193249
194503
217321
218791
230051
266303
306043
354817
359341
500051
502129
504913
512909
526891
534731
535909
642001
671977
689323
707851
727751
747601
807709
819541
821107
825529
835409
840781
883461
890701
916327
935713
977857
1010417
1079827
1128871
1152271
1178563
1185961
1212751
1213991
1217791
1285153
1294411
1309169
1314631
1352251
1403143
1433407
1584133
1597321
1603213
1605601
1735841
1762289
1803601
1815847
1887271
1888261
2033431
2091961
2125243
2136349
2182267
2205967
2288661
2299081
2358533
2387797
2497981
2498147
2727649
2741311
2795519
2818567
2855299
2944261
2987167
3319457
3325309
3397297
3634633
3700981
3703441
3850771
4014361
4121267
4255903
4349587
4411681
4441681
4561481
4567837
4682651
4835959
4931359
4935701
4961657
5065837
5131273
5176153
5275843
5406787
5481451
5507569
5530583
5758273
5869831
5901281
6057751
6076951
6116153
6402811
6622351
6774499
6906901
6973063
7088141
7210501
7271391
7431451
7640509
7756201
7789681
7872259
7873681
8034001
8233633
8408731
8437339
8688737
8719309
8824069
8902741
9006401
9263797
9358163
9428161
9493903
9533701
9591253
9591661
9653491
9863461
10171729
10267951
10288513
10403641
10620331
10683553
10837601
10860571
10899523
10968193
11090173
11107121
11352491
11413183
11576471
11711953
11767001
11784961
11795281
11796907
11811907
12205873
12407011
12450019
12883333
12917731
12964303
13048729
13359397
13368241
13404751
13545101
13595261
13909559
13996951
14043181
14056111
14169331
14373533
14486413
14911681
15399091
15576571
15752101
15848531
16139681
16343251
16347439
16816771
16894351
16945633
17449417
17515441
17566741
17645689
18111773
18225703
18628963
18701443
19175131
19249531
19258867
19630333
19708921
20261251
20310751
20504881
20577043
21290383
21577711
21654533
21789901
22549577
22752541
22788631
22825177
22994371
23035201
23129633
23235151
23974849
24127087
24725447
25158871
25936201
25947461
26157121
26332181
26353601
26424311
26430691
26886817
27421681
27477817
27509653
27611731
27734017
27931681
28437763
29046817
29871937
30202201
30726263
30793729
31094353
32196649
32313961
32681551
32873041
33567451
34641379
34653529
34737701
34989571
35522131
36724591
36764791
36946867
37038211
37041071
37192321
37675771
37965901
38637361
38775049
38808451
38819821
39371141
39448513
39541591
39555161
40087873
40728463
40882741
41611039
42149971
42984589
43941049
45318561
45466513
45559729
45689909
45879941
46256489
46391251
46840201
47454247
47768743
48191653
48322297
48706513
48908521
49306687
49586851
49735351
49773631
50250289
50381461
50596261
50683547
50823151
51088133
51347521
51733921
51767871
52267861
52344073
52635133
53949761
54235879
54335233
54511021
54528623
55310443
55390837
55494077
55610413
57081685
57416501
58148017
58449847
58485337
58489201
58823801
59169661
59325967
59368549
59631211
60841441
62286877
63140621
63565539
64020001
64042423
64045801
64068139
64961051
65200381
65559647
65589571
65625323
65714113
66007061
66312139
66345221
66932449
67390721
67902031
68182003
68242861
68328319
70695769
70964965
71723579
72175507
72543547
72611701
73289861
73587949
73902403
74449849
74927161
75298609
75507701
75663451
76164013
76192117
77231309
77334181
77826001
78493141
78963721
80363977
81376903
81954133
82870517
84350561
84432181
85296251
85386799
85996921
86926247
87594497
87981427
88099339
88132169
88225201
88455683
88733041
89381791
89439577
89517299
89784581
90347041
91092377
91104367
91616801
91935947
92062081
92091121
92131771
93517777
95057479
96398569
96501373
96622837
96904081
97917961
98088277
99111463
99809051
99898801
99945007
100227781
101592973
102336529
102377521
102532981
102667447
103042241
103620323
103983907
104242579
106676301
106866973
107486413
108184363
108698899
109002511
110665679
110738959
110848297
113197061
113576651
114668191
115368557
115804501
116028361
117244093
117588013
118003393
118312681
118901521
119273701
119701693
120460033
121738997
121949857
122109601
122154671
124669609
124905691
125180353
125478097
126211307
126440731
126616961
126758101
127561201
129055741
129244441
129762001
130551583
130944133
130988071
131887801
132028541
133563169
134067649
134295061
134495851
135013451
135263269
135563221
135647569
135969401
136783967
138137851
138736153
139580713
139902181
139904677
140166811
140213233
140384161
140627257
140862349
141197323
142550383
143704181
143822449
144052021
144202931
145056679
145966021
146063891
146171119
146884393
147204883
147287141
147530651
149532571
152279063
152434801
153432137
153691807
155474051
156001951
160086781
162165701
162243091
162800161
163140847
163431331
163759753
164187601
164256769
164475481
165206641
166107349
166244569
167372437
167587933
167743291
167846911
168372487
170361829
170700823
171792001
173021851
174972409
177368437
177455701
178416127
178503967
178918741
179021201
179298571
179820257
180927511
181528801
182188117
182565073
182772677
184259623
184520857
185203921
186025297
186075541
187143661
188516329
188935451
189686503
189714193
189941761
191845249
192857761
193296517
193566871
195007801
195761521
195909931
197747239
198489247
200422363
201466501
203330401
204129721
204189901
204304129
204369031
204408469
204649369
205235561
205436407
205823873
206504033
207141709
209106361
209301121
210812119
211057309
211794001
211822183
212277157
213150859
214658941
215373451
216472799
216675763
216821881
217572941
218335951
218850311
219732371
220153273
220293451
220759883
221518573
221533457
222065021
224800753
225480601
226359547
226837585
227180923
228023749
228023857
229828897
230028217
230284671
230534611
231540121
231822449
232114433
232460821
234398011
234610291
235460629
237656431
237807397
239373163
239534641
241370179
241374797
242131889
242225551
242445751
243346153
245309461
247003093
247920661
250695271
252853921
252888781
253158751
258757201
259291561
260964593
261011167
262284319
263597413
264350521
265554997
268422881
269195401
271481329
274935901
277210081
277477903
277897813
278422201
280283401
281177623
282298771
282589651
282885951
283087993
285111667
286721353
287260147
287788549
289105741
290613781
293867173
294172459
294560311
297162301
297762497
298204831
299565871
299587201
301413001
303651041
304288507
304538257
307151131
309543653
309820501
309881879
310666177
310921321
311113681
311411629
312773141
313779971
314154937
314809489
315803393
317648521
321538069
322614469
324246997
325116289
325423141
330159061
332138467
332468221
333571591
335891557
336293579
337415261
337490437
338622121
344064109
344678303
346495087
346794631
347344093
349961393
350626459
350656951
352351693
352735351
352957771
355438751
355878553
356515039
356604421
357204709
357550091
361173691
362882851
363245581
363732337
364143551
364375213
366551539
367678981
367928023
368414107
368476501
368834581
369123889
372167101
372671041
373669453
375098641
376937089
377162693
377766241
382536001
382984841
383137957
383425351
383634941
385220881
386949841
387518381
387595441
387704449
388616941
390609941
391930003
393323221
398920601
398960365
399484021
400593337
402358321
402488543
404191231
404584867
404638669
405820801
406226701
406347319
407618641
408294433
410680357
412260463
414439621
415039087
415108891
416268679
416380093
416954071
416964241
417583601
421458391
427314421
433381243
433559501
434563151
434974411
436566761
437992469
440811311
446715221
449496433
450016901
451118981
451773221
452115161
454258549
454827559
455366713
457274161
458869951
459838867
460585861
460756957
461272267
462640151
463677817
465658903
466017847
466315591
468500033
473750371
476229937
477047929
478660337
480722329
480817801
482155957
485106091
486483521
488656981
490037203
490803461
490894111
492539191
493108481
494321851
494882909
495832231
501006109
505226767
505716751
505804951
506648161
511408171
511553351
512682509
516080737
516646651
517567051
519280939
519809701
523703179
527133781
528013333
535765049
537431341
538412033
539019361
540864721
542497201
542769337
544618801
544861633
545057371
545674669
551072317
551313001
552819917
553491511
557058133
558122401
558955181
563098261
563211881
563905037
563947141
564985237
565753151
567737633
568456021
568902001
569030731
569784403
572766251
574950643
585281791
587444287
587602033
590102641
590414977
591043771
593128771
595590841
596399437
598082101
602325433
602360251
606781687
607546171
608899951
612816751
614742241
615021109
615257473
615261703
616238407
616494733
617768041
618206051
620011409
620072251
620103553
620169409
621168211
621265501
622864327
623662903
624703561
624732421
625014391
625589999
626562643
630807451
630888481
636442003
643736611
643767931
644781343
644865211
650028061
650699761
650811911
651514753
652969351
656227853
656481391
657067951
657414577
658631761
659526601
659828443
661037521
662222107
665416417
665498107
668494243
669916099
670026809
670208533
671651191
671901413
673079617
679396303
679905073
687344197
687426547
689344111
694509331
694900729
697423429
701480341
702683101
704348863
705330913
707265451
708403333
708477997
708548809
709992937
711752251
711844351
713197939
713983141
714619277
715668823
716169301
720121753
727001293
730704133
732242737
735064619
739643491
741964861
743594743
743598469
744333721
746863489
747628267
748419127
748745581
750654241
753594001
755219851
755280001
755438861
756789001
757158533
758493601
763146259
765245881
770873671
774109627
775135201
775136251
778213723
780025321
780384013
782403451
783245101
785728651
786814333
789865633
792049381
795490747
800055367
803693281
804232261
808010851
809506133
810136201
811226131
813185311
816024161
818393491
819443791
822999071
826539151
827980471
829737221
830022211
830231821
830664451
832127489
838200805
841340521
842824981
845194403
845569591
846649957
847827401
849680701
850182209
851830201
852081121
854187181
855025159
866008153
871616989
872217361
872380321
872385559
873364493
873563837
873571459
874048501
874264843
874290451
881114753
881805451
887208719
888255001
889372241
894375073
896301359
896923369
897730177
899908363
903136901
903249709
904271691
905708959
906387509
907475851
908349601
909419713
912690871
912801193
913316281
916053191
918400033
921440191
922026877
922944439
924710473
925934683
928609177
931069309
932064739
933184801
934668601
936662687
939598339
947829251
953217901
953370133
955371871
959382467
967714021
968133739
968335481
971515777
972471151
975976381
977046533
977806831
980866351
984008089
984199393
985442011
985563217
986409529
987232291
988610851
990314971
990698881
991299079
995173681
1005347537
1011319501
1011364559
1011460741
1011556723
1014119947
1015074721
1015269391
1019293897
1021767757
1023472061
1024605121
1027744453
1029550861
1031392961
1032101461
1033291531
1034740153
1037560681
1037750617
1040351233
1040873707
1041704341
1045637861
1050047041
1051279769
1051286279
1054999441
1059182491
1063631453
1064180107
1066517047
1067075719
1067282261
1067323951
1069216051
1070063191
1070941987
1072898711
1077631741
1077808513
1078451089
1081694191
1082477369
1086361201
1086444001
1089682837
1092902533
1098404941
1099085791
1099574737
1105322653
1105941689
1107312593
1107379681
1108706857
1110148033
1110622241
1113476521
1116872597
1117004257
1117547201
1127375929
1134696067
1137009121
1138982501
1139147527
1142524501
1142953153
1143378419
1143816031
1145459233
1146397649
1154635777
1157575777
1160744531
1161306721
1162061461
1172737147
1173601177
1175033201
1175248961
1175612077
1183338241
1186882201
1188646903
1194540481
1196969707
1206453691
1208148631
1210387601
1211470831
1212858979
1216001441
1217181061
1218004261
1218525331
1230708133
1231002901
1234646533
1238517649
1238846407
1243182541
1244962021
1247875903
1248065459
1248140521
1253554147
1257102001
1257745987
1258161889
1260782161
1262106199
1265675833
1266989701
1267666051
1268946253
1269716299
1274392351
1274601301
1275619753
1277461693
1278335503
1281840949
1282372093
1286350631
1287121879
1289281621
1289535259
1291412431
1295584291
1300661501
1305208297
1308215749
1311105151
1311252679
1311741989
1315309841
1317828601
1323600181
1324210327
1324380793
1326448621
1326686561
1327026403
1331061887
1333215703
1334349901
1336534051
1337765419
1338309961
1340352547
1348995187
1351249021
1352240453
1353332417
1353834931
1358389969
1363200833
1364320729
1364378203
1366063051
1372325861
1373680513
1378511947
1379598221
1384962419
1388550307
1389266449
1392878983
1395928381
1397169091
1397357851
1397422133
1399812599
1399830049
1407548341
1409282161
1409792801
1412900707
1414125451
1417559383
1422630133
1424799769
1426068821
1438939321
1439550851
1451910451
1452150259
1456844033
1459198651
1460245621
1460291801
1461307717
1462220659
1467130321
1467937999
1469615809
1472299009
1472799151
1474907851
1477422187
1477604461
1481327641
1484199289
1487387611
1487418031
1488485401
1489622701
1495170073
1495696901
1497221281
1501194397
1502171117
1503351991
1504633423
1507688641
1508072347
1514879269
1515679201
1515755281
1518161833
1520026397
1520190341
1525781251
1535140231
1540454761
1542407329
1542818611
1548553609
1548686081
1549684753
1549848541
1550237459
1552010881
1552494131
1552535129
1553290097
1558100653
1559121023
1560034559
1561644091
1563743551
1563973717
1568988631
1573326289
1577004661
1582640537
1584858137
1585149973
1588390777
1589307919
1591246801
1595550853
1606252289
1611615151
1614124623
1614341431
1614423661
1622121427
1624486967
1632237143
1632800041
1634373241
1634695021
1638564181
1649321029
1657615261
1661409289
1664307737
1668072881
1674096789
1675121887
1676664949
1680463351
1681306663
1687087169
1688639041
1690914781
1697202991
1697772763
1698997777
1699104001
1699611211
1704650179
1710129719
1710820801
1716774481
1718906491
1720138813
1724126171
1734633871
1735874513
1736122513
1736159671
1740911041
1749393661
1751933273
1752049531
1755516673
1757055847
1763702533
1764313651
1765432909
1769091241
1777190651
1779117719
1783956721
1785414061
1787002793
1789590247
1792331861
1804069471
1805555201
1808304401
1809130951
1810287361
1822479751
1823735101
1824198941
1824748801
1828182427
1828887061
1829260551
1830949313
1842437621
1844279011
1848635121
1850368657
1852666901
1856069491
1859289001
1864009153
1876485691
1879201297
1886523211
1888445681
1889000257
1893873367
1898139707
1905593887
1909005697
1909260299
1909566073
1914774769
1921309633
1923087431
1923570001
1930403333
1930534453
1932322789
1934350351
1935590473
1944427817
1952692321
1955219311
1956416551
1962730531
1966327777
1969698371
1974056491
1986220787
1986540947
1995243847
2000877953
2004299641
2008477729
2009621503
2009675501
2015420317
2018260627
2018761111
2024157697
2026233163
2026903381
2027082751
2028416021
2028685753
2028717601
2030600833
2034532909
2036628553
2040052351
2042899289
2042934053
2050844401
2057835781
2060898841
2061944571
2074004353
2075429203
2080995841
2081901637
2086618571
2087520401
2088768533
2090741293
2098285369
2099131217
2103025321
2109343501
2114282017
2128108751
2129212597
2133319921
2133876991
2137495361
2139462991
2143662823
2149871881
2150466571
2158685941
2165196001
2167534783
2172544921
2175136133
2175369737
2180063293
2184783401
2187787213
2194499849
2220528451
2223211327
2226618997
2227207399
2231602759
2234555311
2234685643
2234807701
2235014689
2246948683
2250709627
2255777521
2258956841
2261372143
2263420459
2264836813
2269506313
2271286183
2272413529
2276606503
2276782561
2277117701
2280503941
2287530337
2288864737
2294455411
2295684551
2299180157
2300319061
2303998597
2307480211
2308966661
2311558021
2313732241
2324511883
2331181621
2333525539
2336181481
2352381721
2355230749
2359020061
2360225737
2376169451
2380322521
2393378851
2397472001
2402976577
2403802133
2405709571
2406862361
2408502601
2412172153
2433042721
2433420931
2435372473
2436691321
2438403661
2443742641
2445498451
2447815859
2448746137
2449191841
2452528261
2457007421
2457606901
2458231903
2462440753
2470869253
2472431959
2478577333
2478845569
2479603597
2484548947
2486399021
2490300979
2492569813
2493698131
2500362721
2502552497
2507654701
2511861041
2515679041
2519186671
2521128527
2528291341
2529729161
2530927681
2531762647
2532630787
2535764389
2536753969
2537105761
2539092599
2544407971
2545934077
2555552059
2557026451
2559097729
2560407571
2563176419
2563596751
2565776541
2566690777
2568646001
2572534147
2575080397
2577664753
2578132561
2579163931
2582524319
2590350751
2604980323
2607153721
2609294101
2616180821
2616193273
2621986753
2622378205
2625047521
2625665701
2628703213
2629515337
2630374741
2636360191
2640443917
2647499077
2649273433
2650497961
2654851387
2655105689
2656494271
2657314351
2658993697
2660401829
2660783591
2662071217
2665047871
2667946817
2670298867
2680514851
2686816133
2694512791
2695064653
2702421523
2703521141
2703714007
2705647141
2710987613
2712055771
2714635243
2716157989
2716344661
2717775553
2722486673
2728601569
2743738003
2746982801
2761225171
2774285441
2794904971
2796806807
2797433281
2801931857
2802667561
2803386433
2825682553
2828146693
2828698133
2833476463
2833733449
2840313491
2841046363
2841190381
2843249011
2851432501
2851488163
2864096047
2866872781
2872432949
2878733941
2879389631
2879741449
2885237209
2893588111
2894667781
2896466357
2899294889
2901514531
2901752921
2903776129
2906012003
2908847761
2929062533
2931802849
2932186289
2934506261
2935002857
2943765631
2945549881
2948822053
2951012989
2957957011
2963668501
2972420323
2973376951
2978766341
2980592161
2984903041
2999809807
3001665151
3004306853
3014057071
3014101261
3014261317
3015909181
3018382511
3020299327
3024409741
3030293881
3032646751
3032942977
3033831301
3037295801
3037426003
3040056511
3041011903
3041582051
3042013537
3051542971
3053707313
3054366433
3063685633
3066588253
3066946469
3074083651
3075078947
3084106807
3085326181
3087304501
3088344841
3092883371
3097132897
3098225521
3098828833
3118266127
3118889827
3122680633
3133738651
3133887373
3140672107
3157579861
3183268369
3185305943
3185944273
3196977169
3202169653
3202895821
3204706249
3213770269
3218388529
3218552611
3224109701
3229602401
3233001781
3237992101
3239174233
3242286403
3247453123
3254999161
3257496247
3260457121
3263360563
3264362201
3267441949
3274264033
3276380251
3277104991
3280018381
3285386749
3295217971
3298453619
3304446191
3304861061
3306393751
3313712513
3324006533
3333016177
3346758199
3348929257
3350806171
3350863309
3366769363
3369352687
3371840929
3372693281
3390525181
3393454627
3395200459
3398844073
3412412881
3415379701
3420379273
3423443563
3430139221
3430295971
3439846441
3442964671
3443935069
3449170903
3453778663
3462062651
3473379001
3484088441
3491603273
3493365481
3508507801
3530511811
3536289643
3543561529
3548235601
3549988261
3551279801
3555149053
3561826129
3564864421
3568255291
3576294151
3578705131
3583774273
3584017459
3595831207
3597507607
3601083511
3602006101
3605151241
3619298413
3620019943
3622205189
3633043573
3640796531
3640903111
3652636579
3658909021
3665242951
3669862483
3679657997
3682048151
3682121411
3682314709
3682471321
3689127773
3693378943
3693905321
3697278427
3703443481
3704464117
3717056377
3730279789
3731158097
3732063739
3732920641
3733646491
3745806793
3750270721
3751218641
3757929187
3762914569
3765209813
3782113873
3785356387
3796932037
3804689549
3804731471
3806586631
3806769227
3808649233
3812141989
3813919453
3816348511
3821259331
3822308461
3828001561
3829656403
3836679617
3843146341
3867417313
3871727063
3874736401
3881746513
3890165941
3890736481
3891338101
3895046191
3895774639
3901632313
3903465961
3908365477
3908413559
3908464291
3912174421
3922127701
3930606451
3940139641
3951029161
3951472961
3952640999
3956550487
3957330341
3968238751
3970706951
3971095301
3971677951
3972163361
3972776333
3975630361
3980164351
3983921191
3986664571
3992278093
3996100501
4001047109
4001715541
4005382429
4006361197
4011325697
4012771271
4020144133
4022615521
4033027333
4035028861
4039299227
4039849441
4044096053
4045222081
4047328511
4051124569
4052017867
4058650111
4059776533
4061021401
4062118393
4072649857
4080471319
4088827657
4103925247
4106260033
4121286907
4133928761
4143261739
4155406081
4156580741
4159647829
4171618111
4185807557
4195763851
4198550123
4198591417
4211235781
4228090903
4239090577
4251904273
4256316013
4256325451
4283103553
4289393281
