35
217
301
481
1111
1261
1333
2701
3421
3565
3589
4123
4495
5713
6533
8365
8911
9331
11041
14315
14701
20017
25327
29341
30535
31021
31411
31621
34441
35371
36301
37231
39305
39493
42127
43621
44801
45451
46657
46873
48133
49141
49661
49771
58969
61579
74023
74563
76921
83333
84151
87061
90751
92053
94657
94697
97751
97921
106051
109061
115669
115921
122695
125563
128627
133141
151387
164081
171361
173377
180901
181351
181949
188501
193285
207929
216001
228241
238855
245659
268397
271207
282133
290629
294409
297259
303901
306341
314821
319507
334153
334411
341317
344761
345521
352471
357715
361501
363091
367537
375871
413641
442331
447719
449065
459307
487621
488881
530611
530881
535339
544321
555397
556421
561601
563473
584527
585631
599041
601441
631351
640921
651511
653333
653411
656111
679583
682201
709435
714871
721801
732733
748369
751843
801313
853381
861595
873181
882379
914551
973741
994153
1024651
1029721
1032037
1033853
1056511
1079365
1085471
1123357
1152271
1154131
1164083
1179931
1197761
1212751
1227361
1267651
1269191
1272349
1300981
1313005
1334311
1365407
1373653
1380751
1396201
1406371
1433969
1458241
1461241
1474567
1484881
1492663
1530787
1537381
1542623
1549861
1584133
1592935
1620011
1623623
1629181
1630609
1634221
1650595
1667713
1679617
1682221
1687105
1690501
1703221
1722913
1753327
1755001
1773289
1782439
1819439
1898401
1911601
1930067
1949851
1953391
1958503
1987021
1991263
2008597
2039329
2121061
2158003
2235871
2253751
2284453
2284621
2337301
2368571
2407441
2408341
2444771
2457599
2466133
2497981
2508013
2517763
2530531
2531845
2568055
2628451
2629801
2660881
2699551
2723053
2746589
2783509
2830213
2937949
2938699
2944261
2948947
3073357
3093697
3116107
3178981
3216529
3216721
3261661
3288511
3309967
3342827
3358417
3363121
3364957
3375487
3405961
3421285
3443497
3470921
3521701
3580741
3582619
3664585
3707371
3752173
3821101
3828001
3830971
3981979
4005991
4014361
4023541
4082653
4108621
4111381
4128301
4131251
4219129
4224533
4296961
4314967
4330861
4336879
4411681
4434829
4465201
4504501
4523821
4587415
4615207
4746653
4828891
4869541
4921801
5044033
5049001
5073199
5085613
5105647
5122133
5173601
5310721
5412871
5481451
5502061
5506315
5601421
5783849
5795761
5806591
5831071
5902849
5938141
5938171
5952871
6121291
6140161
6186607
6189121
6253921
6278533
6309901
6330721
6356395
6469789
6477941
6503321
6505591
6539527
6539821
6668795
6696017
6733945
6755251
6787327
6834205
7071181
7267051
7370521
7392781
7423771
7434541
7440553
7444291
7451383
7462001
7503733
7569883
7640299
7683397
7687435
7879681
8106121
8293381
8333333
8386561
8401849
8417281
8449501
8474005
8478913
8502551
8550841
8678935
8777849
8780903
8812291
8830801
8833301
8946571
9029581
9216899
9341263
9393895
9433117
9454711
9560671
9585541
9598933
9821813
9835541
9863461
9885943
9897121
9920509
10077697
10084177
10171441
10267951
10303151
10366741
10445671
10501681
10548761
10654669
10672663
10751291
10778041
10926343
10926601
10941049
11029439
11067631
11088013
11110555
11206531
11268251
11350261
11541307
11921171
11923699
11973781
11990809
12015631
12240103
12254221
12273769
12274081
12322133
12389701
12466837
12585511
12613151
12673153
12691967
12932989
13053811
13114001
13129561
13163473
13243651
13423141
13496981
13566421
13694761
13757299
13821193
13851619
13866391
13922701
14129021
14302471
14342527
14535973
14621641
14782573
14826031
14826835
14913991
14953859
15021301
15087983
15247621
15257971
15283273
15358033
15560651
15873481
15888313
15978007
16013701
16070429
16075745
16277263
16643953
16710877
16755481
16773763
16853077
16862743
16879501
17170171
17349307
17420977
17471147
17545501
17645689
17764867
17832803
17872801
17904433
17980093
18067501
18184141
18366937
18443701
18487921
18510769
18537961
18607601
18736381
18739621
18984923
19415341
19488913
19622791
19625311
20068621
20196013
20234341
20296901
20676311
20722561
20818513
20870641
20981701
21042793
21116551
21181447
21355951
21397381
21453091
21578377
21632293
21732271
21795997
21813661
21816901
21881617
21927529
22064057
22065319
22080745
22174021
22259989
22262311
22369621
22376761
22384181
22409269
22649161
22885129
23148397
23244451
23329985
23564821
23600851
24011521
24311701
24368677
24531991
24547195
24697351
24735061
24947839
25042447
25052527
25073821
25241437
25248851
25276421
25326001
25390801
25674221
25696133
25751981
25758253
25834357
26163271
26280073
26332181
26470501
26474581
26824547
27129887
27316051
27340051
27509653
27532657
27664033
27773887
27850601
27937981
27984133
28213333
28358287
28527049
28559441
28708219
28785907
28844165
28871815
29059699
29191429
29241829
29342951
29440801
29755237
29818297
30058381
30437551
30513349
30625093
30874489
30992041
31065217
31066237
31157641
31199923
31315033
31405501
31767715
31882087
31916977
31921351
32092259
32504239
32818501
32976343
33333091
33369799
33567451
33764251
34084181
34370443
34400731
34632197
34696531
34890481
35129047
35204027
35266729
35510383
35671441
36014671
36307981
36448387
36705901
36721021
36724591
36765901
36782281
37060849
37081123
37214695
37469701
37724611
37962541
38027341
38248981
38281681
38624041
38654197
38714713
39096181
39251455
39292891
39536641
39557197
39619201
39669841
40114793
40121101
40327223
40330411
40581601
40882741
40916591
40917241
41363641
41446957
41489701
41544301
41987111
42061837
42275567
42396871
42495049
42563333
42764453
43154671
43285427
43387129
43431535
43597501
43707781
44114701
44482901
44534881
44544211
44639533
44760581
44784037
44921521
45213643
45374293
45429805
45538343
45877861
45880213
46173833
46372261
46457993
46802701
46840201
46981585
47253781
47308621
47388889
47454247
47903753
48016261
48064021
48327427
48526451
48679649
48802741
49038031
49312651
49666891
49781891
49800673
49923661
50399389
50581081
50613451
50615269
51088133
51623501
51876301
51898351
51909799
51923761
52056241
52692151
52882513
53154337
53363269
53711113
54029741
54357031
54382411
54400457
54459841
54523037
54586651
54760151
55006081
55318957
55650385
55729957
55830251
56308591
56322961
56354035
57280081
57693491
57792301
57906841
58428049
58434769
58489201
58494859
58828771
58914181
59296645
59318533
59330581
59496431
60110389
60458401
61100551
61230943
61363541
61602557
61758901
61770041
61832377
61905853
61910707
62289541
62481709
62713261
62756641
62934841
63388033
63733645
63736651
64049371
64377991
64423961
64510669
64961051
65203061
65221381
65374849
65714113
66096253
66166801
66578491
66918181
66996931
67103401
67224959
67406149
67706501
67815149
67879171
67902031
68154001
68461573
68650921
68894981
69176647
69228967
69432217
69502537
69571363
70015861
70761601
70766921
71158501
71384563
72108421
72115831
72286501
72379831
72559411
72611701
72616861
72856081
72951061
73255015
73705633
74004841
74360353
74869021
74897581
74927161
74985607
75298141
75320341
75545269
75644251
76436731
76462771
77090413
77334769
77633641
77637463
77929633
78166219
78265361
78281309
78795181
79511041
79593151
80207381
80283031
80375707
80748391
80806615
81534391
81857251
81926461
81946243
81954133
82170691
82210051
82452061
82962241
83288339
83615981
83681221
83717011
83861551
83870851
83895751
84191509
84350561
84979153
85115917
85124305
85146973
86413081
86456581
86484269
87852601
88467211
88741171
89158081
90014653
90531247
91616801
92500487
92572561
92631001
93046351
93461281
93517021
94177903
94502701
94536001
94612771
94620241
94775927
95184293
95541601
95914711
96142927
96698909
96878101
96907721
97401637
97602523
97903681
98034751
98156761
98327071
98543251
98815201
99335065
99461539
99627557
99676721
99687481
99945007
100017223
100359001
101058751
101146261
101547217
101649241
102584971
102690677
103448809
103535111
103620323
103885601
103896481
104097781
104489785
104730949
104852881
104857391
105395005
105726895
105919633
106146091
106299811
107047981
107746261
108070201
108128791
108217381
108264031
108383905
108467209
108596953
108905231
108906901
108915421
108991951
109114951
109529809
109655801
109774373
109883071
110413333
110589865
110598131
110856349
111045565
111174595
111291181
111459601
111461981
111540001
111574051
112060495
112062133
112165931
112350169
112535881
112723007
112940569
113316529
113492101
113492941
114388093
114422041
114569947
114628931
114791977
114805597
114910489
115020781
115039081
115190401
115363711
115392397
115510609
115614913
115805593
116613641
116856541
117855991
117942973
117987841
118054721
118705771
120755183
122459119
122581801
123238781
123478381
124180591
124185721
125081773
125222599
125335853
125387737
125804665
126904051
126933871
127367251
127403281
127504931
128609461
128835181
128981243
129205781
129677521
129762001
129798901
130349521
131041747
131504143
131762413
131808931
132047417
132054841
132186757
132806171
133128917
133796521
133800661
134084989
134295061
134433181
135573985
135632423
135827281
135830371
136098469
136200437
136217251
137583181
138308017
138736153
138828821
139295701
139592101
139792069
139952671
140309947
140384161
140769487
141007249
141536323
142107727
142844269
143145157
143168581
143559433
144254551
144465071
144973487
145206361
145404715
145574617
145601941
145975021
146136719
146843929
146916595
147952981
148216663
148359509
148871017
148910653
149382971
149733601
149796001
150403997
150457819
151939711
151958623
152368133
152894089
152922641
153091261
153589801
154287451
154375201
154461961
154697089
154816201
154929953
154944533
155346647
155474051
155715481
155752567
155981869
156538201
156918997
157309777
157486141
157542533
158837801
158868181
158874661
159275269
159733021
160086901
161093773
161304001
162096901
162387821
162395521
163340941
163511929
163729483
163800901
164072305
164292577
164522401
164656171
165662111
166099501
166101391
166264021
166827943
167304853
167372437
168125899
168375043
168905065
169086341
169392169
169407577
169746337
170129161
170195635
170486213
170697859
170916481
171306253
171747577
172116181
172528651
172667821
172681561
173647585
174435697
175103503
175308101
175385953
176274287
176367049
176446711
176597821
176641921
177064213
177439061
177550591
177594649
178482151
178918741
179707133
180563801
180873265
181039259
183001933
183132811
183228347
183345163
184238209
184353001
184746889
185124967
186138031
186910861
187947271
188184151
188985961
189482107
189679969
190577677
190667851
190938661
191219341
191230621
191457397
191476243
191681257
192475999
192628511
192800833
192970261
193949641
194556451
194649001
195043213
195475351
195991951
196257793
196765651
197805043
198034831
198313961
198382591
198560209
198961321
198963311
199574701
200031283
200083333
200308861
200584933
200752501
201146137
201261061
201576523
201590677
201809071
201949351
202565651
203231621
203432689
203967553
204228001
204280501
205235561
205541935
206001901
206304961
207324961
207651571
208213349
208464887
210517709
210519331
210600181
211490777
212256301
212263045
212340541
213835861
213973051
214075093
214110541
216126751
216145189
216267851
216718393
217262101
217729697
217735321
217801021
217805281
218023751
218642029
219029329
219051223
219176413
219529135
219669451
219914971
221497303
222116563
222524347
223326241
223625851
223779781
224190247
224582221
225127981
225870637
225949751
227418133
227752993
230260819
232460821
232554037
233107201
233232221
233394367
234715021
234870301
235443079
236126557
236617261
236905429
236929441
238038013
240671551
240785047
242210221
242601661
243129169
243698131
244292245
244644901
244915471
245083861
245388781
246666187
247137661
247250251
247318957
247426609
247878667
248152843
248328679
248696839
248986921
249183037
250301611
250449109
250612831
251661565
251706157
252853921
253613587
254054369
254120959
255401389
256192861
256453991
256940245
257543287
257968235
258844951
259445213
259765747
260610641
261125747
261162589
261688981
262503047
262604101
262733221
263124613
264098341
264337141
264350521
264369151
264384469
264484621
264487871
264509665
265924921
266702761
266983501
267068341
267559627
267567701
268253831
269526097
269827741
271310341
271487251
271550143
271830469
272343751
272377261
273480637
274140595
274840021
275240461
275283401
275619961
275712533
276134501
276570493
277603915
279164557
280283401
280984915
281263109
283273381
284035207
284301751
284688937
285588577
286774073
286854947
286984321
287278603
288997633
290699501
290807713
291636283
292236841
292251415
293049241
293096041
293987233
294094351
295560757
295794001
296236873
296509357
296744281
297171629
297245477
297411661
297624961
298424071
298589521
299048101
299147369
299474911
299736181
299789221
300261751
300311311
301521031
301655341
301845853
303817411
303910111
304384117
306125683
306191621
306313855
306652531
306878221
307086607
307219097
307688851
308148751
308283001
308568691
308952547
309102841
309255301
311206351
311403061
311944513
312254219
312485167
312703093
313314211
313338061
313769951
314184487
314620489
314736661
316289161
316315117
316525483
316733257
316835359
317671831
318095365
318269281
319160437
319853731
320185981
321046633
321781633
322150501
323064487
323554447
324010061
324264943
324382033
324860005
324878713
324893251
325802701
325917181
326031721
326266051
326613151
326695141
326702531
327774721
328011331
329427451
329769721
330075037
330262843
330884993
331365055
331603201
333571591
334421641
336117601
337202821
339033221
341396197
341416993
341564269
341886661
341981557
342193237
343533421
344064109
345378331
346502989
346859521
347019947
347347087
348340501
348400963
348612265
348807215
348829633
349138567
349395367
349701409
350240311
352392355
352517177
353795401
353815801
353878801
354695687
355888963
356991571
357359957
358586341
359190257
360929461
362619181
362944987
364176073
364282381
364531321
365509691
365837851
365858011
366328033
366652201
367024321
367589581
367678981
368113411
368476501
368870041
369217201
369217661
371379701
373097681
374703127
374949763
376096033
376352521
378734203
378956141
379509271
381116881
381179263
381604843
382216537
382304161
382536001
382588511
382900051
383143451
384939589
384993451
385789591
386224681
386407477
386925551
387385021
387976037
388962211
389133421
390612221
390943711
391150099
391323431
391595281
392099401
393247027
393611653
394061311
394440301
395044651
395290765
395676667
397364113
398582543
400374253
400839553
401627611
401723291
402199981
402243841
402358321
403095967
403666009
406134793
406457563
407945737
408042181
408449003
409762849
409875313
410044951
410176831
410476261
410925871
411507181
413243143
413670661
414006041
414741961
414832969
415476343
415953553
416474137
418192133
418717993
419312851
419666833
421211935
421272391
421390451
422103133
423317671
424582273
424651255
424814447
424852237
425087551
425337023
425339461
427349539
428457251
428758201
429243167
429802001
430276537
431633821
432942511
434076373
434363179
434644033
434970829
435585001
435648901
436523473
437010913
438565969
439282153
439331491
440180519
440306461
441460285
442506709
443353633
443688649
444183005
444502501
444637621
446337061
446715221
450640667
451118981
451275343
451417061
451698589
452115161
453919201
454691453
454766287
456650473
456660517
457274161
457296841
457438577
457497847
457506793
458185633
459785089
459933811
461679121
463118041
464056561
464294377
464978221
466679431
466850221
467146909
468376489
468950021
470284465
470823289
471168253
471812701
471968281
473347213
473610271
474468229
474663887
474946741
476059523
476621377
477461651
478116001
478158695
478614067
478746269
479398501
481166731
481831681
483006889
483029821
483815401
485686349
487560043
488184445
488656981
488987335
489031045
489276121
489770863
489994201
490518181
490803461
492051649
492325751
493307977
493387441
493527961
495573121
499537963
501450181
502048741
502449481
502516081
502885741
503271697
504296731
505174801
505226767
506883529
507960001
507970051
507970711
511121161
513352891
514270891
514321057
514578611
515886841
516465007
518504533
520277287
520399381
520465045
521063749
521465413
521601301
522260371
522903613
524151253
524573281
526147081
526980241
527881051
528651997
529732867
529774669
529782121
531036379
532005013
533054341
533090221
534412171
535879153
537361921
537558211
539537941
540654409
541453147
542497201
542865727
542889901
543470851
543730181
544511881
544861633
547047931
547477057
547817497
548187781
549304687
550045783
550312621
552077281
552163333
552726481
552768079
553724329
554118661
555531517
555602419
555881711
556560871
556613377
557795161
558105901
558490187
558629947
558771931
558958483
559536721
559702153
560516581
561160321
561817589
562467361
563031613
563615779
563947141
564084841
564537401
565594177
566585443
566820013
567653833
567815617
570192481
570605713
571264201
571596499
572228929
572268601
573181381
573183451
573435133
573584761
573584857
573862021
574987771
576778211
577081681
577852651
578821531
579144511
579606301
579956653
580112677
581506561
581618143
581680153
581748509
583418701
587031571
587409031
587539291
588450061
590039911
590335831
590360641
593560573
594163441
594474229
594615961
596311769
596453131
597458413
597717121
597733111
598484941
599108293
599374441
601537861
602508301
604636033
606640501
607921315
608917753
609361567
610675633
610712593
610876729
612816751
613181395
614120113
614729045
615195127
615321097
615416341
615440641
615651661
615752051
615875989
615895897
615924901
616478941
617257561
618104701
618781465
619063831
619451281
622229609
625322161
625989253
629021017
630642673
631677421
632669071
634882273
635129681
635165701
635228449
635314597
635500183
636747931
637895545
638243011
642242503
642290027
642925921
643767931
647190253
648321451
649235341
649687369
650659073
651510415
652969351
654339181
654346391
655059961
655219207
655612651
656723161
657024097
657414577
657876031
659846021
660061081
660816997
662745241
663699961
663757879
664149383
664574653
666332941
667523161
667578871
668635111
669834127
670567301
673236271
673319083
673996885
674098471
674295481
675236329
676553281
676880821
677389049
677842981
678545209
680064001
682528687
683443681
683921531
684372481
684634133
684822779
685667317
685903681
686492041
687104741
688007041
689634481
690570973
693947311
696447181
698297941
699565777
699654073
699762961
700398847
701454979
701600971
704110639
704674363
705419387
706363093
706562851
706908301
707265451
709879301
710195095
711840361
712629841
712708001
712954867
713946133
713966779
713983141
715543393
715564271
715996331
716089879
716169301
717653129
717794873
718092607
719265551
719370511
720068161
721636801
721930399
725683451
726712993
727083001
727861039
728260921
730142683
730704133
732384313
732736621
735651601
735806545
737724521
738699235
739444021
741205193
742100869
742709545
743404663
745708657
745745461
746759861
750237193
750631033
750632137
751316749
751491329
752549671
753345181
754332149
754901971
755048449
756205633
757227637
758687581
759163663
759513601
759731761
761285713
761615101
762133751
763492441
764789531
765186581
765245881
765275221
765311081
765378241
766583245
769640873
769857463
773131927
774109627
774362161
775368901
776342533
776536381
777465781
778907161
779174491
779786131
780498811
781615801
783307841
784635469
785241073
786060301
786157087
786672251
787085857
787086661
787209277
791805805
792643837
792968377
793045561
793813333
794042701
794517751
796353391
798499031
798527341
799162561
800018221
800055367
800877169
801607561
804978721
806898191
808201381
808956163
809093377
809349661
810176797
811478533
811556737
812036461
813654217
813738751
814056001
814252063
814878541
814899523
816900283
817191091
818162563
818811601
820192231
821376533
822097711
822767041
825734671
827723233
828634561
828792803
829388011
830565013
830747521
830981251
831821327
832841731
833666911
836010605
837113941
837281611
839423677
840749761
842060671
842216041
843350881
843463501
844075051
844788757
845486467
846961321
848365189
851624437
852332869
853172461
853965421
854187181
855073301
855211015
857421247
857448467
857672201
858186733
858805351
860506693
862434445
865047121
865692985
867323521
867965251
868389113
869866201
871157233
871195561
872946757
873953869
878072071
878319001
878404759
878504281
879172477
880288049
880314971
881386921
881433061
881573051
881841205
882355915
882488917
882841051
884113561
884304037
884771011
885946657
887367565
887420101
888838273
889712101
891003361
892213211
893868403
896063365
896901461
897776413
897791801
897916207
898042297
898166513
899246503
899600833
900270611
901564453
904203637
905989867
908909761
913000273
913849111
914195537
914634883
918023891
918154339
918882901
918999649
919078889
920529601
922026877
922845241
923992807
924593869
926026081
926332471
926702371
927106561
927375031
928606501
929238913
929497817
930662111
931153777
932098133
936662687
938007301
938030101
938376181
939284287
939488761
940776391
941330377
943083571
944657443
946323841
947485351
947950501
949904173
951232133
951941161
953370133
954518401
955050241
955134181
955527301
955720921
955772947
955938901
956558387
958159099
959926969
960946321
961193101
961504589
961527529
963168193
964168349
967571185
968335481
968391217
969848083
970560533
973352251
975573061
978136831
979363153
980017291
980424961
981174517
981286255
981365569
981484561
982134091
982916257
984357361
985563217
987873811
988060591
988964471
989637211
990061957
991115371
991363309
991829641
991936435
992698513
993195121
993350713
994517533
995161441
995625727
996196741
997695661
998128951
998914561
1000429057
1002438491
1003103011
1004078321
1005572401
1005745261
1008201637
1011388141
1011755989
1015381387
1015466971
1020300799
1021039501
1021281301
1021495321
1022226941
1022868911
1023210817
1024038721
1024243507
1025040851
1025411941
1025529649
1026052771
1026278681
1027334881
1027744453
1028064961
1028494429
1030401901
1031268961
1032101461
1032170041
1034283421
1035159049
1036944001
1037492149
1037945101
1040234231
1040357161
1041946849
1042349831
1043404921
1048264801
1049980861
1050334495
1050432055
1053052621
1053732751
1056067447
1056264211
1057062913
1057078301
1057376107
1057639051
1057956589
1058816533
1059182491
1059492961
1059541561
1060794769
1061084701
1062690379
1063411201
1064507123
1065269269
1067558929
1069683403
1069979689
1070556037
1072074529
1072839941
1072963207
1073066881
1073299501
1074585601
1076113441
1077349201
1077808513
1082302993
1083174283
1084087241
1084158041
1084864501
1085623561
1089220861
1090185623
1090240861
1091925361
1093916341
1095116881
1096411189
1098590641
1099140337
1099140683
1099195147
1100927281
1102346551
1102667297
1103276989
1105941689
1107379681
1108760771
1117244341
1118769571
1119550381
1119912781
1120023871
1121176981
1123406047
1123635103
1124383051
1125038377
1125176221
1126093321
1127316301
1129390421
1130322943
1132794301
1135103867
1135121341
1137752887
1139434453
1140250711
1141153651
1142751217
1143031891
1143159421
1143820051
1144500661
1144624031
1145609041
1147834153
1148416513
1152793621
1154691409
1155408409
1155664531
1155677423
1157328661
1157445451
1157839381
1158118105
1158670691
1159202773
1159421509
1159693417
1160735665
1160744531
1161306721
1163895613
1166086819
1167576427
1168118597
1168256953
1169462941
1170614593
1171305631
1172587783
1172817151
1173071059
1175736871
1175854441
1176211207
1176476467
1177246837
1177281451
1183231891
1184554801
1185618781
1186891483
1186915861
1187980561
1188512131
1189665361
1190260891
1190753407
1190895157
1191216133
1192047473
1196969707
1198650961
1198790209
1199042527
1199538061
1199706355
1201006501
1202804881
1204446673
1205045761
1205803291
1206057529
1208228401
1209419551
1212126895
1212506063
1215112921
1218899501
1219064491
1219858921
1227189121
1227343969
1229360231
1229772391
1230355981
1230621001
1232097751
1232469001
1233596471
1234125721
1234157909
1236108421
1236313501
1236694921
1237788301
1240628407
1241055481
1241946109
1242134311
1246604321
1248920093
1249785941
1252954081
1253218381
1254077101
1258747777
1261570133
1261805971
1262106199
1262446657
1263211981
1265390785
1266557881
1266596605
1266989701
1267643557
1269295201
1269481501
1271364709
1272103309
1275318703
1276378133
1277321107
1277461693
1279883761
1281050467
1283079421
1283161951
1284798733
1286011469
1286035381
1286298133
1287121879
1289281621
1290674113
1291637923
1291933501
1294428961
1295600983
1297556023
1299963601
1301379691
1301750201
1302145267
1302257197
1305569231
1306742221
1307167129
1309517353
1310903341
1311105151
1311701513
1311719377
1313320213
1313428201
1314363649
1315474513
1316475749
1316751877
1317357553
1318532455
1319090293
1325090365
1326333451
1327745989
1328033233
1328517451
1330872913
1331317681
1335274081
1336348651
1338953383
1346607739
1347238927
1348480801
1352237741
1352581201
1354991653
1355932531
1358920535
1361101691
1361605279
1363735921
1366431991
1370778751
1371135761
1371762001
1372681861
1373452033
1375019101
1375236721
1375655941
1376588431
1379781877
1382700211
1385015059
1388484917
1388629453
1389272851
1389353941
1389594821
1389930151
1391233141
1392086593
1392320557
1394713321
1396183367
1396198481
1397091931
1397357851
1400436337
1401216121
1403046163
1404228421
1405891171
1407597553
1410521941
1412651017
1413112411
1414623521
1416345481
1416807113
1419339691
1420057633
1421197597
1422799673
1423717703
1426015501
1426068821
1426201141
1426852153
1427327689
1427543041
1427834071
1428966001
1431187759
1432317355
1434745501
1436131621
1437383221
1439854741
1440231941
1440752827
1441316269
1442692285
1444322497
1450277011
1453849651
1456571581
1458758251
1463178817
1463907265
1464702781
1465749451
1466410801
1469768653
1470308401
1474255069
1477142395
1481626513
1482254797
1483507537
1483548419
1484498341
1484742533
1484796421
1485970543
1489022263
1490313091
1493517511
1494714493
1496165581
1496207809
1496487059
1497927017
1499815651
1502682721
1503485437
1505432881
1505520721
1505810353
1510197277
1513701071
1514653057
1516010497
1516272521
1516410901
1516828171
1518290707
1519095271
1519129081
1521221473
1522669051
1523848129
1525781251
1526634103
1527188461
1528936501
1530326381
1532419099
1534096423
1534769563
1536112001
1536694933
1538012449
1538071061
1539273737
1539665293
1540550413
1543358881
1546517935
1547543161
1547702221
1549251299
1550980801
1552293889
1556329633
1559121023
1562478181
1562801857
1562826457
1563607081
1564357631
1565791067
1567090867
1567777051
1567940683
1568359913
1572279791
1572848023
1574230285
1574362441
1574482141
1576798903
1577847211
1580201501
1580449201
1580676571
1582527241
1587455939
1588247851
1588472341
1588988281
1591095823
1591121041
1591911799
1591913401
1593352831
1593842005
1593949921
1595229301
1598362921
1598562541
1599352267
1600952221
1601274481
1606749061
1607153251
1612013305
1618405921
1619447741
1624486967
1625689801
1625925121
1627301071
1627644961
1630062253
1630247711
1632031829
1635548221
1638294661
1641086371
1642430417
1642664611
1643179297
1643821441
1644256321
1646848117
1648076041
1649383273
1649916751
1652671081
1656280033
1657944883
1660616569
1662410081
1663067641
1663788251
1663808455
1665181099
1665873397
1667090797
1669492441
1671117883
1674889129
1679596397
1680901381
1683174533
1684044781
1684257049
1686021871
1694127601
1697213407
1699279441
1700097751
1701493477
1702637977
1705176901
1706454829
1706908751
1708285441
1709098031
1709563045
1714163011
1718090221
1718314439
1720732861
1720806097
1722200701
1722691801
1726007797
1726365343
1726372441
1726801861
1727194153
1728123619
1729534951
1735822381
1736808497
1740068221
1741080661
1742288881
1743358231
1745794459
1745953081
1751462809
1754804561
1755970651
1757148121
1757207539
1758484771
1759418389
1760460481
1764076861
1765903561
1768468081
1769148751
1772036215
1772628781
1775658259
1775920897
1776450565
1777190651
1777219471
1777388299
1777496401
1777554613
1778383465
1778563207
1779578419
1785451519
1787197843
1788866005
1788922591
1789509961
1792331861
1792442737
1793312893
1794772669
1797382823
1799388181
1799390051
1799688277
1803429739
1805208991
1808205701
1812472795
1813073653
1814640337
1814887231
1816383001
1816853581
1820306953
1821718837
1822486021
1823766557
1826362651
1826368213
1827702101
1828182427
1828887061
1829462881
1835114401
1835447671
1836267187
1838068801
1838745541
1839640321
1839860713
1840833523
1841034961
1842249517
1842624901
1844283673
1848098561
1848400357
1848592201
1848980059
1852317251
1854940231
1856689453
1858664233
1860373241
1860988501
1861026133
1864274917
1865813431
1865880361
1867661335
1871052697
1874326843
1876958701
1881315437
1882990201
1886526721
1890571981
1893385495
1894349101
1895080951
1897658731
1897712857
1902660001
1903394191
1903720501
1904180473
1904528641
1905241591
1907088331
1909566073
1909759051
1910668033
1911197947
1911492787
1912540297
1913296951
1921309633
1922905837
1923069601
1924304141
1924806661
1925492381
1926126721
1926685181
1927251943
1928929069
1931522629
1931880133
1938646889
1939808261
1941151213
1941326749
1941813641
1942232101
1942836001
1943951041
1944225001
1944596791
1945290733
1948781959
1951469101
1958704177
1961736841
1962259201
1962804565
1966146451
1966629101
1967008555
1968160723
1969741313
1972522861
1973142407
1976640967
1977147019
1982219653
1982554177
1987740271
1987965211
1988198701
1988672533
1988723161
1989628327
1990569349
1991063449
1991706445
1992909865
1994937979
1995414121
1995830761
1999743661
1999817009
2000436751
2001733273
2001972259
2002483913
2003467411
2010708901
2012104249
2014084729
2014282181
2014658845
2017574431
2018378641
2020170601
2020615777
2022755365
2025345091
2028558841
2030153329
2033258401
2039007757
2040194521
2042467741
2044431541
2045290759
2049293401
2050291393
2052331051
2052500347
2054397241
2055106171
2056513741
2057835781
2058874201
2058875911
2060752681
2061675433
2062505593
2062877671
2066877001
2068472791
2068700041
2076192007
2078127811
2078541631
2082222583
2082673243
2082889771
2084027887
2088126151
2091151441
2091318373
2096758123
2098100935
2101036501
2101735039
2109467123
2112013531
2113095763
2113527361
2115769633
2117555641
2117950381
2118208457
2118597955
2126800747
2129184131
2130740903
2135400961
2138759897
2139385979
2142302741
2142324367
2143114957
2144384887
2145072511
2145294295
2147601331
2149255487
2150489251
2151933701
2153340949
2156315701
2160828121
2162501083
2162656021
2164393141
2166751081
2169323861
2172857611
2173964161
2175077521
2175957901
2176735681
2176782337
2176828993
2182281601
2184630481
2188940869
2189775319
2195554681
2195675257
2199931651
2200581107
2201616451
2201924341
2208357253
2211616733
2211685213
2217879901
2219008177
2219286895
2220197281
2223367681
2224278253
2227004443
2231111413
2231321017
2233247677
2234000341
2235776533
2236114163
2240360281
2240507821
2242209001
2246809153
2248028161
2249447761
2250292687
2251732033
2256138109
2257069201
2257572013
2257703491
2260855031
2262749947
2272015777
2273314051
2276943661
2279367091
2279751181
2280105367
2281460119
2283767341
2283821761
2283836281
2284660351
2285172541
2290361221
2291895391
2293041661
2295209281
2295406591
2295546157
2295669181
2296894753
2298363451
2301828211
2304456053
2304982081
2305011409
2305992649
2308531759
2308966661
2311558021
2311566901
2318248297
2319963271
2322929437
2323147201
2329584217
2333010751
2334049379
2335640077
2336184913
2339464681
2340771431
2341075843
2342275471
2345211457
2345843917
2346832567
2348675317
2349498499
2350838141
2354019553
2355216001
2358473833
2360042545
2362345261
2362421953
2362535767
2362912993
2365443001
2367422857
2367986531
2368671661
2374572157
2375617957
2375991187
2377871941
2378573891
2378679781
2378699371
2379610351
2380603501
2385749731
2387226583
2387675861
2388694177
2388989063
2389350911
2393195071
2394556561
2401464451
2403623713
2409912793
2412172153
2412912613
2417423053
2418056593
2421822301
2422506979
2423385847
2424755831
2426011691
2426685661
2430590131
2431144801
2433943891
2438403661
2444736533
2446810957
2447800741
2451130471
2451889231
2454152143
2454996181
2456268701
2459236627
2461061149
2469879091
2470869253
2476813021
2476970521
2479346497
2480147521
2480483669
2481189341
2481403601
2487604351
2491077661
2494425571
2494984321
2495416883
2497638781
2501507581
2502003043
2506616869
2508649201
2509912081
2511689671
2514814795
2521067669
2527601891
2531385001
2532831463
2533915781
2538427109
2539269601
2540972071
2545660981
2547601201
2550139253
2550766429
2552165155
2552916581
2556804961
2557646771
2560321177
2560600351
2561793361
2562814621
2563295621
2566305991
2566804501
2568560051
2569098029
2571593869
2575827593
2577274411
2581668799
2583022261
2583902231
2584018289
2587308281
2596322851
2598933481
2600611861
2601838861
2605557781
2609153317
2612138803
2612923921
2613365833
2613382201
2616180821
2618760031
2620982629
2623206697
2625047521
2626783921
2628243205
2629778737
2635992031
2638442297
2640208609
2643585551
2647285633
2649070867
2649444337
2652517801
2653926529
2655357841
2666756401
2668597259
2673898151
2679713401
2685182617
2688287981
2689569907
2690408533
2690867401
2693185051
2693739751
2694390997
2696366017
2701039771
2703714007
2704383551
2705647141
2708074751
2709957277
2716344661
2717549929
2720712541
2724390817
2727537155
2728102651
2735309521
2735463151
2736316301
2736962633
2739393811
2740654823
2743499713
2750435651
2751316633
2753719741
2754344761
2754376051
2755968301
2756460511
2756696983
2760438751
2761096081
2761153751
2762709271
2766006253
2766561373
2767489561
2770338349
2772059687
2772198001
2776771799
2776874941
2778813041
2781117721
2784010013
2784427969
2786434561
2787691141
2787998641
2788210801
2791053541
2791857811
2792082931
2792788909
2794842439
2796401581
2796990139
2805347821
2805930949
2808634501
2808734677
2810100001
2812050757
2814177901
2815003153
2817030295
2821141441
2824210897
2825101651
2827961221
2829256951
2837228101
2837917633
2844272309
2845199209
2851117771
2851488163
2851522741
2855290901
2863410593
2866872781
2868006521
2868469657
2873100061
2874828751
2876939101
2877228667
2877415369
2881085341
2883925765
2886402487
2886959881
2887069417
2888754643
2892431701
2895228841
2897432299
2897795629
2900231647
2900448163
2904676633
2908291159
2909883517
2911064899
2911769209
2911965493
2917673893
2924404003
2924426941
2924686031
2926908391
2933563781
2935029841
2939384029
2942681281
2943765631
2943989683
2944080133
2945208001
2945366737
2946872347
2947602241
2951120789
2957843281
2958458581
2963951695
2965154479
2967127789
2967409621
2969033341
2971992187
2974769767
2978533351
2982376417
2983273567
2985422551
2992394501
2993497009
2996755061
2996944133
2999583871
3005168783
3008123141
3008333333
3011757673
3011806393
3014421301
3014543089
3017294957
3017887471
3019916461
3023778811
3025350343
3027190247
3028209697
3028586471
3028609387
3031955497
3033135377
3033691651
3033944101
3034194409
3035057455
3037295801
3038171011
3039498001
3042375337
3044238121
3044636687
3047600641
3049647301
3056100623
3057129109
3058474537
3059759809
3061883641
3062058553
3064147633
3066802201
3069270511
3070208261
3072944161
3074534299
3076617637
3077802001
3080600227
3088102441
3089749969
3094552801
3095994541
3099935521
3100485943
3101215459
3102234751
3105241441
3108070501
3113223037
3115882999
3118411501
3122632387
3123578849
3143441687
3143993081
3144134593
3144160915
3145491685
3151587349
3152711161
3154312261
3156601561
3157579861
3161577781
3161757457
3163651381
3172327849
3172658653
3174698143
3176993491
3179031913
3181418461
3181824857
3182227729
3182381201
3185550323
3186805357
3187313341
3188736449
3189095053
3189636209
3190277143
3190725553
3192959561
3195537623
3205657489
3207079591
3208279021
3209236405
3210223249
3215031751
3217665961
3218552611
3218979583
3219767461
3220309009
3221102711
3224493631
3226863709
3227331251
3229602401
3233558021
3234976981
3236219407
3238307941
3239174233
3244566079
3246715931
3250123381
3252116869
3255266629
3255803695
3263141773
3266176411
3268506541
3269768041
3276075709
3276360361
3276805741
3277455151
3278038609
3281038291
3281345761
3284849177
3285456491
3286262101
3290579641
3291421069
3292086721
3292900183
3294352051
3295980223
3297666217
3298531979
3299142911
3299163011
3299246833
3299956747
3300707491
3306686659
3314111123
3315563461
3319374169
3319638235
3319948945
3320669437
3322633591
3325728385
3326602427
3326768677
3326803201
3330883781
3335899927
3337825807
3344191241
3344987941
3346311151
3350806171
3352131091
3353189617
3354066841
3354154159
3354387301
3355370941
3355811197
3358551043
3358680277
3361695211
3365110981
3365345017
3367980991
3374598781
3376010723
3377265607
3377743513
3379111429
3379701151
3380740301
3380848153
3385173457
3386499521
3387013541
3388339531
3390564241
3393077837
3393964549
3396188941
3398362291
3399205591
3399890413
3407772817
3411338491
3412054201
3413526391
3413656441
3415382111
3417706937
3420044387
3432881233
3432997537
3434438701
3437776189
3440232193
3442833857
3444597601
3448160959
3448493921
3457665481
3460153247
3463181437
3463907761
3472486117
3473599691
3478623409
3480174001
3481219373
3483650743
3484351081
3491763493
3493069141
3495943153
3499857121
3502404577
3502520797
3503763889
3505364101
3507479473
3509715721
3513604657
3513639061
3514639501
3521383951
3523457197
3525528943
3534621241
3536281831
3542249881
3543203333
3543247261
3546488401
3546810751
3548040193
3548150959
3548536291
3549112057
3550063477
3550211731
3556778257
3559066513
3559847149
3561179701
3565034101
3572000723
3573636347
3578808421
3580768981
3583375681
3593444009
3594300841
3596337361
3597270517
3597441061
3599103691
3599562331
3600407071
3600762101
3608115757
3612825221
3616475231
3616681249
3617630173
3621571609
3621618331
3629639617
3629829649
3631788205
3636081721
3636615691
3643371791
3643480501
3647049715
3651448501
3651572609
3653628247
3656511073
3657727261
3661339771
3661380361
3661441261
3663687301
3664386199
3664466407
3667561801
3672492883
3677613571
3680922571
3682604161
3684201751
3686902381
3686919161
3688841531
3689127773
3697278427
3698276741
3701555113
3704879905
3706195741
3706404781
3708905341
3710390113
3713066389
3713396291
3715938721
3717728785
3718428121
3722761729
3723182641
3723891331
3727828501
3728989441
3729300001
3732063739
3732674401
3735788489
3736293461
3736765273
3738618445
3741585331
3742812583
3743072341
3746985901
3751259087
3756261601
3756507301
3758343001
3760896133
3761091937
3761878429
3766780291
3769256401
3774351901
3777293521
3777434987
3780340357
3780964657
3783532309
3786784093
3787284821
3787491457
3789077797
3792250045
3793243213
3797234443
3803161399
3811388689
3813919453
3815433521
3818797303
3821370103
3826371193
3829068751
3833846641
3839646721
3842103055
3844978453
3847846573
3849809041
3850846381
3852107209
3853584967
3859021609
3859546687
3861301459
3863326897
3863981341
3866943217
3867183937
3868576801
3872902051
3874459207
3875802253
3879037801
3887635753
3890619097
3896119501
3902329663
3903734437
3904399409
3905583823
3908131991
3915262171
3917318299
3917319841
3918874489
3919048057
3924477901
3926883469
3928038913
3929142281
3929915501
3931954651
3937520995
3948503543
3949702717
3951029161
3953863807
3954403153
3955884463
3956902801
3957830449
3964220371
3964762363
3964935913
3966877883
3970170901
3973846391
3975414301
3978673651
3982017601
3988499789
3991366081
3991544129
3996987251
3998384441
4001328751
4004927851
4005122557
4005508069
4006537921
4021546777
4026225967
4026545461
4028715601
4029869101
4032345601
4034208301
4034401561
4034969401
4037490451
4041605713
4046626585
4051754851
4055746861
4056207031
4056366703
4057527251
4058745701
4060942381
4066497757
4067247751
4067565823
4070491489
4070906753
4073108779
4073353243
4076336603
4077957961
4079665633
4079877037
4080583951
4085069851
4086437587
4087580771
4088778493
4088827657
4091041501
4092555391
4095561961
4097540381
4101746533
4103255431
4103331277
4104383851
4105151233
4107165301
4108863061
4112558413
4113742057
4116569887
4119672941
4119871141
4120788331
4121985253
4124908981
4134414961
4137446413
4138615027
4140072991
4141251661
4143633751
4144945351
4147525429
4147919821
4167331667
4167355501
4172762881
4172898547
4173866413
4174894081
4179008347
4184886581
4187584133
4187995561
4189390345
4190007439
4197687313
4201027153
4204605623
4210095667
4210785013
4217112391
4227636337
4231459597
4234224601
4235818861
4236218861
4237802713
4241317571
4241343151
4241480923
4245393691
4246227421
4246416817
4255754161
4256744185
4257747133
4262796001
4263649699
4267640833
4272900841
4274270051
4275011401
4277526901
4282033687
4286028577
4289470021
4291157641
