91
133
159
161
247
721
1339
1729
1771
1957
7471
8587
9373
13699
22681
25441
30721
32131
32551
36661
40631
50403
62177
62491
79003
92453
96691
97921
111361
113521
120961
139231
143783
148417
153401
166499
174521
178087
182533
188191
214957
238831
247321
251251
256961
259441
293281
317683
317719
320167
352141
391409
404101
443713
476767
479119
485521
495121
497377
497503
503161
515201
580831
585631
597871
601921
636641
642001
649489
665471
710533
736291
751843
753131
765703
876961
878219
948539
1003213
1038961
1044487
1056331
1090987
1106161
1118461
1200277
1211441
1226413
1251949
1306199
1309111
1399681
1419607
1471961
1486889
1490581
1561661
1595371
1626041
1627921
1703863
1802569
1877749
1887271
1907851
2041667
2055571
2064479
2158003
2181121
2327077
2508013
2585701
2722721
2749429
3065701
3125281
3264797
3270403
3319457
3440557
3541009
3577001
3629191
3697003
3784243
3815011
3818779
3850771
3888731
3911671
3913003
3985921
4059859
4181921
4219129
4224533
4237027
4255903
4414117
4431211
4455673
4469471
4499701
4665781
4854601
4975489
5002543
5028271
5049121
5168521
5255881
5256091
5263831
5406787
5481181
5522401
5571361
5603333
5746393
5749591
5756929
5880001
6046459
6108301
6146551
6186403
6249541
6391351
6504089
6577121
6680209
6719761
6779641
6814171
6969511
7006099
7232321
7403761
7512517
8222341
8332381
8417251
8795401
8929181
9273547
9353761
9493903
9741733
9780409
9863461
9933001
10876361
11018917
11320289
11348101
11358043
11756317
12140551
12170413
12322133
12405361
12407011
12453029
12689437
12711007
12878191
12890503
13088461
13747361
13949497
14026897
14311711
14510161
14580563
14608133
14632537
14709241
14783203
14822593
14829211
15247621
15398251
15453811
16084921
16436141
16585099
16652521
16666651
16674361
16679521
17169517
17349307
17443213
18008401
18024751
18152161
18158251
18224641
18225703
18659551
18736381
18809911
19061281
19376641
19523857
19553827
19628701
19906561
20134441
20250547
20409101
20640491
20904799
21480601
21810359
21813661
22072051
22093441
22233751
22476871
22655791
22694401
22697281
23476447
23941237
24158051
24791209
24980821
25004183
25158871
25326001
25335223
25448893
25696133
26438501
26886817
27062389
27798461
27956503
28117561
29053333
29173247
29483327
29812267
30048121
30437551
30635011
30932521
31118081
31470211
31490801
32004721
32128573
32882851
32902957
33058477
33324481
34410391
34884847
35314651
36131173
36354701
36504199
37093607
37108243
38347921
38671051
38995441
39469249
39635533
39669841
39928081
40027201
40621591
40728463
41274091
41710411
41798401
41848687
41914291
42448141
42702661
42734369
42984839
43331401
43353977
43692331
44314177
44392921
44439469
44622689
45056011
45213643
45244219
45786133
46543939
46584037
46728533
46823701
47131657
47253781
47787881
48614491
48679649
48828313
48942367
49013641
49401601
49402543
49896001
49953481
50581081
50635597
50997451
51234751
51283501
52119289
52705997
52718971
53294029
53390611
53638903
53893951
54459841
54771193
55879363
56034343
56160133
56651489
56933801
57013919
57120001
57255857
57782041
58003213
58077721
58449847
58730813
59059969
59090401
59228929
59676121
60011599
60033403
60155929
60229121
61171951
62296669
62563333
64148717
64438151
64592641
64940521
65363101
65844001
67194401
67455361
67902031
68144641
68226121
68296411
68516527
69637751
70208191
70242601
70276273
70804291
71317801
71592751
72532291
72604561
73244461
73378661
73934209
73951939
74227001
74328013
75037381
75066391
75247783
75545269
75912427
75935971
76020601
76479397
76932419
77090413
77622533
77637463
77955241
78234133
78693217
78892141
79398901
79894861
81002251
81260341
81276427
81376903
81954133
82452061
82606231
82929001
83900017
84001807
84485161
85072093
85636609
86738203
86854721
87106417
87217561
87574951
87650413
87730051
87854761
88701601
88743401
88930463
88987081
90273751
90322531
90757171
90784037
92905181
94502701
94536001
95048317
96041161
96670239
96904081
97022323
97071211
97176397
97196161
97929511
98993281
99036001
99609221
99680101
99831823
100386529
100618933
100907047
102429601
102444931
102692881
102962071
104220703
105040321
105056057
106941451
107459921
108738761
109303049
109437751
109518791
111260251
111357349
111692831
112390741
112702591
112898427
112940981
113251681
113327281
113389249
113840743
114305441
114418981
114459157
114516751
114739801
114910489
116701003
117186037
118393601
118566533
119194601
119948401
120755183
121261801
121343293
122997471
124028519
124100719
124275161
124574413
125112967
127168801
127176757
127811833
128284249
128566003
128779093
129677689
129844123
130590701
130840613
130870633
131028371
131311093
131321117
131819101
132427051
132806171
133800661
135220411
135254179
135309967
136746751
137340451
137932321
138443479
138703111
138957869
139027201
139254943
141237721
142259041
143106133
145062961
145603333
145820503
146053267
146806129
147028001
147663001
148903441
149690809
149733601
151249921
151837093
152985211
153449011
153890227
153910901
153928133
155261611
156570151
157395001
157748761
157803521
158731747
158788561
159781981
160210441
160338001
161184013
161304001
161674511
161830201
162243091
162395521
162722449
163244281
163293161
163848547
164371573
166540291
166595131
169396921
169449751
169682563
170754193
172035841
172947529
173021851
174223681
174375343
174435697
175158461
177896951
178161841
178806349
179273731
182981041
183400153
184475923
184503931
184607491
185653333
185780071
187407221
187546133
187571341
187748881
188382487
188386381
188985961
189142609
189482107
189537311
189686503
190640143
190940401
191495683
192241901
192857761
193019681
193997009
194389903
194622707
194692321
194761747
196049701
196287391
198436897
199104533
199239553
200083333
200790371
201486211
201789127
203110001
203330401
204835051
205513271
206006533
206453353
209213929
209301121
210688031
211487209
211636741
213035761
213804191
214038533
217396481
217768601
218603617
218785123
222836641
224294533
225086801
225307961
226359547
226609321
229181527
229913191
230597221
232567009
232578841
233580277
235845793
236696969
238568749
240141287
241771339
242086573
242368169
242864701
242942491
243855397
243941221
244061371
245207741
245221373
246595811
248055889
248152843
249141421
249851911
250959781
251235181
253613587
257465521
257850613
258404999
262519519
262665481
262733221
264255211
265367437
265924921
266225111
266625241
266677153
266769611
267078169
269028103
269547739
270513881
270984971
271506593
271763467
272558521
273980281
274284361
275597743
276868609
277263163
277880401
279783451
280937101
281047561
281960911
283020013
283183771
286023403
286111201
287524297
287762509
287897569
288086041
288630343
289300411
290953921
291185767
291614149
292956973
293349281
295651297
298713053
298746163
299671921
299736181
303642929
303863041
305260327
307521563
308550061
309579481
311247091
311473963
311609059
312498001
314283601
315380111
316634473
318045649
319053281
320902657
324010061
324922183
328011331
328573477
329103001
329769721
329918789
330049561
331658081
332995807
337096889
338452321
339211853
339731701
339944089
340464001
343460461
345249721
345674071
346628881
346827889
350342929
352459697
354142801
354904741
355088257
355681819
357088441
357458401
358093501
358961557
360666263
360865961
361080751
361155901
361198241
363976777
365519881
366139291
368213777
369787321
373299841
377116871
379145801
381465169
382330801
382402099
382536001
384824441
385282459
386371771
386649121
387323819
389134021
391712641
391930003
393010939
393915649
394451971
396036877
397700503
398050217
399468241
399671641
400110869
400907341
402752533
403368481
404908993
406063801
407486707
410361641
410680357
411988207
412936327
414385201
415108891
415800703
416856001
418667401
419184481
419486689
419652901
421114861
423861203
424411501
425172481
425490781
426093811
431393839
432510097
433559501
434875071
435358657
435528217
437247841
437866087
438247427
439309261
443708917
444945047
444988531
446856397
449501761
450016901
453379177
453551257
454766287
454827559
455812447
456193879
457320533
458862811
460268533
463719791
467537561
468328241
468483877
470752133
470872081
471059621
473507401
473533333
473590081
475969231
476235951
479864201
481831681
483096421
483351217
484551061
485295721
488173841
490500121
490518181
490686829
490754083
491077649
491872063
493108481
493961737
495036257
495062443
498442951
498632551
501172241
502643143
506883529
507525409
508033441
510119161
511121161
511754609
512027933
514764181
516084871
516375841
517567051
517697641
519167617
519549823
519609667
520277287
520359931
521531947
523425241
528013333
528716791
529214311
532353781
532800133
533913491
535252867
537650501
540392281
542883223
546889351
549680041
550052137
555196951
555716701
555728251
556001377
557548801
558528637
559059019
561968581
564621067
565016491
565141781
567034001
571174297
572531383
576691741
576797611
579606301
580686881
582707311
583232933
583831837
583907413
584610247
589547809
590799763
590961619
591294997
591648221
595996699
596503711
597373057
598921801
599127001
599374441
600893921
602332009
603458963
607586467
609361567
611812321
612025241
613937773
619347877
619584001
620928533
620966413
625575991
626128231
626741501
626804329
627007259
629161261
631650277
631656901
631794469
633595201
636111451
636460831
636859339
639741061
639833041
641391769
642290027
645259201
647265907
648104671
649497967
651289441
651420023
651423601
655334401
655452241
655773367
655914013
657188593
659481761
660539441
666103561
666400477
666912769
667081801
667275841
670208533
673553761
674234201
674783131
675507977
676273027
678869749
679865521
680022883
680394001
680471041
682655999
684411001
684634133
686059921
687652309
690244441
690422839
691732811
697791403
697821857
700794361
700951681
702683101
704407481
704664049
705654601
707810489
710445121
710721001
711304903
713382301
713868013
713946133
714732691
716316601
717096641
719683441
727785901
729094843
729802837
730148849
730955317
732736621
732845881
733539649
737366401
737672053
738820351
745900093
746331041
746791501
750676601
750894601
751056223
753075127
753670303
756194587
758796361
759498013
761310607
762239809
762840919
763932811
765395551
770909107
771043201
774413641
775165789
776249251
776327047
786604801
794563699
795137641
795172181
800418401
803716723
803744371
804021121
804179047
808010851
811478533
812311751
814606831
815430533
815791901
816737263
817076611
817158399
821421901
825577201
827838841
829768081
832048447
832185451
832870891
839188477
839239201
839460449
840749761
841920841
842889601
843188399
847482049
847660591
848583391
848700329
856457489
856819553
857538991
859397689
862795393
863984881
864456097
864508453
864519769
867032651
867519577
867821459
867965251
870460921
872380321
876883201
877532671
878766061
882133001
889149803
889423151
897756751
897916207
898966801
906326077
906627191
908416237
909513401
911778487
913532401
914350841
916767217
919510381
920529601
920834197
922845241
925543763
930893137
932098133
940123801
941325361
942110381
944002121
944657443
944832533
947485351
950371003
951232133
955609903
956427481
959382467
960485107
961385143
967287751
968413217
974431753
977046533
977392333
978599249
980957071
981292987
987441067
988145341
989165761
991609921
991671721
995890081
1007713171
1011319501
1021608673
1022388641
1028018413
1028096251
1028316041
1028591801
1030898851
1031147251
1032969841
1041457801
1043095201
1043927623
1044804961
1047502369
1048478413
1049047561
1050721561
1054021321
1058216801
1058816533
1061182081
1072898711
1073299501
1073554561
1073729801
1075642471
1077823801
1084634401
1087710361
1088416421
1088989081
1091327579
1092558013
1092582541
1092902533
1096651921
1096804801
1097430511
1098124273
1106576857
1107080701
1111053043
1115910727
1117547201
1117805581
1117968517
1126866217
1131763687
1132794301
1134679321
1140441121
1142922301
1147018787
1147677841
1147816601
1147891213
1153506733
1156541167
1157420947
1157434111
1157839381
1159030693
1160992561
1167448951
1170608381
1171650241
1171665529
1172737147
1175248961
1179551011
1182358297
1187995681
1188221201
1188627931
1188646903
1189665361
1190895157
1191355601
1202163271
1204176751
1205606533
1207527931
1209105481
1211757361
1212165001
1213463809
1213558081
1215405181
1216623331
1217508293
1222568707
1222672669
1224068617
1224200801
1227756727
1229092489
1230818359
1231389961
1234879801
1237644307
1238343919
1240603201
1240812289
1242693121
1245283961
1246270409
1247875903
1250700907
1260397693
1262024521
1264466317
1264509121
1268275231
1269295201
1272766267
1273816963
1281903061
1282568741
1284918053
1286309863
1290865819
1295074171
1301856601
1302145267
1303139599
1303971103
1308758533
1309044899
1310926129
1312845661
1313396221
1313428201
1313805351
1317333601
1318652581
1320805561
1327284481
1329662179
1331413333
1333215703
1335361609
1337434561
1338247681
1339408351
1348639891
1348964401
1350295291
1352581201
1352614561
1357164521
1359669499
1361186527
1361367823
1364378203
1373343523
1374330761
1376524171
1382453333
1390911001
1394625649
1394632891
1401479581
1404253369
1407632557
1411589971
1412470361
1412756801
1417053401
1419339691
1421577889
1425665077
1427845987
1430446951
1432373761
1433690497
1440599959
1444095001
1444590859
1454577689
1457194861
1462393201
1463506681
1464187957
1465217911
1465273261
1471820689
1472412943
1475188811
1476809281
1482413131
1483755769
1484752631
1485061471
1486078903
1486564301
1491303241
1496233003
1502124859
1503705601
1504633423
1504865809
1505205241
1505432881
1508953447
1509316901
1509899779
1511042851
1511577997
1517607547
1518872161
1524436849
1524708013
1531416721
1536978241
1537689217
1537960321
1547968357
1548553609
1548815717
1552668979
1554006301
1558913203
1562337071
1564278211
1564391599
1570997431
1571347289
1577211721
1577621851
1577738683
1578611501
1579079503
1580201501
1582547851
1589749801
1593706201
1595622997
1596190801
1601364007
1602177851
1602480001
1602795937
1604679103
1608508201
1610031151
1611615151
1618587001
1619388541
1619691391
1621472581
1622113921
1623415651
1623595051
1624628251
1632447521
1633842871
1639900081
1649253763
1650490129
1655784001
1663436617
1664337601
1664533489
1667131831
1670438701
1673645653
1678151707
1679596397
1680434909
1683174533
1685490101
1691701777
1692567521
1695715831
1695752173
1696671331
1696969441
1705477357
1709133401
1709244601
1710129719
1710918421
1711026781
1714454941
1715427451
1722463471
1722703501
1725217121
1727956099
1733795491
1742682439
1743657931
1746493649
1747165897
1754128069
1755479881
1760818637
1763702533
1764709277
1765607579
1767803047
1776399059
1782373951
1783334719
1785399841
1786504501
1787934881
1791426787
1793871901
1801598761
1803462607
1813036903
1813493761
1814881951
1821689101
1821691873
1822479751
1822999993
1823380921
1827339361
1829051281
1831812841
1831835801
1840926961
1844279011
1848719701
1856489923
1856757163
1861026133
1862672921
1863332659
1865700973
1871486387
1877097121
1888219513
1890061213
1892737771
1897291717
1897930009
1899525601
1901367001
1904524903
1908348211
1911879973
1912606121
1914303841
1916660269
1919693161
1927168961
1934350351
1940174209
1944452249
1948803097
1953376453
1954808041
1955555801
1961707721
1962605431
1966400701
1970256151
1970360771
1974678001
1975937921
1977257441
1977984919
1979775631
1981429451
1981645901
1986632407
1988672533
1995414121
2001635143
2002446821
2004589381
2007112969
2007216859
2015713801
2016481477
2016698917
2030276131
2037233839
2044454311
2046710401
2049842203
2051419609
2054080729
2056513741
2061319201
2063228203
2066201677
2076192007
2082440533
2083203571
2085952801
2087444089
2088010619
2089740907
2091093671
2094177403
2102740889
2106592819
2108910241
2113112857
2113779361
2115968297
2123792551
2134588171
2135210491
2137495361
2138192081
2140870771
2142324367
2143581397
2144803303
2144907631
2145181739
2145354821
2146972213
2148892903
2157936493
2161732561
2169646561
2172462427
2172839117
2173427911
2175136133
2175146689
2184434173
2184783401
2194422751
2197813333
2199078883
2202101761
2212725901
2217879901
2220465401
2223492931
2224183501
2231443481
2232471431
2234003857
2234202049
2234695231
2236847101
2239383511
2240244277
2242724851
2247829321
2255490601
2260495931
2263420459
2266252211
2266334533
2268928751
2269506313
2276606503
2283040759
2283430117
2286810307
2291610361
2301745249
2302419601
2309470201
2311927843
2312914451
2312963333
2317579951
2325340249
2326772977
2329584217
2331181621
2336355841
2342765701
2343186961
2347597981
2351401201
2352055681
2352261707
2356665907
2361232477
2364950197
2369179999
2379233293
2379610351
2380603501
2391912881
2398148551
2401060117
2401080961
2403802133
2411152927
2412389161
2414089549
2414673271
2416106881
2425249601
2430790561
2433771121
2439032461
2441432503
2443725241
2455024133
2456268701
2464177951
2468264401
2472247333
2476333157
2485360123
2487733333
2490533977
2499807773
2500092013
2505101851
2506039141
2506529257
2509489837
2510085721
2511565321
2514929581
2517977563
2519300449
2520552019
2520648397
2536918999
2539092599
2540567053
2546240401
2547621973
2547746447
2548381613
2553133441
2559082681
2560600351
2560870957
2561945401
2575080397
2582799451
2592216059
2593965343
2594107489
2603055799
2609153317
2611114801
2615246597
2617882807
2619574849
2620964501
2621977627
2626339141
2626735141
2634284801
2635202267
2635781461
2636360191
2639022721
2646147001
2646809551
2652314257
2652996691
2656119061
2659235041
2662828939
2666756401
2669471809
2669791573
2671565281
2683025627
2686776511
2699471503
2704546027
2706048811
2709237361
2713562867
2715365971
2720226433
2722117241
2727943921
2732062213
2733329101
2734745651
2738110901
2743738003
2747830703
2753256001
2754547987
2756040031
2758259941
2764337599
2778191809
2778834361
2789653759
2794697011
2795052521
2796401581
2808377281
2811494921
2817592201
2822118769
2822521411
2822599333
2824685161
2826825001
2828698133
2832321101
2832735121
2839949137
2841492193
2851007309
2855012161
2858105251
2868467257
2871974561
2902383529
2906467801
2911022239
2916247819
2923467751
2934910933
2943938453
2945074991
2945208001
2955108889
2958453401
2972387881
2976262691
2976456317
2977044001
2984166001
2988588479
2997939331
3014101261
3014106301
3023433473
3023818981
3024677311
3026663639
3027383837
3033944101
3037781251
3042630533
3042763501
3049386451
3049974649
3065203763
3071729443
3071974141
3078612967
3083053387
3091353553
3097046863
3100485943
3101277721
3104877931
3105241441
3116497231
3131314441
3132519319
3137199001
3148269359
3148795021
3155267197
3156599161
3157759289
3158172779
3164831281
3171444931
3181341239
3192323681
3194563681
3196263841
3202127623
3203380891
3203509327
3206203003
3207012023
3208072801
3211283947
3213668881
3214666249
3215031751
3219808411
3222693421
3229995809
3233001781
3238259009
3242509021
3245613841
3246207031
3247473349
3249118751
3255246091
3256259329
3258220477
3258271801
3263186641
3265115611
3267358529
3273820903
3280367917
3281593591
3285725701
3292900183
3296403601
3299956747
3305277769
3305708729
3306393751
3307497649
3312546301
3313196881
3322551403
3326803201
3328224001
3330612649
3331215889
3331422343
3334398283
3335362801
3342178531
3345257611
3349753843
3349997731
3353227621
3363997001
3364070533
3368713681
3374957881
3378014641
3382983521
3383188201
3392145121
3393802261
3398327941
3407124001
3408131561
3418253021
3424266961
3425081659
3429389881
3429865057
3436070779
3436450951
3437519941
3438208717
3448169671
3453354607
3455803993
3458482457
3461605561
3466850311
3476599237
3479379401
3479969593
3480387041
3489450121
3496196287
3497394431
3498145489
3501243901
3509842741
3512095777
3514590239
3516052157
3518559997
3522947537
3523820917
3525054721
3525690103
3529910411
3538213381
3539825329
3543672001
3547588001
3548195281
3551439781
3560659789
3565342837
3566428301
3566769361
3568656571
3576489853
3576804001
3580578001
3596337361
3597019813
3597507607
3599129683
3601455529
3616913749
3622293949
3631828481
3639353641
3640903111
3651150331
3653266681
3657167161
3661339771
3661699081
3663529981
3670572517
3671024281
3673744903
3674870681
3679762321
3690551593
3691220773
3697278427
3697434133
3697696157
3704091751
3705723139
3712618279
3714732383
3726680047
3727834801
3729774547
3731194807
3732835051
3733646491
3735096961
3739717807
3740429401
3753822287
3757929187
3767984179
3773061337
3774646591
3781038853
3781274479
3785356387
3797778601
3798013321
3806030489
3806586631
3824339819
3829656403
3833044801
3839987089
3842267401
3846375121
3860397683
3861170311
3869784313
3876465961
3882346903
3890736481
3897241129
3902329663
3913492309
3926933557
3946593691
3951575281
3952678489
3956089171
3958739123
3973308961
3973464871
3980467369
3981507841
3991124341
3994905601
3996987251
3997020553
3997102429
3999703681
4002592133
4006977001
4007116621
4011001741
4025474641
4032942481
4036679173
4037490451
4038105779
4038725401
4057462693
4059776533
4060340929
4060942381
4078854677
4082268961
4105498321
4108970251
4109026261
4112485301
4117741561
4121391751
4121492761
4122851761
4131066403
4131760781
4133928761
4135285369
4140140401
4142342401
4144076641
4150174393
4151364491
4160411251
4163027801
4169092201
4171735277
4172348161
4174965601
4178535769
4183134691
4192684081
4206040357
4220653321
4229084081
4233759601
4235818861
4252124587
4264769089
4271121161
4271267333
4283445403
4286338829
4286699551
4290008929
4290881729
