25
125
169
217
289
703
925
4187
4369
9073
9881
13897
17593
17767
18721
19951
31001
33227
37901
38081
38503
39775
41725
61753
61975
62251
67159
74273
76049
76627
79003
79381
81317
82513
97921
114589
123391
134413
180661
188501
195175
197209
226801
267859
269011
275683
281107
286903
288163
320167
393427
394843
446513
493697
497503
532171
542291
584461
637589
638731
651125
723241
736291
792775
818749
824587
965497
1053761
1128871
1209265
1235111
1314631
1363573
1373633
1379561
1386391
1446461
1472353
1537381
1543825
1575491
1584133
1693193
1708673
1730977
1803601
1831363
1876393
1929781
1934371
1942957
2008597
2036497
2064479
2226661
2316385
2358533
2446201
2586229
2604571
2640133
2678413
2726543
2741311
2783509
2795519
2855651
2940337
2976487
3305993
3342827
3435601
3438667
3451501
3493561
3582619
3646765
3647621
3818413
3835703
4074907
4111381
4188601
4291801
4382641
4415251
4415581
4423499
4492489
4499701
4554775
4591123
4684861
4702897
4713733
5044033
5077801
5090821
5095777
5148001
5176153
5266999
5448943
5456881
5481451
5499355
5652191
5687809
5714773
5720149
5934391
6186403
6278533
6301651
6321187
6368563
6406375
6504089
6621763
6733693
6787327
6851521
6868261
6884131
6955541
7054321
7272553
7361201
7405201
7420249
7518277
7704061
7758601
7975361
8081893
8086231
8219251
8233633
8392525
8529193
8725753
9080191
9131401
9227417
9309101
9399901
9436771
9439201
9494101
9707377
9808651
9891743
10176433
10296563
10327001
10386241
10573967
10813321
11057125
11107121
11407441
11456491
11533537
11541307
11686141
11947027
12405361
12490201
12672001
12691309
13147597
13232617
13359397
13448593
13449619
13692013
13694761
13697191
13701871
13888513
13909559
14081689
14200033
14582863
14731363
14899751
14943377
15257089
15290875
15313075
15392683
15842689
16107631
16650163
16786513
16945633
17057737
17416015
17557103
17919175
18225703
18673201
18804721
18901213
19442119
19460821
19900453
19979521
20117467
20196013
20350021
20351563
20536001
20542861
20780299
20888737
21400481
21654533
22112911
22169701
22295137
22586257
22833851
23033869
23464033
24179347
24443057
24482503
24620801
25012129
25293469
25298491
25474909
25508359
25514507
25628513
25981957
26377921
26729893
27392041
27956503
28505203
28606021
28989871
29285891
29332675
29952547
30048121
30428033
30515389
30584425
30598075
31063249
31593241
31674163
32093359
32653363
32681017
32699641
33209621
33438961
33717991
34590403
34977931
35551279
35587091
36053333
36561103
36735973
36981871
37093607
37232401
37270231
37317349
37628371
37873201
37940069
37964809
38502661
38520577
39547171
39657661
39684157
39713657
40325041
40621591
41082211
41710411
41987111
42385883
42698023
42835717
42933841
43036003
43297207
43667317
43712611
43898951
43911001
44305039
44404001
44718059
45931117
46112921
46750501
46879561
47712673
48125437
48507331
48690721
49766401
50213089
50222929
50341169
50581081
50714863
50821681
50889985
51339037
51733993
52032943
52493647
52756621
53390611
54392725
54637831
55464481
55763161
56034343
56160133
56659639
56720467
57068701
57436429
57692861
57906841
58006639
58449847
58980637
59310847
59647771
60033403
60229121
61078931
62064247
63553621
63745921
63871937
64042903
65565457
66007061
66063649
66342673
66489751
67025009
67194401
67775401
68107007
68462551
68768569
69217273
69885649
70084801
70211461
71030761
71936899
72138337
72543547
72993601
73688689
75663451
75803267
76212091
77594653
77622533
78291973
78764797
78835633
79417801
79894861
80375707
80748391
81000499
81933587
81954133
85296251
85558411
85986289
86268781
86365021
86412475
86743873
87139273
87155713
87594497
88456591
88936651
89273881
91459561
92308525
92420875
92690281
92779831
92926409
93105893
93591721
93827353
94603183
95129035
95287375
95451361
95452781
96053981
96142927
96485953
96570253
96990541
99099863
99173719
99456257
100402681
101178881
101275441
101547217
102659657
102690901
102901633
103152481
103788301
103875631
103889089
104220703
104573629
104863375
105014911
106485121
106742791
107668705
107939773
108221521
108699193
109236613
110014579
110127739
110590589
111497051
112165931
112221617
112376237
112918591
113076221
113323123
114089897
114253273
115714957
115805593
115828057
116321617
117129421
117186037
117771553
118312681
118463981
118465201
118779923
118919725
120063953
121084561
121374241
122190391
122297137
122505571
123434929
123715021
123859709
124131907
124995473
125868943
126249817
126428851
127561201
127990241
128987429
129222325
129790207
129840019
130693393
131172163
131256451
131369801
132338881
132609373
132910493
133568821
134176771
135544501
136545067
139752607
140862349
140884673
141618181
142164301
142173109
144218341
145157489
145206361
146158801
146256529
147262201
148109473
149196079
149447761
149532571
149855201
150255323
150988753
151139803
151264513
151628387
151644011
152368133
152383771
153432137
153787879
154010221
155274571
155598791
157052575
157133791
158223869
161199991
161216021
161367013
162827659
163263169
163266017
163565377
163759753
163892587
165039373
165268567
166375889
167273731
167472451
169307839
170823043
170986553
171747577
172790951
173394079
173854675
174373321
174989701
175031953
175512151
176030977
176706139
176977921
177167233
177254533
178918741
180775547
180805991
181647497
183402343
184543273
185939269
187546133
189098869
190636051
192857761
195664571
196287391
196291243
197536501
198073951
199438387
199686631
201142873
202531501
202750003
203071903
203089927
203269177
205364251
206330125
206679925
207744679
208797331
209301121
212146507
212638661
219669451
222571231
222782401
223051141
224715251
225504311
226359547
226509361
226514173
227864599
228662029
228842209
228991501
230930341
231606373
234610291
234715021
234870301
235486729
236472265
238172971
238181431
239416927
242067841
242131889
243485731
246378931
247293173
247672141
248425327
250436033
251402551
255143617
255160621
255283867
258516289
259167277
259798969
261856261
262229761
264015553
265990471
267559627
270343471
271763467
273356437
273949561
275113351
277046641
277477903
278194249
278865481
278943061
280395649
281412221
284297059
285405901
285833329
287443651
287449091
287780863
288324091
290344753
292290181
295697077
298355713
299736181
300866581
300979369
302098633
302560501
303127441
303537625
305574221
305581561
309212591
311967433
312940519
314049331
316032721
316124483
318679021
320606911
320853199
321671377
326235097
326931601
327328093
327776329
328487629
328573477
329153653
330747301
332258081
334196777
335975203
336273211
337456753
338455153
339067381
339953851
342614533
345674071
347010553
351623647
355206637
355931341
357981289
358274593
358416577
359089091
359499781
360502127
361644181
361892021
362569201
363953749
365858011
372180307
375321059
377704471
379589491
379732501
380297761
382536001
384897421
385559819
385593391
386024521
389162863
391930003
392240773
392735575
392990749
393611653
394101761
394440301
395044651
396106261
396458087
396582751
397608751
398730763
399224611
399492241
399671641
400232113
401303239
401335351
403752577
404020777
404379191
406134793
409724569
412315723
413003329
414245551
415108891
418226581
419184481
421138801
421587241
422209981
424714753
424972519
427350925
429890581
431150639
434611189
434777617
435518381
440373917
441277061
441738001
442506709
445804321
445953901
446053193
446071201
447498481
449011603
449378401
450866021
451773221
452661481
454766287
457115909
461272267
461329601
461965001
462587329
463679911
464118257
464912839
465335459
466286041
466758181
469683061
471921361
472091497
472371859
475288237
475347031
477086741
479176039
479202751
479586301
480143201
481734401
483276025
483308563
486507323
487282771
487890703
490643591
492559141
495814051
498238201
498662561
499534439
500747293
501779821
502511131
504287911
506960021
508104049
510856051
511408171
513375823
514468261
516080737
517957525
519248341
520809451
522704557
522788921
523083751
524709901
525902887
526980241
527972527
528584299
529170931
529241077
530498461
530715883
532258271
533600033
537603761
539019361
539245801
539537941
539746843
542105779
542180539
542883223
549724033
552060001
552894301
554118661
556560871
561232571
562913777
564861925
566689927
571389001
573136513
573862021
575822801
578185301
579956653
582198163
582799951
583757521
585973697
587336401
587422609
588645709
589497577
590609521
595089577
595590841
595644991
598371107
600130675
601108201
602580301
603098497
606708103
608917753
609244501
611812321
611852671
611928901
612816751
614402731
615321097
617743675
617971225
623436997
624962213
625253917
627192001
631314811
631767943
631881337
636442003
636936697
637201343
638488891
640977373
642043289
644453633
646417201
646872481
647265907
648819151
655903873
657067951
662611951
667081801
667593313
668903761
669212641
670987021
671277109
671683997
672396721
674796151
675345677
679975003
681303241
682600159
682804831
683116849
683581471
687122941
688424351
691395871
693876571
693953947
694509331
696042901
696102401
700050583
700941601
703491617
704822851
706960819
707821313
710537521
710695333
718971181
720223813
720385903
721228741
724568833
726458923
727001293
730704133
731549729
732145033
734918869
737513137
740502757
745635857
748454299
754190977
759720151
762184291
762278161
765277189
765378241
765749501
769895051
770909107
771845401
775087201
775165789
776342533
779178313
780045211
780611173
783326377
785190451
786064339
787699771
787838833
789375511
789582151
791228749
792049381
794042701
794102779
801338861
803744371
806627251
807505001
808914881
812426113
815147149
818162563
820240831
823419001
824465071
825018877
826380991
826760413
827980471
830664451
836320897
839160029
841948201
842216041
849704671
850242473
851026261
862246225
865614401
869109281
872380321
873512875
873631027
875605121
876815161
877909915
880193917
882189001
883388711
884584891
884858881
885517331
890687621
891381773
891660689
892938619
894860731
895898767
896901461
897916207
898882141
905445647
906326077
908245337
908545249
910020833
910704349
910850417
910949177
911366167
911484421
914195537
914403439
914628719
915641821
916428547
917074225
917588827
919748131
920529601
923437213
924695713
925198081
926903099
927636139
928766257
932098133
934532539
934564573
935794081
936761941
942110381
943795201
946034057
951103375
951650617
954732853
958323601
961093189
961504589
962442001
962468911
963191527
965510477
970355431
971356577
975516757
976382509
977348791
986426131
989637475
990893569
992574409
993768569
993830879
994517533
1007960599
1009452841
1012911409
1015269391
1018186633
1019089369
1019091943
1019522743
1020254569
1020329689
1022555713
1023472061
1025457679
1026438247
1026948751
1032971293
1037560681
1044252241
1047908191
1048132801
1048478413
1057847101
1057979399
1058797687
1059154903
1059193297
1059492961
1069265555
1071283393
1072839941
1074254833
1078412029
1081298419
1083798691
1084242361
1085892257
1086184471
1089682837
1091401261
1092215521
1092902533
1098000091
1100241361
1100624857
1101623381
1114563007
1115630221
1117649101
1117774771
1128406249
1134036289
1136949479
1138229821
1139434453
1139674303
1141153651
1146209689
1149936929
1153164097
1153366501
1154007109
1154960731
1155967723
1157839381
1160166421
1160363905
1163769751
1175051197
1176248701
1177778671
1178819461
1179472771
1179551011
1182385121
1186054213
1188646903
1192908301
1200359497
1202142061
1204034959
1205081701
1224610207
1228499941
1234614529
1234646533
1236642941
1240653415
1242693121
1248581603
1252222619
1256096377
1256780071
1257102001
1258198247
1261503469
1261570133
1263021607
1263293281
1266054193
1268469781
1273139891
1274536891
1280837381
1286624431
1287278051
1291122961
1291412431
1291773451
1292885731
1292935801
1297092721
1299037889
1303010561
1303869601
1304480101
1308544903
1310671111
1310783801
1310926129
1312845661
1315858381
1316882725
1319843449
1320327391
1321058213
1323011377
1325172421
1325857541
1327253773
1328390321
1331574553
1334349901
1338247681
1338579257
1344674623
1349671681
1352421163
1354315603
1354991653
1356476161
1358027917
1363200833
1364378203
1368769681
1373692517
1376443099
1379138713
1380511397
1383795323
1389272851
1389655093
1393946227
1394632891
1395653203
1398099313
1399230289
1406851249
1408572493
1415075663
1417260001
1419860989
1421359123
1424167321
1426321153
1428342781
1428966001
1429577353
1430815921
1436313565
1436448257
1437444451
1437866561
1442229031
1446551191
1446979993
1447743233
1452759401
1453645663
1454430671
1458051337
1458198151
1463178817
1463455237
1463992661
1465307351
1465945417
1466819719
1467260621
1467496123
1471568239
1479205729
1483755769
1486078903
1488204217
1496917897
1498180591
1506644551
1509316901
1511042851
1515664153
1521835381
1522579423
1527188461
1527763333
1530914897
1532468969
1533573731
1535140231
1538071061
1538538949
1540280401
1543842217
1544599061
1545387481
1549340801
1550924873
1551736397
1552342807
1555645033
1557305371
1557593881
1557630911
1558913203
1559422801
1561800833
1562507371
1565893201
1566612379
1569144547
1571659783
1573258571
1574951671
1576169701
1577194561
1579696609
1581153991
1581426541
1586558975
1586924501
1589853281
1590564601
1601427673
1605194197
1608751523
1611120619
1614341431
1619680147
1620055183
1621656997
1627644961
1630161541
1632856231
1638564181
1642736519
1656674371
1659856969
1660780273
1661461159
1661963293
1663067641
1666993651
1669922983
1676014471
1681812823
1683174533
1683878689
1685927053
1688688937
1689368017
1691701777
1697119213
1698270023
1699223681
1705279423
1705344253
1706690101
1706908751
1720630759
1721558401
1722708703
1727194153
1731275341
1731541813
1734384793
1734443551
1739057633
1740269341
1741080661
1744262081
1750311367
1753503445
1755293809
1764091951
1766033707
1766487259
1769267761
1772218031
1779749351
1784455147
1787463661
1788432193
1789035121
1808205701
1813474321
1813755331
1827702101
1834607633
1834812799
1837596251
1842249517
1844470513
1846222561
1847757397
1852260601
1852317251
1860122131
1860792523
1862739481
1862880401
1863369217
1879846261
1880600653
1882049977
1883651761
1884669361
1886348987
1894349101
1896162451
1896689737
1899027649
1904524903
1913422591
1916791633
1920301951
1921309633
1922062001
1927372351
1928121361
1928929087
1932072319
1939464973
1942896803
1945658417
1948415635
1952968753
1962804565
1963824817
1966146451
1969700507
1972264261
1973817271
1974552175
1977257441
1979706499
1983911687
1987047323
1988228201
1988672533
1997065141
1998066421
1999407997
2002446821
2007299549
2008079641
2008929511
2009518519
2009621503
2011143331
2019460411
2020170601
2028502303
2034039871
2034348961
2035127573
2036224321
2038356091
2042467741
2049293401
2054080729
2054578819
2054711381
2055634561
2057713309
2058163561
2058751477
2059739221
2067852997
2080533379
2082146617
2083711837
2086165649
2087552821
2089282339
2090066947
2090841901
2091512177
2098350253
2101743937
2103804781
2107449271
2108568827
2116483027
2119380587
2120096161
2122369693
2126839177
2129203693
2141033203
2144548033
2148892903
2150489251
2150849317
2151430051
2151933701
2170282969
2172857611
2173700173
2174349029
2175609311
2181653491
2182261121
2185948201
2192850949
2199873169
2201347513
2202665053
2203663621
2203856497
2213109361
2217125401
2218530133
2219008177
2224278253
2224755311
2225733157
2227002961
2230305949
2233153315
2233311089
2239329853
2242724851
2243332981
2243691341
2250292687
2253549227
2257069201
2263411351
2263594717
2264745313
2269984861
2271409633
2274169561
2276606503
2276670061
2278987679
2281486573
2295229091
2297067967
2300319061
2303998597
2305494437
2312616263
2313385537
2318732111
2319329503
2320640011
2321922833
2324391469
2324454793
2327340601
2329563811
2330762519
2331181577
2336761627
2346452041
2347414609
2355044833
2355216001
2356308127
2357480509
2360414501
2372976563
2376769741
2380603501
2382466375
2382563233
2391028399
2394862751
2402034211
2407191181
2411193019
2417408533
2418196051
2418432397
2430078971
2431587709
2432761633
2433058351
2438403661
2438538841
2441203129
2453218561
2458986253
2467727287
2470278539
2472907141
2473670359
2480006161
2482435981
2483253781
2484033481
2486973649
2487709621
2497478509
2501186959
2506616869
2507120173
2508662053
2517349201
2519186671
2520928171
2526082369
2533514509
2536581121
2544041089
2544804811
2545067281
2547746447
2553858287
2561665027
2561793361
2563136777
2566305991
2569098029
2569324987
2569669279
2573573003
2573686441
2574211669
2577274411
2581886947
2585488369
2590160557
2591473903
2592077251
2593182901
2597204989
2597294701
2603070919
2607827293
2609471341
2613099421
2616371803
2617882807
2619851557
2621977627
2623206697
2625665701
2639628319
2640208609
2641926241
2644262821
2646147001
2648153351
2651626121
2652996691
2654346241
2654851387
2659235041
2659864343
2659939453
2661210367
2662828939
2666733037
2669688893
2673094933
2677948411
2678704051
2685910741
2702363077
2705647141
2720128321
2724552907
2726963137
2729333647
2735440261
2739315041
2745144331
2745385525
2749283461
2749895671
2763066637
2766731917
2768807651
2771709761
2778694673
2779279361
2780411131
2782417601
2797810391
2800048717
2806589017
2815281289
2815898647
2819677097
2820743531
2822643451
2826643861
2829800689
2837917633
2842302227
2845140481
2847668209
2851568281
2851959529
2855126275
2861991427
2864687951
2866279579
2866872781
2867574529
2870302183
2871150301
2883124001
2884465729
2889079201
2892431701
2904676633
2909804089
2912523073
2914194931
2915953633
2916085597
2918184469
2923802659
2924227619
2927499301
2934791947
2935029841
2937200111
2939594407
2943403453
2944812319
2945549881
2954906137
2954933549
2958453401
2958586781
2966800033
2973569581
2974080649
2974793401
2975096953
2978766341
2987324089
2991979217
2992394501
2992797193
2996944133
2997745001
3000744671
3013708057
3014101261
3017066581
3017416753
3022619701
3033622801
3033831301
3054297997
3060537511
3077802001
3080077291
3083053387
3083594779
3093102377
3104743861
3105241441
3105534251
3106952647
3108353701
3112723351
3116385361
3120995161
3136605361
3137199001
3142625461
3146902111
3148806403
3153458897
3153850129
3156887831
3159323051
3161749961
3161757457
3172327849
3177004507
3181898569
3190534975
3191296499
3199915981
3200828401
3204162613
3205012963
3205512997
3213895051
3215031751
3215773751
3220413457
3228044821
3235126501
3243537751
3246879553
3248285401
3255167041
3259708591
3271076771
3271485697
3276568849
3278403451
3287171581
3292900183
3295039457
3295217971
3298142971
3298453619
3300548473
3303807907
3312034133
3313996757
3321378529
3322551403
3323138443
3337828777
3344191241
3344774441
3355382857
3358625849
3362546881
3363763231
3366119681
3373301587
3382983521
3384844471
3396018211
3404560051
3407772817
3413165551
3413590987
3418234177
3420524467
3422207953
3425005091
3429457921
3440739661
3441448193
3443529601
3447482449
3449000251
3452499121
3455307997
3455938201
3463035577
3464236901
3467821087
3468046819
3468934729
3469637263
3470400571
3479962243
3480387041
3487969651
3488290921
3490911451
3495642949
3495943153
3502470913
3502970551
3512847869
3512949529
3515576221
3520909237
3527380819
3529931441
3530899327
3534197833
3535099261
3539528479
3539611063
3546090721
3554383141
3563194489
3563420719
3572613841
3573922577
3577077533
3580402981
3581831761
3581894263
3583904209
3584560409
3588315481
3588370633
3589884131
3590409439
3593558875
3599858687
3603030637
3605151241
3609494533
3613661263
3616574081
3620601793
3621384397
3644730721
3653582483
3653628247
3656012491
3657486361
3667250053
3670189073
3672754633
3673744903
3688843621
3689127773
3692149847
3699154499
3704144281
3704558369
3720856369
3726483073
3729097633
3733646491
3740776121
3765418333
3775638049
3782421187
3800306971
3803999113
3804040241
3814811701
3817422181
3820239481
3824462461
3827895457
3828001561
3828582421
3833298421
3837689641
3844062001
3844502881
3848844553
3858713587
3874229591
3876859351
3878119969
3882525421
3886128817
3886227661
3887635753
3889818451
3895924033
3896963857
3907504141
3908998273
3950057281
3951382753
3951472961
3960752371
3966321511
3972711097
3976148431
3977254135
4002592133
4005660961
4011001741
4027848943
4032524521
4035028861
4039299227
4041979637
4042578403
4045222081
4047480067
4047985369
4048989001
4057918939
4062809125
4065336991
4069683749
4076973601
4078542241
4085069851
4091667823
4098208297
4100934241
4102244303
4111149169
4115153233
4133928761
4139069521
4149486401
4149623497
4158560953
4161248191
4164037991
4169682617
4171662811
4171735277
4173866413
4175289271
4186366741
4187535301
4202842561
4212827701
4212904501
4215668227
4217455243
4219121281
4229023609
4233038779
4235818861
4246429051
4246940161
4253380321
4253896333
4255202953
4260562561
4261629133
4266406285
4267280021
4267640833
4278477481
4282033687
4283445403
4285858523
4289544529
4291299751
4294095661
