33
145
305
451
1769
5365
5941
5963
6161
6499
6533
6817
7107
8845
12127
13981
14111
14531
17557
21781
22177
27133
31609
31781
38503
40951
42127
48133
48709
52621
54161
64031
64681
64703
79501
81317
93757
96139
122581
147967
157753
180451
181351
182843
184171
188191
202093
206981
211961
231337
238661
240637
242881
247699
286903
327489
360533
396271
438751
443719
475471
479119
480385
578771
587861
595771
598105
607501
607561
616351
636641
654977
665281
708401
753667
760651
765703
811921
829327
871183
873181
876961
935713
968383
1010221
1010417
1047619
1056331
1176319
1223707
1228557
1293337
1306199
1312781
1314631
1357441
1372177
1379561
1379909
1394171
1436791
1584133
1735147
1735841
1746553
1782439
1863907
1871209
1983983
2011969
2120791
2134277
2136349
2173621
2195371
2253751
2297329
2309221
2409721
2487941
2593781
2625271
2678413
2679391
2687719
2750683
2840311
3006877
3062347
3076481
3166087
3209881
3214081
3240481
3242021
3270403
3429649
3431941
3440407
3490237
3600577
3634633
3686761
3757843
3891961
3927001
4000207
4059451
4157921
4255903
4258213
4335101
4335241
4378769
4389613
4413223
4540321
4543621
4687411
4811851
4818151
5095861
5176153
5194051
5352499
5361721
5371577
5447881
5467201
5502061
5652191
5760901
5811367
5902049
6186403
6252283
6350941
6392801
6484787
6558757
6621763
6654103
6848209
7134121
7392901
7462001
7689541
7820749
7848061
7908391
8095447
8253631
8333333
8405857
8555893
8595361
8951797
9007519
9179117
9353761
9371251
9433601
9444943
9446761
9630361
9693091
9707377
9780409
10061581
10084603
10217353
10403641
10446323
10461329
10679131
10745029
10871659
10974881
11046449
11088013
11099089
11212441
11285621
11541307
11771551
11794441
12169711
12229921
12241963
12331801
12466837
12763939
12801727
12975691
13243651
13361329
13379801
13647691
13693945
14020063
14169331
14203561
14231605
14397241
14595851
14719849
14783203
14792971
14799937
14842801
15597199
15647281
15889189
15907501
15929981
15978007
16042889
16108247
16122679
16273027
16346899
16398541
16462297
16705021
17116837
17774245
18158251
18186689
18468901
18699697
19194181
19591171
19951571
20010421
20261251
20290477
20310751
20451857
20531011
20670833
21063439
21063953
21355951
21376777
21397381
21415297
21452017
21461707
21858091
22008493
22187791
22369621
22828651
22870741
23316751
24464149
25158871
25528123
25575971
25840081
25981957
26260123
26678161
26726701
26866801
26981891
27509653
27543979
27587851
28358287
28437763
28454365
28527049
28666331
28708219
28772701
29266361
29303485
29366767
29477197
29521237
29871937
30428033
30924979
30982337
31149547
31199923
31436123
31909789
32027101
32092259
32681017
32781841
32817151
33120341
33146717
33333091
33598291
33717991
34247461
34407781
34582561
34745047
34752673
34865471
35018777
35213459
36053333
36436681
36974341
38203579
38624041
38769301
39465091
40621591
40727751
41067181
41180179
41847391
41972041
42149971
42318277
42447637
42474547
42553009
42575569
42606661
42702661
43039501
43063729
43105541
43331401
44136203
44459659
45193413
45466513
45834589
46523971
46866391
46977421
47029681
47146537
47153807
47253781
47584441
48316969
48473569
48551161
49292101
49735981
50093641
51038749
51685889
51856201
51909799
52361965
52448371
52517557
52882513
53554645
54121303
55176097
55325029
55392913
56524621
57068701
57530419
57561085
58624039
58724821
58725703
58830091
59170561
60398801
61568779
61683241
61754941
61829741
61832377
62289541
62366009
62566093
62746279
63797707
64003771
64051483
64908229
65218939
65562031
65918113
66007061
66725209
66783553
66957031
66998317
67590751
67697939
68269463
68307049
68462551
68482051
68751037
68983391
69197311
69376609
69571363
69885649
69998293
70886341
71108071
71258221
71345633
71452357
71711839
72415531
72614959
73354213
73725283
74411131
75148921
75642157
75851801
76280329
76306357
76431457
77214367
77248081
77518981
77605277
78277721
78749347
79086811
79411519
79769971
79895401
80304001
80393611
80937949
81230977
81383401
81567151
81988369
82522081
83061121
83212621
83637401
84584951
84826603
85491311
85575079
85666151
85719871
85817647
86438857
86738203
87857827
88126421
88256449
88649189
88741171
89086213
89235581
89532271
89731849
90129311
90279113
90392527
91319581
92038477
92696911
92929201
93431521
93469501
93930691
94145221
94430899
94720393
95145751
96894071
96904081
97276141
97741171
99138631
99432023
99898801
99988001
100168921
100943201
103015441
103301633
104714083
105056057
105365921
106146091
106298821
106357897
108264031
108467209
109061963
109427291
110191973
110413333
110555971
110566969
110647021
112257937
112307329
112659479
112720427
113492101
114275701
114388471
114910489
115804501
116090081
116211901
116944237
117424231
117662981
119166809
120236707
120307951
120356839
122722559
123513601
124259203
124742017
125354941
125997121
126382757
126428851
127258921
127300417
128322503
128468957
128978249
129400921
130050061
130271329
131433691
131819101
131855263
131881429
132435487
132590881
132926861
134876233
135235579
137200981
137449621
137636311
137813129
137932321
138069647
138416959
141355099
143168581
143211157
144491621
144505271
145155817
145603333
146156617
146892901
147039751
147175813
147354413
149477791
149532571
150592711
151533377
152922001
153168577
153928133
154011467
154157599
154513633
155193457
155893249
156045709
156450361
156539503
158175343
158449399
160198723
160378861
161318401
162243091
163759753
164714761
165283471
165938653
166442251
167238611
168963209
169234003
169655641
170084191
171147601
171379409
171977779
172148209
172436713
172947529
173578417
175420459
176052101
176057603
176574487
176597821
177455701
178482151
179298571
180016981
180077173
180556967
181332337
181812541
182188117
182404301
182619271
183524111
183944113
186010711
186654241
186846301
187546133
187678961
188101897
190970053
191376931
192346153
192867321
194389903
195475351
195966061
196285651
197239591
197333137
198165859
199324621
199391431
199958761
200790371
201146137
201154483
201573737
202983793
204345289
204683113
205402513
206171893
206304961
207487561
208464887
209301121
209594971
212320351
213153337
214079401
217497991
217735321
218171701
219423901
219802589
220267587
221415781
222084301
223051141
224494957
225296881
225587083
225651469
226366003
226761901
229728409
230043841
230618389
232173941
232683137
232771501
233322811
233431157
233988721
234013501
234087481
234453187
234823051
235092001
235476697
236025721
236308663
236692373
237087481
237268249
237338089
238200607
238375771
238690801
239495761
239604301
240230761
242131889
243289891
243504071
243887617
244861881
245112351
246015181
246099317
246265021
246353509
247003093
247536811
249183037
249310097
250216801
251366009
251775481
254767969
255563857
255866131
256911869
259642879
260018393
261268471
262034429
262280143
262833871
264869767
265731931
267152033
267453181
268505551
269702539
270093001
270343471
271724623
272926889
274090097
275712533
275893171
276082237
277210081
277477903
278632381
278943061
279680501
280312003
282589651
284081617
285111667
286962121
289150831
289289773
290435749
292077001
293651893
293899981
294132301
298192753
298246831
298890901
298951087
299333233
299671921
299907953
300044089
300580237
300979369
302204033
302780563
303127441
303639337
304745827
305464661
305889931
307061371
308550061
308838421
312542491
312883033
313158913
315271181
318465703
319167157
321004147
321781633
321917641
323815969
326648071
327793121
328402181
329153653
329757683
331775531
331868197
332821873
333518281
333695539
334441031
338070053
342265951
342614533
342859843
343733903
344058401
344776301
345674071
348197917
348668321
351058753
351143101
351715033
351910021
354615953
354802241
356313847
357914701
358124449
360018361
361173691
361198241
362569201
363853561
365511191
365858011
367533541
368113411
368133481
368476501
368599951
371283067
371376631
372383857
373584949
374441647
375931501
378482281
379145801
381405553
381463783
381768781
382676887
383753521
384040001
385319089
385606981
385934069
387976037
389361589
389457451
389886841
390922741
391492641
393371621
394157851
395044651
395475109
396106261
398599489
399069001
399765031
400315301
401498249
405956801
407828401
411047407
412995731
414014221
414948661
415204501
415953553
417370339
422651741
424346291
426448411
429491401
429802001
429890581
432523051
437491237
441647317
442183321
447411553
448322029
450016901
452939933
452987371
453919201
455461471
455509459
461024741
461342197
462081901
462992261
467391839
467491753
468500033
472708321
473750371
474663887
474970501
475320619
475992397
476245379
478158913
478245763
479167651
479537753
480357571
481593997
481637381
481967399
482789971
483029821
483905089
484179229
486940631
490057837
490703617
492683311
493108481
493961737
494657791
495416503
495573121
497285713
499739761
499919257
507877147
510111361
512706121
515028697
516023551
517567051
523565641
524151253
524545303
525255197
526976803
527168149
527278127
527396941
529214311
530455297
530570881
533600033
534035179
534250393
535252117
539537941
543402829
546464689
548238679
552680801
552837673
552993277
553134913
556242217
557163157
561495761
563947141
565336361
565524979
565753151
567765301
568267207
569784403
570551101
571389001
573136513
574525961
578185301
580686881
582241237
582433547
584570491
584868181
587021431
587336401
587565221
588619777
588645709
597440689
597717121
599135767
604047553
605221501
608560661
612361559
613701061
616839301
617718193
618599801
618958441
618998731
619681313
620072251
620169409
621377089
622157779
622998321
623606413
627576013
627681151
628908781
630355601
631523549
631881337
632112451
632309437
635689633
637117807
646175713
646409801
647265907
647882309
648263387
653204845
656893693
660810187
663699961
664564049
667081801
668425711
672396721
674194207
679396303
682276993
683116849
683958901
685667317
686026591
686551351
687344197
689352929
689842759
694116893
694656901
694722877
695327821
695360011
696447181
697592281
704594419
706562851
706835971
707941417
708277177
708477997
709494089
710617861
711215371
712656907
713197939
715295177
720068161
720385903
723191197
723770701
723908557
729750401
732525553
734573159
735077701
735272137
738769501
741214237
743404663
744312367
747810757
748638001
748691591
756647719
757639387
757749511
758533351
761940631
763492441
764127289
765038737
766292239
770738491
774027781
774109627
779127409
779819587
789018421
789221941
789375511
793943021
795072673
798119239
799692193
800617177
801762565
801866647
802879481
810186091
810233497
811637401
814441633
814613473
816569461
818791921
820367881
822018961
822531841
823617673
828971341
830664451
832127489
833091631
833267737
834563305
835330645
837766217
845951767
848490931
849700801
854319269
855050701
855183913
858333131
859171321
859400071
863984881
864711637
864770257
865047121
866008153
866977693
868081231
870142879
870781693
871100333
871456381
874820701
880117891
880686269
881158741
882494861
884584891
886883371
889634989
892003531
893993851
894562813
897931057
898499491
905323567
905400731
906326077
909753781
912172411
913372751
915641821
918661501
922153273
923437213
928827001
933581381
934290251
934333601
934968217
944500519
944832533
945429533
947332387
947747761
950371003
952108147
960611191
963696337
964168349
966971521
967287751
967830761
968283247
969512647
970485601
970821679
975101653
976372561
979297453
982390501
983425169
984640651
984759121
985563217
993321187
996908327
1004209411
1005851701
1006616489
1007717257
1010458021
1012601251
1015466971
1015753601
1016250247
1019090333
1022388641
1024516693
1024605121
1029218851
1029550861
1029999517
1034292097
1037641351
1038113053
1038163961
1039247719
1041458671
1042702471
1043429911
1048066591
1049144801
1049606497
1053512821
1054694941
1054841971
1055437633
1055982313
1058277151
1058408941
1058989231
1059189331
1059193297
1061372413
1061855539
1064725201
1067714047
1070063191
1070941987
1072059391
1074292561
1079197913
1079619817
1081552369
1084444481
1088226731
1088923501
1091401261
1099407457
1099744661
1101623381
1105398869
1112502403
1120348681
1129146481
1130822281
1132456541
1135791691
1137320581
1140687679
1142229089
1143031891
1144852337
1145459233
1146209689
1155448529
1155706241
1156059841
1159030693
1161062767
1164904341
1166795473
1177506289
1179105313
1179740161
1179800191
1180550197
1182385121
1182582649
1187928883
1188938719
1189817371
1197857701
1199725801
1200738001
1201133449
1204176751
1206529201
1209229477
1212036013
1213619761
1217623243
1217849627
1221044653
1230331411
1230809323
1231340779
1231671211
1233001771
1256780071
1259900671
1260591883
1263038291
1264145401
1265475577
1268603209
1268946253
1270962001
1275188773
1285729849
1287736061
1289281621
1291529221
1298074111
1299776479
1302422221
1304428753
1304553251
1305891721
1307996281
1308358507
1308544903
1310783801
1316947447
1323117601
1324646357
1325172421
1327418951
1328934601
1331061887
1333215703
1333976923
1338579257
1342287829
1346994449
1352920087
1353225931
1353695909
1355445949
1359797611
1360398211
1363200833
1364618683
1369059737
1375288231
1376483627
1378009009
1378511947
1389353941
1392320557
1393253191
1394051851
1394632891
1397678699
1399155161
1399204291
1401840833
1406826241
1406851249
1408150087
1410810787
1414154827
1416144133
1419575167
1421189551
1422247331
1427662303
1427845987
1427876839
1430446951
1432940671
1433560543
1441038187
1443833143
1444694213
1447482991
1449805249
1455527617
1456571581
1457361137
1464568381
1468472813
1470336583
1479755141
1487387611
1490919229
1492762133
1495696901
1499295097
1501839683
1503613021
1509885877
1512642289
1515270331
1515785041
1516971301
1518214961
1520190341
1527188461
1528190381
1531057141
1533781001
1536798607
1540208251
1541955409
1542902901
1543776301
1544599061
1544942569
1551598249
1552668979
1555807681
1556004451
1562110831
1564037401
1567090867
1568412091
1571351641
1574362441
1574468377
1575242059
1575723689
1590503251
1590564601
1591514801
1591710737
1595622997
1597988351
1605086029
1606749061
1607530051
1609091245
1614341431
1614381133
1614423661
1614902761
1618435171
1619328481
1622037967
1622121427
1624124989
1624239451
1628692201
1635548221
1636435789
1642472569
1643608891
1644177883
1646728903
1654094521
1656632377
1663082929
1668670501
1668971053
1670817061
1681306663
1684118251
1690695721
1696913551
1697987917
1699611211
1704241397
1706302153
1707421633
1715794651
1719574781
1719867911
1720994833
1722463471
1725217121
1726238929
1727781571
1728960133
1729633751
1729667837
1735915771
1743657931
1746298181
1747678927
1751246641
1752172003
1754327233
1757585563
1760786161
1763702533
1764636151
1767126913
1767803047
1772080417
1776820033
1778081857
1779947597
1784455147
1786339801
1792442737
1796170351
1800524671
1805682259
1805956981
1807300129
1808043283
1811030401
1815566101
1820768041
1821689101
1822479751
1822836907
1827545959
1829365561
1832454901
1838453203
1840325791
1844279011
1849401709
1851637373
1852869061
1861026133
1864124419
1865421521
1869875281
1870276591
1870396861
1874439001
1880544907
1887446161
1910307257
1913296951
1913422591
1914644401
1915760701
1918534901
1921159021
1921309633
1922864123
1924031233
1927273951
1928929069
1930334701
1936129751
1936752767
1937105941
1939369531
1945689439
1949221873
1952532451
1962730531
1965648189
1966146451
1966629101
1968002149
1969698371
1971531151
1974056491
1981815091
1984474507
1986414361
1989192277
1992636301
1997871709
1999846117
2002386331
2003569501
2008585897
2009621503
2016481477
2018761111
2020615777
2023040449
2024869991
2026633951
2028685753
2030063941
2030600833
2032075081
2035165441
2036224321
2036628553
2040774121
2046408787
2053282501
2053875601
2054711381
2058947851
2068610221
2069182981
2071061441
2072334881
2074544033
2075429203
2075816579
2082896791
2084161861
2096692033
2097082811
2098159097
2102718577
2106856001
2107145041
2107449271
2109637489
2110304909
2116483027
2117185051
2122242097
2130484357
2135080457
2136546061
2137495361
2139462991
2142324367
2142928621
2148466951
2154446641
2154725921
2160173497
2165120959
2167534783
2175406201
2175728251
2186929291
2188940869
2196421319
2201950661
2202205897
2203245487
2213431729
2216267467
2219008177
2224035409
2224506541
2231332357
2231476987
2241674453
2242724851
2244972547
2247014251
2254418321
2257052143
2257996751
2258956841
2263594717
2264946301
2267716879
2268449521
2269088831
2274774793
2275278511
2277332641
2293014533
2298363451
2301745249
2301980801
2311558021
2311710253
2314710019
2324511883
2330569541
2333010751
2335522393
2335827457
2339347063
2340870071
2341310849
2346964741
2351868949
2352371251
2357236771
2363491393
2365417777
2368343077
2377623151
2381535691
2383905037
2404292801
2405987497
2406220081
2408610091
2411584321
2418131451
2418982651
2423195777
2429948977
2430078971
2432487163
2441432503
2444736533
2446893703
2449191841
2452359457
2452886659
2456536681
2457085669
2463616807
2471130617
2471205361
2472295393
2472907141
2483380433
2484408301
2485230751
2492480233
2496358913
2502064577
2509202831
2510949601
2513290627
2541777019
2549045101
2558640353
2562814621
2565436301
2574211669
2575060949
2577345541
2577432751
2579163931
2579214529
2584018289
2587770907
2597294701
2597788951
2601216101
2606619691
2610024103
2611605811
2614812971
2621461573
2626783921
2630178433
2634028811
2638009243
2638067881
2640443917
2641498861
2642221801
2648671957
2656494271
2657541151
2659738999
2666011681
2668957537
2671347839
2672605657
2674839511
2683456777
2690411257
2693243701
2703071359
2705647141
2712726073
2713292551
2723932801
2725636789
2731951861
2733156029
2734207081
2734236649
2739606451
2742119407
2747709691
2751129841
2753129861
2756402251
2757427993
2764147933
2767572571
2770560241
2778076421
2783727731
2791053541
2806061305
2812126747
2813512591
2814748201
2817800873
2822521411
2824422001
2826128971
2827961221
2830932469
2832384133
2833704841
2834642663
2835075379
2839035457
2840634109
2842302227
2850473389
2857764127
2857809151
2872325011
2873094001
2874627649
2885972701
2894983381
2895951841
2897130979
2904676633
2906869523
2912542921
2913401611
2915264197
2929062533
2930187521
2933588503
2939072263
2942378419
2943765631
2945549881
2948475473
2957957011
2964012437
2965274497
2975050999
2975096953
2975992601
2985112391
2985505051
2998056773
3000119329
3000688381
3003969691
3005318377
3017211809
3023094619
3028702561
3034557451
3035854153
3036493813
3042630533
3042658921
3044636687
3068243501
3075032731
3076617637
3088030609
3088408429
3089749969
3101387437
3105241441
3107731159
3113223037
3114276619
3116834401
3121477633
3121936271
3127874413
3130298389
3136697911
3148806403
3149218381
3149556061
3151437617
3153458897
3167394103
3170096497
3172658653
3183336091
3184139701
3187939921
3188031211
3197941979
3200985217
3205663921
3215031751
3218821007
3224101123
3224109701
3227082823
3228044821
3238332373
3239174233
3244105141
3244355713
3247318717
3248307847
3253543207
3256366051
3281593591
3283765717
3285586201
3295362727
3299532251
3302763437
3313196881
3316485421
3323590463
3326803201
3330496151
3332340703
3335899927
3336384031
3347570941
3352026133
3352448089
3352481497
3353927851
3358680601
3363763231
3367788197
3368459819
3373049741
3374598781
3375949001
3380814683
3382261579
3382854721
3396405041
3397556737
3401510113
3408527977
3423881341
3426046177
3429601561
3429704917
3434575327
3436109531
3437331787
3440006659
3445470001
3449737321
3450935503
3452102971
3458133001
3462301501
3464236901
3467982991
3468274879
3474014857
3482137231
3482400869
3488911219
3492855451
3495642949
3495943153
3497665861
3502970551
3504722521
3507623351
3510577309
3514590239
3523473721
3523954141
3528544751
3536267101
3537786001
3539475511
3551925367
3555636481
3557948131
3563798743
3566014861
3582244307
3583375681
3588434089
3593444009
3594110081
3602006101
3609494533
3621992533
3622771027
3631374511
3631950577
3637831753
3639794341
3641225171
3642034261
3648772553
3650592667
3652775041
3671332897
3676562233
3679207381
3693891043
3697434133
3700611583
3704173397
3727529311
3728463481
3729002353
3737346049
3741041561
3743307181
3744753853
3746985901
3751554581
3756037027
3762090641
3765124463
3767581091
3769349897
3773965681
3781714501
3786682369
3793333343
3804250561
3805576781
3807044251
3808113913
3812822413
3818325121
3821259331
3823594309
3826699537
3827316137
3835457341
3847881619
3855884671
3860828311
3870697811
3874471147
3875965417
3881648317
3883439647
3890921317
3892928203
3916633561
3924347671
3925583551
3926068943
3926933557
3930504721
3934940833
3939473449
3940128001
3942600481
3945525853
3948938401
3953978281
3954334159
3956738077
3970673947
3971677951
3971790659
3972911329
3973917949
3974572801
3976241431
3979628291
3997740319
3999847441
4000362031
4002124013
4006361197
4007236003
4012212331
4015047961
4033490719
4035028861
4039299227
4043682649
4062547081
4078189259
4085069851
4088827657
4091041501
4094364653
4099980581
4105691393
4108970251
4111281089
4112609497
4121013521
4125516827
4127362163
4145880961
4146254113
4147537771
4149101017
4149700741
4160411251
4168649633
4169525681
4173866413
4175362133
4183069511
4193096701
4197537457
4199317249
4200230569
4211519131
4215885697
4218093773
4222650857
4224863809
4226360419
4230238861
4231931521
4236668981
4239465701
4242354731
4245361279
4249747109
4264261717
4268359621
4277526901
4286028577
4290515081
