9
57
91
133
171
247
305
485
763
1417
1729
2071
2209
2501
4047
5917
6533
9919
14497
24617
26467
26923
28153
29413
29585
43213
45449
49771
52801
57421
68143
78409
79003
83261
83569
97921
102719
106151
127501
134413
135481
146611
158701
173521
183817
188057
188191
188461
218791
266303
270481
293281
307051
360533
363091
382537
385003
437251
485357
543629
551051
551449
563473
579233
580831
622531
665281
693307
714653
721801
732351
736751
749009
751607
753481
801049
806797
873181
950797
1004653
1069993
1084201
1122769
1154131
1187099
1189273
1201861
1226413
1277179
1306801
1323191
1337011
1346413
1373653
1394171
1407729
1431061
1482571
1529317
1735841
1753487
1755001
1802971
1861553
1963501
1968557
1987021
2065033
2136103
2242241
2295871
2342689
2400091
2569561
2689759
2723053
2734537
2943851
2946401
2948947
3125281
3159217
3183181
3363121
3433799
3443497
3458071
3521701
3542527
3569509
3576751
3634633
3750571
3768451
3781937
3862207
3864133
3906211
3913267
3952531
4316671
4431331
4567837
4628467
4650557
4796551
4814821
4865309
4941553
4956409
4972705
4982951
5022601
5157811
5187637
5557577
5716701
5752051
5778257
5780941
5880001
6317411
6438001
6500027
6696017
6735577
6759751
6948199
7028821
7087777
7214969
7249789
7624501
7879681
7891657
8095447
8141281
8163167
8181469
8217289
8231653
8255801
8293381
8363083
8408303
8639399
8725753
8832241
8968259
9056501
9227417
9254521
9353233
9591661
9728863
10008377
10501681
10507399
10573967
10791883
10909669
10934041
11036551
11126257
11247661
11508373
11632897
11891881
12341869
13188319
13208119
13265407
13404751
13446253
13501951
13628401
13773377
14033449
14167711
14712337
14765561
14785201
15188557
15244309
15752101
15824873
15947119
16042027
16240349
16253551
17449417
17477131
17585797
17812033
18030169
18112513
18196111
18443701
18520141
18558247
19814869
20196013
20633167
20770621
21073501
21091627
22112911
22366531
22533761
22833851
22947181
23245633
23476447
23573749
23762377
24001237
24290779
24373441
24399649
24482503
24962017
25055101
25152991
25369891
25550563
25859767
26576233
27223951
27265801
27331921
27401401
27724133
27739241
28336771
28376101
29108897
29765539
29998729
30437551
30561305
30588247
30874489
30976343
31405501
31436123
31470211
31703431
31817633
32141297
32322067
32504239
32752371
32802133
32817151
32873041
32988187
33012361
33144049
33571477
33840397
33908981
34035401
34043101
34082701
34084181
34139881
34770403
34890481
34901461
35340769
35544241
35847089
35981713
36022631
36037327
36142849
36269837
36578389
37439201
37480411
37627151
37963999
38010307
38383321
38416459
38657023
40380761
40554751
40674841
41710411
42117391
42266251
42312013
42563333
42788989
43370641
43904701
44404001
45492253
45560737
46469809
46847921
47511901
47521501
48191653
48259061
48731491
49400737
49735351
49977451
52575121
52948481
53390611
53965441
54255521
54454093
54465401
55982191
56011393
56904211
58675459
58725703
58986091
59647771
59855501
59927323
60011599
60355549
60386951
61363541
61755751
61832377
62289541
62399041
63034409
63840691
64859521
64962367
66075091
66124297
66157463
66312139
67194401
67480661
68165761
68172469
68967389
69139201
69390451
69609301
69750121
71094223
71380723
71723579
72186421
73418527
73705633
75823457
76886833
76903553
77090413
77439521
77661209
77812153
78646411
78795181
78954893
79470667
79625701
80104033
80207381
80450371
80513387
83637401
84164033
84421081
84660223
84701371
85296251
85572631
86385587
86876177
86943799
87107593
87525353
87572827
87749521
87784561
87940873
88126421
88216507
88930463
92750491
93046351
93461743
94065061
95212057
95451361
95652481
96527593
96861353
97071211
97230079
97233733
97283161
97879783
98907997
99138631
99748621
99749071
99945007
99948759
100943201
101135101
101270251
101533813
102377521
102469469
102690901
103253333
103294591
103572781
104078857
105691489
106485121
106778671
107053171
107400151
107486413
109541461
110041081
110106383
110413333
112392271
112798579
113406481
113605201
114842677
116203193
117246949
117445987
118918891
119300353
119617501
120323831
121128361
121499071
122556391
123864817
123915751
125387737
126386261
126530307
126985723
127355161
127728811
127782649
130493771
130876751
130944133
131136301
131321117
132806171
133391611
133593133
133891787
134176771
134287477
134295061
137200981
137230843
137433751
137763037
137932321
138653101
138736153
139892257
139952671
140385313
140420641
140922611
141550511
142335491
142826581
143632721
144035461
144211939
145206361
145317121
146670541
146806129
147305801
148267351
148388131
148910653
149637737
150995791
152309917
152655161
152799401
153589801
153702137
155642257
156388249
157182637
157368661
157687001
157890617
158038227
158068153
159819313
159874021
160378861
160926137
161839441
163140847
163903039
164069491
165283471
165506221
165678217
169977727
170469685
171379847
171448663
172667821
172947529
173401621
173972493
176134231
176609441
176965273
177732241
177751039
178482151
182575933
183923549
186378193
186453829
186495191
187637071
188184151
189267737
189482107
190541441
190816651
191279089
191720431
192280951
193133557
193715281
194007745
194389903
194513947
195475351
195654817
196049701
198268639
202314781
203539669
204920371
206504033
207324961
208264081
209213929
209323243
210032689
211593409
211794571
213035761
215923861
216315457
216339001
216821881
217276049
217935241
217961101
218849671
220261861
221071861
222814901
223362221
225724523
226191869
226614281
227142241
227219011
227571283
228988033
230357761
230594017
230875921
231405701
231779659
233218621
234406561
234420481
234870301
235220833
235928071
236778653
237592879
237885943
238001653
242729401
242851501
243384299
243971677
244742521
245795201
247276765
248507029
251969629
252722557
252876871
254433691
254781451
254840791
257033041
257506069
260736341
261703417
261856261
261919729
262470797
264065257
264350521
264889109
266359001
268731233
268963381
270380641
270849979
271763467
273774047
275101373
275283401
275712533
275767441
276312961
276586573
276876757
277334833
277477903
277500383
278260039
282769771
283200499
284002429
284301751
284841019
285542711
286023403
288086041
288335651
289022911
290344753
291942271
293209531
293585167
293614861
295419097
296792497
296918317
297028717
298589521
303181079
305464661
306375001
308538007
311297321
311420737
312223213
313192657
316349281
317123173
318896257
319113791
324093113
324264943
325255051
325285651
325400209
325633771
326405713
327936601
328487629
331051943
331603201
331654501
333031553
333925789
336022957
336273211
339084341
339878191
341396197
342614533
344064109
346305403
347347087
348759121
349395367
351381889
351828601
351843049
355660061
357380101
359462179
360018361
360591793
365497537
366928651
368476501
372378871
372694411
374325841
376352521
376957153
379270651
379354561
379363267
380142757
383269459
384993451
385440301
386678767
389925629
390943711
391431941
391794283
391923379
392817061
393843211
393950797
395044651
395858159
398053657
398724701
399941127
401776741
403095421
404840833
405570961
410680357
411319351
411391801
411550129
412540957
412919041
413677321
418962421
419019889
419184481
419894021
420654871
421190497
421311157
421752893
421942951
423933241
424582273
424632913
424814447
425829853
426894721
427356439
428716261
429802001
430381921
431721271
436198759
439309261
443628151
443758321
444238471
445310951
446235373
446714701
447266737
451088749
451118981
454823587
455366713
455933521
457320533
457500997
457778977
459248641
459401647
462114353
464656301
464826781
464912839
466306231
469328203
470268137
470896201
471812701
473205409
473447729
473750371
475400791
475446511
477527597
477875231
479445613
481089467
481637381
481831681
483351217
484090601
485291691
485933449
486063001
486493831
486574579
487503553
488328913
489114781
495416503
496128001
496161751
497493091
498474061
502382561
507726901
512110621
513080129
513992623
517449817
520792361
522782701
523703179
524635291
525689243
525986623
526018039
526880723
527278127
528013333
528729781
531681281
531755569
531915151
538156891
540893531
542177371
542889901
544749109
549533221
550635373
551490949
553027201
554118661
555019711
555322853
556020299
558662101
558977761
561731923
563149081
564138451
564156209
567720001
568159327
570605713
571039453
571046749
571460977
573862021
574712351
576082471
577235129
580799881
583149991
583936651
584085703
584526617
585261637
585657073
587143243
587396449
587914013
590751661
590990453
591043771
592769633
593929981
599374441
599778497
599960539
604398029
605221501
607565251
607914529
608016599
608917753
609227137
609991051
610317761
610414807
611061091
617645531
618599801
620053879
620067961
621861679
624526849
629373139
631121581
631257451
633863809
635411947
637467949
638493901
640426751
642290027
643254761
647265907
655219207
655452241
655565221
655776353
656723161
659828443
660233611
661122881
663086449
664282051
664917331
667578871
667648801
668895691
670208533
670298569
671235373
672086647
674234201
674779561
675066289
675236329
675684199
676116631
678481693
680471041
683177617
684634133
686211397
688360333
689987117
693567337
696042901
699894001
701821433
704509609
707265451
707941417
710121641
712650881
712915969
713197939
713489533
715408111
716169301
716332061
717915631
720385903
720452701
721550413
722063101
722762629
723417301
724350251
724969087
726779241
729790381
730704133
734166217
734807401
738834797
740956309
741181547
743037631
743830849
745247509
745970941
748638001
748643321
748967551
753022201
753652081
755914681
756486501
757059073
757639387
757841281
759099223
761093257
765947911
768876961
770909107
774109627
775368901
776770567
783326377
783631259
784184761
784966297
786333241
787838833
789375511
794042701
794399041
794430121
797219821
799721749
802070911
803618521
807115753
809506133
810097601
810652807
811023361
812260573
812577121
813766061
814441633
815791901
822314729
825053041
826270013
827284357
827980471
828792803
830664451
831559513
832033373
832656701
834206071
835682401
839116237
839146771
844382653
844595221
845338033
846594267
847178641
849719179
852014557
854573591
855050701
857100421
857309491
859770113
862069079
864165457
865322371
865325677
868559701
868729321
869596201
870154021
871157233
873563837
875213057
875222221
877532671
883807201
884954251
885493927
885608683
886695109
888431767
889597729
891052507
893173297
893377633
897249601
900086149
903108821
904159081
904225501
904349921
904949641
905390209
907670501
909419713
910260343
911090951
911366167
912801193
913386673
915464701
918400033
918619213
919122293
921174673
922026877
922153273
923105233
925543763
931869553
932488313
937887539
942110381
943656481
943685959
945154879
945257587
946177597
949324951
950185891
950298403
950371003
955050241
955134181
957643549
962375941
963696337
966790393
967287751
970355431
977770531
979363153
980356877
981484561
991115371
999260501
1002503503
1008258301
1009965511
1010564101
1011319501
1011680413
1012505551
1013590021
1014428663
1017748057
1018302139
1018951837
1019522743
1021017791
1021281301
1021305937
1022388641
1024516693
1025373259
1026501121
1027744453
1027984973
1028316041
1029368497
1031158147
1031268961
1034292097
1034347393
1035776171
1035954637
1038417337
1039185559
1040156417
1041112297
1041820867
1042149967
1048173001
1048385671
1048708711
1048718441
1048965037
1051001051
1051679861
1051998841
1054529701
1055440717
1058989231
1061730451
1067750951
1068456973
1070063191
1070267563
1071135901
1072084231
1075780141
1080605593
1084444481
1090229701
1092892147
1099447501
1100619841
1101364339
1101623381
1104159731
1105108813
1111114663
1114226857
1114920171
1121176981
1123414987
1126884357
1132050181
1132497271
1134607141
1134696067
1135428031
1135984177
1136025463
1136899723
1137388501
1142300503
1145273473
1146568609
1146612029
1147158811
1148701117
1149032981
1149170881
1149357103
1151917111
1153489621
1157724577
1157745751
1158888701
1159357301
1159896277
1160186491
1160358359
1161531601
1161764869
1162991971
1165419901
1166240833
1168207561
1172712301
1175122961
1180684019
1180804201
1182385121
1183070071
1184920381
1187520931
1187613541
1190488921
1191044251
1195753763
1198880261
1199993083
1200876461
1202142061
1204634677
1204817833
1207252621
1212297847
1219959199
1221044653
1221326371
1222568707
1226271961
1232516171
1234125721
1235864033
1236313501
1236448201
1239578371
1241070121
1247325871
1248065459
1252236421
1256187217
1258962541
1259864119
1261654451
1263440161
1264258579
1265099617
1266003461
1267133311
1267803793
1268469781
1271869693
1274508661
1277310731
1279525697
1288607629
1289261701
1295039791
1295074171
1297672147
1300649143
1303890523
1304746483
1308758533
1314056899
1316475749
1321414901
1321994831
1322927371
1325172421
1325802559
1325857541
1327356691
1331109839
1336448881
1338115633
1339711261
1342230581
1342632293
1344228797
1344417691
1344763351
1345120141
1351696481
1352453257
1353210951
1356476161
1360115909
1365662917
1367940961
1372134691
1375684831
1385866861
1387709731
1389675541
1394278861
1395928381
1404909691
1406851249
1414755619
1417897909
1419103201
1419575167
1420200641
1425860101
1427771089
1433850809
1434177821
1434445979
1435113403
1436002751
1439254171
1440250309
1443652033
1445378897
1448544371
1448814061
1449058381
1453053197
1463437837
1464458689
1465043599
1467566101
1467817471
1468824787
1471488077
1472412943
1475862571
1475940443
1478625451
1485174001
1487387611
1492973761
1494338761
1495696901
1497221281
1503800411
1506168913
1511558533
1515581551
1515986137
1516438345
1520026397
1520690329
1522669051
1528936501
1536063601
1540208251
1546256197
1549308001
1553233481
1553578357
1556329633
1558913203
1559336233
1560034841
1562826457
1563607081
1563817789
1564424321
1565791067
1569014743
1570997431
1577778931
1579718017
1586548531
1586991253
1587658381
1588472341
1590772171
1594906561
1598982533
1599333401
1599663847
1606128949
1617115537
1618550113
1620646177
1624486967
1625075321
1625604781
1631511169
1635099607
1643605501
1645211587
1645860541
1646366257
1648444519
1648614331
1649987659
1650490129
1650682153
1656280033
1657063871
1659222577
1665871019
1666216697
1667979727
1668406237
1673715661
1674851401
1675214137
1679596397
1680398749
1680631159
1693368451
1694128129
1694484013
1697558501
1702123201
1704409939
1706302153
1714322377
1718090221
1720191131
1722306779
1724060911
1725780713
1725978541
1726238929
1728838297
1730214823
1730433223
1732555171
1738851007
1740068221
1740124051
1751209393
1760706811
1775222921
1779338051
1782534823
1784455147
1793388073
1796734241
1797732991
1799358259
1800684337
1801262261
1804325563
1807483501
1807530271
1811786131
1818955231
1825414361
1828916251
1829263003
1830969583
1835408401
1835571103
1841794673
1842963751
1861547689
1864009153
1864274917
1866409861
1868422609
1868596733
1870553057
1873177693
1875289441
1876900481
1877266441
1878886549
1882378279
1882690081
1886081693
1886657137
1889528033
1890641773
1896992833
1897321619
1901656573
1903693159
1906418021
1909566073
1910588653
1911197947
1926635481
1927251943
1931886601
1936256561
1941326749
1943245937
1943888233
1944023621
1946163511
1948646101
1955219311
1964090947
1966747637
1970256151
1974056491
1985348527
1987047323
1988228201
1991943661
2003220161
2006291899
2016481477
2017921291
2023625501
2026200871
2028224161
2028685753
2030861051
2031622841
2037732451
2040052351
2042467741
2049635983
2055113803
2055509909
2056454401
2057756611
2061195397
2062838221
2063275993
2063639551
2065040353
2066603857
2072488771
2076940741
2080995841
2083340491
2084416003
2086236181
2088768533
2090066947
2093817851
2095875121
2095978351
2096510417
2100292841
2108565889
2108761201
2111986777
2112842239
2113523617
2117955451
2122773101
2132433869
2136034001
2138319271
2145850513
2146939939
2147514461
2147807173
2148892903
2151758393
2161393431
2163646141
2167302161
2169490891
2170282969
2172838141
2174137549
2174166881
2175146689
2183254547
2186502319
2188299853
2189907217
2191041431
2202811753
2204363737
2205684757
2207460881
2207484473
2214322639
2225576123
2227165219
2231794681
2236535251
2238133831
2238280147
2244331849
2250292687
2252149621
2255013643
2256489901
2257486337
2257572013
2260550797
2265380263
2268928751
2271817633
2272413529
2277672413
2284824719
2285708449
2286310321
2286871951
2291756959
2293820371
2294119183
2294455411
2295406591
2295442513
2296894753
2298473381
2303653501
2306716021
2308996621
2309972761
2323147201
2330393491
2331181621
2334757861
2337542281
2337953041
2338008949
2344054721
2345382661
2345907961
2362421953
2362879261
2366923087
2370928337
2375185171
2377239643
2381546611
2392002103
2400290801
2400954461
2402002927
2405317751
2416458119
2417408533
2418196051
2420207263
2421633761
2423862349
2432761633
2435308919
2437518481
2438496329
2443708961
2453013223
2453171761
2465994763
2473280569
2476227601
2480803657
2483267431
2483905531
2487604351
2493698131
2507171801
2512677361
2517162677
2518803923
2525354033
2525900833
2526418991
2527592497
2528641681
2528887189
2532598591
2534078269
2536918999
2543746921
2544326929
2544804811
2545660981
2553133441
2565085141
2566473073
2568560051
2569777867
2577345541
2578735351
2579163931
2579958541
2586783961
2587770907
2590274941
2594726821
2605485581
2608254617
2610018907
2631959821
2654851387
2657314351
2658045811
2661906001
2666537183
2669791573
2674839511
2709237361
2709376001
2712136129
2714452177
2732062213
2735984551
2738101477
2742850891
2746290649
2753739773
2754696073
2757279013
2762637571
2764732037
2766278857
2766403333
2767052527
2767099861
2767625011
2775980593
2780879401
2781100801
2782216081
2788970881
2795883479
2797692811
2798597047
2800707391
2802534877
2811494921
2815892623
2823171529
2824544359
2826128971
2831707321
2844905779
2845397809
2851751359
2866872781
2875626491
2881431649
2884176721
2884465729
2884596721
2889055801
2889079201
2894667781
2895004927
2912326471
2918295451
2927963231
2929762837
2931708097
2935002857
2944080133
2945549881
2951544961
2953546801
2957320351
2967327889
2968944247
2978766341
3008333333
3008942641
3010384711
3017294957
3027303451
3032084449
3033944101
3037841551
3039237517
3039930517
3040495681
3044527477
3050707237
3057550273
3063120497
3063383101
3063685633
3067952941
3083053387
3092652961
3105111241
3108353701
3109009513
3110209243
3116834401
3116860321
3121936271
3127991791
3128749157
3138795661
3144715201
3147096349
3148269359
3149950183
3151353941
3152711161
3170520211
3171314033
3172279133
3172658653
3175904033
3176875651
3181341239
3181947553
3182243917
3182381201
3182945221
3183364801
3184139701
3187421077
3205512997
3208093571
3208774001
3211036165
3213895051
3217754741
3221205697
3222699751
3232890541
3248872621
3254121109
3258425633
3267127531
3276041833
3282525821
3287168431
3295217971
3298453619
3298966961
3299956747
3300917311
3307251221
3309023099
3316485421
3320669437
3324133117
3324430951
3332340703
3335899927
3336728221
3349997731
3357145273
3357480281
3371272381
3374598781
3382049731
3383614291
3391541051
3395192167
3399415867
3420524467
3424151501
3425005091
3434453569
3451715203
3453044281
3455803993
3478352981
3485894371
3508999651
3512847869
3513604657
3513979717
3520934177
3534829021
3538213381
3542303047
3547777349
3548536291
3561289201
3562698199
3570437401
3588914233
3594968821
3601083511
3603030637
3609494533
3616681249
3620019943
3620140609
3621992533
3625557193
3631019389
3643651057
3648841771
3669435043
3677514457
3682048151
3682471321
3682529041
3682604161
3695689957
3698276741
3705858073
3709621777
3710403721
3713913121
3715938721
3719733697
3723899089
3732063739
3736661987
3749625923
3754608001
3754880291
3755138603
3767166817
3779561183
3782113873
3784129189
3785729117
3804516871
3806586631
3808444993
3809227843
3813919453
3815701681
3818330941
3818669401
3833846641
3835457341
3839122651
3841545293
3861823663
3863775137
3863986309
3869668351
3871088801
3880249927
3888976001
3893646499
3904714321
3908413559
3914011007
3919048057
3923171803
3931018657
3936341797
3937024981
3941668121
3951382753
3954164131
3954271201
3963619969
3965737051
3973464871
3973938541
3975728971
3982912669
3983657803
3984622963
3986664571
3993251281
4002156553
4008505411
4008512509
4009223251
4011582781
4014595159
4020144133
4025474641
4026368197
4031709121
4032512551
4036550477
4041356801
4042578403
4045382377
4074902593
4081228093
4099620691
4103331277
4108863061
4110147649
4115677501
4121286907
4122757871
4130333201
4143282001
4156580741
4160908991
4160927761
4164960229
4176682453
4183069511
4183664101
4187906581
4189779277
4191136897
4194778369
4202817481
4209217111
4210095667
4225458121
4228090903
4235818861
4241343151
4241591969
4243002619
4244221801
4245493001
4247449681
4249390721
4254610231
4265215001
4282033687
4289552321
4293368369
