9
27
65
81
85
217
221
243
265
689
901
1105
1687
1897
2047
2465
2509
2701
3445
3601
4505
6601
6697
7471
8149
8401
9073
9881
10585
10963
11713
13213
16405
16589
16777
19561
22177
23545
23885
25871
29341
30721
33337
40979
43183
43387
44801
49141
51145
52297
53461
53929
54961
58565
58807
65311
65773
70801
73405
91001
97921
99905
102565
115627
118301
119197
133237
139129
145351
152071
163081
171001
173893
178709
194701
212899
213265
219661
220585
226801
237133
238831
249577
262873
268561
275081
275887
278221
285671
291941
294409
306085
314273
314821
317899
319507
320503
334153
334657
363805
369379
374393
382411
386317
435601
457177
481601
487441
488881
491063
499753
502153
509491
522145
528193
529497
541501
567379
574561
619147
625321
631601
651781
664885
671977
690691
692665
692737
694993
711737
714511
729521
729973
745417
769567
787081
793781
816001
833989
837329
865373
871165
873181
874765
876961
887149
890947
921145
941053
954265
968045
994507
1007981
1081649
1093321
1119365
1134307
1136521
1136689
1163801
1179221
1218841
1257127
1268551
1277179
1279951
1302451
1305529
1332409
1351633
1461241
1486729
1509709
1551941
1559923
1566891
1588651
1590751
1597685
1622701
1716553
1718785
1727641
1730977
1750321
1793089
1887271
1948141
1963501
1978057
2017523
2024641
2144521
2164201
2181961
2193841
2251549
2260609
2284453
2290201
2297737
2341279
2373661
2432753
2433601
2468929
2471365
2491637
2549663
2566405
2613493
2680591
2693701
2713201
2715985
2828345
2860705
2890561
2908181
2999221
3006361
3045197
3054481
3058771
3076481
3168883
3200819
3244501
3261121
3392929
3438667
3525145
3743605
3830971
3902653
4018241
4040101
4082653
4101637
4109461
4154977
4181921
4261645
4294679
4310419
4335241
4339837
4360621
4378321
4544185
4579321
4588307
4683169
4687801
4714201
4833865
4864501
4922761
4981145
5046109
5059405
5095177
5251181
5301031
5310721
5348113
5358565
5406787
5411501
5453005
5457961
5467201
5614753
5627953
5723677
5733649
5766001
5827249
6033997
6054985
6104341
6192721
6234911
6296143
6309901
6354671
6460609
6485401
6539527
6541591
6615239
6696017
6759751
6848983
6912079
6945877
6992677
7169257
7403761
7459537
7480549
7485349
7503733
7512517
7519441
7522399
7539841
7595101
7634621
7721741
7890805
7913165
7951231
8011459
8012845
8282209
8325391
8328241
8353885
8377801
8540641
8560207
8585629
8602513
8688737
8902321
9154657
9353761
9433601
9534047
9676441
9680329
9717247
9726301
9780409
9898099
10099541
10128565
10204489
10402237
11061667
11217457
11548811
11611693
11677597
11702593
11820073
11876761
11904913
12296813
12346129
12381529
12645361
12660259
12720497
12792001
12933961
12935557
13061161
13286305
13404751
13696033
13713409
13859761
13996951
14063281
14167165
14172487
14303809
14453137
14615017
14621641
14667841
14712337
15060641
15101893
15122279
15188557
15247621
15253057
15253921
15254911
15283273
15568345
15706021
15707777
15737849
15757741
15766651
15873481
16070429
16287697
16424161
16424245
16702519
16755481
17000545
17116837
17166403
17174561
17354111
17770381
17775829
18136021
18158251
18158801
18255551
18301301
18302285
18350971
18443701
18573151
18748561
19013761
19194181
19378721
19384951
19495841
19544911
19554701
19664801
19879777
19895599
19901729
20129785
20211353
20440229
20482705
20562361
20740105
20770621
20862623
20901583
20933441
21116551
21165643
21224017
21584305
21603277
21676271
21762667
21813661
22087477
22591301
22765411
22870741
22953673
23208769
23464033
23503643
24115897
24133633
24145753
24179347
24397297
24600745
24735061
24858721
24862531
24904153
25183589
25313443
25468741
25478209
25821151
25869037
25873381
25981957
26002261
26280073
26385497
26436241
26438945
26521327
26527073
26597227
26694361
26713205
26944721
27032941
27392041
27434333
27468521
27509653
27722857
27788833
27920803
28058161
28073305
28101511
28103041
28360603
28390561
28639009
28653157
28805713
28838657
28886089
28922401
28970761
28985857
29193301
29797849
30219757
30352361
30579881
30812153
31033549
31098169
31267991
31315033
31388281
31627429
31720313
31767121
31977205
32082161
32207305
32431169
32444341
32570101
32715829
32723659
33414833
33503933
33596641
33721813
34993201
35337721
35851037
35981713
36418201
36440045
36548629
36578473
36765901
36791693
37092899
37240921
37333465
37374229
37469701
37491301
37840531
38592821
38600965
38624041
38722301
38817181
38882809
38963647
38988973
39154081
39215129
39581869
40208617
40263889
40728463
40933609
41211241
41798401
42215909
42266251
42325057
42551401
42562313
42700513
42752689
42869817
43993951
44205929
44958841
44961193
45000841
45143977
45466513
45559729
45576049
45769645
46045117
46152109
46705261
46838485
47103211
47209069
47253781
47580013
47844001
47964857
48125437
48146801
48168361
48191653
48316969
48354481
48501301
48536605
49384945
49422493
49790161
50087467
50249761
50576311
50759141
50838701
51121261
51340807
52307263
52818977
52895593
53198289
53241373
53435071
53711113
53837551
54255521
54531481
55298791
55325029
55464481
55533277
55984301
56380561
56548165
56670181
56810137
56893645
56992093
57082211
57199501
57561085
57590065
57680119
57801853
57820561
57836197
58354201
58394689
58814839
59074405
59676121
60402241
60873151
61092481
61171951
61189201
61230943
61247293
61300121
61307021
61609717
61653593
62241229
62289541
62535691
62566093
62936971
63318169
63388033
63595045
63745921
63791701
63888961
63952373
64013365
64020001
64362401
64559041
64597387
64723201
64761877
65363101
65376721
65829037
66064573
66105001
66622111
66932851
66994471
67076689
67303153
67991017
68314357
68318713
68409433
68563301
68583593
68928619
68961829
69338917
69485281
69600833
70621981
70889065
70986277
71006077
71044129
71496241
72033697
72301057
72463513
72711601
72882911
72884701
73645001
73670521
73705633
73923571
74164861
74179331
74301481
75935971
76903021
77940773
78206917
78435061
78795181
78802849
78835633
78843781
78985999
79369321
79806283
80033185
80903269
81032813
81603721
82169557
82219069
82238245
82238963
82274317
82929001
83047033
83206441
83519101
83999351
84633301
84720901
85094945
85181401
85187233
85307581
85400701
85761481
86233351
86341177
86484269
86621481
86660281
87119471
87385523
87515101
87536681
88226821
88310713
88741171
90014653
90698401
91225559
92037749
92373751
92477281
92971381
93591721
94069467
94259881
94371229
94954861
95634901
95712721
95920201
96035941
96943463
97022323
97219361
97401637
97478737
97790113
97796953
98425585
98815841
99036001
99467299
99625351
99627557
100907047
100923481
100998977
101135101
101742187
101980621
102066805
102217217
102300017
102353239
102769273
103042241
103106251
103592257
103888471
103983907
104852881
105184951
105919633
106066223
106092421
107344693
107473661
107543333
107764801
108901801
109236613
109529809
109799581
110150701
110202313
110631841
111090151
111843901
111928765
112249765
112384621
112434101
112742281
112828801
113243737
114516751
114605569
114709645
115039081
115908013
116151661
116617859
116667643
116676001
117015301
117445987
117463789
117987841
118003393
118392301
119118121
120046537
120344185
120377929
120483721
120997421
121374241
121970017
122089843
123130501
123567221
123688573
123736285
123744241
124116161
124573501
124587901
124634005
124671541
125644417
125686241
126283273
126527017
127021901
127076797
127518401
127561201
127967905
128421751
128697361
129204157
129256273
129357061
129418879
129451297
129623917
129645023
131369801
131411809
131496371
131553685
132143045
132980401
133593133
133800661
133812757
135023257
136455005
136485401
136608601
136790161
137006731
137033359
137399797
138264001
139511401
140309947
140866001
140922611
141551413
143168581
143425801
143520833
144398161
144459451
144747877
146856893
147166417
147645121
147989771
148910653
149075131
149238937
149524409
149742841
150351001
150702361
151090493
151264513
151713031
151736881
151945921
152255611
152491681
152497621
153668593
153830689
154367669
156322393
156411037
156413737
156755083
157680865
157803521
159710797
159874021
160573969
160959877
161038657
161304001
161489989
161586041
162452417
163262101
163293161
163302049
163441171
163603457
163607473
163954561
163970159
164191241
164887273
165087313
165418243
165938653
166444181
166805633
167146057
167414501
167692141
167710021
168058045
168349981
169196791
169461991
169538401
169562837
169655641
169930549
170609713
170625541
170837019
170860351
171412837
172035841
172964741
173277253
173392885
173420521
173492801
173559151
173910001
175385953
176324221
176474761
176597821
177479011
177520897
178173685
178806349
179298571
179631469
180401041
180497633
181812541
182202697
184111877
184173145
184259623
184636153
185422091
185484881
185787031
186162301
186531529
186739057
186778201
187134301
187181873
187276547
187332301
187378753
187573481
187653541
188518903
188821951
189482107
190420861
190704865
190901573
190990841
191216701
191427833
191648161
191848649
192800833
193323065
194407357
196049701
196683031
197432093
197587081
197891101
197914561
198266905
199410553
200367017
202130197
202813781
202827841
204212161
204733171
204937657
206304961
206804701
206893069
207909829
209106361
209616221
210402277
211769053
212014073
213035761
213054965
213131683
213503291
213717589
214319737
214872113
215036641
215969221
217006289
217729697
220471841
220883521
221007085
221525833
221840753
222524347
223449463
223877201
224290711
224582221
224923849
226061921
226359547
226872685
227230321
227892241
229941881
230231581
230300857
230382401
231014953
232703923
232794253
233087911
233394367
234005857
234564829
234871921
235660141
236562301
236848573
237268249
238001653
238421761
239395349
240439909
241099405
242424197
242650717
243788257
243835621
244223401
245092877
245535457
245852641
246973021
247043281
248290927
248696101
248834917
249491017
249925681
250216801
250436033
250677121
250987969
252616267
252853921
253766101
254265001
254893801
254954401
255522889
256174057
256333493
256794427
256910321
257200021
258841745
259357981
259765747
259873921
260039401
261962317
262229761
262480501
263523781
263959345
264065257
264354301
264484621
265747873
268846801
269801989
269884141
271118101
271724623
271889869
272068373
272615201
273769921
273894997
274214261
275161573
275908033
277024801
277028533
277210081
278095651
278701021
279065377
279500953
280422577
280704817
281889697
282281221
283628251
284166877
284518177
284562679
284688937
284896201
286497301
288086041
289195633
289749461
290604301
291848401
292944601
296042365
296091973
297411661
297842353
298269217
298362241
299736181
299854129
300164287
302204033
302818001
303148609
305218747
305594101
306458881
308568691
308958277
311100085
311671361
312214703
312346585
312485167
312703021
313192657
313338061
315351521
315554581
315803881
316315117
316808101
316891621
317144251
317244061
318143431
318379129
318826411
320760091
321781633
322020973
322555213
323595509
323901007
325901101
325991021
326161657
326588617
327785671
329153653
329700857
331292413
331361101
333619357
334065661
334167401
334798085
334890361
337135501
337243537
337668913
337932601
338458807
340464001
342567361
342631549
342705721
344180845
346245257
347281705
347347087
348609553
348636511
348989101
349190649
351058753
352613521
352847701
353088385
356534641
356836819
356932529
357833953
357840913
358028317
359089091
359887711
361458505
362297911
364088033
364375213
367061941
367120421
367621381
368077261
368519779
368615521
370775851
370958041
371536201
372961381
375586807
376053077
376188451
381919201
382536001
384314221
384417001
384692141
385837933
385959169
386480681
386932501
386952421
388826213
389014921
389165921
389909449
390507001
392390813
392476501
393247027
393613081
393889567
395251721
395579545
395643761
397085221
397833511
398724701
398911297
399541753
401002603
401039533
401140009
402030161
402358321
402903559
403095421
403781621
404313061
404864701
405097897
406066151
406107451
409057601
409708369
409822051
411560353
411840833
412151381
413197201
413559901
413644645
414427693
414761761
415476343
415573021
416090473
416267441
416474137
419177485
419666833
421089307
422449801
423432307
425292061
425821447
426833219
427244329
427580227
429507601
429631129
429632641
430046857
430658761
431179585
432372601
432525607
434131777
435585001
437066059
437143537
437563121
437696351
438111463
439123203
440437957
440481781
440625571
442851445
443353633
443599291
443693101
445570951
448941637
450808381
451494943
452581489
455484173
456940621
458869951
459208765
460793887
460851913
463375481
463871017
463933009
463947541
465045541
466180885
467491753
468376489
468674737
469121269
469279273
470000833
470438191
471059621
471168253
471719917
471802693
473347213
475468927
475512049
476059523
476657257
477267481
477938207
480269921
480353185
480734857
483006889
485984441
489293921
490057837
490643591
491593285
491872063
494564941
494873209
495062443
497285713
497309653
498481801
499930861
500995657
501068881
502382561
507960001
508606771
508873009
512330281
512385391
512626201
512826217
513027331
513132061
513352891
515038393
515417305
516764063
518548801
519694381
520809451
523739905
524949751
525127777
527212321
528978001
529721393
531352501
531435607
531792301
533484001
535023193
535878773
537092557
539744101
540654409
541158853
543288661
543364529
543861421
544037911
544223081
545388013
545401949
546648217
547996177
548265041
549452003
549533221
550478881
551189665
552280721
553368943
556434997
558088637
559536721
560765857
561439657
561731923
563251201
563613889
563902777
564538465
567421069
567737633
568310221
568569781
569454997
569720321
570214891
570411241
571389001
572228929
572485411
573183451
573584761
573892201
574998841
575349781
576028765
576285841
579606301
579868441
579956653
581618143
583061411
583104145
583369009
585003169
587254681
587336401
589160953
589277677
589908481
591151711
591486661
592282153
592467451
592953901
593560573
595536461
595616227
596613961
599135767
599431141
602168869
604636033
607489709
608522905
609451151
610110505
610514497
610518637
612858541
614768617
614886049
615542299
616000271
617645531
618068881
620072251
620671609
624806671
625163881
625459609
626188693
626412301
629492491
631148813
632265619
632650171
633281419
634478969
635923513
635982749
637098001
637638539
639070309
639364937
640920785
640977373
642708001
644035393
644155021
644614433
647119241
647190253
647683721
648268405
649041583
649775089
651861761
651954623
652504801
653164277
654820489
655164889
656723161
660423689
660498301
661122881
664214431
664272577
665498107
665743429
669711961
675347311
675387901
679905073
680044697
685073341
685085959
685578623
686059921
687344197
688149085
689366233
689436241
689456069
689537441
691678849
691826761
692362321
694877437
701454979
702683101
705852145
706380193
708438277
708643891
710829673
711844351
712782001
713966779
713983141
715040569
715295177
716570707
717096641
717969649
719005249
719818321
721131559
722339623
724529191
728318761
731030257
736426741
739444021
741099841
743691601
746490901
746692057
748616905
748826779
751424089
751705597
752607809
752827307
755658919
756265033
756579151
758493601
760262581
760529921
760954657
761070757
762241841
764511301
766536031
767130041
770536453
770567257
771592321
775334057
775368901
776249251
776741593
778625497
779753251
780030721
781781071
782330231
783397301
784517401
785190451
785213801
786333241
787771447
788940833
788952541
788971621
790623289
796194673
798590977
799321249
799525063
800002867
801866647
804801313
804978721
806522041
807857389
808914881
810097601
810877913
813155491
813625291
813755209
814347997
814878541
815791901
816984307
822633197
823490065
823635001
823669949
824009977
829175887
831868171
832516021
838110673
838257661
838441501
839280691
840202061
840881473
841217653
842963881
844369633
844788757
846630577
847653589
850864501
852503737
853033105
853157593
853277881
854830411
856187201
860097745
861782209
863946931
864340165
864824143
867110501
870993553
871626205
872380321
873157321
873301001
873953869
874151101
874837633
875340337
875686681
879978461
881202169
882321761
885089701
885918619
886671397
886695109
886922851
887181931
887381731
888031261
888087961
888569119
892551193
892650067
893079361
894492187
895383421
896385029
897087361
897167309
897526645
899012701
899713321
903390643
906326077
908788849
908979961
913994929
917573917
918400033
923992807
928040131
934229377
934318097
934653781
935794081
935895761
937450585
937477801
938376181
939947009
939964117
940123801
940355001
941056273
942109961
943312393
944254153
945499861
946774981
946923661
949544623
950908781
952842581
956427481
958371217
958581817
959115943
960815113
960819481
961117271
962447743
963697241
965383477
967423153
969900265
972419881
975765787
979027237
979081309
980263901
983724919
989454253
989908921
991203601
992698513
993933361
994585969
996677449
998033401
1000785013
1001873821
1002078541
1003023529
1004245621
1004702833
1010725633
1011333061
1011460741
1016411329
1017426721
1017943327
1019267551
1023405373
1024409233
1024822121
1025700241
1028594863
1029063151
1030070953
1031268961
1031905393
1032253247
1033331401
1034283421
1037146907
1037560681
1039791089
1045358791
1052429965
1055152601
1056048373
1056537001
1058656201
1062603361
1063801909
1065200893
1067099881
1071050201
1072581277
1072946773
1073066881
1073299501
1073336497
1073356831
1073388889
1073729801
1075793041
1077427513
1079078401
1080708091
1082472553
1082670485
1082755477
1083993241
1084634461
1086042889
1087302217
1092215521
1093555937
1094128897
1094248801
1097102353
1099085791
1104194521
1105941689
1106186005
1107132001
1107550765
1108014961
1111496905
1115600329
1117132273
1119010861
1119558061
1121176981
1122826333
1123942387
1125510101
1126082413
1129541401
1132858421
1133115961
1134506251
1135955917
1137307603
1137616001
1138471951
1139434453
1140750181
1145170153
1149170881
1149533893
1151889265
1153290961
1153394801
1155357389
1158535223
1160036641
1160559469
1161672049
1163612629
1163832589
1163928109
1164711341
1166563757
1170032473
1170979057
1172924471
1173821833
1174801993
1175199793
1175799241
1176711721
1179573733
1179740161
1179951301
1180025353
1181566009
1186460729
1186867981
1187571403
1192412033
1194838823
1195753763
1196208773
1196969707
1198406849
1198650961
1200456577
1201002301
1205711893
1209229477
1212166657
1212490021
1213878913
1216271429
1218044857
1218159199
1219858921
1221828371
1226571569
1226721709
1229179645
1235988707
1236071989
1236313501
1237712617
1238975459
1242227647
1246244161
1247196301
1250700907
1250896849
1251469657
1251490813
1253162149
1257212773
1257649201
1257691051
1259899391
1261362577
1261479157
1264448399
1266557881
1268946253
1269295201
1270249073
1270286821
1270658833
1270962001
1271095057
1272670513
1272869263
1273359907
1273646071
1274699101
1275185609
1277548471
1278597965
1281834397
1281841093
1283007511
1284150601
1285438681
1286035381
1289698541
1291737889
1296599473
1296613501
1300490071
1302594841
1305832289
1307004641
1311238141
1311616153
1312680617
1313022881
1313717989
1314976153
1315368601
1315909321
1316578141
1319315713
1321058213
1321457227
1323593083
1325172421
1326445633
1328256247
1329329041
1330872913
1332633277
1335239501
1336245721
1339317229
1340466227
1340830081
1344169681
1344350921
1344764737
1349065129
1349538607
1352885977
1352979601
1353243541
1353386921
1354240009
1359481589
1360699561
1361987641
1365250321
1365934921
1368821521
1369420933
1370085301
1372278337
1373452033
1373680513
1374066849
1375427621
1376991361
1378885441
1384148473
1385248049
1385731777
1387766461
1389916001
1392365027
1395075889
1395260413
1401840833
1404253369
1406620477
1406989477
1411198489
1412756801
1413112411
1415446789
1419459121
1419575167
1419993973
1421319121
1421668261
1425066343
1427316697
1427900833
1428235705
1428966001
1431069641
1433715985
1436213231
1436493901
1436675041
1438052801
1439124133
1440449011
1441935091
1442826169
1444555117
1446390829
1446569471
1447294069
1448183479
1448921633
1453672481
1456263829
1456527461
1458051337
1458395965
1458554761
1461307717
1461921589
1462711861
1464014777
1464568381
1467686221
1470308401
1470707741
1473560749
1479107431
1481626513
1484409937
1487999983
1488995677
1489506481
1491219227
1492486741
1493302141
1494714493
1495170073
1495696901
1496433205
1496472499
1502124427
1502682721
1506168913
1506331273
1506782845
1509316901
1510482385
1511970301
1515986137
1521221473
1521471251
1522957129
1525781251
1526537377
1526722801
1526871541
1527368083
1530159247
1530275671
1533232369
1533366841
1533445237
1536978241
1538196481
1539180001
1540117801
1545124513
1546508057
1552516417
1552891201
1554862453
1555855705
1559625211
1563607081
1564355857
1566439381
1566954401
1567830241
1568599201
1573962307
1576455805
1577039221
1580201501
1580814919
1581451961
1585920565
1587858301
1588410389
1589853281
1599266149
1603908265
1605194197
1605450601
1606799965
1609944283
1610019613
1610975371
1612486681
1613752741
1618347023
1620101701
1623348805
1624124989
1624328581
1625044501
1627644961
1629270721
1629602521
1629840745
1630287979
1632946657
1634373241
1636128937
1640050777
1641882901
1641971701
1643665021
1644689597
1646053553
1646590843
1646645041
1647258001
1648076041
1648412141
1648919221
1650015781
1650682153
1651968529
1657218161
1658904677
1661723477
1665450221
1666604017
1671574183
1672183683
1675978193
1676082517
1677169579
1680117265
1686574693
1687374697
1689935017
1690914781
1695419041
1696259137
1697114521
1698201961
1699371937
1701129281
1703280151
1703644801
1705641901
1707922687
1708086733
1709133401
1713125233
1713319453
1714868497
1716600301
1720525501
1721258723
1722580861
1723305403
1726356391
1727760277
1729918081
1730049751
1731445921
1732895393
1737330193
1738201541
1740612091
1744262081
1746024169
1746721681
1746804473
1747332001
1751506093
1755275041
1760031685
1760460481
1760746501
1763854177
1765603085
1769267761
1769679577
1770933529
1778918285
1780386689
1780945501
1781108473
1782229357
1787197843
1787479621
1787934881
1789167931
1790023861
1791426787
1793373149
1793639537
1794136627
1794860569
1795854385
1796146945
1796734241
1798648501
1801558201
1801747033
1802859391
1805555201
1805947313
1806256381
1808304401
1809888785
1815460973
1817067169
1826437357
1830606751
1831812841
1836022717
1836267187
1836818251
1837441699
1837596251
1840011973
1845254581
1848098561
1849275847
1853926777
1856001421
1862001769
1865296919
1865933257
1866986893
1867906721
1868076451
1870649257
1870997657
1874326843
1876900481
1878261841
1878324251
1880504033
1880763793
1882534921
1885562209
1888577885
1890851257
1893448307
1893877481
1894909141
1899768763
1900823653
1902377149
1906161289
1907221681
1912697761
1913016001
1917397637
1918761409
1919586271
1920769087
1922687293
1923845801
1930534453
1937817121
1938945289
1939464973
1939756177
1943810299
1943951041
1944777377
1948203181
1949945101
1956559501
1963529443
1975987001
1976650741
1976956759
1978414201
1979238673
1979613793
1985844097
1987893821
1988071801
1988965861
1989628327
1992280361
1995101641
2001491537
2002620901
2002663741
2004250141
2006309311
2006419231
2011184401
2011297009
2019255745
2023067443
2027868223
2028519019
2029805713
2030871041
2032335317
2034074233
2034348961
2037735229
2040284665
2042880181
2047610239
2049293401
2049459523
2053875601
2054080729
2057835781
2059414561
2061278713
2062726597
2064180205
2068867841
2073232501
2076192007
2079463049
2080439021
2084929813
2085790789
2088700301
2090066947
2097838201
2098285369
2100304879
2101170097
2101757711
2102075905
2105810785
2110323101
2114150701
2114282017
2114643217
2115246641
2115769633
2116250333
2120522689
2123088733
2123377831
2125407373
2125774759
2126800747
2129656369
2131714369
2135311543
2138322187
2138668561
2141340833
2141744221
2142324367
2143911641
2144792719
2144961253
2145850513
2147022749
2147427409
2147601331
2149693741
2153447227
2153610601
2155185481
2156100421
2156778269
2158310701
2159003281
2162366251
2162461663
2165523553
2165553685
2166395353
2167577527
2168528003
2170185517
2170186021
2170282969
2173540951
2173734977
2183601107
2194785385
2196023033
2197337689
2198142871
2200186297
2200734361
2201347513
2201924341
2202205897
2203649197
2209471489
2214761251
2216260801
2218990321
2224075681
2224705081
2226618997
2237097241
2239383511
2249782921
2250015221
2258118721
2258261479
2264480417
2267091391
2270125159
2274885901
2277332641
2280284137
2284036327
2286489397
2288810341
2294178391
2295209281
2304156469
2306251081
2306778281
2309977441
2312907361
2317576801
2319891307
2319963271
2321436305
2321473001
2323147201
2327531557
2327748337
2331181621
2331692849
2333010751
2333122381
2334294307
2335522393
2336761627
2339783233
2342223637
2342644921
2342914237
2345381729
2348156977
2356706861
2358174853
2358708661
2360225737
2364289537
2364946585
2365839257
2368671661
2370928337
2371217371
2377356841
2381782597
2383905037
2385321233
2391373729
2393991613
2396084311
2398220329
2399558593
2401060117
2404057993
2406157561
2413204153
2415999361
2417125681
2418315901
2423221057
2423381927
2432382265
2432761633
2433213721
2435259553
2436247801
2436927907
2439155503
2441203129
2442344321
2443201577
2445169057
2449191841
2449977757
2462269141
2462440753
2463689981
2463879497
2467546705
2469181849
2470869253
2478066553
2478845569
2487542401
2489870305
2492480233
2494660033
2496083129
2501632537
2504278097
2505110497
2506430041
2519173021
2519230141
2525133469
2528015201
2544563557
2545660981
2550567193
2551369531
2554606871
2556524177
2557232189
2560891327
2562379399
2565186137
2568491641
2568819601
2569098029
2569800319
2569810321
2575322461
2578099879
2583022261
2583199711
2586635983
2592470761
2597294701
2602442071
2607584401
2616389203
2620512901
2620572721
2625047521
2625942493
2626808101
2627484289
2629245841
2629352377
2631876391
2638116673
2639694517
2646262501
2650169857
2651800549
2652168731
2652882373
2652996691
2653176913
2654851387
2656452023
2656465681
2659939453
2661059953
2661906001
2672750869
2681503301
2682780733
2683456777
2684998193
2688371701
2688588421
2691450505
2693739751
2704546027
2704909237
2706964397
2707138729
2707371521
2708926901
2709377353
2712726073
2714115821
2723453701
2724436969
2724552907
2725014001
2726517001
2726573137
2728730287
2734207081
2736316301
2737789441
2737916641
2741127253
2744656993
2751572629
2762980651
2763132529
2766561373
2766575197
2770951789
2780617963
2789930881
2791771093
2792971513
2797119133
2798601065
2799224401
2799966121
2804016301
2806750831
2810616917
2811012011
2817804001
2817870445
2826985153
2832735121
2834951731
2838864997
2844931181
2847423001
2848531729
2848778461
2849658241
2851574251
2851693501
2855493397
2866872781
2868006521
2870566931
2871974561
2873100061
2877556321
2882370481
2884465729
2885565961
2885972701
2892483521
2893022113
2895951841
2897349127
2898380197
2900102521
2901832151
2903608621
2906469281
2908733101
2911965493
2915789581
2927127601
2929521013
2930831641
2935212421
2936150407
2938270021
2938450645
2940468301
2943208297
2945135719
2948657641
2949800023
2958516271
2960416561
2961465893
2965574431
2967078409
2974506841
2983663801
2985240329
2991706849
2991834737
2992595497
2997223121
2997745001
2998590101
3001561441
3006378937
3008891521
3014101261
3022734709
3023629561
3027617245
3027965953
3031541461
3034402681
3036342961
3045310529
3048467381
3049022521
3049386451
3054773401
3061356901
3063033601
3066754241
3068393681
3070110811
3070144741
3072578741
3073688231
3075075901
3076562347
3076617637
3079493701
3080014813
3080063401
3081304921
3086767657
3086940137
3087097201
3089749969
3093890581
3098048113
3098139061
3099369043
3105901171
3107937529
3116439929
3120684071
3123005761
3125442721
3128681077
3132475165
3134270441
3135452311
3135890647
3140603021
3145539871
3145661161
3147609061
3151060001
3153458897
3157409333
3162277441
3166378921
3184139701
3184673281
3187421077
3188014001
3194623549
3195599821
3198074423
3202626169
3211036165
3212025391
3215031751
3215768641
3217536709
3219767461
3220309009
3224026681
3231081169
3239174233
3242592127
3247520473
3259212629
3260095957
3260186173
3260545303
3265958609
3275572261
3276479473
3280320001
3280624513
3280704505
3281105185
3282119899
3284060977
3285347011
3285456491
3289233553
3295168321
3304446191
3318866461
3319981561
3328013263
3328627285
3331784971
3334993705
3337201121
3338192551
3342582029
3343125565
3344045993
3347062801
3347647057
3348969121
3349859701
3353532481
3353800621
3355218901
3355425841
3358907401
3374957881
3379041191
3382300841
3383704801
3392645293
3402234749
3408131561
3408200641
3413656441
3416079421
3416085401
3420524467
3422042911
3422575801
3425311513
3426204601
3429457921
3429683533
3429704917
3430513111
3434575327
3437436511
3438608533
3441490741
3443019667
3443973391
3448620793
3449507569
3458341657
3460065541
3466495957
3469615003
3469828477
3477007561
3478013953
3479664833
3480410389
3481858901
3485126737
3489043573
3492297817
3493693801
3494491127
3497264413
3497465509
3499030081
3500177563
3504132113
3511012201
3514673881
3515906899
3516290353
3516899257
3517330249
3526354021
3538213381
3539596861
3548378341
3550063477
3551439781
3553567057
3559066513
3566428301
3568781399
3574891757
3579293341
3581831761
3587735269
3587802901
3588111721
3588352265
3590963443
3595831207
3596273407
3597270517
3601552249
3608091985
3612298321
3615042833
3616574081
3616929277
3620435141
3620719433
3621233911
3623330401
3626269109
3628526287
3630596257
3631795861
3634624981
3641460265
3643651057
3648510529
3653628247
3656785861
3659235805
3661416461
3667793039
3668837401
3668844691
3669734077
3670572517
3671720609
3675821729
3677367139
3679159705
3681983653
3692585131
3696042149
3697483451
3703203001
3704758201
3705261361
3712280041
3713287801
3713521033
3713590849
3721689089
3722761729
3723104797
3726443605
3728989441
3734215981
3739094185
3747084769
3749317001
3753535381
3753702721
3755651021
3758739433
3763105471
3763923589
3774351901
3775798881
3776698801
3786262241
3786784093
3797004817
3797473681
3797778601
3798040471
3801012587
3804337961
3812006647
3817447537
3821449627
3830824301
3832807681
3840909841
3841707101
3852800033
3855274501
3855932281
3857991281
3866979407
3868986977
3881445751
3882347101
3884475673
3885919489
3887023307
3887635753
3892663441
3895924033
3898212553
3901684733
3910193137
3910653577
3912444163
3915848081
3919517533
3923817397
3926743651
3930571801
3935008027
3937048921
3942247301
3942554785
3944565857
3944598491
3958093901
3958398949
3960653029
3962371645
3964762363
3968940193
3973281157
3980676169
3984796241
3986797921
3987794201
3989623177
3990769147
3997206401
4002653593
4005639919
4008263401
4013447737
4028995297
4029722281
4031764969
4034969401
4035028861
4036679173
4037846605
4044905597
4051274261
4051304401
4059492229
4060340929
4060942381
4065336991
4066007107
4073685265
4073721409
4075241633
4077474521
4081474805
4088656469
4089165445
4091041501
4093466677
4097501461
4100200157
4103331277
4111649489
4111819171
4114277411
4115405653
4121286907
4123603511
4126424287
4127050621
4127691569
4128028381
4131660961
4133228851
4140553477
4141077139
4141560361
4144945351
4147641601
4148776361
4155375349
4163206651
4168113757
4171540729
4172348161
4173838327
4176142891
4177967777
4183664101
4185707731
4187360341
4189357987
4189998049
4190172601
4191684659
4191833521
4192371793
4194632947
4198450141
4199529601
4206868927
4210213801
4218093773
4219535269
4219801031
4228783201
4231512709
4232511109
4232787521
4234722661
4235707681
4242077533
4256766511
4262853997
4268305859
4278338369
4282033687
4286043061
4287240497
