1891
2977
3131
3421
6161
8249
9121
13361
18019
21953
26291
27307
30721
34003
37231
43531
56029
56033
60451
73261
76049
77221
92509
109061
115393
132193
134261
146611
153253
159901
181351
182527
190991
204121
216457
220729
222529
226801
229633
256961
259171
270481
282133
282751
290929
293281
297733
310381
318697
328021
335329
360401
385003
398777
399001
410041
416641
437431
447553
455533
486019
487621
514447
520801
547489
556381
557881
591229
597871
639973
642001
653333
653411
656111
657901
704377
736751
741751
753481
765703
777511
815021
828271
981317
1004251
1025977
1088891
1089043
1184071
1189273
1190191
1237351
1250101
1303401
1310497
1314631
1349461
1369189
1433407
1455451
1701673
1789253
1844809
1850761
1869211
1873981
1902361
1927801
1949851
1953391
1969417
2008597
2035153
2052307
2161463
2181121
2181961
2189279
2205967
2255843
2271091
2288413
2375017
2387797
2487941
2508013
2510569
2517763
2603989
2617441
2625091
2628451
2639737
2655391
2661479
2673001
2741311
2748023
2749429
2781661
2908181
2948947
2991691
3062347
3065761
3125281
3255271
3307751
3399481
3568661
3585781
3631777
3833941
3837811
3865891
3936691
3942271
4050379
4098221
4255903
4299023
4316809
4324741
4370101
4448221
4500151
4566769
4708837
5044033
5237551
5252941
5411501
5481451
5610691
5812061
5871251
5979247
6000877
6185341
6186403
6236257
6471931
6594901
6752761
6839617
6955087
7206139
7327471
7514501
7643323
7859707
7879681
7952563
7992913
8252581
8405857
8516791
8902741
9023281
9038911
9128101
9493579
9591697
9658741
9835541
10019491
10031653
10386241
10509751
10565713
10700761
10730071
10837601
10954321
11210431
11387377
11532151
11612503
11619739
12318541
12710977
12792001
12878611
13012501
13012651
13073941
13324411
13444273
13453331
13528061
13593511
13598443
13615561
13718069
13738999
14056111
14471321
14480573
14575091
14615017
14632537
14729101
14776441
15525241
15706021
15766651
15798857
15805747
16070429
16253551
16331701
16335001
16520533
16559461
16882633
17006201
17174561
17247811
17290001
17357569
17403821
17474731
18112513
18158251
18325913
18733271
18809911
19061281
19503121
19609633
19715281
19732897
19910287
20254501
20310751
20434033
20933441
21015721
21355951
21688801
22187791
22225633
22266487
22409269
22873121
22888321
22994371
23403061
23464033
23585563
23753053
24249391
24573889
24709807
24735061
24789493
24791131
24904153
25204609
25248851
25772419
25810027
26309867
26394871
26480287
26652433
26824547
27012001
27409861
27452881
27490081
29099977
29137597
29173247
29815381
29952547
30122281
30131011
30141469
30824399
30924979
31199923
31211821
31227103
31470211
31513861
31580881
32051251
32165057
32621401
32683201
32817151
32999611
33120341
33414833
33567451
33671527
33847469
34590403
34612777
34626041
34890481
35018777
35732497
35798491
36314371
36724591
36762931
36895921
38351347
39003953
39169783
39211597
39463807
40173187
40274911
40725313
41600881
41710411
42498439
42695401
42991303
43069531
43139221
43237261
44068001
44482901
44602091
44760581
45019891
45383911
45637873
45655039
45679549
46026769
46100143
46808401
47057011
47066419
48612527
49374937
49533667
49573627
50102551
50309351
50495509
50838679
51088133
51803821
51898351
52109569
52280731
52283107
52595713
53486557
53534449
53839081
54180043
54350801
54637831
54642197
54777721
55483921
55712521
56198431
56372387
56420033
56602681
56839231
56933801
57120001
58462529
58624039
59676121
59788931
60552161
61171951
61832377
62294321
63397751
63781901
64261429
65490881
65625323
66007061
66124297
66300551
67775401
68370551
68462551
69030901
69485281
69938623
70126993
70788121
71937109
72186421
72327473
72601651
72884701
72993601
73517501
73894267
74236801
74620739
75294641
75350897
75418687
75642157
77455933
78435061
78644611
78795181
79014769
79398901
80078461
80408981
80602181
80910001
81441601
81759169
82317121
82353421
82632521
84303001
85534201
87466843
87650413
88507693
90014653
90093361
90425791
90942931
91164529
91700311
92139433
92297941
93538703
94259881
94502701
95811731
95914711
96014161
96232501
96434203
96999211
97778017
98336107
98938621
99062839
100334449
100618933
100907047
101515373
102901633
103011481
103515481
103578757
104524421
106079761
107520533
108140401
108304057
108391697
108618793
109231229
112940981
113789773
114267661
114329881
115264271
116321617
116682721
117691501
117939901
118172251
119118121
119413897
123066649
124661251
125122099
125632891
126132553
126386261
126428851
127417123
128229643
129205781
129433537
129623917
129856481
131496371
131504143
131760073
131819101
131922701
132220369
132379921
132437341
133391611
133441001
133922707
134321261
134696801
134791441
135025901
135517181
136261009
136523501
136900513
136929857
137154839
137766163
139363927
139549393
139952671
140504911
142990201
143372107
145206361
145410931
145421641
145820503
145975021
146843929
146920661
147114269
147404009
149636497
149848201
149915011
150921217
151358059
152799401
155328053
156052651
156248353
157803521
158223869
160310411
160950301
161459713
162481169
162712681
163214101
164424781
165039373
165938653
166339057
167472451
167656501
169548611
170009533
170337179
170651737
170927521
171066113
172344547
173218501
174167407
174479729
175087849
176637551
177094417
177562243
178482151
179581847
180774361
183200977
183760831
183944113
184129303
184162111
184783441
184993121
185492737
186125633
186840001
187143661
187244071
187546133
188157451
188821951
189223471
189686503
191407483
191648161
191679751
191745571
192241901
194424491
194556451
197239591
199104533
199674721
200030123
201257269
203330401
205161247
208547117
210830401
212346001
212669843
212929237
213484811
214038533
214512787
215901281
217489373
218112133
219601201
220300291
220929281
221497303
221793391
221998241
222571231
223625851
224080921
224215531
224294533
224354773
226268281
226833721
227132641
227272501
227418133
230879041
230918981
231202201
231322513
234610291
234792221
234870301
235060561
235319011
235928071
237126779
237680057
238247461
239227649
240355441
240784637
241161061
241310651
241311841
241853561
244295197
244762057
245439793
247032301
247071331
247536811
250216801
252552301
254265001
255866131
257623021
259815601
260387137
260736341
263295143
264234497
264265429
264309697
265620479
265687567
266627143
266925601
266983501
268376921
268505551
270196609
270204047
271122931
273250099
274214557
275240461
275444419
276234727
279065377
279990811
280206241
280747801
280967641
281157601
283179601
284736271
285449671
286670437
288194581
290010241
290348173
291918079
292664401
292943071
293053951
294094351
294807661
296509357
297392899
297791209
298087793
299132021
299524529
299789221
300261991
300484549
300743611
304745827
304995241
306191621
306347357
307061371
307377073
307426177
308538007
309252313
309255301
309742841
309755393
310619791
310873109
311016737
311671361
311966851
312703093
314311603
316315117
316733257
317254897
318896257
319167157
320209891
320454751
320894687
324264943
325141001
325938251
326695141
328537357
329630401
331101421
332162521
332976961
333431179
333571591
334356023
334872721
335975977
336117601
339583951
341564269
344438641
346080391
346394233
346963651
347265751
347347087
348223489
348989101
349470703
352735351
352948021
353815801
353932801
354870431
359462179
359499781
360668897
361536869
364110001
364282381
365519881
366341977
367156859
367678981
368848481
369145963
373097681
373669453
374753633
375924251
377305801
380479111
381116881
383072743
383143451
383793541
384770017
384824441
385992811
387154171
388277921
391930003
391947391
392275381
392986567
394476167
394725451
395032961
396231887
396790801
397046251
399468241
400253701
401335351
401427937
402120391
403799131
408966533
412936327
413142437
417319673
418044563
419894021
420521117
421406371
430833313
430936633
432525607
436198687
437866087
439432753
440256889
440428801
441196471
448529911
451389139
451746307
453008737
453557287
454974229
455242313
455712913
457574611
458760257
460486921
463490761
463748671
463880413
465658903
468725083
468840961
468856897
470120257
471723631
472814413
475163501
476286961
476499187
477163051
477214039
478605761
480187709
480605273
483338341
483459181
485328187
485432221
488451511
488656981
490754083
490894111
491911831
495159757
499116511
501341041
501440213
502858201
503142391
504454879
506783153
506883529
507520133
508056893
508125239
510459349
511408171
511773499
512150689
514606801
515821801
515873179
521011009
522655801
524608543
527160481
530717833
531681281
534521131
536116873
540654409
542883223
543983689
545220869
545738203
546252757
546497953
547649191
548940127
549162511
550437031
551373571
551647201
551672221
552894301
554118661
560484307
561696061
562310321
564609781
564621067
565141781
568902001
569332177
569733139
569749777
571765321
572766251
573183451
573817861
574779353
574870753
579476917
580007371
580400701
582798751
583592857
583937701
585028051
586930471
592701061
592818321
595616227
596995747
597717121
597783853
597872341
598615799
600911611
601073971
604066597
604611019
605341837
608451691
609244501
609361567
612298759
615581063
619409701
620928533
620966413
621756761
622137601
622821821
625034323
625060801
625237537
625492229
625536071
627569933
628026283
631881337
632638441
634022023
636148921
636442003
637504081
639160501
639969891
640378099
640983643
643093201
643461001
643672121
649544197
653017121
654577561
656020873
656158861
660257863
664574653
665040989
667885249
668213581
668691841
671283839
672971081
674031931
676358593
677389049
678935893
679347157
680921851
685506971
685667317
690516451
692652997
693010783
693614137
693947311
697821857
700015603
703234201
703384507
704133481
704304157
704995201
705496247
705883951
715185241
717096641
717290491
720385903
725508241
728916091
736602049
737673221
739643491
741525409
742162753
747298843
748419127
751632151
751705597
753022201
753225901
756669763
757158533
757433921
758056531
760131139
761038769
762133751
766632949
767218093
767537401
767553151
768554977
770513401
774027781
775135201
775417823
775828351
775988033
776081503
776664589
778657921
783780211
786672251
786866341
788940833
789707707
791592677
793709929
793813333
794399041
800055367
800380729
802437679
805504813
806505181
807857389
812093257
812260573
812865643
814441633
817748881
818241001
819696431
822767041
827964497
828781231
829800973
833144401
835562731
836574337
839776211
840389873
841217653
841723489
843169541
843350881
843463501
847745179
851415769
851778817
853578751
857100421
857448467
859769191
860845621
867110501
870142879
875151091
875690311
880869277
881441669
882189001
885637171
888838273
889729993
890687621
891447653
893377633
894590071
894658447
896306321
896571061
897813751
899509841
901174657
904505611
905533487
905911337
910418851
913684101
918724777
920529601
922091311
922535461
924477121
928354439
929082211
929106601
934244521
934290251
936432181
938574631
941548753
943553407
945985363
946041199
947993761
950885461
952366787
952671781
952791001
953761789
957600541
958762729
961348321
962102203
973368481
984195937
985605253
986984029
987700681
988693297
989034061
989607559
1004752181
1005347537
1005881197
1007246431
1007713171
1010903041
1012489943
1013914861
1020480187
1022388641
1023374899
1026438247
1027729357
1031101237
1031961379
1032566401
1032630433
1034606809
1037518561
1038880753
1038911761
1039480129
1041820867
1051380721
1052280269
1053732751
1055437633
1057229491
1061084701
1061139601
1061189407
1069720507
1073077339
1073510551
1074576161
1075843231
1082062633
1083226649
1084952881
1086649331
1090839247
1091187329
1091592631
1091948051
1092310759
1094412871
1098000091
1098404941
1098719753
1099144211
1101060577
1101632527
1101942661
1104254197
1108370551
1109626291
1112954081
1113860609
1120076281
1123942387
1124670101
1126414073
1129716811
1133165563
1134342151
1137732451
1138277323
1141201001
1145170153
1149603361
1154007109
1159030771
1159861777
1160166421
1160744531
1169850901
1179834451
1180763497
1184554801
1186383001
1189576961
1190480281
1191216133
1191869857
1194241577
1200778753
1202142061
1202752279
1203894199
1204446673
1205606533
1212036013
1213559869
1214535583
1217107079
1217829817
1218899501
1219855001
1219858921
1221226351
1222090183
1224393409
1225172609
1226676631
1232853007
1235082817
1235864033
1238018797
1240258251
1240705901
1248103351
1248721237
1250362109
1252569361
1256652013
1261949539
1263293281
1264145401
1264649761
1264934761
1265675833
1266025351
1267610501
1268229601
1268531101
1270667353
1271487631
1283161951
1286356657
1291671361
1297558081
1297735871
1302145267
1303352353
1303960397
1305106951
1305569231
1310491753
1311004813
1314780557
1315858381
1317157217
1318354129
1319501669
1319521069
1321024321
1321734497
1323011377
1323646561
1323867217
1325035801
1326880669
1327026403
1327747087
1328256247
1332441949
1333215703
1337315851
1340341471
1341141167
1342287829
1342398461
1344597577
1346624533
1349030431
1355767579
1358007931
1358503801
1366302731
1366786513
1369446431
1369874451
1370135521
1375684831
1378203751
1380443221
1380617551
1383886729
1385656829
1387742749
1387766461
1389266449
1394640941
1400688059
1404056713
1404253369
1405546201
1408610503
1408701691
1409083873
1415329151
1417211153
1417680349
1418773591
1419459121
1421722873
1422057781
1424832571
1426319563
1426735501
1427497741
1427834071
1427963251
1430021347
1433420929
1437355261
1444590859
1444656223
1446750601
1458078247
1460269201
1465217911
1467216901
1469768653
1473684001
1474227217
1477178761
1477422187
1479647233
1480030651
1483463623
1486058551
1487387611
1490926471
1497221281
1501194397
1507121801
1508642701
1512827929
1513989271
1515969977
1516295597
1528627441
1530159247
1531108069
1531245379
1535140231
1537736401
1540027369
1544390681
1547913851
1556329633
1562066101
1563446611
1563607081
1565077801
1567090867
1569202181
1569562411
1572094889
1577778361
1579079503
1587808769
1591646401
1594247143
1607530051
1607884651
1610087131
1610418811
1614341431
1620646177
1620702661
1621636699
1623997831
1624628251
1627644961
1628194681
1630062253
1635548221
1637181571
1637856667
1640811601
1642610413
1644637051
1644689597
1645859251
1646590843
1649510717
1650405043
1657063871
1666972561
1670805247
1670969503
1681568851
1687344121
1690230241
1694484013
1696893101
1697558501
1699279441
1701129281
1701346813
1702417817
1705060921
1705612459
1708965091
1712265949
1714557531
1714842361
1715427451
1722685777
1738190981
1739057633
1741080661
1741294591
1743805801
1744318423
1747678927
1750412161
1752172003
1759506781
1760706811
1761461857
1763702533
1766853661
1785629141
1789447969
1791839141
1803142511
1803201751
1804075939
1804954201
1818827141
1820306953
1822365793
1822479751
1825100851
1830949313
1837508401
1840777061
1844028961
1845611431
1848453751
1850320459
1852869061
1854380951
1855782821
1862880401
1862916001
1866229291
1866703231
1870002451
1872332239
1873009841
1876485691
1878092089
1884669361
1884799999
1886282161
1887912401
1889169673
1893655037
1897216661
1899321649
1912540297
1915608241
1928307163
1929742591
1930403333
1937797291
1939374413
1940048881
1940558107
1947245323
1949722993
1954659301
1957407649
1959313071
1962274471
1962730531
1963529443
1964267983
1967196001
1969933081
1972724219
1985057131
1986633713
1987640741
1988031679
1999817009
2000502631
2000877953
2001025861
2002446821
2002827871
2005678423
2007502381
2008709311
2011661107
2011678891
2015083351
2021888111
2026200871
2032340977
2034039871
2038093597
2040734153
2048366347
2052039809
2057756611
2058234967
2058779633
2062698067
2068125151
2070254107
2070369991
2079013891
2082908423
2086939639
2087302933
2088768533
2091700097
2096629891
2097317377
2100824057
2101757711
2103632039
2103693121
2108764481
2108795371
2109467123
2111220721
2114102593
2116336801
2121988051
2129184131
2133876991
2135221453
2135593931
2139462991
2141170291
2142302741
2142945793
2143585621
2150489251
2155041517
2156767003
2159062231
2162461663
2165183077
2169042331
2171124673
2171533183
2174166881
2175136133
2182281601
2183757409
2184744451
2186340031
2187476281
2188728341
2188955501
2191390081
2191564351
2195936501
2197013821
2201121991
2201616451
2210184553
2216267467
2217879901
2218990321
2219615201
2226519139
2227197673
2230253293
2233031701
2250005761
2250651181
2256666133
2262543121
2262861901
2267429599
2276606503
2277025141
2277672413
2280603697
2292510761
2293046389
2294455411
2295144811
2296289269
2307622301
2331925273
2332530289
2336244121
2337063019
2339829577
2343711721
2355216001
2356578841
2366453161
2382921139
2383939741
2385574201
2387910881
2388410749
2395683421
2406721201
2408600321
2409021721
2410806691
2418196051
2420684779
2422247761
2423195777
2441273437
2441702023
2448848981
2450997631
2461061149
2462415247
2466429331
2467601881
2468850913
2470797341
2472431959
2473187009
2476956607
2477771731
2483322319
2486831491
2493669301
2494128451
2494790561
2498803127
2501632537
2507803733
2509034677
2509860961
2511914887
2512323829
2513498329
2516831641
2519186671
2531062013
2532630787
2532831463
2533915781
2535732011
2535974407
2537105761
2542022761
2547746447
2553573727
2556976891
2557977601
2559857761
2561590487
2564530321
2564598401
2568283651
2569019941
2569586221
2569844581
2573043463
2573378849
2575275361
2577445039
2579163931
2579597353
2581236181
2600511733
2601144001
2601168541
2607251431
2609471341
2614527241
2615703121
2620165351
2625047521
2626457803
2626538261
2631492481
2631860393
2636360191
2639631061
2640208609
2645182171
2647509313
2655357841
2660050051
2668734847
2669001337
2671407701
2676675961
2679317581
2680883617
2690867401
2693195569
2693739751
2697374737
2700286993
2706090157
2706098149
2706717511
2713029001
2714115821
2714524481
2716305643
2728997441
2730075559
2738053141
2741365189
2753135551
2761096081
2764833857
2774577031
2778813041
2786268031
2795304931
2799519841
2811810031
2814002297
2826128971
2832384133
2833515091
2833557091
2839992427
2840963203
2862066481
2866872781
2867145373
2868230821
2870118421
2872327321
2877228667
2878823963
2889284527
2898582397
2901514531
2913401611
2919186301
2919704971
2923727693
2925011153
2936938877
2939384029
2943530371
2944756811
2945549881
2948673901
2949864481
2951238883
2954462509
2955731521
2957320351
2959628671
2959800301
2976930001
2978011651
2978492353
2981580031
2988134717
2994591601
2995097503
2995146179
2996755061
2996944133
2997634537
3008029331
3017887471
3030393901
3031242061
3031993121
3032134387
3032802001
3042630533
3050026477
3056100623
3062094841
3070144741
3071265121
3072444091
3073373659
3073981561
3077602481
3085230961
3086767657
3090490069
3098126233
3110830003
3113094913
3116438417
3118604371
3121366357
3124965421
3139862657
3146902111
3147083239
3151837571
3152169439
3155706863
3168847441
3169245283
3174862001
3181341239
3189124591
3197620441
3199371751
3205512997
3208279021
3209732051
3213066641
3215031751
3224109701
3225366481
3233558021
3243297817
3251182981
3254677631
3256622899
3258269101
3263378641
3272684801
3273820903
3274264033
3276649951
3278890319
3282131557
3285456491
3292900183
3295362727
3299060521
3304052371
3313196881
3317086873
3322130111
3326803201
3328354801
3332340703
3345593833
3347214421
3347592601
3348060811
3361874671
3362615407
3373343041
3375949001
3380740301
3382900921
3383196307
3391299673
3398746261
3400300801
3408200641
3413587189
3418907497
3420012619
3429457921
3431305763
3433439341
3434575327
3438367631
3438861301
3439186873
3441611557
3445470001
3447988057
3455607413
3458341657
3459380377
3459531541
3462085201
3463907761
3464236901
3473366233
3482587837
3488915981
3502998451
3503270161
3506003467
3506088769
3507623351
3508999651
3510468289
3517216459
3518851111
3519002731
3521383951
3529572301
3532275919
3533523337
3535951537
3540924437
3544919947
3553674931
3559476913
3563551991
3567162901
3570283009
3580768981
3586833253
3588321481
3588897691
3590989313
3594968821
3595562533
3595831207
3599103691
3599942113
3602006101
3605792737
3612833281
3616098557
3617491751
3617666401
3628526287
3639723979
3651150331
3661766197
3665407517
3672754633
3679762321
3682630327
3685046401
3687168241
3704558369
3708917479
3712246141
3713998933
3716719381
3717260801
3717959561
3719774431
3721400299
3722298301
3723104797
3725096111
3726384091
3727828501
3731445229
3748974661
3753165371
3770464513
3776019979
3777166051
3782391581
3785356387
3789787501
3789843461
3791825423
3795267037
3800306971
3813919453
3816101719
3819502651
3820611001
3822308461
3828582421
3829656403
3869581321
3869904151
3870318007
3874471147
3882346903
3887414521
3891892421
3895046191
3895407521
3899192347
3900381299
3907224577
3907752241
3908908033
3909612001
3913654471
3924347671
3924595351
3926933557
3929440411
3940621067
3942332501
3946820711
3954223201
3954334159
3961565929
3967301341
3968871469
3987960913
4002124013
4004875373
4005122557
4005249103
4010082151
4021273649
4028771849
4042299871
4045222081
4051742347
4053302881
4060942381
4069683749
4085606401
4085870923
4089423937
4103331277
4112558413
4114064131
4115746951
4115758753
4118784101
4121286907
4127050621
4139069521
4142995639
4144006231
4144692413
4152179921
4157722801
4172804707
4173750473
4175362133
4183664101
4187906581
4214150333
4216592101
4218900001
4230451471
4231459597
4242533551
4247896153
4257747133
4271121161
4286028577
4289470021
