85
91
985
1057
1561
1963
2059
2821
2899
3349
4681
6533
6643
6943
7471
13211
13741
15841
16745
19951
20293
21931
29539
32131
33307
33673
35333
36391
42001
43111
44681
48133
48391
55651
63139
68143
70819
96139
97873
98159
103601
114017
116251
121301
123319
123913
124657
139321
143299
188501
191521
197633
206981
211627
228565
235711
247321
258301
286903
288163
293401
297541
308039
340033
369847
376201
402961
425971
436897
437749
455533
467251
521731
548497
556421
584189
604117
614899
634201
667153
667201
679861
710533
738541
742813
769567
810937
859951
865373
876961
928741
929633
960247
994507
1001029
1010651
1024651
1097227
1128121
1164083
1192501
1249177
1306199
1382351
1451441
1562809
1590751
1717633
1742911
1849261
1869211
1994689
2011969
2051089
2091013
2210461
2281819
2286101
2307317
2358533
2563903
2574001
2758991
2827007
2865619
2908705
2984983
3030311
3064243
3077441
3170977
3186821
3270403
3273463
3285829
3289807
3311581
3383353
3400013
3424051
3426301
3542533
3568001
3609401
3913003
3939751
4077151
4111381
4338461
4518457
4543621
4647097
4680547
4909177
4933951
4941553
5090329
5090821
5095177
5122133
5256091
5261059
5292631
5348113
5378641
5409601
5483011
5489641
5575013
5723677
5821873
5906413
5964547
6029479
6330721
6368689
6537529
6733693
6875497
7166611
7307041
7352593
7398151
7455559
7571881
7648033
7650641
7686401
7711679
7720651
7884001
7911949
7982129
8110351
8426671
8477801
8502551
8864257
8959567
9040069
9056501
9131401
9504191
9549541
9835541
10084817
10368847
10679131
10683553
10838023
10843073
11048641
11341621
11407441
11415301
11438101
11456491
11662231
11990809
12223669
12890503
12925549
13012501
13089151
13748941
13826681
14026897
14154337
14554217
14652991
14765561
14910109
15257191
15406289
15736327
15757741
15798857
16324001
16599931
16705021
17155909
17206393
17206903
17403821
17414293
17449417
17590681
17689387
17989483
18094187
18406301
18595801
18814049
18900973
19107889
19258993
19328653
19840129
20300743
20633167
20968501
21165643
21215801
21415297
21999529
22191553
22391551
22703341
22822979
23052241
23483461
23822329
23860747
24242261
24252571
24589577
24591451
24682309
24686311
24809599
25059607
25248851
25457833
25514507
25815841
25859767
25919791
25936201
25981957
26002261
26017291
26086393
26377921
26406991
27012001
27142501
27217477
27219697
27392041
27506311
27509653
27689047
28312921
28610713
29053333
29179001
29266451
29564609
30141469
30304189
30389743
30495061
31470211
31482127
32141297
32429431
32719129
32876221
33044791
33318641
33596221
33848311
33991357
35454229
35507749
35912161
35998249
36404551
36436681
36724591
37035337
37100593
37964809
38046451
38143891
38270377
38347921
38971661
39092743
39547171
40621591
40753513
40904389
41084533
41260771
41798401
42318277
42379009
42764453
43363601
43488349
43714441
44274385
45170677
45213643
45312331
45573637
46724131
47063611
47930023
47966353
49019851
49923661
49993813
50468353
51314701
51644833
51733921
51939889
51984689
52493647
52575121
52936801
53155579
53487583
53509249
53585299
54381671
54501511
54672241
55313861
55982191
56423599
56806351
56978683
57048071
57888559
58489201
59383741
59533351
59699641
60171467
61101991
61201009
61682581
62633371
63318169
63536351
63962401
64008851
64243531
66007061
66158233
66300551
66540701
67023991
67579903
68318713
68579113
70018561
70771307
71960743
72624301
72884701
73975951
74236801
74927161
75137563
75320341
75823457
76129987
76459991
76969621
76982929
77594653
77800523
77852881
77914721
78234133
79183417
80153389
80158669
80207381
80748391
81832051
83204801
84568201
85296251
85719871
86120143
86995861
87304501
87650413
87694267
87919267
88020833
88400131
88505381
88930463
89487817
89497981
90881941
90961417
91148221
91935947
96383281
97316173
97551781
97796953
97836289
98586541
98993281
100907047
101218921
101356613
101401631
102443749
102659011
102678031
103340777
103841809
104220703
104524421
104663089
106552231
106743073
106941451
107015473
107264521
107903617
108132337
108241783
108906901
109027981
109213777
110566969
111340153
111540001
112989331
113286013
113366177
114100351
114366313
114516751
115456177
116366221
116673481
116804491
116883187
117401293
118172521
119093311
119166809
119204809
120236707
121071259
121102081
121323437
121737911
122099713
122505571
124522531
125868943
126124591
126428851
126454753
127213351
127504931
127535651
128027201
128716141
130405969
131297531
131334851
131504143
131821489
133227451
133688803
136683163
137340451
137813129
137928107
138336661
138736153
139027201
139617451
141069067
144641953
145206361
145398793
145410931
145820503
147354413
147663001
148476761
149690809
151358059
151736881
152716537
153589801
153652973
154148777
155203361
155642257
155752567
155840777
157311361
157352771
157748761
158238631
158255581
158508013
159071501
159160751
160348189
161226781
161542361
161737153
162905761
162987931
163503961
163759753
163892587
164111281
165938653
166099501
166805633
167128121
167286913
167881121
168586111
170407421
170546851
170991649
170996893
173254033
173691943
174286729
174626113
175135601
176202391
177455701
178474411
178482151
179840449
180115489
181647497
181670539
182018497
182565073
183370447
183767851
184993121
185016001
185040703
186204217
186722221
187141411
187334897
187378753
187961687
189009289
189223471
189537311
191161621
191230621
191524393
191674081
192946631
196035001
197011699
197239591
197642089
197741791
198073951
198365617
198367513
199371481
199789441
199985147
200271473
201841553
202531501
203623177
204300541
204965377
205413919
205873537
208998881
210023917
213455213
216899047
217729697
217801021
218139391
218624033
221445197
223051141
223947571
223976453
226761901
228381343
229302109
232953151
233148889
233295583
234691381
235761419
237260791
238033531
240785047
242067841
242216381
242942491
243174223
245015009
245837521
246446929
246622951
248696839
249502271
249929311
251706157
251842753
252337741
252853921
253446799
256014305
256416883
258281213
258503701
258877721
259520197
260518801
261856261
261893059
263128951
263669347
264350521
264422863
265418401
265620479
265731931
269114101
269702539
270470371
271289929
273107701
274222423
274937851
275022721
278822557
278943061
278974081
279783451
280757101
283463077
283669777
284067631
287983573
288038869
288361351
289877611
290020061
290149207
290356291
291003259
295419097
296213503
297377407
297413299
297438161
297812677
298772209
299736181
301248949
303127441
303817411
307061371
308550061
311609059
311633821
312223213
312773141
314154937
319167157
320058203
320591809
320782991
321886139
323982751
324010061
325116289
326088253
326266051
327184189
329623021
330302461
331431601
331603201
331623307
331914049
333176713
335794601
337964801
344155141
344321041
344688751
345292237
346874401
348424501
348668321
351680551
351896941
351910021
352074713
353286701
354838111
358858513
359499781
359696431
359910101
360145633
360873541
361106173
361307521
361763801
362569201
363430637
363933613
363941467
366310369
367307461
367696693
369058471
369610237
370740833
371376631
371746153
372038627
372454609
374753633
374877133
378489151
378565051
380974231
383697841
383880641
384731047
384794833
387955151
388176601
388235233
389615521
390943711
391774961
392918983
393716701
394414021
394440301
396018911
396635633
397038973
397284523
398029501
399874621
400505449
400723331
401427937
402279403
402563401
403095967
404191231
405522881
406203001
406858999
410545129
411771061
415149697
416619281
417027451
418667401
419147593
419184481
424814447
426876397
428301329
430131781
430208351
430381921
435524911
436019641
436166641
437066059
438306553
438947461
439309261
441188749
445001011
446223331
446317579
446621017
449461183
454305349
455461471
457274161
458071241
462737731
471161461
473694943
474468229
475094159
475947001
475969231
478614067
479317561
481126627
481916641
482120827
482155957
482164597
484481089
485328377
486073729
486711259
487890703
491080801
491646403
496128001
497185937
500824421
500906827
501134563
502826101
503255297
505226767
505239737
510649063
510703183
513346891
516449359
518018881
523170421
525122261
525902887
528043753
532094413
532800133
533484001
539019361
539606773
540218449
540621181
540683401
540864721
542756341
542889901
543730181
544387691
544861633
545738203
547924243
549162511
552308501
553321693
554494951
556489141
557365537
560756561
561817589
562467361
565808281
566689927
566938441
568133749
568339069
569468881
571838401
573134041
574199113
574692161
574965409
575963731
576691741
580087873
581699449
582799951
584511259
592580323
592769633
594987769
599645047
600759589
600790259
605341837
605990911
609244501
612790921
612816751
613594703
617279821
618033001
619280143
620027717
620160481
620169409
621377089
621741061
624678601
626645611
628439869
630657889
633944033
637133671
640927939
641760031
641814179
643767931
646518841
647759377
649212571
650982907
651105121
651176821
652161601
652504021
656044247
656793899
665443351
666545251
669306511
670567301
674234201
674666929
675084073
679033681
679567201
680680171
680798047
680860351
680972909
684634133
685059877
685903681
689537441
690652411
690801229
694116893
700090903
700627591
704672417
705883951
707112001
708243229
708477997
708670621
711304903
713383171
714978739
720068161
720385903
722732851
726906979
729447401
736668013
737419681
738782777
743404663
745708657
748638001
748814599
749172821
756194587
756318751
758142883
761134951
768475331
774027781
776081503
776327047
776365969
778301749
779819587
780458701
787267471
788940833
789142201
789375511
793813333
794506379
795425401
798770161
800055367
803014241
803744371
808112737
809506133
811359649
812346187
813834127
815430533
817076611
823656751
823809529
826502737
826945621
829737221
829929871
831868171
832048447
832448431
832870891
833267737
834007241
836787839
837843931
839853109
841217653
842960981
849606031
850346369
851287861
855073301
855184921
856203817
857902861
861060019
868684897
871023583
875207869
881242111
885594169
887795221
891305689
893173297
895095673
895568251
897437773
897631561
897756751
898737841
899600833
899878201
899879761
900829321
902134661
902641531
902939401
903136901
909646411
911366167
911484421
916680079
925100437
925165039
929106601
934290251
934532539
938030101
942476621
943565077
943795201
946094899
946238081
946323841
947485057
947950501
948393559
948413621
949324951
949751713
951232133
953049211
953980637
957536641
958523149
958581817
960076627
960930473
961020061
962375941
963088081
963973063
966919501
968283247
968286401
968324881
968869981
975970381
977498323
982514249
984640651
989810251
993103261
993522151
994914911
998789639
1002105631
1006107061
1006221427
1010627749
1012267657
1012781771
1021281301
1022388641
1023405373
1024600123
1024605121
1025306911
1027744453
1030491619
1030758301
1031961379
1034768771
1034935273
1034952001
1037560681
1037750617
1037945101
1040295691
1040867191
1041715903
1045596889
1048474211
1052140321
1055392399
1059852133
1062376981
1075068289
1076666713
1080042409
1080241381
1081524361
1083581437
1084242361
1085117101
1089544303
1092200789
1092355837
1093270511
1093309181
1093637491
1095205801
1095519181
1098000091
1100624857
1100927281
1101247519
1103311231
1106576857
1109304913
1110293101
1112615393
1114563007
1115152237
1115417941
1117693171
1125712733
1126562669
1127575783
1127675281
1130956481
1132050181
1132728007
1134193561
1139694301
1140174881
1144770277
1145791171
1151811541
1153315531
1154075473
1156727449
1157420947
1159357301
1161306721
1161368011
1161625457
1161728287
1164218641
1164345001
1166779981
1167766081
1169722399
1175122961
1177008809
1179740161
1180076693
1183384309
1186835365
1186915861
1187887891
1189817371
1191216133
1193628451
1195524181
1198925521
1199871493
1202085067
1204176751
1212639017
1213558081
1217592641
1217829817
1218549697
1218710791
1222568707
1230512417
1235864033
1236448201
1243506139
1249190251
1251000671
1255663267
1256440147
1256824561
1257102001
1260782161
1266003461
1268392501
1269429877
1270287751
1270924513
1270962001
1280021317
1286298133
1286350631
1290243109
1291632161
1295074171
1295750893
1296613501
1298258413
1299216421
1301204087
1301698927
1303010561
1305208297
1311858269
1312538551
1312845661
1313320213
1313717989
1319124353
1319644037
1322140423
1329627461
1331061887
1331413333
1332313291
1333837783
1334641267
1339560587
1342904161
1343575381
1349536981
1353163489
1353440233
1356241321
1356992081
1358389969
1361213491
1371762001
1373187001
1375019101
1377269533
1378203751
1379932093
1381581481
1382563651
1389699109
1390697177
1392865979
1393629421
1396711573
1397678699
1402248403
1403607971
1405174601
1408637929
1414923841
1414938377
1418365873
1419554683
1422533533
1423397845
1430505257
1431192907
1432354901
1437008563
1437866561
1442067433
1442393969
1444886801
1448090281
1449840547
1458128179
1462817113
1464568381
1465908193
1467817471
1468824787
1470028141
1472650999
1474644341
1479345817
1480849831
1481013139
1482413131
1484742533
1485378889
1489989313
1490059561
1491510899
1498585369
1502124427
1505432881
1505540497
1508953447
1518678019
1522669051
1525510801
1525781251
1527642991
1532468969
1533366841
1536762061
1539620941
1540208251
1545909251
1551514861
1551598249
1552103821
1558913203
1559799301
1560129607
1561306249
1561310353
1563799981
1564278211
1572934897
1573689151
1578347737
1579079503
1592595703
1594058857
1599366649
1600381441
1603308617
1603599211
1603945141
1610083333
1616387653
1619680147
1624011023
1624512133
1628740387
1630161541
1631196071
1637803801
1644637051
1648480073
1650287083
1650490129
1650682153
1651200013
1652928061
1653222257
1654361281
1658046781
1661409289
1665830461
1669547881
1669641751
1670968027
1672517291
1674091141
1678738429
1694484013
1694998831
1698826339
1701285671
1703207041
1707704461
1709133401
1715427451
1715714947
1719804929
1720994833
1722953549
1725569533
1726372441
1726509313
1727809073
1739057633
1743805801
1749173293
1760996881
1764038641
1766522323
1784463851
1786378901
1787197843
1787371813
1791426787
1796170351
1799347889
1800684337
1806824101
1806844537
1809304517
1813737781
1816853581
1821514633
1821997189
1822780261
1824603769
1825394143
1826952733
1828182427
1833328621
1834448443
1840075609
1843051687
1850233897
1853628841
1856582113
1862571151
1864009153
1865243113
1875185621
1876900481
1878092089
1880625319
1882631941
1884600121
1889528033
1891442981
1893863249
1894307257
1894909141
1898139707
1899525601
1899712261
1902410797
1902583645
1904524903
1904558701
1905592459
1907441731
1909009397
1909566073
1910207311
1913858449
1918534901
1920594079
1921309633
1925791057
1927072001
1932322789
1934511611
1935866081
1942423897
1942530031
1943951041
1947245323
1957084741
1959683113
1960051081
1960577189
1961971201
1962285799
1969242871
1971396181
1973561377
1976956759
1977083929
1977947791
1982554177
1982876941
1985320369
1987168639
1995972031
1997161559
2004299641
2015145287
2015420317
2018378641
2021046073
2021063941
2027494327
2028416021
2028685753
2032248961
2032335317
2040011359
2042507251
2047861171
2047941529
2048923999
2049296521
2054711381
2054735899
2057835781
2057992741
2060324501
2060823643
2062838221
2063228203
2070254107
2072470621
2083455001
2088768533
2094177403
2094784687
2099611801
2108764481
2108795371
2115480553
2117374817
2123792551
2124012173
2126800747
2135782657
2141033203
2143596121
2150849317
2151842921
2156767003
2157856009
2159003969
2164491073
2169273583
2169646561
2170186021
2174727169
2175136133
2178800443
2183757409
2186527523
2194205311
2196519139
2197013821
2197423729
2197813333
2201347513
2214761251
2219517901
2223471251
2227514311
2228237281
2230370561
2234695231
2238280147
2240507821
2243718209
2244074801
2253376133
2253434821
2256666133
2257289581
2257572013
2260585651
2262889133
2264618629
2268928751
2272413529
2277117701
2277246991
2280256513
2283040759
2286581137
2292697891
2301361609
2307608257
2308085113
2308966661
2310144757
2311558021
2325294241
2327748337
2336181481
2340705511
2350906363
2358289729
2358967703
2371769401
2373434029
2379503947
2386771609
2395968301
2397527681
2403802133
2407114909
2411882683
2412172153
2414673271
2421244921
2421909911
2422236601
2426011691
2428158643
2428740427
2432761633
2436927907
2439600833
2443205821
2451476161
2454355667
2456404231
2470214251
2470818739
2470869253
2472907141
2479002811
2482877881
2485230751
2485814057
2487276661
2497638781
2497839961
2499827653
2500247251
2510335171
2513379457
2514320071
2529410281
2530618177
2530665391
2531385001
2537105761
2538088361
2544550597
2544615001
2544700747
2546257177
2550780277
2551837441
2553907519
2556139357
2559857761
2564263001
2564292641
2566309411
2570082653
2573378849
2575558171
2577345541
2582799451
2589458327
2591214133
2592876677
2595764557
2597289241
2600611861
2603084233
2604434977
2609822821
2616180821
2617882807
2625135787
2629051459
2640902401
2641268891
2644768951
2655357841
2659939453
2661467213
2663326163
2668793711
2670102541
2674774891
2677674601
2686816133
2687287681
2690505413
2697731191
2701545221
2703479497
2704140157
2705647141
2709957277
2713943521
2715424627
2715450637
2716850729
2717792659
2725948811
2733386297
2735162587
2736066667
2741127253
2742119407
2747709691
2759887261
2761545403
2765383273
2769854587
2770269481
2773647001
2777177677
2788587157
2788833461
2795403197
2797012369
2798511643
2802960781
2806297531
2809163809
2809634941
2815675241
2816003251
2825682553
2827898137
2828698133
2832636673
2832735121
2835696037
2838534337
2845140481
2851000081
2852750359
2860846721
2875626491
2885240191
2900875037
2903649601
2912542921
2913401611
2916085597
2918295451
2921926681
2934471791
2941955821
2943403453
2957320351
2957957011
2959277263
2961784981
2962536391
2974143847
2979079417
2981605771
3010951001
3012834029
3019567069
3019743973
3020455021
3020505643
3026226673
3027760951
3028125781
3031533569
3037841551
3042763501
3046165501
3049386451
3053742061
3065683441
3070208261
3077482021
3078493447
3080063401
3080264881
3090809369
3091473631
3094759477
3107272999
3107580151
3119884093
3121384369
3124236233
3128456017
3135040133
3141916643
3144031801
3161255047
3179093101
3184139701
3185210881
3186421351
3187421077
3192713161
3197606647
3197941979
3202756789
3203232001
3205345411
3205663921
3206203003
3224026681
3231081169
3234512161
3239620777
3244355713
3256823179
3258269101
3260299771
3263097641
3265122451
3271485697
3274543021
3276102787
3277465801
3281593591
3287687581
3293754049
3295362727
3302922391
3304861061
3310898779
3318354073
3323590463
3327432403
3328224001
3328662901
3332303099
3332800021
3337201121
3337776883
3340984501
3347214421
3352026133
3358551043
3361007509
3363255677
3364070533
3368907709
3371221561
3373237633
3373534033
3374142841
3374360965
3379111429
3380848153
3387014401
3390675541
3395688301
3396723541
3401562209
3412446805
3412591183
3418234177
3434575327
3439690081
3442054219
3447836641
3450935503
3453240551
3465119521
3466495957
3469828477
3472796809
3474335437
3479490281
3490035457
3491588101
3497395483
3505243081
3508518781
3511012201
3511691849
3512052271
3517401119
3519002731
3520909237
3521383951
3525054721
3541895177
3542177053
3544181551
3551925367
3556169821
3582244307
3593368711
3594968821
3596040673
3598677601
3605123633
3607977011
3612391451
3614083747
3616475231
3620044709
3621992533
3625554461
3637831753
3650592667
3656268391
3663084541
3663218651
3663690313
3665407517
3666019937
3673744903
3676102513
3681468841
3682604161
3685424191
3685647701
3688061441
3692283211
3695441941
3697278427
3708077101
3717056377
3721933801
3723891331
3724766101
3726894403
3727828501
3730312841
3736590553
3737939591
3751259087
3756859921
3757030201
3771638443
3780132001
3791014141
3795206827
3795985477
3798040471
3800306971
3801299251
3803059063
3807432001
3813919453
3817706621
3818466901
3824339819
3836354369
3839122651
3852363997
3853342711
3858896939
3883160611
3884503969
3888925501
3895252601
3896434543
3904714321
3904826803
3905425481
3906914731
3908422283
3908998273
3929293061
3937526911
3940139641
3943365553
3945868309
3951736363
3952283161
3953591981
3958263997
3964119001
3964935913
3982264199
3984037421
3985316083
3990175489
4007101001
4008576911
4014172241
4016813347
4023958177
4025401273
4025691391
4026368197
4028520091
4028535649
4028995297
4036198541
4036638421
4036721137
4039033153
4039299227
4042578403
4042883041
4048292797
4054583737
4068671881
4076107811
4087390501
4091527597
4106260033
4108970251
4120880921
4134125893
4143232897
4156580741
4168279651
4168649633
4172455621
4175289271
4176385921
4176466543
4182729527
4186561633
4187360341
4195843037
4201027153
4202105251
4207016893
4217502449
4242026641
4246227421
4251659221
4255766969
4257780001
4270038229
4277166251
4279385171
4289204341
4291299751
4294401301
