201
221
1261
1393
2211
2353
2701
3077
4577
4849
5963
6697
7421
9061
11041
13213
17557
19951
22177
29341
36181
38081
40001
40201
41003
46657
47197
50451
54097
58801
58969
67513
68237
76921
91001
92053
104191
113401
136681
142321
157873
162401
183961
190849
194701
197633
226801
227767
228241
230323
234253
237133
238631
245099
252073
252601
259981
275887
286471
287377
289641
294061
294409
295679
314821
330929
413857
416641
417589
459709
463541
470017
470353
485357
488881
489997
498889
504913
513629
529849
530881
551051
552721
563473
573301
574873
575801
576241
631639
677821
721801
724951
728071
729973
741751
768661
816001
841861
850513
851201
873181
877669
888889
944441
951481
973829
1056403
1061341
1092547
1142857
1153741
1168513
1169533
1194761
1205641
1244161
1246231
1251949
1338697
1369189
1375181
1407103
1433969
1458217
1461241
1537381
1600117
1640041
1735147
1755001
1876393
1904033
1907851
1909001
1992113
2035153
2104813
2120791
2182267
2193517
2205967
2207041
2215621
2237089
2280781
2390557
2394723
2433601
2629801
2641213
2697481
2730061
2772793
2823031
2899801
2916997
2931721
2976487
3028133
3056873
3059101
3100891
3103741
3125281
3134809
3178981
3257761
3273769
3301849
3400013
3402449
3405961
3514513
3605551
3623077
3678049
3715897
3732229
3822877
3832457
3850001
3866209
3943729
3957731
4020553
4039729
4040101
4054051
4082653
4100801
4101637
4150387
4181921
4267297
4289437
4293181
4327783
4335241
4361389
4384693
4391377
4411681
4469471
4553767
4584763
4588033
4764047
4863127
4883737
4952603
5085613
5221801
5256091
5265937
5305021
5310721
5328473
5458801
5575501
5596537
5723677
5831071
5845633
5881837
5902849
6070351
6309901
6480673
6548761
6571823
6595381
6905089
6955087
6973063
7162429
7232321
7288241
7369381
7480549
7522399
7574641
7780501
7836121
7873681
7879681
7999999
8004001
8036033
8050453
8191769
8231653
8249273
8328241
8399521
8444917
8477801
8595361
8650951
8708351
8745277
8864017
8881153
8964001
9006401
9069229
9158959
9172357
9567673
9600113
9863461
10095901
10125361
10391401
10683553
10825621
10837601
10880137
10960513
10986757
11029609
11107121
11172841
11303909
11620247
12047833
12154253
12589081
12766529
12986821
13073941
13129561
13595261
13747361
13795921
13807069
13821193
13922701
13996951
14059421
14104177
14334739
14557897
14709241
14831671
14903461
15093349
15148631
15247621
15430351
15435901
15442961
15485093
15544931
15666373
15798113
15858841
15889861
16119001
16494433
16661593
16661633
16717061
16725751
16755481
17019001
17021863
17066261
17193541
17635813
17812033
17837233
17991361
18124177
18212977
18244073
18780193
19401823
19488913
19538513
19573921
19578703
19732897
19781737
19847759
19877353
19897151
20081953
20117467
20202481
20261251
20407549
20595431
20755813
21076777
21081721
21129389
21192841
21355951
21415297
22217081
22669501
22981351
23117641
23192797
23251441
23292361
23304541
23562037
23577497
23829139
24002651
24045001
24356377
24791209
24819049
25073821
25241437
25326001
25533577
25562143
25873381
26280073
26481317
26694361
27096847
27149401
27188929
27583201
27613693
27617581
27798461
27832657
28038529
28101511
28170721
28426201
28447121
28569997
28908793
28979731
28989871
29230081
29597059
29759489
29821793
29878381
30058381
30190951
30260551
30513169
30747949
31059001
31091989
31464317
31501273
31767121
31778587
31902553
32099777
32181661
32554117
33062941
33283909
33486253
34003061
34035301
34242001
34890481
35507749
35656961
35851037
36246937
36255451
36307981
36765901
36924101
36981601
37103431
37469701
37962541
38010307
38151361
38211121
38222227
38333257
38347921
38419001
38562941
38624041
38654197
38967839
39066901
39154081
39669841
39738637
39862117
40173187
40616713
40717447
40800817
40987201
41087899
41415481
41530321
42425431
42474547
43485793
43961551
44265313
44318977
44639533
44963029
45548581
45767753
45890209
45931117
46100143
46384273
46590601
46681181
46705261
46955701
47020177
47056561
47166421
47341057
47517377
47603333
48125437
48141169
48281273
48323683
48650641
48837601
49174201
49401601
49484933
51302353
51306617
51693041
51733921
51955009
52119289
52204237
52307263
52311799
52448309
53287081
53812837
54069517
54329689
54348841
54352861
54866593
55214953
55611361
55729957
55762681
56219851
56819989
57031297
57120001
57149409
57182831
57568531
58155301
58174819
58415941
58449847
58920541
59599921
59954441
60403121
60510017
60552161
60696661
60996097
61141909
61621561
61719949
61754941
62249797
62399041
62399971
62461561
62610281
63260401
63365653
63935821
64318129
64409437
64597387
64683409
64908229
64940521
65350801
65562031
65904569
66342673
66783553
66819691
66932851
67055311
67103401
67194401
67900033
67928797
68324257
68507893
68601457
68830021
68837921
68956201
69092281
69530761
69543277
70084801
70355017
70367161
70756177
71035901
71345633
71592823
71838301
72259777
72604561
72884701
73616929
73670521
73981657
74874869
75140137
75350897
75630997
75823457
75858121
76813697
77439521
77594653
77602601
77633641
77676491
77812153
77826001
78325573
78480253
78662321
78795181
78802849
79310897
79398901
79539197
80104033
80826121
80863553
81190131
81537301
81587353
83513539
83770081
83814151
83935261
84742201
85133893
85400701
85587661
85619551
86484269
86496271
87610351
89086213
90014653
90285703
90819301
90963737
91616801
92509561
92645437
93193651
93311573
93810071
94502701
94565927
94653997
95212057
95588749
95594617
95850457
96392101
96895441
96904081
97650001
97724881
97924217
98786143
99036001
99208327
99812701
99971821
100042501
100216981
100301441
100618933
101019937
101081201
101270251
101649241
101782081
102004421
103020751
103042241
103620323
103858171
104052013
104852881
105059791
105404489
105864733
105915881
106482601
106715881
106742791
108194347
108590491
108915421
109316593
109339123
109437751
109452001
109646041
109756081
110248291
110631841
110881651
111178621
111678191
112343617
114177661
114305441
114329881
114401521
114713281
115212809
115805593
116022703
116079391
116475179
116673481
116715721
116775181
117987841
118392301
119289259
119826919
119984407
120043001
121099829
121603393
121790621
122256289
123194177
123641281
124573501
125050861
126337117
126476533
126776557
127062181
127479097
127786639
128013283
128697361
128886691
129657511
129812761
130099789
130301821
132610981
133636721
133800661
133981621
134384069
134630791
135115561
135141763
135969401
136098469
136545067
136859101
138285247
138336661
138939049
139127641
139363927
140808301
140810237
141228793
141237721
141468881
142131553
142370497
143028443
143168581
143382149
143664001
145174969
145394173
145483801
146021569
146843929
147028001
147166417
149733601
150062197
150260893
150265117
150439369
150501151
152376841
152751997
153449011
153691807
153702137
153706477
153928133
154248841
155193457
155333293
155840777
156583813
157182637
158068153
158629381
158709169
159275269
160438441
161017561
161304001
161459713
161489989
161989321
162395521
163472737
163485037
163513153
164138801
164233189
164270107
164529181
165543601
165949141
166318657
166849561
167372437
169500833
170409721
171028073
171471061
172227901
173560609
173560951
174796597
175875841
176030977
176689637
177812641
178291921
178416127
178837201
178899631
181512773
181580257
181647497
181711823
182113907
182615551
183223951
183802921
184367191
184562791
185939269
186310781
187571341
188080661
188138701
188398897
188821951
189426901
190039141
190420861
191764873
192346153
192707761
192857761
193005001
193133557
194339081
195100057
195440401
195475351
195598177
196035001
196049701
196421809
197630161
197891101
199032457
200350153
201880621
202086583
203528033
204719041
206214559
206325913
206818201
207588991
207896063
208075033
209150761
210790721
212949791
213035761
214427629
216180031
216315457
217186537
217517653
217805281
219395053
220081097
220531501
222192559
222270931
223018489
223449463
223993729
224582221
225452719
225651469
225665329
226359547
226799677
227444101
228045701
228483377
228842209
229424617
230618389
232463113
232661521
232695541
232771501
232794253
232879081
233417209
233787919
234521893
234870301
235123057
235836361
236025721
237550717
237935741
240660589
241001641
242131889
242304157
243750709
244655639
245324557
245743381
245925373
245950561
246933721
247023001
249679501
250837051
251120753
251129201
252908797
253874969
254857111
255077929
255755869
256408489
256571713
257141611
257200021
257670401
260107993
260472241
260498449
261841897
262599023
262979501
264015553
264446191
265924921
266147857
266614979
267406153
267567701
269545501
270342581
271724623
271763467
272615201
273169261
277880401
278222257
279742321
280074001
281134459
282204077
283210049
283412389
284301751
285520033
285702353
286648309
288693967
288889511
289196353
290953921
293379001
294222259
294589261
294801361
295419097
295995841
296066363
296559173
298002961
298362241
298775629
299736181
301761133
302328841
303651041
304421401
304900201
306878221
307784599
308093761
310533133
311032069
312355441
312453481
312782861
313128901
313338061
314283601
314675069
314909561
315696547
315909001
316032721
316078309
316289161
316349281
316992901
317365933
320134321
321781633
321807523
324171541
324470917
325371433
326636341
326695141
327132161
327252619
327774721
327775253
327836041
328678741
329356421
329700857
331658081
331868197
332005199
333619357
337096889
337747853
338455153
338763031
342268057
343785367
344064109
345808681
348340501
349171637
349752913
350527351
350940221
351682081
352568161
352966951
354824521
355117153
356307377
356991571
357573761
357840913
359163181
362045977
362078641
363245581
364857751
364971961
366046921
367786057
367792181
368133481
369725941
370740833
371258873
371390461
371497441
371611153
372003751
372167101
372383857
374753633
375488681
375540559
376366537
376686337
377171681
379251401
379502509
379724113
380142757
380149531
380488909
382536001
383311991
386624503
387188561
389014921
392275381
394915393
395278561
395900557
397293847
397847899
398848717
399474421
400374253
400686481
402358321
402952661
403095421
406233973
407289517
407889161
408465719
408539377
409419811
409927141
410680357
411364981
413138881
414204143
415998181
417602737
418226581
418294661
418617281
418667401
419184481
421902769
422305577
423040861
424411501
425918593
427645501
429562411
432080897
432216721
432246151
432525607
434181529
434992001
435240529
435358657
435730951
436817071
437297801
437416241
437866087
439309261
439752457
439849181
441758461
441868421
442209013
442891621
443629261
444637621
445806271
445864609
446144161
447191893
449067697
449886257
450866021
450873757
451698589
451906831
454454713
455446801
455619061
455916781
456498673
457457617
458739613
459127189
459248641
459412801
459913483
463150189
465477409
465505633
465810101
467458993
467548633
467922601
468013741
468889921
468980977
470306293
471168253
471812701
473375377
475265701
475468927
475646393
475983307
475992397
476362693
476397601
477239041
478059553
478116001
478340881
480269921
480695023
481593997
482120827
482155957
482575103
483029821
484280833
486222283
488244061
489273401
490897321
493108481
493253641
493593923
495458371
495517969
496684189
497795797
500222057
501172241
502382561
507007223
507206701
507219211
507664921
507960001
508247689
508606771
508684049
508974411
509977357
512013331
513388321
515508001
519142933
519438481
519646991
520897231
521311897
522556651
523478981
523617179
524151253
525127777
527974201
527991661
528413029
529975297
530717833
531520057
531957001
534738073
534782293
535252867
535356097
536682511
539019361
539245801
542101961
542491573
542779361
543380041
544438201
544861633
546117301
546464689
546939017
547642591
551795113
552573793
552818351
552852721
554565961
555716701
555962353
556012201
557053093
557228821
557441281
557979689
558900821
560612167
560658871
561777121
561817589
562467361
562992403
565116061
565668271
567653833
569089921
572463361
573183451
573234689
573584857
575349781
579530753
579606301
580012313
580677457
582799951
584169337
584176321
584968639
585914297
586197361
586233937
586945333
587444287
587582381
588049001
588645709
588879337
592092937
592807561
594657043
594987769
595471997
596649769
597717121
600893921
601046179
601108201
601811981
602426161
602593441
603255001
604200301
605221501
605527477
605616661
606376373
609361567
610430113
611146861
611463169
611812321
612025241
613012199
613102969
614768617
616478941
618068881
618148873
618292921
623283229
623332529
624630049
624962213
625034449
626617993
627301153
627502471
630244613
630781957
632205589
632278081
632717353
635689633
636936697
638765551
638886301
639435763
640013347
641490697
641821867
642708001
643331377
645814529
647190253
648007531
648783409
650811911
655412101
655452241
656701333
657414577
657912977
660692717
662237701
662461973
663859477
664574593
664574653
664745657
665743429
666028303
674286061
676449901
676880821
677144329
677206171
679379581
680120977
685147681
686551351
686979611
687489349
688221181
688313561
689443273
690800059
691847573
692563561
694488001
694656901
697005577
697821857
702683101
702848161
704509609
704934361
707133073
708098749
708477997
708879469
709912657
710721001
713773901
715101451
715855561
717096641
717106321
718092607
720068161
724511033
725107417
727274281
728786521
730364137
730482121
731477281
732525553
732842533
734031937
734836831
737971741
738782777
739444021
740587361
745191253
745520569
746331041
746542529
747325237
750810001
752796277
753816001
756265033
756318751
756959963
757639387
758353597
758493601
759622753
760974121
762124441
762421087
763555651
767287379
768440063
769955161
770909107
771380293
772704547
773131927
773629231
775368901
775498109
775788001
776324473
776388097
777960961
779281123
779819587
781693441
781962893
784227817
786011689
791564173
792447521
792577711
793271711
793973329
794624419
795614257
796554601
800003293
801246421
804427861
807596101
808559501
808914881
811359649
813083101
815003473
817909067
818248861
819529201
829932601
830664451
832048447
834451129
834944461
835935361
836320897
837878149
839460449
839853109
840749761
842553601
843037813
843983191
844988497
846649957
849389833
853965421
854632081
855173701
855734401
857592913
864855811
866008153
867323521
870779881
880502473
882063001
883543321
884468863
885070117
885336481
886671397
888801421
888886321
889688801
891973783
892715221
895262491
895971541
898379357
901346713
903500681
905138077
905968991
907058737
908995583
909632341
910395641
911059993
913735747
915641821
915743251
916739881
917764381
918514801
918886801
918930679
923437213
923837641
923992807
924775699
928040131
928766257
932793401
934419097
934968217
937963781
938376181
939947009
941056273
941548753
942088201
943999831
946323841
946352257
947681113
947948821
948337111
952791289
953300221
954199819
958762729
960946321
961530769
962125201
962829031
963233041
966000881
966526201
967287751
967714021
968835547
969196537
969281521
970694573
975868477
981415777
982282921
984279601
984357361
984792997
985052881
987609589
987723097
989908921
991286041
991913081
991977017
993108601
993350713
993905711
994113451
994613161
998596741
1001066419
1003388937
1005799681
1006107061
1006616489
1008777001
1011319501
1012245781
1012884449
1013839633
1015753601
1017905527
1023472061
1030354417
1032101461
1032149831
1033013353
1033752721
1034261881
1035159049
1036488493
1037560681
1037750617
1037945101
1038797761
1039480129
1039655401
1041820867
1049144801
1051532519
1052249761
1055384929
1055982313
1059822373
1061520841
1061586721
1062603361
1064350393
1067437801
1067714047
1069228381
1070941987
1072898711
1078066501
1083302221
1086330673
1087365973
1089682837
1092413323
1093185997
1093761001
1096651921
1099085791
1099140337
1104254197
1105322653
1106595493
1107379681
1109733109
1110148033
1110582947
1111880989
1112615393
1114828741
1120310833
1120981021
1123942387
1125895627
1127804849
1131889681
1132002847
1133406041
1134367777
1135955917
1136868421
1137355201
1138607233
1138703833
1139434453
1141310693
1142770133
1146209689
1147082977
1149316771
1152005713
1152216227
1152779041
1152779249
1155287333
1157724577
1157839381
1159357301
1159400749
1159452449
1161334861
1161531601
1163621161
1163985121
1165416097
1166569709
1166834701
1167823621
1167899149
1171992889
1173138751
1175136481
1176248701
1178039101
1183104001
1183286233
1189091677
1189665361
1193005477
1193051773
1194540481
1198413943
1198650961
1200778753
1202893561
1203399649
1211545921
1212829609
1217410951
1217925641
1219072801
1221044653
1221584633
1221767831
1222090183
1224853969
1225710301
1226230297
1227397321
1232469001
1232516171
1234125721
1238517649
1238846407
1241784391
1241946109
1242227647
1242958501
1244646089
1247125321
1250914537
1253314693
1254036317
1254766501
1257212773
1261003591
1261196401
1262786513
1263204433
1264269353
1266025351
1268946253
1269549401
1270995301
1277131651
1278239929
1278918901
1280319841
1280643037
1282568741
1282875397
1285246201
1291637923
1291773451
1294723417
1295470177
1299963601
1300864267
1303241903
1303301689
1306464037
1312332001
1313396221
1314981109
1315188361
1316028481
1316475749
1317626897
1319090293
1319136661
1319315509
1320514951
1321734497
1323117601
1323275983
1323362041
1324702801
1325172421
1325543381
1326448621
1328033233
1328256247
1334590273
1335884863
1338351001
1339470133
1343034809
1346326243
1346599081
1347820057
1349640001
1352581201
1353332417
1353440233
1354991653
1355134621
1358503801
1358965121
1362432721
1362922471
1364320729
1365155551
1366855621
1367678887
1368100813
1368769681
1368821521
1374497041
1375573249
1376943301
1377189409
1383406649
1387109249
1388972353
1392189569
1393409641
1395178193
1395603421
1397357851
1400081777
1401547687
1401751963
1403967979
1404253369
1406169673
1406989477
1408676851
1409997613
1410521941
1410705001
1412475307
1412706121
1418337901
1418999429
1419993973
1420252601
1424115421
1425860101
1427900833
1431122149
1432947511
1436340509
1439124133
1439328001
1440078301
1440752827
1441931473
1443742273
1450248241
1451172311
1453306351
1453672481
1453883821
1456844033
1457377021
1457426521
1458854101
1463030101
1464192559
1464568381
1465454101
1468003153
1469768653
1473460777
1476238681
1482285529
1484071681
1485061471
1486564301
1487669411
1488485401
1490056501
1490572409
1494714493
1497192269
1497221281
1498585369
1499467841
1501194397
1502124427
1504363489
1506338161
1506405889
1509794177
1514880721
1515664153
1520313301
1520466421
1526815711
1530655057
1532148143
1538331463
1540117801
1544157361
1546938049
1548686081
1550064209
1552494131
1555426261
1557032569
1561085501
1561952897
1562630779
1565893201
1566439381
1568792341
1573960273
1574601601
1577194561
1577847211
1579718017
1581576641
1582527241
1586528107
1588942489
1591710737
1592039801
1593706201
1595120473
1595550853
1596190801
1597350961
1599960001
1600000001
1604497753
1608040201
1613931127
1616387653
1618428241
1618737061
1619794801
1622198089
1623493609
1624774051
1627074193
1627525369
1627644961
1632581191
1633240001
1633426661
1633685113
1634832277
1635426211
1635548221
1635565471
1638294661
1642412161
1642791151
1642832101
1642868137
1645253989
1647121393
1647328181
1647890623
1647942193
1649461301
1654271089
1655784001
1656308737
1660392343
1661409289
1665871019
1671509263
1671603667
1674851401
1678362107
1679806351
1680397867
1683568801
1683878689
1688983957
1689703237
1690169849
1690914781
1690937557
1695096629
1695419041
1699983601
1700985943
1701129281
1702386407
1706302153
1706908751
1707634657
1709585809
1710753001
1711491601
1713319453
1718247391
1722703501
1726007797
1727934209
1730239333
1734335101
1735674361
1737999829
1742288881
1746194581
1749073213
1754327233
1758256681
1759477399
1759686253
1760460481
1762243429
1764188413
1767960221
1773900833
1777164793
1777496401
1778196421
1778227361
1780945501
1781332561
1787796223
1787934881
1791426787
1792445761
1796734241
1798648501
1807751977
1809850157
1813073653
1814018389
1816113637
1816315201
1828182427
1837937221
1838317633
1839099601
1841034961
1845055801
1848238801
1848719701
1850233897
1852943689
1856069491
1856484493
1856682127
1857326221
1861387417
1861764913
1864109131
1864274917
1866957181
1868076451
1873962641
1874764021
1886657137
1887518329
1888045111
1893863249
1894909141
1899041509
1900823653
1904558701
1908233471
1908528731
1913016001
1914303841
1919240989
1921115017
1922671141
1923069601
1924304141
1928903971
1931737249
1932417793
1934350351
1936943233
1937867581
1939245881
1940523481
1942191301
1947854273
1949226661
1951469101
1958873893
1966146451
1966596061
1966715537
1969242871
1969889843
1971669001
1972587997
1976956759
1977796831
1981146913
1989907121
1992809017
1998219631
1998520273
2005360351
2016481477
2019275831
2020358201
2020461409
2020549481
2021888111
2023992673
2025191251
2029371731
2030946737
2032335317
2033927309
2036224321
2039585893
2040774121
2042467741
2046408787
2057665741
2058711601
2059355281
2063698921
2066334463
2067562333
2074623629
2076192007
2077352887
2086518241
2087296303
2094644557
2101170097
2102670961
2104055089
2108761201
2108764481
2113413481
2113557601
2114692441
2115479341
2117955451
2121286441
2125638841
2125662661
2126184337
2129720251
2133557389
2134360121
2135144431
2140699681
2146301929
2153380021
2154240901
2159713351
2164591273
2165183077
2165571857
2173172017
2173371461
2182066993
2185704553
2186190913
2193216229
2195344801
2195607943
2196522631
2196839041
2198174677
2200060769
2200905757
2201924341
2202070429
2202101761
2208586381
2210621797
2210860051
2214761251
2214795101
2216267467
2216352331
2217108277
2217879901
2218421521
2224278253
2225385361
2229693973
2231866561
2237428441
2241765473
2248302673
2250292687
2252285017
2258778133
2261571929
2262463351
2263594717
2264581201
2267568073
2272413529
2273314051
2274140227
2274252877
2279036341
2279057177
2280284137
2281848961
2284081633
2284416181
2284571143
2285848441
2286489397
2290773871
2291006381
2295190951
2299908781
2301980801
2308045771
2309911651
2320585417
2320893961
2323866169
2329983001
2331181621
2332224731
2332301401
2332461949
2334216901
2334614833
2340323201
2347597981
2348877301
2350043767
2352371251
2352378601
2353852681
2360225737
2361903767
2362421953
2366444701
2368671661
2369012651
2369209753
2373016921
2375101081
2378442001
2378562209
2379787453
2385076987
2386828117
2400188317
2401080961
2401922881
2404966691
2406157561
2411310571
2414027881
2416087493
2418943519
2419315291
2435792461
2436927907
2439600833
2443646651
2443709407
2445195601
2447046631
2447358211
2449778389
2455764097
2457937441
2463075917
2470869253
2475609601
2476970521
2478066553
2480470851
2480483669
2480803657
2482625653
2486973649
2492512793
2493261233
2498917339
2503747117
2506529257
2508456301
2517038593
2519926201
2520047671
2521554401
2523611941
2525156929
2532032911
2532630787
2533465661
2545660981
2547247081
2549172781
2550143467
2550780277
2551904281
2553425521
2560521013
2560891327
2561945401
2562814621
2597609881
2598756661
2602442071
2606536531
2617106857
2617610977
2617909093
2620691509
2621977627
2624476793
2626783921
2630379841
2645250301
2649591397
2659939453
2660957989
2661478241
2673910081
2677595213
2684846953
2693739751
2695064653
2695115473
2698415161
2700585649
2705912357
2706367021
2706943049
2707661501
2708701129
2708811001
2709653431
2713095841
2713220233
2715268909
2716458001
2720440321
2720858321
2722038301
2722839841
2725565461
2727532501
2728730287
2734207081
2738305523
2743910621
2744724193
2746476559
2749802089
2751316633
2763271369
2766561373
2769671587
2771144209
2772198001
2779487353
2781267637
2784469609
2785084021
2785545001
2786994541
2791053541
2791771093
2793396349
2793898081
2796940301
2802534877
2804470327
2811571513
2820969229
2824256377
2825424181
2828147401
2828425441
2832735121
2836387261
2838534337
2840871041
2842889473
2850698551
2853252013
2855071801
2855179447
2855512909
2855661121
2856534281
2858936851
2862891841
2870087441
2870450221
2871080801
2871232033
2871465637
2873958001
2875972441
2876064841
2877769501
2880527851
2884596721
2884777601
2889079201
2908056607
2915501161
2916247819
2916985597
2917557001
2919982931
2924217913
2926262161
2931014431
2935029841
2935533547
2945208001
2958458581
2960362693
2960682401
2968206601
2972402731
2974793401
2975096953
2977476989
2978436917
2980890569
2982072601
2985492373
2986357261
2992407937
2997406129
3007658671
3009756751
3011747317
3013518779
3014101261
3014827093
3016957381
3019998713
3027169801
3033831301
3033844153
3035357921
3035795443
3037781251
3038270977
3052343237
3063508603
3070144741
3077771497
3079665557
3082177561
3083053387
3086767657
3087486361
3097171423
3097723201
3098430737
3099935521
3111148097
3112028893
3113183701
3117899161
3126318563
3128899393
3135452311
3135863701
3152711161
3156599161
3169165033
3183025201
3184058957
3184523729
3185985853
3189636209
3190277143
3191392933
3192820651
3196344061
3196344859
3200127961
3202475131
3203140357
3204794707
3205512997
3206399921
3214419301
3214666249
3215031751
3215584417
3219275893
3219808411
3221205697
3222693421
3225766801
3226864033
3228422063
3239174233
3242514731
3244742293
3245710033
3245782591
3247647049
3253294189
3254827339
3254969257
3256436341
3260095957
3262279177
3263360563
3265122451
3276020581
3276044839
3278482561
3282158419
3282537637
3283543321
3289532017
3293929621
3295933801
3296403601
3299428159
3309305401
3311138161
3315555829
3315576457
3319684369
3322727437
3328354801
3328437481
3333586849
3349859701
3350735893
3371840929
3374598781
3377265607
3390067481
3399831361
3401523541
3413656441
3414223961
3415339777
3425005091
3429426613
3434575327
3445308241
3448189009
3448917529
3454268329
3456872737
3458473201
3470640409
3471299089
3474285011
3476068201
3480174001
3486146401
3495943153
3497161273
3498145489
3499299301
3502997389
3505989397
3515122717
3527080369
3531599353
3532025401
3538213381
3547681369
3548398753
3548607841
3549605041
3550720801
3554383141
3554817481
3566428301
3568770493
3570928927
3572077129
3574380739
3576818293
3577256233
3585258137
3587802901
3590206801
3590963443
3594968821
3598284493
3600598381
3603030637
3606718591
3608154481
3609294937
3620100901
3630596257
3636234073
3637831753
3645984161
3656217637
3656511073
3665240617
3669316801
3674342593
3675532001
3684201751
3690467101
3691921169
3692438569
3693378943
3695441941
3697278427
3711732113
3713043181
3716504023
3717490157
3720371251
3721487221
3723104797
3725696141
3731158097
3736303741
3736448497
3739154833
3748027973
3751137937
3752121493
3756083633
3756206213
3756841453
3760983029
3767016709
3770464513
3771414077
3774351901
3777225157
3787491457
3789787501
3790718501
3795206827
3796112473
3798040471
3803999113
3804037777
3804731471
3807332813
3811417741
3822308461
3826397117
3834375733
3840430807
3841447501
3849809041
3858861709
3864588841
3872803441
3887815969
3895199821
3896569093
3897241129
3907187089
3907990201
3910216883
3910653577
3913817401
3914262721
3914322001
3922085441
3923428081
3932374781
3933368801
3933727321
3937175461
3937985659
3938447311
3939476227
3945972493
3951472961
3962210981
3963221851
3964504949
3964711351
3967401061
3968176441
3969659773
3980467369
3984796241
3985160653
3986835121
3989027533
3991124341
3998604961
4001511487
4002054281
4008776041
4012570927
4025474641
4026115127
4034969401
4035028861
4037899801
4041356801
4044237271
4047821737
4052724349
4054583737
4060942381
4071163097
4076107811
4080312809
4084109173
4085525413
4091862377
4092286321
4093481081
4096345681
4099559551
4100934241
4102148539
4103331277
4106260033
4108457341
4108863061
4108970251
4114308661
4117830641
4121791129
4125058879
4126593241
4127050621
4140553477
4148524091
4150174393
4172606407
4173755041
4173838327
4188582391
4188927637
4189357987
4201794451
4203530741
4207391371
4211235781
4218234211
4221909511
4230267953
4246399301
4250837449
4251343963
4255288237
4256765311
4256942401
4263447899
4265977501
4269638401
4271267333
4276758421
4277526901
4284828617
4287338413
4288013803
4288314871
4289393281
4292302577
4292391241
