91
219
221
1387
2821
3439
4033
7107
9253
11521
13213
14689
15203
16207
18109
35551
43273
44287
48133
48181
48401
50737
53971
60721
62269
63139
68671
73151
74563
77421
79381
83333
86657
88147
88831
89479
92929
105121
122851
133789
138991
144901
158431
188501
191407
194701
219781
238929
251047
269011
275887
291611
308581
341881
355577
360533
377719
385003
416161
443797
453151
479119
512177
562453
563347
597961
605557
626353
632281
642181
643801
654751
662593
675469
722201
749411
753667
827971
830077
916807
946991
983401
1032533
1033853
1042417
1053313
1065913
1082401
1102759
1183111
1307629
1361837
1493611
1542623
1601101
1621913
1674793
1683937
1711991
1729561
1745701
1778401
1807261
1869211
1898999
1922011
2067361
2217961
2337661
2429389
2487941
2520541
2524801
2525563
2640457
2734519
2741311
2746477
2748023
2777809
2850211
2944261
2952461
3093697
3393517
3614161
3707371
3985921
4101637
4123619
4258213
4281613
4298527
4307689
4314967
4335241
4448351
4501561
4504501
4543621
4562629
4606651
4610251
4686391
4695967
4784701
4788643
4888501
4911361
4935701
4940167
5206001
5245381
5292631
5476399
5723677
5752891
5766001
5827121
5900533
5903497
5903731
6269341
6278533
6297061
6434731
6539651
6566671
6577121
6622351
6840001
6940547
6951073
6991051
7072957
7114873
7160911
7169377
7288681
7299139
7371079
7566001
7571881
7910713
8260591
8328241
8389531
8417281
8721217
8725753
8902741
8973361
9031651
9089011
9189321
9341263
9533701
9566011
9596749
9782609
9847601
10084177
10303151
10672601
10879177
10912513
11097181
11137237
11169797
11181281
11407441
11541307
11868221
12207361
12248909
12331801
12417131
12597331
12711007
12823561
13072621
13134197
13232617
13257961
13390081
13996951
14213539
14282143
14439937
14913991
15008033
15602077
15913261
15947911
16042027
16253551
16618729
16643953
16709941
17046943
17062601
17127937
17705161
17806321
17929921
17963791
18316871
18326641
18342241
18366937
18469937
18838933
19212821
19291577
19328653
19609633
19684921
19692451
19913797
20141239
20154061
20420809
20502661
20780299
20836549
21236993
21318421
21322153
21397381
21688801
21794851
21894853
22055881
22187393
22566793
22703341
22817611
22862153
22994371
23476447
23662171
23708089
23875531
24005099
24197857
24642239
24653071
24896881
25085083
25128043
25162741
25276421
25327009
25370113
25873381
26017291
26026309
26268301
26424311
26694361
26744881
26783681
27347521
27934177
27956503
28101511
28333687
28405681
28406953
28647253
29120053
29222521
29759941
30013829
30493513
30551041
30650269
31150123
31571443
31759121
31760737
31767121
32000201
32196649
32262193
32648089
32782177
32817151
32881213
33717991
34055701
34885141
34952149
35523161
35845633
36053333
36120901
36771661
36809689
38013711
38118763
38137181
38624041
38843689
39367861
40168213
40390327
40916591
41165581
41899999
42166357
42962419
43036951
43331401
43730047
45190729
45383911
45786133
46320541
46542061
46560529
46657181
46672291
46705261
46789609
46865281
47205397
47394023
47734141
47903701
47960401
48048001
48325543
48943819
49019851
49735351
50589073
51088133
51434531
52483421
53227613
53638903
55382927
55982191
55986001
56160133
56198431
56308591
56417467
56420033
56741281
57013919
57337297
57404689
57782041
57906841
58679941
58725703
59022781
59027293
59218513
59399887
59582341
60446629
61334173
61354801
61426069
61554871
62229289
62579881
62750491
62906441
63080011
63219799
63714601
64166939
64377991
64446031
64597387
64965889
65615111
66932851
67125331
67161901
67199497
67224959
67559383
68182003
68666291
69187411
69432217
69919357
69949447
70137577
70410271
70429357
71079661
71318371
71621311
72139817
73670521
73721341
73902403
74927161
75642157
75890917
76164013
76533901
77518981
77715217
77871691
78120001
78611041
78802849
79354081
79511041
79791337
79919509
80031617
80283031
80294887
80341363
80349697
80437591
80556001
81376903
81600179
81926461
82132723
82165513
82452061
82906381
83073901
83883121
84001807
84212129
88749043
88883087
89532271
90014653
90273751
90359641
90522689
91043401
91600129
91798991
92525161
92572561
92582407
94215101
95451361
96653737
96992023
97071211
97967431
98061553
98360641
98907997
99427697
99860791
100897681
100930523
101189677
102294427
102380923
102901633
103042241
103253333
103418101
104624521
104817241
105809903
107514881
107713033
108749719
108796573
108927721
109047889
109614761
109615249
109838431
110043119
110416241
110631841
111654401
112032001
112723007
114100351
114366313
114476011
114847741
114895691
115213897
116396131
116417341
116682721
116722159
116777431
117555577
117987841
118172251
118387447
118994239
121744351
122154671
122180449
122259889
122398519
123346009
123967873
126033643
126132553
126384733
127582981
128748691
128932021
129728021
131117941
135412579
137340451
137433751
137994617
138264001
138450113
139749787
140384161
142164301
143145157
143145751
143721601
146256529
146395027
147166417
147175813
148161907
148209883
149196079
150415987
150919079
151979711
152716537
154287451
161180801
161304001
161489989
162243091
163039873
163381771
165178441
165283471
165374551
165662111
165733681
166068883
166781051
166827943
167652307
168305821
170189417
170782921
171097921
171147601
171202201
171328523
171455021
172272187
172528651
172733317
173632339
173740477
174580183
177349147
177950569
178343749
180250901
180533053
182547301
183015661
184993121
186216913
187176601
187190347
187395931
188571241
188731597
188821951
188985961
189098869
189223471
189546319
189686503
189904513
192269419
196193047
196287391
197311087
199059937
200408581
200722777
201576523
202565651
202610311
203193301
203432689
205810291
206955841
209285011
209849531
213901711
215314597
215943337
216593161
217040293
217123069
217805281
218043577
218112133
220354297
222570533
223051141
223293841
223449463
223839001
224582221
224645797
225232561
225471583
225677251
226359547
226810369
226965751
227132641
228663793
228694481
228988033
230223011
231244957
232794253
237016103
237321727
237592879
237791143
238291541
238622413
238632631
242067841
242729401
243346153
245109751
245309461
245569171
247028461
247536811
248302949
251223361
252552301
253885141
255866131
258070861
260519561
266051431
266053651
267559627
267888799
268309273
268505551
270231809
271901681
275712533
277787141
278694397
279783451
281704501
282454621
282589651
282721297
283229491
288194581
294807661
297033751
297245593
298362241
299869991
300548917
301792061
303470581
304496263
305593181
306785051
307061371
308063251
312055169
312244951
312798397
313338061
314154937
316349281
316583041
318396097
319167157
319777981
320947199
321648101
322078201
322504621
327293713
327801091
329700857
330115589
330654547
331409611
332976961
334992421
335244001
335506081
336722387
337122673
338167373
338455153
338878513
342614533
343782139
344968411
346092991
346495087
346827889
347370461
348141301
348177971
348668321
349154137
351910021
355730603
356708657
363629939
364143551
365320831
365858011
367085041
367283947
367307461
368436823
369964531
370218733
371376631
373806929
374345921
374669461
374865217
378540193
378609961
379145801
379270651
379763129
379822357
381103801
381298711
381332071
382600849
383972317
384847981
385702681
386034001
386292391
386407477
386649121
388695301
389014921
391712641
391930003
395044651
397569481
401450941
401635909
402292657
403095421
406833487
407751913
408907039
411589417
416672587
416964241
417027451
417746629
418192133
419042047
419431093
422261743
423195323
423671249
424910833
426448411
428178451
428599999
430355087
432510097
432525607
433559501
434363179
436871233
437355689
437388823
440166101
440306461
443217019
444476017
446984407
450640667
450759817
451118981
451359481
456350071
457115909
457320533
462110401
463979473
465914359
466726121
466758181
469328203
469882879
470279651
470548241
471751351
472855987
473590081
473750371
473770901
477203959
477602161
481239361
484080679
485715383
486495241
487890703
488175601
488328913
489103081
490627123
490703617
491646403
491718001
492291673
492886171
495591391
498238201
499239001
499516081
500129281
500520833
503052229
504584153
505226767
505570771
507726337
507877147
507960001
508837201
509299577
509551201
510426919
511121161
511408171
513015781
514286491
514321057
515657521
524581751
525255197
527278127
528818203
529656013
530919283
532373081
533435521
536003333
537239521
538256251
540427031
542497201
542883223
546634441
547652161
549557251
551034541
551059633
552163333
553321693
553484501
553935313
554494951
555321007
556488811
557039561
561475081
561484519
563451409
566689927
566707811
568776083
571502513
572113873
573041041
574870753
575412289
576697343
578456671
579606301
580786331
581868547
586014067
587966509
589773367
591698911
592579351
600026131
600507277
600790259
601047019
601884091
603151201
605341837
607673711
608560661
609922801
610723921
611852671
612286621
615208541
615416341
615760133
616501861
617087701
623419021
623805493
628782127
628886647
632558833
634467461
635211421
641835811
644453633
645771127
646908001
648898561
649528069
651019469
653852593
655219207
655222609
656793899
656824033
656958061
657539737
663086449
666637417
669547849
670987021
678407557
680640269
682581881
684634133
685667317
685797841
685819191
689492249
689537341
690750091
698171161
700016731
702948091
705883951
706960819
708867041
711227089
711288463
711529561
715427861
719837761
720385903
723417301
724615651
726665647
727302409
727760801
729790381
729925981
731896441
732115679
732736621
734078837
738847201
743404663
746230993
748419127
751293841
753567371
755136163
756194587
756265033
757485389
759007261
760320259
760856881
763180921
765232009
765275221
765406153
769006153
770773081
770952313
771716269
772308001
774838387
776081503
776342533
779174323
780457399
781535173
782130553
782842901
784966297
786814333
787895839
787968133
788870869
793218721
795888259
802477453
805670009
805859617
806214121
806280749
808562791
808914881
808983319
809334811
809506133
816646051
819696431
821376533
823608361
825630121
827177033
827796397
833855419
834299071
836459761
839313971
841590583
843218443
845159941
845667083
849245167
849606031
853508059
854133281
854933641
855073301
861286081
861547433
862914341
866195641
866977693
867124051
867965251
871908481
872301487
873631027
877606501
879184189
883182379
885594169
887416867
887795221
889563061
892667353
893399761
896901461
899323921
899600833
900111671
901358977
902566501
903788971
904401089
905519521
906592501
908012911
910042051
911484421
916679611
919315883
922792573
923518051
923568031
924528061
924739201
927202951
929531989
930662111
932098133
936196843
936708349
939947009
939994373
943685959
946323841
946682509
946845397
947485351
948393559
949317217
950668801
951941161
954264701
958195951
959770741
960527189
962369101
963964651
965972659
966000881
966022201
968143831
968607721
969161161
969300757
969554041
970983833
977770531
979466221
980150249
980957071
981357703
984512017
989908921
990061957
992279891
996196741
997642333
997869727
1006102063
1007713171
1008739133
1015339441
1016250247
1017630901
1018405441
1018633969
1020692287
1022298499
1035917137
1036839203
1036995919
1037627051
1037849177
1038348991
1039740833
1040295691
1040641027
1041513877
1044859201
1045983401
1047200641
1050721561
1062908029
1066420411
1066847059
1067075719
1067802667
1068664501
1069979689
1074292561
1080180493
1081298419
1081812601
1082186101
1084511797
1085029613
1088557801
1091925361
1092421513
1092932861
1097560801
1099085791
1100624857
1101623381
1105038871
1108706857
1110634381
1112103541
1112411161
1114483429
1114747111
1116536077
1117132273
1121676013
1124240833
1127993861
1129716811
1130822281
1132794301
1136949479
1137320581
1137889801
1138289041
1138495879
1139921491
1140098191
1140859201
1145933353
1147022647
1149203233
1149949727
1150000099
1153164097
1154415791
1156727449
1160358359
1160728471
1161306721
1162766557
1163168077
1166240833
1166779981
1172420149
1174115011
1174983307
1180606321
1180970407
1181038561
1196466571
1197270031
1199539441
1200226301
1200391921
1201812769
1202142061
1204456969
1205606533
1207252621
1207622473
1218269053
1226735039
1227420811
1230459301
1231595839
1234646533
1240588873
1240628407
1242227647
1246558879
1247875903
1248403201
1249378021
1251633241
1252569361
1256422721
1257212773
1258317397
1259770499
1263804191
1267053841
1268946253
1276166263
1276378133
1282369321
1283513333
1283893801
1285497601
1286298133
1289194831
1291412431
1291933501
1293255307
1295074171
1297117477
1297712641
1298501801
1301151073
1308544903
1310370211
1311255661
1312427719
1312775489
1315741417
1315904269
1320395737
1321937101
1325168461
1325172421
1326426319
1328256247
1329662179
1331061887
1333257931
1333842607
1335954547
1338579257
1340121257
1341578977
1343575381
1343597401
1343870659
1350277699
1350659929
1355524873
1359196873
1364147809
1377866753
1380617551
1387462121
1389266449
1390697177
1394632891
1394894801
1399888561
1400430781
1401238441
1406989477
1407531061
1408696057
1412437501
1416144133
1418424019
1419051901
1422630133
1425153943
1425314521
1427900833
1429415681
1437457921
1437717847
1440231941
1441260451
1443652033
1445156791
1448466631
1451657657
1456291761
1462301479
1465217911
1468778411
1478951437
1479761377
1481972251
1484373991
1487387611
1489404193
1490375921
1495472401
1501656899
1501967041
1502434501
1505798869
1508986117
1509973627
1511042851
1515657823
1515664153
1516971301
1519425331
1521113101
1521538201
1524589271
1525753153
1527763333
1528037869
1536112001
1537134061
1544599061
1547543161
1549011913
1553365129
1561800833
1562203231
1562971159
1566693481
1568259001
1570997431
1572934897
1573689151
1577211721
1579490981
1591484207
1591598581
1592595703
1595017217
1595890421
1596090973
1601364007
1602402661
1604168053
1608508201
1608564739
1611615151
1616144069
1621636699
1623595051
1630062253
1632031829
1633425751
1645859251
1647824401
1649270681
1649453611
1650287083
1651267291
1652302891
1653085717
1656942271
1657063871
1675468441
1679837293
1683174533
1691919941
1692629353
1693733059
1699611211
1701129281
1701541973
1701875323
1702111921
1705344253
1708497407
1710152533
1713319453
1718090221
1719454591
1722306779
1731995497
1735670161
1735915771
1737309601
1737800191
1739864449
1741080661
1746543401
1747919317
1751313601
1754152177
1765707871
1767803047
1769148751
1769922361
1773654721
1776542131
1778353373
1779493201
1780945501
1782573781
1784150999
1785205889
1785226987
1790918797
1791426787
1791672961
1791745789
1792254421
1795248043
1796734241
1806241337
1812536833
1814223349
1819764901
1820306953
1824359239
1827702101
1839904789
1841715481
1844028961
1844279011
1845611431
1856489923
1856689453
1861606081
1870407901
1872078863
1875289441
1876447927
1878506851
1879201297
1880544907
1881021517
1881645313
1887449801
1894909141
1894963141
1896689737
1898139707
1900823653
1901004151
1902847129
1903517509
1904524903
1911822347
1920301951
1921159021
1923311317
1925419789
1928121361
1933632073
1937016017
1938280111
1939976311
1940418313
1944427817
1945042181
1952968753
1955175139
1960577189
1961514751
1961763241
1962749521
1968028921
1971211009
1973663623
1976956759
1978167181
1984964741
1986403189
1992148759
1995784961
1997844157
1998857281
2003569501
2007747041
2012390173
2017968901
2022707233
2024334049
2030600833
2031708421
2032335317
2032340977
2032871681
2034039871
2034440173
2036995211
2038093597
2038393579
2041626773
2043275041
2057555473
2057703649
2060910307
2062838221
2063228203
2065040353
2066363389
2067887557
2072488771
2075850817
2076192007
2082440533
2084142061
2096129287
2097947963
2099131217
2112188809
2112925033
2113022311
2116483027
2117332661
2118621097
2124104473
2125474177
2128194199
2130134533
2146582621
2146972213
2148466951
2150346959
2150489251
2151933701
2160828121
2164065493
2167770001
2167955681
2169130031
2169646561
2180992381
2181638369
2187303391
2188955501
2191401071
2194789093
2196825511
2197423729
2199223601
2199931651
2210010493
2214599713
2220260641
2222605081
2228389321
2233350271
2240618689
2244074801
2246809153
2253376133
2253467701
2257203497
2261402767
2279751181
2296348091
2296894753
2310391639
2331960181
2336994001
2340456319
2341777969
2342511601
2343217577
2344559461
2348424961
2349283301
2349872743
2352057157
2353256621
2361316621
2362345261
2365443001
2368825031
2372974649
2378600551
2379503947
2380339837
2381708009
2384768411
2385626653
2389419973
2399430661
2406157561
2407398757
2407742401
2409278473
2414157871
2423363941
2430078971
2432955379
2433791593
2436691321
2436927907
2443708961
2448164731
2452221017
2453013223
2455351651
2461719661
2466958469
2468426381
2470869253
2478066553
2478406673
2480147521
2481202127
2490831487
2493208273
2493698131
2495353673
2496514439
2497385461
2497856131
2501907739
2502525637
2509878961
2514929581
2514963613
2519186671
2520852517
2527607891
2530351561
2532598591
2539736257
2540567053
2545660981
2555943911
2559535843
2561546989
2566475441
2567033701
2568660161
2570753641
2571041857
2577909181
2577944869
2579528617
2582799451
2583413851
2590675207
2595811297
2600376751
2602442071
2604342913
2615279501
2615891923
2630374741
2636360191
2638365541
2638790911
2639022721
2643585551
2648553961
2649744257
2651667041
2653541857
2656057627
2657314351
2659939453
2660783591
2665041751
2671626931
2672648251
2673611389
2675055329
2677147201
2681241823
2690408533
2693195569
2697374737
2698063201
2703276701
2703714007
2704383551
2710424737
2712191351
2712927661
2713562867
2717571781
2720226433
2728997441
2729248751
2729669461
2729735861
2730472021
2734207081
2734516009
2742119407
2743474321
2746173541
2762968741
2766786049
2767572571
2768526671
2770560241
2772059687
2779217281
2779456861
2780466079
2781180601
2784427969
2785315999
2785836241
2800904401
2802960781
2804783533
2805512681
2807963929
2814414331
2815598501
2816239141
2824559101
2829451213
2832384133
2834017831
2843582287
2844899821
2850333721
2855736217
2862293743
2863162513
2871669001
2872948321
2876252347
2876621791
2884596721
2886402487
2890067701
2892431701
2894667781
2896803691
2901464353
2918947111
2926157711
2939187161
2943765631
2945549881
2957320351
2959277263
2964053251
2966881039
2967124159
2967518401
2968355053
2978188141
2978766341
2986528151
2990592811
2997044331
2997427123
2997579421
3009363323
3010775533
3011165701
3012225113
3013324763
3023154499
3025152913
3028872521
3041140301
3042630533
3044201189
3049352881
3052438117
3054297403
3054654751
3058670677
3070556233
3072629341
3078612967
3083470813
3086710201
3086767657
3091354111
3094364881
3105542683
3110830003
3111148097
3114068431
3114276619
3121683541
3121855153
3137756161
3138290791
3144031801
3157395649
3158172779
3158580587
3159322321
3167959369
3169830751
3171058861
3172327849
3173634289
3180742577
3181341239
3185219441
3186595981
3188061757
3189432121
3189888001
3197620441
3206203003
3208453687
3211367363
3215212153
3215773751
3217630501
3224084361
3232912621
3236695939
3243815633
3247318717
3249335941
3250670491
3251698561
3255326621
3256366051
3257334541
3259564001
3263854441
3267660061
3272350537
3276102787
3282575129
3282995461
3283991959
3286209779
3292307617
3292494841
3295217971
3297636343
3300801241
3304307341
3305341243
3323138443
3324653281
3325243151
3332340703
3334614949
3335899927
3337201121
3342491639
3346221151
3347954809
3349997731
3350267257
3363763231
3375949001
3378687817
3383667473
3383779771
3395232061
3396923179
3403593901
3407609221
3415253843
3421176877
3425644927
3427339147
3428526817
3430486417
3440232193
3441611557
3446601523
3448493921
3464349697
3466894597
3468136783
3479590561
3480908203
3482089051
3487399561
3493069141
3498556231
3499504051
3508999651
3509625109
3509781599
3513354641
3513604657
3514590239
3525505303
3529616221
3530745529
3556518841
3563551991
3568588817
3570217561
3576804001
3579082651
3585421361
3586256521
3590558281
3592462501
3594110081
3597441061
3603097297
3607977011
3610145067
3612825221
3617190947
3628390531
3630596257
3639723979
3640467041
3640903111
3645807733
3654370567
3656982701
3665248621
3681519241
3686864323
3687915851
3692599051
3694630441
3695023639
3696896011
3700629901
3706242541
3718299001
3722622023
3722969137
3723104797
3725254261
3738913561
3739779541
3749780509
3751554581
3752516149
3784485451
3786676741
3787284821
3788970571
3791023171
3797769403
3801299251
3807044251
3820623589
3821294783
3821563747
3833407601
3833846641
3838115161
3849225271
3854404261
3863258317
3867437491
3872282497
3875090671
3878450413
3888925501
3890921317
3894052999
3896963857
3897547501
3901625891
3905533721
3905875499
3906917281
3910653577
3914331937
3916971701
3917319841
3917450353
3929293061
3931834501
3935483641
3936123601
3936611323
3943365553
3952640999
3965737051
3966877883
3968085139
3972134869
3973938541
3980427441
3982235041
3982755241
3984622963
3985034023
4005660961
4019443759
4023897151
4031031577
4035028861
4037490451
4038298651
4040339521
4041666613
4044266089
4054039841
4058433931
4059273961
4059776533
4069233601
4079665633
4079877037
4086816311
4095115951
4103331277
4112279821
4121492761
4123803017
4124060513
4129418071
4135506103
4140553477
4140589441
4143833317
4147913641
4147919821
4149101017
4153709641
4153751869
4156580741
4158892501
4164854719
4168807777
4173646051
4173838327
4174196599
4174598143
4175362133
4184131657
4196523101
4206758533
4207156873
4210638391
4211049529
4214737853
4214940157
4227636337
4235818861
4237688941
4240379641
4241343151
4253690659
4263580757
4267280021
4274270051
