9
25
27
217
475
703
925
5041
9073
11041
17575
24727
25299
31651
33227
35881
47197
55537
60701
61975
68251
70561
76627
79003
85321
95051
96641
111361
115669
137017
137257
146611
153781
174123
193901
216763
220039
227767
249631
275887
282133
293401
304399
311725
328021
340039
410041
440051
456301
456977
469873
512191
512539
514447
535441
556421
576241
662861
665281
665575
722261
725275
804883
896041
938503
972931
994507
1032533
1034073
1063651
1102121
1123201
1163801
1194761
1200601
1227097
1342123
1373275
1373633
1502257
1507397
1563151
1566891
1735841
1768045
1904033
1908397
2102437
2314201
2337301
2394463
2466133
2536165
2537473
2639737
2689759
3004751
3037553
3061657
3180871
3387781
3429037
3481029
3568661
3573943
3581401
3652087
3656449
3913003
4067281
4082653
4086541
4119301
4189781
4255903
4258351
4391113
4411681
4425793
4764047
4779301
5090821
5208121
5481451
5532913
5633317
5701697
5775647
6042713
6133675
6339331
6416281
6675751
6696017
6733693
6787327
6842161
6931233
6936521
6955541
7268917
7306561
7372769
7551361
7553561
7624501
7653469
7809631
7832683
7891657
8055419
8080021
8333333
8340389
8917969
9006401
9172357
9455869
9493903
9533701
9622201
9833569
10024561
10376161
10668025
10679131
10720971
10828289
10990513
11045233
11120231
11303909
11456233
11537569
12107033
12169711
12322133
12333025
12451321
12490201
12864923
13012501
13042261
13265071
13545101
13766971
13795921
13801831
14486413
14497267
14595851
14608133
15247621
16491701
16638441
16661633
16710877
17236801
17383081
17762441
17929921
18112513
18425989
19019123
19117687
19328653
19582837
19609633
19827641
20172673
20234341
20351563
20402177
20870641
20949553
21428441
21456241
21578377
22028203
22187791
22257457
22314847
22326571
22409269
22456519
22616801
22822543
23017429
23331617
23872213
24488773
24550241
24604075
24642239
24687017
24791209
25204609
25633693
25696133
25708051
25859767
26017291
26018983
26450101
27001081
27816391
27834361
27956503
28139781
28805713
28989871
29247175
30176641
30592661
30615439
30788281
30987809
31011751
31294231
32898841
33179491
33309091
33600533
33625381
34060219
34519211
35510383
35786081
35798491
35820937
35886163
36255451
36448387
36787141
37383571
37964809
39003953
39503511
39589075
39652733
40916591
41069047
41076349
41604109
41710411
41948713
42318277
42385121
42563333
42787463
43036003
43345273
44068001
44124781
44174621
44544211
45262621
45466513
45736993
46262201
46462499
46728533
47356171
48565567
48656869
48884837
48960409
49123741
49318781
49407211
49410355
49617037
49923661
50111059
50431273
50689693
50786737
50801833
51664807
52824127
53344591
53390611
53742641
54413263
54554839
55185133
55901509
55939361
57388913
57646681
57771227
57833861
58157779
58595725
58603843
58725703
59232601
59443393
60011599
60033403
60161401
60229121
60284251
60623575
60696661
60908689
60957361
61445617
62566093
63024001
63536351
64042903
64407529
66361439
66447701
66511243
67190597
67383751
67737601
67754107
67902031
68318713
68585287
68796001
69291349
70593931
71139041
71639257
71649001
71710459
71960743
72363061
72543547
72821719
73237561
73705633
73902403
73981657
74328013
75429089
76129987
76222261
76307617
76479397
76727993
77146831
77219371
79097617
79110601
79398901
79854409
80104033
80207381
80258851
83480701
84033475
84247963
84350561
84354821
84548521
84667927
85719871
85863233
89517299
90178901
90203059
90341441
90471301
90970133
91104367
91832231
92303857
92479841
92645437
95042851
95786401
96878101
96894071
99173719
99609161
100173823
100185557
100618933
101276579
102035251
102230701
102631201
102901633
103042241
103106251
103620323
104852881
105042809
105068027
105919633
106299811
106770757
106984453
107302131
107544559
107939773
108771751
108869707
108915421
110294461
110441473
110887057
110925631
111654401
112066039
112539961
112927081
112948291
113492101
113955089
114516751
115831801
117598951
117771551
118172251
118569361
118655473
120248173
121350721
121374241
121820887
122398519
123166619
123346009
123842701
124315171
124671541
124793521
124958725
125997121
126177551
126428851
126440731
127080361
127561201
128536561
128987429
129615991
130944133
131238571
131820253
132137749
132186757
132806171
134392091
134777221
135170197
137813129
138653101
139363927
139549393
139624481
141321241
142930657
143007775
143520833
143859031
145033393
145603333
145820503
146156617
146272901
146686009
146837441
146992051
147300281
148135261
149636497
150866569
151482241
152309917
152368133
153062869
153625601
153663121
154135411
155193457
155239979
155882719
157979201
158629901
158749051
159160751
160065953
160455049
161005573
161159041
161289649
161779159
162243091
162755029
163153251
163901641
164411911
165363931
165598993
166442251
167692141
169227931
169234003
169407577
169584481
170446249
174532283
174725389
175158461
176202391
176439979
176834461
176977921
178451857
178503967
179360091
180591137
182113907
182280601
182848331
184228591
184378681
184618943
184792753
186232681
186393481
186885901
189863129
191336311
193330237
194120389
194649001
195755953
196075949
197527501
199100431
202002667
202597249
202681481
204115159
204582457
205578031
206006533
206372377
206472421
206510141
209166961
209301121
209504881
210790721
210812311
212146507
213230161
214038533
214569601
214604261
215328481
217123069
217221775
217231813
217396481
218615609
218624033
220611817
220883521
221817961
221884001
222104557
222109001
223024783
223625851
224226151
224294533
224582221
227217241
228181201
228652201
228754321
229266571
230357761
230419381
230794013
232103887
235121503
235978441
241370179
243296827
245497669
246099317
246312977
246861361
246990251
247898701
248290927
249141421
249183271
250386049
251515417
251657101
252888781
253268419
253508641
254405713
255983575
257623021
261703417
262503047
263636773
264494827
264858491
266147857
268505551
270525737
270984001
271763467
272615201
273586531
274236901
275240461
275733721
276719671
277078687
278763181
278943061
282343069
283229491
284166877
284275721
284301751
285224531
288063917
288940763
290333161
291227789
292220153
292993471
292997449
293625109
293795101
293967361
296426761
297474451
297624961
297842353
298204831
299983711
300507107
305464661
306270791
309852379
310693633
310956661
312511321
312773141
314736661
315034513
315571429
316315117
322762007
322784617
326405713
326694301
328573477
330747301
333065305
333067151
333927049
335244001
335723137
336293579
337135501
337783981
338452321
340498441
340757869
341449291
342092213
342974521
344164087
344776301
345419857
345578521
345579067
345969313
346024897
351058753
351910021
352351693
352568161
357491513
359696431
364143551
366385951
368113411
371376631
372057401
374325841
375753331
376957153
377806687
379732501
380086981
382536001
383972317
384365827
385438789
385637191
386804809
387132001
388176601
388521901
388695301
390982789
391601071
393146353
393845831
394101761
396036877
400374253
402364471
403095421
403095967
403579333
406561291
409910275
410458771
411840833
413806511
414969241
415108891
415149697
416121301
418192133
418226581
418617281
423448651
423933241
424516597
425921341
427088719
427184059
428824621
430131781
431805391
431855761
433304351
436215739
438228073
438421723
438858631
439781981
440271001
446714701
447191893
447411553
448537307
452330413
454766287
457320533
457497847
459334801
460596709
461115691
461272267
463264003
464012033
464583781
464912839
465535513
466875823
468336061
468376489
468700669
471928321
473203711
473396057
474970501
479489557
483815401
486146957
487540153
487890703
488366863
490518181
495909541
498059647
498598255
499127833
499710421
503065837
504147719
505212427
505226767
508607101
508788041
510536597
512330281
514279411
514454011
516058201
516467761
518302801
519721427
524581751
526188961
527208761
529214311
530714887
530717833
532094413
533511721
533860309
535406803
537914701
538412033
539537941
541030447
541158109
544617217
545430607
546986833
547743169
548296841
549766351
554658751
557058133
558208601
558977761
560438063
560907271
561439657
562375681
565679251
572189941
572307913
581331241
586196953
587193391
587444287
588219817
590488001
591413941
591698911
596995747
605221501
605341837
608095741
611852671
612450361
613563661
615916577
617971225
618380747
620103553
620169409
620575919
622229609
623137681
623700533
623741341
626516881
628868467
629342381
632278081
634882273
636442003
636561377
637195981
639364937
642320561
642954001
643316461
643800821
647683721
647759377
652863751
654333161
654649789
660238153
661015463
662782121
663086449
665416417
666912769
670208533
671138425
671478193
673778827
674031931
674207873
674295481
675066289
677580751
682460501
683116849
684856561
693010783
695327821
696032791
697791403
699715381
699720451
702005963
703258177
705184267
706562851
708703507
710617861
711675667
714978739
717628825
721892767
722195587
725699521
728825021
729568373
729856837
731257801
731776663
734219791
735774661
736507729
737366401
739444021
739663921
743404663
744196561
744413167
748419127
749172821
749912701
751188901
751807013
752893391
753158311
754690117
755168569
758056531
758859949
759622753
762184291
765130763
768508313
770761447
773621621
775417823
776081503
776249251
776728661
782130553
783676921
784966297
789375511
790466023
794260801
794841757
796353391
797402003
797947201
799591679
800712901
802102201
802477453
811478533
813598111
813605917
816718681
817040071
820708633
822299713
826860961
826945621
832870891
840725209
841209097
841399021
847650511
849245167
851778817
854094781
857538991
857540821
858687103
862759153
865577611
867022747
869109281
869272153
871023583
876204799
877643563
881824291
884584891
885510239
885608683
889343071
890687621
891436417
891706861
892551193
892589851
897916207
898429099
904257553
904291963
906780601
906842311
915641821
918943297
922845241
925834729
929497817
932098133
934968217
938761121
939369001
939947009
944189497
944500519
946824481
948393601
954439999
955609903
957834775
959291449
960114709
968926401
969528337
969880913
977046533
978563041
980775833
980957071
985563217
991609921
994876579
995891521
996196741
998163559
998849281
1007323357
1014448051
1017263413
1019091943
1019194327
1020615163
1022001553
1023472061
1028505481
1028591801
1032034501
1033742971
1036508773
1038943093
1039480129
1040449769
1053935917
1057062913
1064783851
1068200641
1069110157
1070063191
1071645797
1071806401
1072177723
1074749521
1079035651
1080425119
1081812601
1082755477
1084154257
1084515409
1084521481
1085447149
1085528071
1093637491
1094128897
1097085277
1099140337
1099765913
1104078727
1104254197
1106580817
1108976833
1112103541
1113802003
1114075387
1114563007
1114740097
1115580481
1116714413
1122519051
1122826333
1127677409
1129716811
1132002847
1134696067
1138289041
1138607233
1139434453
1142724859
1142890081
1144961897
1145459233
1148065927
1150097791
1152793621
1156869151
1157724577
1160155151
1160207401
1160844821
1166240833
1167373201
1172584351
1175136481
1175248961
1177674811
1178632225
1179103213
1183299751
1186252939
1186460729
1188646903
1188978607
1192815779
1197969241
1200387137
1201002301
1221044653
1227334837
1227740197
1229238817
1229773777
1234801093
1234887673
1238490691
1238930659
1242227647
1245989471
1247875903
1248228601
1248660979
1249907797
1250700907
1254036317
1260914929
1261873957
1264145401
1266425101
1267133311
1269639361
1270142561
1274392351
1280365621
1280837381
1281947437
1286356657
1287211501
1294261781
1294904729
1295074171
1299784141
1301204087
1307520469
1308544903
1309723213
1311340801
1313172481
1318199401
1318236781
1320395737
1321603291
1323011377
1323646561
1325168461
1326448621
1327026403
1332633277
1338247681
1341620281
1342523491
1344228797
1347562339
1348964401
1352944993
1355528617
1356241321
1363701821
1365287239
1367732161
1367970157
1368769681
1371762001
1372325861
1372681861
1375684831
1376394881
1378203751
1379481583
1383795323
1384219009
1385866861
1394632891
1402886269
1404253369
1404447201
1411175231
1412756801
1415593741
1415662081
1418040163
1424435689
1439740541
1441996009
1444095001
1446812641
1448814061
1448921633
1449111793
1449131137
1451287601
1453143709
1453548403
1453672481
1454938651
1459553863
1465945417
1466817199
1468592539
1472650999
1473460777
1474643201
1478493217
1482213041
1486078903
1487387611
1487669411
1489174681
1497965713
1500759751
1503686497
1505432881
1508953447
1509318721
1509885877
1515785041
1520190341
1523816257
1528780009
1531002523
1533343261
1535772377
1544599061
1546571881
1549149451
1549964371
1552668979
1555029239
1557305371
1558913203
1559121023
1562728129
1564278211
1568252297
1572329413
1573689151
1576059421
1580201501
1589522177
1591121041
1594523981
1601427673
1604584675
1606749061
1607530051
1608729127
1610232823
1614341431
1614902761
1624628251
1628692201
1630062253
1642535371
1642783741
1646366257
1648396441
1651568689
1654137011
1654537921
1665929957
1668934921
1669354441
1672691343
1674091141
1674898243
1676014471
1685100691
1688682397
1690914781
1693903933
1695419041
1697558501
1697675869
1701248677
1702123201
1706820769
1706908751
1709133401
1709909293
1715427451
1718104351
1721501167
1722463471
1726238929
1727194153
1731474379
1738190981
1739057633
1739652641
1743341209
1743657931
1744262081
1751506093
1752049531
1753593031
1759381763
1762308623
1769431007
1770888313
1773726503
1773900833
1775973613
1779055741
1780871863
1792442737
1793312893
1803142511
1809980069
1811444461
1813073653
1813205213
1814018389
1814251391
1821051191
1823915273
1828916251
1836401551
1838453203
1843036901
1848719701
1851176161
1857097741
1861026133
1861712641
1868747113
1877420173
1878085141
1879597693
1880836669
1881892949
1889528033
1895812883
1896359837
1896750241
1896774661
1897321619
1899027649
1904558701
1905015649
1906138711
1908789931
1910668033
1922485969
1927251943
1934350351
1937817121
1938228451
1945557703
1946469097
1949614729
1953988345
1960051081
1962730531
1962955177
1971363521
1975921901
1977257441
1977932797
1980529181
1980891739
1987883041
1995206827
1998945811
2004299641
2005360351
2007299549
2014020221
2019805261
2023865911
2026337689
2028416021
2028502303
2030600833
2031208537
2031815963
2031881281
2037732451
2042507251
2043172577
2054711381
2061135001
2063345509
2064749101
2068610221
2069182981
2071973119
2076192007
2077766623
2089402477
2093300401
2093747801
2099755783
2102788361
2103632039
2115769633
2117955451
2118597955
2123938067
2130134533
2136475251
2138706389
2141033203
2143442701
2144548033
2145130681
2148892903
2151092791
2151820841
2160244381
2162366251
2165069761
2170186021
2174166881
2177331601
2185248913
2191330261
2202505841
2204120557
2204790823
2213357059
2222788921
2231794681
2234695231
2239815901
2240097949
2244933601
2248354153
2248994233
2250292687
2251752851
2253376133
2256666133
2259174331
2271488311
2271817633
2272055761
2274364171
2274373141
2275834201
2276606503
2283245891
2290361221
2293513801
2298509263
2300116051
2303330317
2308322629
2310144757
2320644889
2330909323
2332461949
2336184913
2341130921
2353047649
2363676241
2368834967
2380603501
2381705747
2384213261
2384768411
2390720641
2393026579
2393595361
2398597321
2407604401
2411448173
2414673271
2418533521
2432761633
2433344897
2433791593
2436691321
2438403661
2439608359
2452007689
2452746671
2457993805
2461861711
2466569893
2466958469
2475047961
2475994501
2478845569
2479141729
2481571577
2481672581
2483253781
2485230751
2491299409
2495903237
2502525637
2503267981
2509860961
2512807981
2516424653
2519230141
2523611941
2533915781
2539501453
2540567053
2544493225
2547184957
2549309053
2551223533
2552207653
2553133441
2557232189
2560723777
2563851779
2563994413
2567166001
2570937469
2571162001
2572284233
2576932191
2580055123
2581827877
2597204989
2597294701
2599472899
2603420863
2607251431
2615560333
2616180821
2620863523
2620878769
2622124597
2626769521
2635551073
2640208609
2645941423
2650162267
2660437189
2660738771
2669238193
2674630691
2676053333
2690094919
2692334921
2698242793
2699354701
2700189073
2701545221
2704786829
2708742661
2709150001
2709957277
2718994513
2720798809
2721773521
2724552907
2724595903
2724955531
2728370677
2728997441
2730933013
2734237133
2734516009
2740193149
2740259881
2740550971
2740889761
2743312037
2746413997
2752548647
2754547123
2766006253
2766403333
2767572571
2772059687
2784662921
2800048717
2808544523
2812631557
2812693141
2815816033
2818090001
2822521411
2824417597
2824685161
2826128971
2827961221
2832384133
2834949651
2838217159
2847945493
2855290901
2858105251
2858583961
2861847253
2866785991
2868006521
2868467257
2872305349
2872327321
2872634077
2873823889
2875152601
2882491921
2886179011
2886853621
2894667781
2901832151
2904830881
2906467801
2911513021
2913286193
2927963231
2929762837
2930570501
2930831641
2931708097
2932318621
2945549881
2951710921
2956169761
2956724317
2958516271
2973569581
2982232321
2983900033
2988148771
2990976829
2992394501
2999457683
3010978081
3017920123
3018075967
3020850631
3022633051
3038361061
3044686921
3061125601
3070144741
3075032731
3077122133
3077802001
3080319859
3084210361
3093511537
3100742747
3115960975
3116538091
3119161361
3130499429
3140028389
3140928631
3145557601
3148806403
3150590929
3153258161
3156601561
3157759289
3163106953
3164831281
3172036897
3176958457
3182357713
3189888001
3197941979
3204877537
3208098097
3209533471
3213895051
3218496961
3226864033
3232042357
3232953649
3243815633
3247550081
3250025131
3255203269
3255786451
3264213499
3271076771
3272839597
3274264033
3275218171
3285456491
3294114583
3304861061
3305993059
3308471531
3308818549
3312034133
3312150529
3322551403
3330604451
3336877387
3349458997
3349997731
3350054779
3354154159
3364070533
3380520721
3394046797
3401510113
3406188787
3406398133
3413641409
3428938657
3430295971
3442964671
3452287471
3453864329
3462909031
3480387041
3497527675
3502970551
3506744671
3513604657
3513629731
3516216937
3520338557
3521383951
3522337171
3525738679
3535358863
3538886275
3545330813
3546090721
3564570151
3568084519
3577947463
3580768981
3583249921
3599216737
3599942113
3601104833
3603913057
3605151241
3607977011
3616574081
3625296109
3642436321
3671742901
3677468161
3685647701
3698953441
3704116219
3709857757
3718877497
3724600153
3727957487
3729097633
3730747081
3730945063
3733646491
3734017561
3744796553
3747132637
3750270721
3751554581
3752516813
3757894229
3759934291
3762656479
3776964721
3783228593
3784123501
3792979891
3797957857
3801498541
3809227843
3820239481
3820951681
3822744781
3840585841
3849607763
3853342711
3858787657
3860781299
3862266721
3878450413
3884108967
3884384401
3886075663
3899161657
3903525163
3905876501
3906045053
3917319841
3924477901
3927387049
3930291361
3946605451
3951382753
3959983099
3962037061
3962778401
3964119001
3964220371
3970677341
3974080889
3979627807
3982017601
3982945333
3987959561
3990085441
3992608049
4002592133
4004120689
4007800633
4008224221
4011829849
4016217661
4016789701
4022971083
4029341947
4034761603
4037033521
4039334531
4048839307
4057769041
4061779525
4066007107
4071163097
4091153431
4098318481
4100934241
4102074797
4104554221
4109275259
4111281089
4112485301
4129124221
4134219589
4139820967
4144945351
4145880961
4148314873
4158560953
4168763173
4176385921
4177630531
4191454411
4202817481
4204605623
4207016893
4215885697
4217739181
4218900001
4232284597
4243744201
4251537991
4257763999
4266491531
4271761519
4276201411
4280175829
4284997879
4294401301
