49
259
427
703
1813
1891
1921
2257
2305
2353
2989
5951
6721
8911
9881
10021
10585
12403
15799
18721
22177
29891
31621
35371
48133
56791
64681
66049
70561
70579
74023
79003
88601
93961
94657
96049
97921
110593
111169
113401
114589
119341
133141
141373
147109
147187
152551
168265
178709
186337
188191
211141
216487
218791
223987
226801
243277
270481
282133
304399
306671
333577
364231
370753
382123
383531
385003
398413
399001
414761
422521
438703
479119
482923
492851
497503
502153
512461
520801
556621
563347
633907
638731
640927
651511
658711
694153
721033
733357
764941
770321
805141
855553
905257
989101
994507
1024651
1056553
1140943
1152271
1193221
1201861
1216501
1313251
1315681
1373653
1432939
1457431
1491511
1527571
1530787
1539287
1542623
1584133
1584241
1590751
1644391
1690501
1698901
1711711
1732591
1773289
1803413
1813801
1847581
1869211
1893943
1898999
1922779
1925201
1964069
1987021
2090323
2101267
2132651
2182267
2284453
2337301
2400091
2450281
2466133
2491441
2505371
2543977
2604331
2630071
2639737
2646389
2829541
2944261
2944901
2980033
3068101
3080309
3116107
3120517
3167539
3338221
3388771
3432943
3499777
3514513
3537667
3636061
3719081
3786901
3821101
4024081
4026553
4038361
4070629
4111381
4113253
4176661
4219331
4255903
4265257
4280563
4298527
4395361
4411681
4413223
4518853
4627151
4686391
4767211
4797253
4914631
4929547
4975489
4997461
5053105
5077801
5148001
5173601
5184481
5421361
5456809
5481451
5482387
5555881
5569453
5618161
5636599
5722289
5769947
5864951
5903497
5957077
6186403
6278533
6416281
6508417
6675841
6711769
6760513
6787327
6805189
6851521
7214969
7268917
7285063
7519441
7609951
7879681
7911949
8067523
8128121
8218591
8293381
8324941
8391241
8411657
8449501
8507731
8551999
8698171
8719309
8804269
8830801
9080191
9312409
9341263
9439201
9493903
9585541
10267951
10347697
10360321
10362997
10446323
10509751
10537651
10679131
10702501
10802017
10813321
10935931
11064241
11083843
11180833
11210431
11403709
11541307
11621611
11727649
11781193
11891881
11955457
11972017
12245281
12318541
12411965
12559681
12691141
12822841
12890503
12975691
13073941
13085101
13188319
13267831
13295281
13404751
13419607
13440337
13692013
13694761
13836571
13907251
14529131
14676481
14725099
14913991
15083617
15253057
15504301
15576571
15752101
15790547
15820267
15888313
15978007
16070429
16120021
16284493
16398541
16476149
16544503
16724017
16735489
16879501
16945633
17005201
17080471
17254321
17383321
17461501
17488639
18026659
18067501
18129709
18225703
18274411
18370487
18429289
18809911
18862511
19781737
19827641
19893721
20263051
20310751
20407549
20542861
20608561
20633167
20895169
21352841
21394171
21397381
21452017
21499085
21741901
21810359
22028203
22093441
22292167
22369621
22409269
23382529
24321493
24642239
25118581
25326001
25448893
25463431
25867051
26017291
26442631
26474581
26733463
26812321
26902331
27230701
27236311
27265801
27509653
27664033
27767293
27872443
28213333
28527049
29040439
29059699
29173247
29996749
30013829
30924979
31001167
31037827
31227103
31281293
31439521
31470211
31501273
31758371
31957351
32079001
32134807
32285041
32676481
32786371
32817151
32914441
33132097
33175801
33694417
33796531
34082701
34480129
34590403
34657141
34698049
34865471
34901461
35287381
35544241
35798491
35845633
35963041
36024913
36085621
36347191
36512101
36787207
36979297
37028239
37497251
37533247
38239741
38248981
38319431
38676301
39020941
39272833
39438901
39547171
39976501
40020881
40272013
40390327
40403881
40917241
41155969
41260771
41341321
42149971
42312013
42474547
42536099
42933841
43567873
43694111
44736511
44795863
45175201
45186409
45466513
45796801
45877861
45890209
46256489
46463761
46483633
46731571
46769561
46800343
46808401
46876537
47886769
47925121
48064021
48592501
48690721
49404547
49617037
49735981
50540431
50570941
50690851
50694463
50801833
50997451
52203533
52338001
52575121
52606601
52916509
52936801
53010049
53101171
53402077
53589781
53597749
53783929
53949011
54029741
54459841
54470491
54511021
54637831
54767881
54816059
54866593
55384033
55986001
56399491
56417467
56479897
56808901
56810137
56872153
57031297
57211903
57642313
58725703
58864537
59179177
59318533
59448253
60404257
61690897
61754941
61770041
61832299
61832377
61901353
61943491
62419777
62423551
62441749
62551637
62566093
62794129
63278881
64175113
64377991
64384867
64677601
64843171
64985461
65381419
65829601
66096253
66223753
66672631
66922309
67084411
67103401
67626511
67902031
69568381
69661513
69949447
70057037
70084801
70688857
71592751
72145009
72239311
72286501
72507611
72569953
72604561
73073807
73133593
73705633
73917823
74927161
75320341
76164013
76202371
76307617
76923461
76950457
77334769
77335171
77341951
78091201
78194251
79122499
80153389
80176351
80326945
80375707
80383177
80524687
81065359
81481951
81906229
81926461
81954133
81988369
82010377
82903381
83099521
83428651
84633301
84725941
85393729
85719871
86067367
87859093
88132169
88357897
88431001
89532271
90225631
90235207
91051501
92158441
92582407
92779831
92801539
93568609
93612451
93738871
94037287
94057673
94507141
94536001
94560049
94774699
94986949
95786401
95831929
95958073
96101677
96878101
96898733
97276141
97548883
98011741
98592391
98740123
99809051
99945007
100017223
100635401
100748401
100863007
101515373
101649241
101736979
102114931
102358747
102560407
102690677
104399821
104852881
104964971
105087241
105558787
105746873
105919633
106485121
106768501
106778671
106958971
107019361
107297587
107516449
107939773
108167437
108915421
109002511
109339123
109427291
109761499
110043119
110413333
110420137
110856349
110925631
111575341
112483181
112759039
112986161
113040721
113202181
113492101
114208231
114275701
115137049
115787101
116151661
116682721
116895871
117186037
117987841
118623727
118846151
119184451
119338001
119510041
119865223
120295843
120561319
122089843
122505571
123075389
123128101
123240151
123339511
123489361
123694639
123771511
124574413
125529517
126428851
126440731
127664461
127990339
128046745
128165509
128171701
128192659
128344231
129762001
130447441
130606547
131112193
131248307
132610981
133391611
134176771
134295061
134855321
135264853
135326161
135358831
135744001
136253461
136630033
138776821
139260601
139295701
139618753
140072011
140144491
140166811
140384161
141281471
142164301
142335491
142930657
143168581
144052021
144202321
145115513
145820503
145863911
145898431
146345081
146652661
147899281
149532571
149636497
149821381
150614413
151659619
151745419
152191849
152309917
152482321
152963791
154153481
154287451
154436701
154492231
154601911
155993923
156463159
156897211
157087261
157104091
157790023
157947409
158416129
158679841
158848999
159081841
160338001
161193781
161202511
161304001
161459713
161489989
161768161
162096901
162243091
163140847
163892587
164887273
165574681
167472451
167872069
168726061
169017265
169086341
169392169
169412209
169770631
171423169
171559837
171898261
171973201
172947529
173095621
173881951
173989873
174286729
175512427
176227829
177396157
177881341
178416127
178482151
178503967
178918741
179232679
179563189
180115489
182077759
182405459
182565073
182671789
184599031
184611311
184644433
185040703
185863321
186885901
187143661
187248307
188043913
189844163
189844201
191279089
191720431
191852501
191951761
193133557
193949641
194649001
195317149
195475351
196284763
196287391
199208521
199807741
200083333
200790371
201235717
201261061
201590677
202592251
202828601
203269177
203618257
203897251
204235201
204397441
204421801
205235561
205252969
205374961
206304961
208484641
208615843
208750651
208895401
209213929
210812311
210830401
213507571
213835861
213883489
214110541
216287551
216675763
216821881
217899031
218055427
218535643
218642029
219524581
219877121
220261861
220851853
221793391
221847931
222507001
222524347
223625851
223815103
224073865
224297053
224568781
224748217
225504311
226194283
226366003
226437979
226637371
226978051
227132641
227418133
228092593
228842209
229913191
230059127
231322513
231538231
232173941
232460821
232671457
236025721
237260791
238622413
238625347
238740199
238940771
239170339
239327551
239642119
240207661
241602601
241810501
242131889
243200299
243876299
244554247
244669703
244739629
245943937
246803941
247318957
247805839
248544661
248575739
248786209
249183271
249320329
250612831
251769631
252552301
252853921
253158751
253447261
254776321
255866131
256508401
257586211
257623021
258433981
258634741
259765747
260768527
261597001
263165761
264384469
265057501
265687567
267559627
267838561
268505551
268570051
269524009
270573601
270599023
273425881
274288801
274744351
274913761
275199121
275619961
276105413
276651623
277942771
278133931
278364373
278419579
279158131
279377281
280283401
280312003
281203261
282050539
282338083
282454621
282589651
282707461
283435561
283543123
283824001
285984731
286131751
286154131
288120421
288577171
289289773
289995553
290344753
291662281
292538819
293556181
295775041
296162023
297499339
297624961
298246831
299511697
299789221
300283033
300311311
300614161
301131961
302380219
303639337
303817411
304572043
305914231
306822517
309039139
309102841
309742841
310062433
311473963
312223213
312511049
313346221
313492297
314154937
314184487
314736661
315123937
315689977
316804867
317204941
317749693
319649611
320139973
320542601
320902657
321781633
326695141
327017341
327535093
327936601
328573477
328840813
330159061
331009093
331071121
331350001
332284141
333229141
333619357
334872721
335304691
336273211
337431199
338692531
342974521
345674071
346009393
346495087
346859521
347548081
347821501
348430369
350802481
352735351
353343409
353344171
354908107
356540689
356585041
357970357
357974623
358046011
359696431
359910101
360018361
361250983
363078181
363245581
365172697
365519881
366532321
367678981
368113411
368476501
368696593
372378871
372454609
374156641
374325841
375357163
375441247
375719527
376014127
376416937
377652133
378682537
379363267
382325311
383740561
384199559
384484147
384698689
384916631
386701069
387346249
387987601
388721869
388855351
389064589
389839591
390439811
390612221
391712641
393611653
394689371
395044651
395858159
396036877
396755713
397700503
398050217
399323611
399671641
400142167
400285801
401335351
402497551
403043257
403095421
403168057
404020777
405047251
406175347
406870501
407468881
407486707
408288649
410458771
410835739
412995731
413225359
413670661
413982001
414014221
415800703
416411521
416493091
416524159
416558521
417666151
417899341
419350051
419890421
420127801
421138801
421200641
423448651
424169173
427390219
427432741
429601927
430227877
431806057
431895751
432013501
432372601
432413521
432465871
432854137
434644033
434721001
435013681
435632713
437029477
440306461
441646507
443353633
444150505
444238471
444447811
445594271
446235373
447715273
450214909
452076967
452104129
452115161
453229021
453557287
453600091
453763597
453992111
456423151
457274161
457539941
458869951
459387451
459785089
460643179
462139021
462604789
463603771
465335459
465658903
465851449
467746777
469328203
470063791
470574151
471272299
473750371
473801659
474468229
475432651
475969231
477138817
478158913
478746269
480772741
481412863
482164597
482689853
484322317
485922241
486048421
487890703
488328913
488640577
488656981
489994201
490442941
490686829
492200551
492663469
495148933
495416503
496508179
497166701
498442951
499123153
499411981
501001201
501779821
502862933
503865727
504287911
504688861
504943093
505626001
506575651
506832871
508370743
509143051
511338241
512141743
513459841
514286491
515423551
515549971
515850217
517280347
517567051
517937581
518504533
519263029
520399381
520494769
520924141
520995001
521108323
521157547
521463359
521465413
521980201
525445399
525457381
525829201
526095703
527466241
527761081
529656013
532391521
534129877
534869947
534959071
535023193
538820929
539537941
539944351
540654409
541038961
541262881
541541287
545220869
545738203
546521669
546680791
550024381
552163333
552777611
554118661
554494951
555196951
557294851
560321701
561235681
562007161
562467361
563947141
564815683
566685991
566724211
567899281
568199419
568569781
569784403
572228929
573862021
575331481
575419021
576052651
576691741
579606301
580604327
581618143
583050569
584570491
584894857
589864177
591043771
591419053
594325711
594987769
596534989
597717121
598277581
598526977
599219251
600548599
602360251
604398029
606443251
606807181
610324219
610511617
610721731
611148751
611852671
612211129
612916669
613977461
614768617
615321097
615416341
616238407
619159663
619693453
619789465
620947741
620966413
622321057
623662903
624061019
624144263
626153971
626497741
626516881
626645611
629492491
630906277
632227163
632871737
633156781
633250333
634844233
635129681
635165701
636442003
639859501
640133821
641069729
642925541
643709467
645763261
647079643
647817913
649503661
650028061
650950021
652414277
652863751
652969351
654578077
655523311
656958061
657067951
658127041
658476001
659030131
661426561
663509251
663512527
665416417
665440561
670633531
671933971
674555521
674742793
675168193
675607921
678684301
680609551
680860351
682053373
682528687
683535139
683890057
684717223
687155509
689456069
689842759
690303251
692484311
694147411
694656901
694800101
695327821
702882961
703120819
703809211
703995733
704133481
705883951
708230473
709912657
710583719
711675667
713114029
713868013
713946133
716169301
717653129
717915631
720068161
722223673
725919211
725997721
727083001
728009341
730704133
731117101
736702891
738811291
741470549
743404663
745745461
745997473
747298843
751659277
751807013
752976751
754020361
754332149
755089619
755331121
755948821
759586519
760264009
761732497
764724431
765837311
765999001
768495031
771350581
772784137
773306821
775136251
775417823
775866001
776081503
776176261
776342533
780025321
780251671
780384013
781608349
783326377
784042309
786318919
787085857
788311081
789375511
793813333
794430121
795436487
796610261
799162561
800809309
802975141
805206481
807115753
807333241
810066901
811444987
811478533
811676161
814388929
816002419
818537347
819539761
823669949
825639511
827337241
828047089
834925807
838758403
839188477
843138241
843153763
846961321
847094491
847691461
848350471
849350773
850054453
850658201
852729121
854581807
854939827
855734401
857538991
857633251
857633317
861051709
861090413
862759153
863785297
863984881
864639931
867800701
869958259
871157233
878603701
880314971
880554547
884584891
885528461
888700681
891706861
892454383
892575901
892667353
893679967
894611911
896298521
897756751
899600833
901071011
902044711
904221641
904505611
904876361
906908461
911799479
916580719
917434351
918023891
918514801
918661501
919078889
920120881
922026877
922944439
923459143
923503921
924940801
927106561
930032941
930503281
930662111
934290251
938030101
938376181
938443213
939945001
940340743
941056273
946495369
951349381
952879159
953111017
953370133
955371871
955609903
955938901
958208833
958762729
960946321
961794133
963634513
967728529
970683079
972471151
972486469
972524071
975212653
977770531
978233257
979363153
979378327
979869211
980866351
981266341
981351421
981484561
983488229
984279601
985563217
986354269
989283481
989473057
989908921
991523479
993253051
994610833
996196741
997695661
999668341
1001607361
1007695963
1007713171
1011284819
1012601251
1012846537
1012998673
1015160339
1015269391
1016250247
1018837261
1019807119
1020022171
1021281301
1022555713
1025937151
1026003893
1027050499
1028494429
1029635941
1031268961
1031568301
1032629641
1036734931
1036744219
1036969627
1037627051
1037750617
1037945101
1039585249
1040295691
1040786209
1044252241
1044925061
1049082301
1055742157
1055801293
1056190409
1056810991
1058816533
1059492961
1061730451
1063488763
1064007253
1064507123
1067323951
1067748739
1067920811
1068624901
1069703551
1070023021
1070063191
1071685501
1073803879
1073974357
1076271877
1079035651
1079063371
1081371583
1081607491
1083354817
1085509151
1087938739
1090094401
1091704573
1093916341
1096773283
1097580997
1097582311
1098169717
1098317611
1105322653
1108882711
1108973251
1110038161
1111114663
1112628973
1113419953
1117132273
1117820507
1118425309
1120076281
1123433977
1124057089
1125907111
1127929987
1132712029
1133818561
1134696067
1135428031
1135791691
1137378973
1138055839
1139858749
1140880261
1141350211
1144669501
1145170153
1147158811
1147907941
1149041323
1149135751
1149570181
1152793621
1153260343
1153504639
1155690451
1157375143
1157839381
1159421509
1159896277
1160381377
1164828619
1165823611
1166779981
1168256953
1172378593
1176456161
1180293577
1182675943
1183807711
1186915861
1187887891
1187996209
1188646903
1191044251
1191216133
1191751849
1192626883
1196969707
1203732541
1205976751
1206353497
1207252621
1219064491
1221115141
1221560833
1221606361
1222090183
1222915279
1225695511
1229956003
1230137161
1232713511
1236313501
1248752611
1249364371
1251295501
1251490813
1252258951
1256711359
1259899391
1260332137
1261099531
1261949539
1262768671
1263293281
1264817971
1265099617
1265359393
1266989701
1267133311
1268946253
1270287751
1271364709
1272645991
1274630563
1275874651
1275932791
1276051141
1276901531
1279260271
1279561051
1280390017
1281750541
1281947437
1284674899
1286028101
1286298133
1286407711
1286732749
1289281621
1293098731
1294890001
1295074171
1296215029
1296826741
1298258413
1301043883
1305886121
1306673321
1307015737
1308802753
1308978721
1309440001
1311233311
1311396751
1311719377
1312845661
1318126321
1318394269
1319714839
1323615547
1324816501
1325802559
1329662179
1330880491
1334981521
1335410351
1335642673
1340829271
1342663843
1342675783
1345342087
1347319153
1347876241
1350131251
1353580999
1356071803
1356311791
1358940547
1365612847
1366336921
1368927691
1372497341
1372681861
1373452033
1377352351
1382700211
1384675681
1389353941
1389967237
1394632891
1397678699
1398039887
1400575177
1403704759
1404228421
1405755901
1408610503
1408706209
1410414769
1410810787
1414987003
1415643181
1419459121
1421186029
1422072961
1424644831
1427845987
1427900833
1428782401
1430430901
1431187759
1432548937
1436340509
1438334983
1441555333
1441633591
1450502731
1453548403
1461709981
1463178817
1463990191
1465065647
1465217911
1466892373
1467235267
1467403213
1469452801
1471523221
1472650999
1472862271
1473087001
1475166499
1476463171
1477422187
1478932093
1479647233
1481626513
1487036467
1487387611
1489090501
1492973761
1494595801
1496999921
1497571411
1499815651
1502682721
1503351991
1505432881
1506168913
1506575401
1509318721
1510391611
1513822861
1515785041
1515986137
1516410901
1516733989
1518290707
1521221473
1522521631
1522669051
1523848129
1525116211
1525894261
1532683681
1533555271
1536112001
1538012449
1540550413
1543378051
1546894171
1549308001
1550256481
1551988291
1552636807
1552668979
1555426871
1557009061
1557305371
1558693471
1559928457
1563371713
1564355857
1570031521
1570545991
1570997431
1577969933
1579079503
1579671649
1580449201
1582546913
1582547851
1582898059
1588247851
1588472341
1590698761
1592595703
1598809441
1605194197
1606749061
1608751523
1608900481
1611842101
1616387653
1617586471
1618435171
1621402021
1621738009
1624124989
1626167341
1627938271
1630158901
1632031829
1632138239
1632961441
1638294661
1639965097
1640509561
1641086371
1644177883
1646710099
1651667161
1651868989
1656115057
1657063871
1659653521
1660392343
1666434361
1667090797
1667677831
1673513731
1674898243
1676739793
1677466009
1678069501
1680901381
1685100691
1686021871
1686175537
1689336001
1690914781
1692504727
1694368963
1699611211
1701580321
1706651701
1708293511
1708549501
1712087227
1713319453
1715678053
1716351301
1718065759
1722463471
1724737537
1727781571
1731264079
1733947783
1735084523
1735772867
1739338889
1739974729
1741080661
1747030321
1751462809
1751550221
1752049531
1753593031
1756772029
1762582357
1768213009
1770583921
1771911451
1771976251
1773067297
1775969347
1779544531
1781383033
1785544951
1793388073
1796870701
1797382823
1799250571
1802592853
1803278401
1805956981
1811173807
1813438037
1817067169
1818553309
1820465089
1822479751
1823194321
1823235937
1823608453
1828887061
1833328621
1834913111
1835191331
1836771847
1838453203
1838474353
1838739523
1841691001
1843051687
1844279011
1845611431
1848246823
1848719701
1854561043
1854940231
1856115193
1856689453
1858502017
1859206337
1860373241
1860569911
1861026133
1864107953
1866986893
1867674421
1869951781
1870663411
1871052697
1872781753
1876485691
1877445571
1883195911
1884669361
1884761191
1884929677
1885752763
1886619439
1890851257
1891264429
1891402273
1892594401
1897150477
1897244671
1898101681
1898674177
1899027649
1899223471
1899525601
1902303721
1908612217
1909566073
1914852829
1916729101
1919474281
1921309633
1923188513
1924304141
1935795331
1935971731
1939517461
1939808261
1943024581
1945125001
1949646601
1951955471
1958632651
1958732617
1961127601
1962940981
1963180841
1970256151
1973398141
1975250161
1976817241
1977147019
1978167181
1978912621
1980281551
1982938141
1986942061
1988309701
1988672533
1991063449
1994106241
1994203213
1995830761
1997148721
1998536933
2000436751
2002602919
2004299641
2010350161
2014491161
2015420317
2015713801
2016064117
2018761111
2022117631
2025112501
2025360181
2028883277
2030516251
2030781751
2031166801
2033258401
2033629501
2034039871
2034074233
2035165441
2042507251
2048696497
2050843453
2050844401
2056705561
2057835781
2060823643
2060910307
2062838221
2063228203
2068130611
2068889881
2069142011
2072488771
2074292879
2074923013
2077225981
2078651161
2080995841
2081036101
2081974951
2085790789
2087302933
2091848221
2092228427
2094177403
2095928479
2103728953
2103861931
2107145041
2109240013
2109467123
2114102593
2115276409
2117555641
2117576707
2123377831
2123541911
2126218789
2126773741
2126800747
2132415361
2135567821
2139218761
2139462991
2140699681
2141033203
2147291821
2148892903
2154644431
2159239219
2160970087
2161583551
2162323351
2162366251
2162380321
2167144561
2170185517
2177032051
2178944461
2182281601
2184744451
2185704553
2186037809
2187844561
2193167761
2194422751
2197944451
2199036997
2199931651
2205684757
2206037089
2208439297
2214115441
2215269361
2217879901
2218334977
2224183501
2227002961
2227513201
2230305949
2232205991
2234695231
2240507821
2242724851
2244792377
2246349217
2247843907
2252248201
2255520901
2257421311
2258436517
2259032491
2260066639
2264360077
2267577089
2268992041
2270109619
2272413529
2282392981
2283319667
2284660351
2285687251
2287979383
2290361221
2291756959
2292969841
2294176081
2294455411
2296285141
2298954491
2300503151
2300704561
2301828211
2307480211
2310144757
2311558021
2312734321
2316966013
2318730091
2318884151
2323147201
2324722501
2328205111
2331925273
2333074153
2337953041
2340771431
2341753481
2342409691
2345078737
2351457109
2351941201
2361149077
2361232477
2361562583
2361787061
2379415303
2382412339
2387675861
2390720641
2398631621
2403109393
2408384881
2410295941
2412172153
2414673271
2416134241
2429935741
2431144801
2431204873
2432433301
2433943891
2436691321
2441432503
2441584531
2445641941
2452359457
2458231903
2464242301
2464892821
2465098081
2470842613
2472431959
2474708077
2476895071
2478940381
2479607591
2480343553
2482489309
2484520681
2486831491
2486973649
2489462641
2490206339
2490370219
2500092013
2500602931
2501632537
2503267981
2504561203
2512807981
2514929581
2520782317
2521424089
2523941785
2529199141
2532645517
2532908057
2536225777
2540124361
2540713231
2542958377
2542993729
2544804811
2549408401
2551837441
2552735639
2554150369
2555706731
2557026451
2563464151
2565085141
2566804501
2572137751
2572286707
2572534147
2573686441
2575211563
2575882501
2578268353
2581079593
2582799451
2589267409
2600611861
2600705017
2602510633
2605108531
2605557781
2609525161
2609748571
2614378849
2619194887
2620470133
2625047521
2625858061
2626783921
2628472081
2628703213
2631761707
2636439301
2638518841
2644235941
2650169857
2651794201
2651800549
2654934631
2657314351
2659939453
2661888251
2661906001
2662805599
2663326163
2666580931
2667765781
2670102541
2671337593
2674839511
2681472991
2684179331
2687761279
2690408533
2693739751
2699471503
2700768689
2702470861
2704413583
2708977321
2712724291
2712927661
2716344661
2720566549
2720712541
2720840053
2724720421
2725698097
2728135283
2728730287
2732535731
2736316301
2737828501
2740109221
2741365189
2741749889
2742410521
2742496771
2743738003
2743793281
2746633051
2747671411
2755294501
2755416511
2756730991
2760009781
2763262837
2764337599
2772318691
2773243399
2774431441
2774650369
2776874941
2777500771
2781117721
2781850501
2787323749
2787998641
2792440619
2792971513
2794697011
2795883479
2798795861
2803805111
2810023441
2810356441
2811195583
2821817071
2824912621
2826128971
2827961221
2827966351
2830986511
2837917633
2841542959
2842686703
2843088751
2844272309
2857984273
2858105251
2861164021
2883223891
2884465729
2887426403
2892431701
2895140767
2895418807
2896171921
2897767381
2901832151
2904064381
2904875191
2906467801
2914293281
2915365051
2916139981
2917125313
2925900349
2936428741
2943556201
2944080133
2947521721
2953458289
2958516271
2959450063
2972581423
2976178951
2976843541
2978188141
2980477945
2989857487
2994196591
3008110141
3018593251
3019916461
3023154499
3024774901
3028586471
3031135141
3036244369
3037278931
3039603577
3044238121
3045176191
3047476343
3049516741
3054657751
3055833811
3056100623
3062356879
3063020941
3063683503
3070380853
3070615699
3071768761
3074083651
3074203801
3076092361
3076152517
3076572409
3077802001
3082491259
3085454509
3097310581
3099476257
3100668073
3105241441
3105454151
3110830003
3111268987
3113223037
3114276619
3114319249
3115939861
3118266127
3121936271
3123578849
3131342593
3132922417
3143921761
3146902111
3150958231
3157579861
3163106953
3164493641
3164816761
3171373297
3172856311
3175526971
3177631643
3184139701
3184903987
3189494879
3189888001
3190189591
3190544677
3200416363
3203509327
3203895601
3206203003
3208687129
3215031751
3228286777
3230025569
3233524379
3239620777
3241990181
3242286403
3243941731
3253132279
3254323801
3255266629
3260589697
3264086167
3271407511
3276075709
3285456491
3287302591
3295217971
3299246833
3305542787
3312489577
3316485421
3319260001
3319509169
3319888573
3325002091
3329296513
3330919201
3336432419
3336595417
3336877387
3342281203
3344191241
3346465543
3349997731
3350103301
3358272061
3361414351
3363716959
3371778763
3373301587
3381952753
3382261579
3382802911
3383618041
3386114401
3388426303
3394521901
3398397773
3399160711
3399514039
3399890413
3400026631
3404058451
3405503791
3407772817
3408442129
3415847821
3417420751
3421176877
3428025433
3429457921
3430091491
3436450951
3437891777
3438861301
3439040851
3440006659
3440195713
3445470001
3455953291
3457896259
3462909031
3468274879
3474909211
3480908203
3482137231
3487902083
3490433119
3491763493
3493069141
3493072871
3493555111
3493775671
3495642949
3502404577
3502970551
3502996543
3504570301
3505364101
3506088769
3507808943
3513604657
3516352153
3528544751
3529344607
3541642597
3543385501
3545311183
3547080781
3547777349
3554037121
3554383141
3565437751
3566014861
3570729031
3575768641
3575842201
3589255051
3590963443
3592174819
3595831207
3597507607
3597905683
3601552249
3603288781
3603584773
3607813441
3610247851
3612345697
3616998661
3620463883
3634084871
3635159557
3636662051
3637831753
3640903111
3642255181
3648424231
3651150331
3661766197
3677003617
3682471321
3682934011
3684201751
3684443911
3690550001
3691050889
3692505571
3697278427
3705833785
3708905341
3711815773
3713521033
3722954887
3725065603
3727828501
3733480801
3733646491
3735251291
3735788489
3740068411
3741975631
3743072341
3745804453
3750063877
3757810289
3760896133
3772077821
3780079507
3782494477
3783381211
3787491457
3788636833
3796556761
3797247661
3797778601
3799597411
3806586631
3811388689
3813779863
3817786213
3821757787
3829656403
3832807681
3833454241
3835592993
3837510899
3840356017
3841051537
3843146341
3845485513
3850547401
3850833359
3853010351
3853584967
3853909801
3854118061
3863326897
3867183937
3869160751
3870490153
3872902051
3878888863
3882346903
3886035871
3892928203
3897825031
3901882447
3906867649
3912200371
3914893327
3920612191
3922842577
3926344073
3930629851
3930682307
3937994413
3938954161
3943483321
3952640999
3955764121
3965737051
3966877883
3975630361
3982264199
3983024693
3988288279
3991544129
3992157181
3992218993
3998714617
4004215069
4005122557
4007122001
4014432577
4014847289
4026822577
4030698673
4031225273
4031569303
4032259123
4035028861
4042578403
4045222081
4050338419
4052793553
4054583737
4059120199
4059250651
4060942381
4063278631
4063621901
4070065921
4079665633
4079877037
4085230717
4086656011
4086792001
4087861777
4091813543
4098254161
4098716389
4099811591
4102332343
4105624909
4106003617
4110527819
4117447441
4129651051
4130060383
4130888239
4132385233
4132648807
4139069521
4142764033
4147913641
4149884461
4150829593
4160411251
4162374091
4175289271
4181815067
4187318719
4189909501
4191341491
4197341149
4198081009
4198683721
4202641501
4206371401
4206723067
4207603297
4210095667
4213235461
4213531801
4219598287
4225458121
4228090903
4230954037
4241343151
4248913021
4254690643
4255202953
4267640833
4267896961
4272082039
4273042379
4275011401
4277526901
4283445403
4283784631
4286642251
4290871807
4294401301
