481
841
1891
3133
3277
3601
3661
4577
4777
6533
8917
10249
11521
18889
21361
23479
29539
29891
46121
46561
50251
53761
62641
66757
75241
79381
95033
95951
98671
98881
109771
111361
115921
131539
132239
133237
146401
146611
181901
194221
216001
218791
219781
221761
254621
290809
293401
310993
328021
341531
342271
350173
358249
359341
360533
363701
391141
399001
402481
412021
438751
439291
512177
512461
514447
521459
524437
576841
585631
607561
636637
646561
655051
665333
698893
709171
753667
762353
769757
810751
816001
835577
867841
876961
1023031
1024651
1082401
1083487
1088891
1092547
1120267
1162181
1169101
1170859
1193221
1207361
1212601
1314631
1343587
1533601
1571671
1595371
1660061
1729729
1735147
1748011
1752571
1854841
1857241
1890961
1893943
1919413
1987441
2120161
2134277
2164201
2337301
2352421
2409721
2470009
2480689
2566973
2590993
2671453
2734021
2821129
2865619
2872321
2967889
3062347
3065311
3195289
3255869
3366091
3391249
3439171
3490741
3502981
3532411
3581761
3677941
3907549
3931643
4086451
4104019
4150387
4441681
4552249
4686391
4770991
4782541
5090821
5122133
5136001
5232253
5233471
5304169
5367953
5376463
5481451
5502061
5504299
5603333
5739961
5755597
5880001
5891551
5893969
6002441
6004681
6015241
6029479
6096493
6103553
6330721
6355651
6485401
6539821
6594901
6631549
6642217
6696031
6719761
6845257
6869339
6973063
7028821
7090301
7371079
7434541
7512517
7546573
7587901
7629049
7758493
7788943
7839551
7946611
7948081
8086231
8507731
8583251
8619409
8650951
8778743
8859931
8887009
9078121
9080191
9371251
9439201
9441323
9495181
9533701
9546661
9694351
9852001
10073431
10257911
10542121
10776709
10888291
11035867
11221201
11564533
11805907
12322133
12368431
12747541
12833693
12929083
12956401
12958081
12960001
13003981
13012501
13012651
13179661
13374593
13390081
13404751
14053051
14297851
14676481
14781181
14792971
14800391
14891797
14923091
15008033
15212401
15362029
15576571
15805747
16355809
16398541
16616641
17236801
17347919
17403821
17461501
17471147
17476097
17567461
17618329
17762441
17901661
18319981
18326641
18487921
18511429
18736381
19208801
19624879
19639061
19669271
20134441
20610101
20983489
21397381
21544711
21811441
22093441
22174021
22187791
22342861
22349251
22369621
22395841
23349187
23488111
23544109
23652301
23790509
23867071
24002651
24029041
24035689
24231733
24597217
24662431
24726241
25007497
25083871
25133281
25172033
25222261
25326001
25412521
25603201
25696133
26043373
26154721
26647531
26841781
27724133
27840359
28101511
28142107
28317451
28426201
28915771
29325271
29619481
29631691
29953771
29975041
30437551
30453977
30716419
31767121
31817633
32091781
32099777
32110117
32138569
32616151
32720221
32723659
32786371
32813831
32831177
32962021
33585973
33658561
33840397
34657141
34865471
34952149
35018777
35572609
36168721
36338653
36851959
36932743
37163597
37738501
37964809
38248981
38903287
38941183
39020941
39083381
39096181
39154081
39383161
39602413
40602493
40697077
40991611
41210599
41642681
41770009
41798401
42028687
42190801
43646593
43838341
43885801
44148679
44225299
45213001
45677857
45913159
46342369
46633861
46672291
46724131
47063431
47131657
48064021
48316969
48342653
48565567
49019851
49030381
49174201
49224631
49886107
50495509
51733921
52154579
52204237
52283107
52522523
52693133
54351503
55581121
55657549
55729957
56373101
58197547
58536271
58585591
59161891
59330581
59647771
59689631
60003241
60234481
62310169
62346101
62566093
63189517
63384413
63553621
64209371
64261429
65376721
65562031
66257461
66460673
66595937
67971751
68486881
68519887
68621701
69377101
69485281
69600833
69703189
69949447
70137577
70407541
71960743
71995981
72108421
72604561
72813511
73063183
73429553
73922663
73934209
73945171
74119921
74429191
74575801
74593597
74659133
75159991
75179581
75663451
77146831
78644611
78876601
79624621
79764241
80258851
80936929
82165513
82452061
82822213
83150651
83498647
84164033
84758389
85400701
85409083
85666151
86243701
86936431
87056941
87238009
87304627
87558127
87749521
87752197
88256449
89085391
89532271
90451873
91009441
91116439
91331501
91433281
92500487
92625121
93278401
93431521
93591721
93798481
93947101
94206421
94347289
94420201
95594617
95778691
95829131
96747733
96878101
96916279
96997921
97233733
97300351
97489561
97568881
100418881
101054761
101681077
102731509
103109719
103340777
103788301
103878811
104817241
106374071
107064233
107687317
109521457
109838431
110631841
111438181
111657691
111957409
112939831
113492101
115190401
116404319
116735347
116799301
116856541
117002929
117380281
117435839
118243981
118901521
118966843
119018359
119093311
119693267
120453761
120770161
121651921
121726351
121790621
122257573
122423401
122505571
122691661
123513601
125419837
126428851
126432001
127044781
127582981
127605001
127664461
129762001
129852841
130072027
130606547
131117941
131795791
132811169
133026001
133480771
134295061
135515161
135531481
135647569
136193521
138158411
139810133
139931191
140166811
140248151
141181811
141659701
142164301
143224831
144482621
144670993
144973487
145251091
145850041
147073313
149161211
149201011
149414777
149915011
150265117
150415987
150439369
152791099
153054001
153384661
154816201
155405377
155669281
156427237
156583813
157182637
157368661
157478017
157520611
157542533
157917961
158496911
158782891
159874021
160204543
160926137
161060797
161304001
162216751
162537103
163161377
163391383
163441171
164322397
164952217
165506221
165525377
165747851
166225333
166730983
166750081
167160013
167666161
168433213
171314371
171557101
172035841
172436713
172446931
172790951
173185681
174223681
175176811
175617289
175827601
176130751
176174797
176399329
177938791
178263131
178482151
178691197
178837201
178899631
178918741
180115489
182443817
183142607
183385357
183524111
183672961
185739451
186125633
187546133
188955001
188985961
189546319
189722569
190210987
190212181
190906951
191313541
191427833
192159059
192507121
192513697
193593361
193715281
196254253
196357877
198506587
199104533
200100781
201261061
201342961
202059271
202087549
203330401
204130769
206665201
207477001
208051201
208485811
210386249
211092571
211261951
211487209
214084781
216821881
217219969
218115091
218258137
219028961
219029329
219756967
220423897
221498161
221695051
221793391
222425081
222465151
222903361
223993729
224075293
225570241
226271179
226523137
226965751
226978051
227957797
229003363
229409041
230392441
231202201
234610291
237656431
238122991
240141287
241039201
243174223
243673921
244414171
245701381
246015181
247291201
248492707
249430969
249697523
250424749
250436033
250556777
250922017
252006743
252793801
252977401
253446799
253613587
253659121
254080831
254527561
255296731
255560131
255562669
255927181
258877721
259059043
259985251
260518801
261968869
262480501
263688049
265364717
265418401
268448251
268570051
268626181
270525737
272224129
273356437
273599971
275101373
275346601
275767441
276359077
277241401
279337327
279377281
280229837
280283401
284166877
284301751
284351167
284666111
286480261
288086041
288171353
290421721
290434021
292236841
293379001
294387199
295304437
295560757
296197513
298204831
298255063
298362241
298697569
299736181
299789221
301313101
301434713
303127441
303639337
305516657
305889931
307061371
310910933
312055169
313192657
313533529
313980913
314736661
314771563
316032721
316826371
317117389
321262789
321768001
324399013
324429361
324468631
324771067
327936601
328118281
329700857
331964417
332976961
333492121
334149031
335199619
337135501
339187609
341758283
342567361
343079551
343650361
344755561
344770201
345789133
346859521
347982259
350137621
351675109
353779471
355836251
356265001
357307033
357364841
358193551
358240321
361597321
363881057
364574281
366034789
366194641
367307461
367891213
368133481
368774407
369729001
371675221
372432451
372624961
373457533
374588839
376686337
377608801
378480481
379029421
379586197
379873117
381116881
381313813
381876001
383143451
383740561
384220219
384223921
384304873
385911961
386678767
387695491
388573417
389014921
390602983
391586297
391712641
393146353
395044651
397074793
400881011
401352293
402313627
402364471
408042181
409085209
413365769
414838801
415365481
415605871
415715291
418192133
419350051
423448651
424593497
424875361
425165761
425918593
425922841
427356439
428528941
429760501
431105621
432523051
432547651
432846031
433034071
433559501
435058051
435611261
437247841
437465191
444847729
447009529
447571043
453919201
453992111
454766287
454945501
454989107
455461471
457296841
458368201
460486921
461878951
462099503
463264003
464416933
464513281
464820413
466679431
466778161
469598221
469784561
470063791
470752133
471059621
474946741
475468927
477047929
477130921
478317601
479106241
479494219
481239361
481360699
481529161
481551841
482619061
483476911
486218251
488656981
488708257
490234951
490518181
491828801
492174719
492976597
495071417
495268217
495411859
495573121
497308627
499998151
504870241
506568043
509551201
511408171
512489671
513431101
516480721
516775361
517227097
518413897
519357961
520039249
520399381
520941961
531360041
531393391
531792301
537037673
537517381
539010001
539245801
539537941
540743893
541280881
543129289
544101481
546911569
547016651
547903987
548167219
549308761
551297251
552294191
552805819
554494951
554821291
558771931
560228941
561554881
562945321
563362549
566236201
567064577
568528957
570411241
571399181
571460977
572633881
573435133
573554521
573896881
575972101
581354881
584570491
585914297
589677301
591740209
592842889
598371107
599020249
604972201
605341837
607128433
608874001
609244501
609414121
610723921
611852671
614351989
614402731
619830469
620715499
620939881
622300421
624610351
624732421
630296717
630352937
630918367
631596067
631881337
633944033
634039561
635165701
638031101
638148443
638765551
639096571
639202051
640428769
641358961
642216961
643316461
643615249
644900257
647179009
647684263
649235341
650773091
652569601
652863751
652969351
653382761
654164701
655025501
655185019
655523311
659470181
659664721
660675073
661321511
662611951
664022629
666573031
667886041
668025893
668414941
673301971
673607971
674843401
676229317
677162557
680022883
680471041
680860351
681400333
682142749
688080601
689405251
694522349
695844241
702253297
702343963
704672417
705761359
706714471
708098749
708347971
711215371
723914897
724938241
725508241
725859611
726560953
728773201
729236089
729790381
730364137
731900933
733013341
737895121
738782777
739647631
741985921
743404663
745338721
747298843
747406801
748990171
750810001
752186593
753808921
754940971
755415049
757268137
758056531
758332261
759638881
760131139
760777063
761897641
762006961
762431651
764666281
767306251
768646673
771775547
773131927
775788001
777600001
778256557
778907161
779819587
780159799
780525547
788940833
789932881
794399041
795490747
798121001
801160453
804687691
805198049
806505181
806872013
809068321
811359649
812093257
814033921
816414721
816882823
820807843
824389441
824405041
825388309
826945621
829297081
829512001
829678141
830699281
831258601
833267737
833713753
833824181
834451129
834873409
839387581
840749761
841425337
842270761
843153763
844039121
845376533
845730733
846239777
846508321
846695851
849606031
850274011
851026261
851703301
851759137
852947659
854581807
857100421
857902861
859361413
859769191
861090413
862632289
865624651
867965251
872380321
874193891
875543761
880554547
880951717
884584891
885177541
885493927
888626971
888700681
889265801
890377381
891530389
895392361
897916207
900546167
904876361
905989867
906472337
908736097
914668291
915080347
916890221
917252551
920274541
921705601
922835971
922845241
924429991
926202989
928040131
933184801
933262261
936088031
938030101
939448693
942110381
944657443
946080073
947485351
947829251
948140911
949307851
955134181
955795501
957479993
960805567
966000881
969817757
970836961
972486469
974483119
977046533
977929723
983513941
985190681
985699861
985950101
987077563
990061957
990816679
992853437
996196741
1002075031
1002892153
1009110829
1010095351
1012601251
1013396359
1014654601
1018084393
1020220661
1021281301
1024966801
1027050499
1027579321
1031268961
1039480129
1041457801
1043268997
1044364901
1053732751
1057823191
1059193297
1059492961
1059815611
1062603361
1064136859
1064519011
1069596001
1070063191
1072061371
1073299501
1073367121
1080508111
1080825503
1082755477
1084768193
1088416421
1093516069
1094554151
1095169921
1098404941
1099242901
1101084161
1103572537
1106432297
1107428221
1110947683
1110989629
1117122967
1117380169
1118425309
1119550381
1122485041
1132158001
1132914511
1134696067
1137320581
1137355201
1137378973
1144852337
1154539681
1154987209
1155435271
1155467251
1157839381
1158247603
1159030693
1159357301
1160450461
1162802551
1163168077
1163355733
1163870401
1167720121
1168003201
1168386001
1168786249
1169697887
1174261537
1175016781
1178168753
1182405589
1183403141
1183856587
1189817371
1191906409
1196803501
1202683373
1202893561
1203068161
1207338049
1209387401
1209707251
1213558081
1217181061
1217437411
1218510481
1218525331
1219959199
1220522311
1223710867
1225741417
1227189121
1228229143
1228499941
1231389961
1231869601
1239182407
1242227647
1242286261
1242693121
1243117261
1243691629
1244987173
1251412091
1252282891
1254933541
1257216577
1260972973
1261099531
1263326041
1264145401
1266425101
1268030791
1269928501
1270287751
1272265471
1272826441
1274625181
1277310731
1278335503
1280319841
1281195931
1282274731
1283240531
1286407711
1289216897
1291773451
1293713041
1297652731
1301504497
1301947921
1302050863
1314227371
1316169541
1319189713
1327745989
1333159351
1334349901
1336858051
1341042361
1341879001
1343575381
1344350921
1347720691
1348788257
1356328121
1356366919
1362515701
1363213097
1367210491
1368161521
1371421921
1375288231
1376799577
1378203751
1384802581
1385256571
1385866861
1387888129
1389675541
1390738009
1395483371
1397169091
1397357851
1399230289
1404148699
1404228421
1408680001
1412900707
1421475031
1422630133
1425860101
1427775361
1434579031
1436984767
1437717847
1437826861
1438334983
1441888501
1443701431
1444441861
1447602361
1448223211
1451635201
1456098151
1458966361
1460720521
1462402891
1465908193
1467817471
1468762363
1469108521
1472221921
1475874541
1480849831
1488204217
1490375921
1504633423
1504865809
1511582269
1517408071
1522822867
1523341931
1527046621
1528082221
1532755369
1533555271
1534974841
1536072661
1536160561
1540117801
1540208251
1540454761
1543167317
1543627009
1544460271
1548553609
1549015693
1556105743
1557305371
1565138611
1567830241
1577004661
1580201501
1580627161
1583786881
1588247851
1590564601
1595260801
1597524983
1605130561
1605408169
1608017701
1608729127
1609848151
1616611091
1617586471
1620646177
1621973581
1630161541
1634697949
1635923969
1638564181
1638894181
1640509561
1644948901
1649510717
1652432659
1652928061
1654507027
1656917377
1658333251
1661844049
1665450221
1667250901
1668971053
1676734921
1683174533
1684418401
1685100691
1686354757
1688983957
1689578749
1694120401
1695419041
1696131301
1702123201
1703949031
1709574049
1720153957
1726535591
1727403409
1729620553
1732278901
1738769281
1741080661
1742815621
1751866117
1753593031
1765088761
1765270963
1772877943
1778653661
1779828469
1781415043
1783355831
1784323201
1790023969
1791745789
1794307519
1799250571
1799805547
1804536721
1805956981
1807922491
1808036821
1808089321
1816853581
1821055231
1826310781
1827260641
1833111001
1840525831
1842039361
1844028961
1847988001
1851862021
1865531593
1865932921
1868877767
1877445571
1878978977
1887446161
1888045111
1890529831
1895112721
1898865151
1901252389
1902303721
1905586801
1911397951
1914734359
1916523181
1916876881
1921930037
1923224689
1930403333
1933426171
1936778581
1937862977
1937994833
1939613761
1944774329
1948396687
1956459649
1977442351
1977785371
1985383931
1987732891
1988859137
1995217921
2001284423
2008184641
2008443977
2008871173
2012988889
2014561723
2018761111
2029830409
2030516251
2030781751
2034039871
2034986417
2036258933
2042507251
2044535341
2047861171
2055634561
2058751477
2059739221
2062505593
2069182981
2072470817
2072488771
2072944537
2073202561
2073742561
2082273301
2082802951
2090066947
2090248217
2096510417
2099546177
2101757711
2107644991
2113746013
2113763711
2116514551
2120897329
2123112967
2124004411
2133797569
2133939361
2135221453
2142324367
2143567373
2147905621
2154060721
2157926993
2162366251
2166133001
2167577527
2169646561
2170116901
2170186021
2170282969
2173540951
2175040297
2177085241
2182982209
2183000227
2183894401
2183964943
2184146491
2184744451
2187827161
2190460651
2196839041
2199931651
2203856497
2206018531
2207932849
2209477859
2210769991
2216386261
2217102211
2219540753
2222229767
2224506541
2228951341
2244229331
2245519981
2246691973
2254690351
2260550797
2260585651
2271028651
2273778391
2281376161
2284972009
2290361221
2291006381
2293046389
2294176081
2294455411
2294462971
2300319061
2302224361
2304775201
2305967233
2309911651
2310507499
2312963333
2316696409
2319986681
2320780771
2323866169
2329584217
2333010751
2335341601
2336433409
2336689541
2337953041
2342963143
2343653491
2345382661
2347570933
2348412641
2353146049
2356013557
2357430059
2358289729
2366923087
2368314131
2376580111
2379610351
2380603501
2386828117
2387675861
2389870561
2394211927
2396157781
2400732181
2403103951
2408657653
2410534831
2415088681
2415999361
2418337381
2420653201
2424313321
2425876027
2428158643
2429334013
2430227251
2444736533
2449977757
2452746671
2454602911
2455024133
2464906321
2466840001
2471771251
2474522191
2474676949
2475436237
2476103981
2476542259
2483253781
2485587497
2485967221
2486831491
2489462641
2490299351
2492425261
2492874281
2493514369
2493698131
2499175463
2501793757
2502750121
2503165921
2510273929
2512677361
2513296237
2517696211
2528425951
2529410281
2530618177
2540009041
2540531797
2542828157
2544112481
2545447951
2545691761
2547678691
2553133441
2563596751
2563855579
2564452801
2565226189
2566804501
2568819601
2569640221
2576511757
2579163931
2581871251
2590119751
2591385061
2594603437
2598636613
2603319601
2603402161
2603883241
2605344319
2605659247
2617244033
2617379101
2618627563
2619932041
2620829401
2623047517
2625047521
2628394819
2633327551
2643190321
2646851437
2651139121
2657666311
2660738771
2662968019
2664489929
2667521893
2669444977
2673502921
2674839511
2675246653
2682948421
2683648111
2685840301
2686453817
2686816133
2700161771
2700878599
2701878941
2713562867
2720525207
2724552907
2729899801
2736066667
2738185829
2738273851
2741576251
2745342331
2750930953
2755907101
2758543831
2759174497
2764236971
2772711649
2780402743
2781765401
2784469609
2790401461
2796256297
2810679481
2811419209
2812050757
2818450769
2826357733
2827898137
2830543801
2834591761
2838912451
2840917591
2846006477
2846752291
2852555903
2852644609
2864096047
2864630851
2864687951
2866657501
2867000401
2870118421
2870869291
2871787783
2872029833
2879593561
2884465729
2888672221
2894667781
2895069571
2901514531
2901832151
2911934287
2914194931
2918502589
2921837881
2923525711
2938104209
2939594407
2940181009
2945208001
2949436801
2950130569
2951104333
2951996209
2952989821
2955498121
2960760007
2969481887
2969632931
2972029861
2976797683
2986085873
2994098281
3000849589
3003005723
3003661097
3012834029
3016846561
3018939701
3032870041
3038880473
3044238121
3044636687
3047600641
3048467381
3051482153
3065108051
3077122133
3077802001
3082615201
3089280793
3100485943
3100570201
3101276509
3109749721
3111477419
3112723351
3114518419
3115290781
3116834401
3117995191
3121936271
3134265271
3135040133
3142350787
3143282221
3146720851
3154599113
3155267197
3163379617
3168847441
3169385521
3171266461
3175904033
3177449713
3180227401
3190106431
3204338131
3208352881
3209207821
3210223249
3215031751
3215040313
3217744531
3222664229
3223538641
3229131137
3229532491
3231570707
3232475401
3236082481
3243157501
3243537751
3248891101
3254827339
3266092801
3269381611
3275293141
3275671969
3277538821
3280780577
3281279821
3286184287
3288732871
3295039457
3299956747
3304301393
3310186153
3311236741
3314111761
3314435393
3316806469
3325306531
3328224001
3330853793
3332794687
3336263461
3337013881
3340031773
3351377521
3358551043
3361214377
3372931381
3373986023
3383477191
3383614291
3387014401
3393597601
3396381031
3400182431
3400886497
3403953463
3404154151
3406840417
3408193321
3409716931
3416240917
3430287481
3431378971
3435991313
3437519941
3438721441
3441666181
3453310261
3457451521
3459324331
3462909031
3464369581
3469409143
3471848461
3477863513
3479969593
3483424981
3489367813
3495642949
3499178671
3504515041
3504653401
3505364101
3515122717
3516052157
3519861949
3520887229
3527163701
3527715661
3529344607
3541312087
3541397011
3542303047
3546921481
3550063477
3552388001
3554134201
3558015343
3567710249
3578182609
3580801093
3581503817
3581894263
3583287751
3586800421
3588923077
3589016839
3590126777
3598590817
3603030637
3606043489
3606343441
3614083747
3615530851
3618794791
3622271117
3627099713
3634367311
3651826091
3653266681
3657002581
3658154033
3659272891
3661339771
3664814347
3665900611
3665991451
3670789261
3672977101
3678021181
3682471321
3693874117
3697278427
3699895387
3705261361
3706404781
3717833029
3723899089
3724077751
3727828501
3737493631
3743072341
3748270681
3749395541
3749977757
3762914569
3766083481
3768819121
3775939781
3776364271
3777834373
3777951347
3784123501
3784755151
3788529949
3800306971
3803308813
3803679181
3812099689
3815189533
3819502651
3828318229
3832488833
3833846641
3835636283
3841859323
3845947561
3845997581
3846178337
3858528451
3865515991
3870697811
3872424869
3874471147
3882729131
3885117391
3887683021
3890736481
3891139561
3892244491
3893251321
3897726001
3900327241
3901706881
3909738529
3919510487
3922127701
3940104001
3942600481
3944090099
3944186401
3951029161
3955054027
3955869061
3967856281
3970170901
3975414301
3975630361
3980558401
3991164857
3993401411
3996914221
3996987251
3997611199
3998055301
4002433051
4002592133
4003805131
4003944419
4008362291
4015029061
4022240153
4023311231
4024974409
4027212499
4030637771
4034208301
4035219187
4036679173
4037490451
4042338031
4044521521
4061515987
4062489421
4083414481
4085511487
4086816311
4086968981
4088886931
4098943441
4099980581
4101990751
4102265311
4113768961
4120791671
4125516827
4128337693
4144613159
4145880961
4146281569
4155667321
4162325831
4162350721
4165270561
4168649633
4170777379
4175289271
4175362133
4176142891
4177565801
4185013781
4186823297
4202817481
4206723067
4207016893
4210095667
4212251957
4213235461
4224156371
4227636337
4229445601
4231931521
4233084571
4235818861
4238727253
4249659961
4260477421
4263630211
4267164287
4267280021
4268359621
4271121161
4275493111
4287885391
4289641621
