247
249
481
703
3097
4489
5149
6031
6391
9139
10027
10201
11041
18721
20191
20419
21697
31711
44173
45811
55537
56033
59911
61505
61753
63139
81317
85031
87781
109061
114589
115231
130561
135931
147241
164737
190513
191351
195649
221761
247699
248581
258511
289441
341797
376813
376993
389281
389777
389851
412243
422659
433553
476269
497377
504341
504913
518053
555397
585901
586531
636641
642001
669061
694153
722261
802789
824149
839287
873181
928243
938503
1010651
1024651
1061341
1084201
1156771
1173307
1242401
1258093
1266151
1366633
1373653
1477909
1490581
1542623
1634401
1711711
1844267
1987021
2062727
2084377
2115421
2212291
2220469
2339377
2395331
2663221
2681309
2771029
2805133
2909197
2955451
3089683
3125281
3166087
3252323
3345997
3441593
3634633
3654571
3698449
3869317
4024621
4027405
4090501
4151869
4196281
4368619
4686391
4782553
4799641
4799887
4863127
5041147
5178721
5292631
5412871
5652191
5712127
5859673
5880001
5953741
6054337
6175639
6190687
6368689
6386993
6539821
6691021
6938611
6969511
7160911
7333811
7529341
7551361
7886251
7917697
8177137
8291791
8293381
8385037
8623021
8864017
8902741
8929747
8983673
9073513
9174829
9280981
9371251
9493903
9533701
9745291
9775921
9782609
9863461
9986549
10189081
10323769
10374439
10813321
10935931
11066551
11078533
11135263
11137237
11268251
11443651
11677541
11727649
11784961
11861977
12862001
13515223
13619221
13694761
13793393
13960981
14203561
14251381
14608133
14775787
14783203
15057799
15093613
15124969
15163441
15247621
15252991
15461569
15495041
15504301
15621409
15720013
15801871
15914713
16343251
16398541
16520533
16595833
17013289
17170171
17699629
18112513
18413273
18519463
18736381
19212821
19683001
19732897
19909501
20117467
20236483
20350021
20536001
21117331
21188791
21295457
21397381
21935611
21946283
22093441
22187791
22589191
22941365
22981351
22994371
23349187
23546197
23731489
23949901
24195151
24482503
24550241
24557833
24666461
24904153
26082431
26122979
26138377
26336441
26470501
26738713
26760791
26856211
26889697
27001963
27129887
27191011
27452881
27472061
27509653
27900841
28296781
28761877
29126761
30428033
31053619
31163071
31554529
31715713
32091781
32095057
32429431
32439389
32786371
33328261
33949243
34082701
34884847
35798491
35922001
36448387
36578473
36724591
36955801
37084529
37404449
37439201
37491301
37760257
38248981
38963647
39469519
39676033
39765727
40629601
40778917
41494531
41604109
41662297
42388657
42524557
42563333
42666037
42854401
42902761
42933841
43260493
44760581
44958841
44993161
45175201
45537901
46328333
46347841
46456763
46633861
46804421
46899901
47452087
47925121
48141169
48205643
48304481
48316969
49019851
49292101
49735351
49967521
50418439
50593657
51044401
51346777
51500521
51643789
51676501
52338001
52448309
53399449
53638903
54459841
54637831
55161163
55315021
56160133
56943457
57193291
57404689
57963781
58023241
58155901
58718909
59176001
59999011
61343437
61539239
62423551
62746279
63318169
63886591
64208411
64276501
64377991
64940521
65054173
65054851
65562031
66124001
66585313
66620737
66740701
66774913
66932449
66998317
67706501
67996567
68060659
68133469
69139201
70128001
70563031
70811701
71345633
71358101
71399401
71679427
71779471
72108421
72204427
73904611
74328013
75296521
75320341
76307617
76479397
77146831
77295961
77508601
77840533
78234133
78644611
78690907
78784063
79501987
79511203
80207381
81000499
81613309
82452061
82875101
82929001
83672437
84001807
84164033
84244969
85400701
86095549
87933647
89421229
90604513
91104367
91758829
91798991
92779831
92958881
93461281
95452781
95831929
96904081
97176397
98779441
99093079
99376969
100740001
100907047
101519057
101654677
102035251
102217217
102294427
102337241
102690901
102886811
102901633
103042241
103788301
103814101
104220703
104569501
106374071
106589449
106778671
107544221
109339123
110315857
110413333
111202297
111461981
111964871
112032001
112432393
113197061
114305441
114384799
114530959
114805597
115958701
116198501
117408733
117445987
117771551
118172521
118623727
119378351
120811241
121388977
122089843
122581801
123864817
125307421
125482501
125868943
125997121
126456067
129040681
130207309
130557421
131391193
133142783
133391611
133462561
133981621
134176771
134374969
134767153
135969401
136586369
138158411
138270889
138316153
138653101
138736153
139862323
139931191
140201569
140384161
140619467
140946521
141770143
142825033
143106133
144083221
145410931
145626109
146079361
146451691
148436209
148844917
149821381
152716537
153221359
154092121
154722241
157542533
158649679
159114901
159134011
159924277
161884711
162456481
163140847
163177037
163584961
164749843
164887273
165938653
166442251
166871681
167286913
167472451
168456889
169396921
170142061
170354809
170596201
170800939
171161017
171356527
171515719
171787177
172035841
172107077
172404637
173394079
173401621
173686651
173866681
174435697
176030977
176597821
177349147
177693521
177961639
180115489
180497633
180731629
182036941
183189397
183838681
184997473
185040703
185653333
186746561
186956911
186962959
187222393
187720711
188192119
189941761
189943267
190636051
191270041
191566801
192148487
192280951
192513697
193330237
195043213
195100057
195664571
197239591
197991109
199104533
200228461
202813781
202984217
204218681
204533041
204814679
207551711
209006561
209802581
210812311
211318251
212000389
212146507
213505447
213960601
214592069
215974441
217300121
217522561
217985491
219376471
219601201
220938937
221295901
222012361
223018489
224582221
224627551
225822601
226366003
227567519
229431701
231055987
232743529
232794253
233417209
233996557
234610291
235334809
236952937
237962737
238625347
239806561
240096001
240283291
241004201
241053031
243057121
244386253
247920661
250958401
251479721
251828957
252552301
252876871
253158751
259244239
262503047
262872481
263087341
266235031
266324437
267152033
268621021
271777193
275101373
275240461
275712533
277880401
279806081
280283401
280312003
281080721
281477701
281674681
282391201
282589651
284166877
285925201
286774073
286991821
288063917
288194581
290344753
291832663
292538819
292778101
294371117
298192753
298204831
298491481
304433069
304642823
305464661
307219097
308568691
309148153
310693633
311398601
313502191
314042701
314503151
315554581
315689977
316141543
316931161
318465703
319053281
322194601
323901007
324221833
324429361
326262427
326995267
327685051
328011331
329311529
330044251
336293579
336893257
340026721
340751563
340863307
341944651
342664081
343026091
344064109
346099051
348424501
352876301
354118231
354371761
356450791
356534641
357380101
358151141
358922497
359049629
359696431
361198241
363245581
363253231
364754413
364857751
366487201
366532321
368476501
368755201
368834581
373044349
373632673
375719527
378010513
379155127
380070913
381034291
382891201
383908753
385593391
388592881
390609941
391139401
398976841
399224611
399671641
400723331
400945169
401693251
402640201
403095421
403104913
403548913
405636001
406175347
407889161
410716601
414383737
417027451
417746629
418060507
418667401
423363139
423448651
424796681
427376899
429359113
429465937
429595039
429890581
430288651
430984201
431805391
432273997
432332209
437247841
438812263
439140391
439714133
440500999
445069517
448001929
448563127
449055137
452076967
453557287
454153393
456201781
459248641
461154079
464382361
466758181
469209751
469598221
469737419
470752133
471168253
472814413
474663887
481135021
481907647
482043001
483029821
488657341
491985877
494000209
494596279
495416503
496589101
498442951
499310197
502686713
503865727
504287911
505480049
505691551
505804951
506189993
512489671
512490113
513100607
513345727
517567051
517662001
520177601
521525191
521531947
528043753
528376351
528446339
530714887
531681281
532185473
537926899
538147793
538384231
540914617
541352813
544822301
547281851
547996177
549724033
550437031
552163333
554524261
554658751
555321007
556685191
560612167
563536049
565867871
566208941
566705171
567815617
568339069
569784403
573181381
573862021
574641071
574950643
577232657
579606301
579956653
583592857
584169337
584570491
585145639
587444287
588046531
588267007
588697801
589206641
590571001
591717787
592685809
595590841
597583111
602789521
606807181
610324219
611355049
611812321
612816751
614120113
616238407
617087701
618206051
620928533
625482001
630317509
633289807
634192183
636330941
636936697
639274457
640325711
641540089
642264919
646443337
647683721
647817913
649210801
654984721
656793899
658023001
660513527
660720919
664574653
667293947
668733001
671795713
673778827
674194207
676303283
682528687
682655999
683801347
683804389
685274083
685667317
689443273
689537441
690422839
690800401
690992977
692881333
693708289
693789323
699579781
699894001
700252673
702683101
703187063
711374401
711920257
713946133
720206017
720385903
725324627
729458299
730364137
730523471
731569639
734373781
735099211
737192689
737366401
738820351
739643491
743125969
746224921
748435481
748512361
749745851
750631033
756647719
757485389
758493601
761507833
762712393
763978801
769994083
771043201
771845401
774027781
775136251
775368901
776081503
780162041
782704621
789375511
792447521
794399041
795759287
798565153
798590977
799191037
805699201
805859617
808562791
809670049
811110301
812192401
815791901
820142857
821399167
822520747
827980471
828157639
829154587
830533471
832870891
835130959
835897093
836623279
837289051
839280691
840749761
842960981
844788757
845376533
846069997
847745179
849687589
852081121
852358249
852888391
856768639
858847711
861540863
862787101
868735021
873953869
875868949
876099331
876778081
877532671
881526151
882879121
885960973
886695109
887141971
887838197
887908081
892650067
893399761
894681089
896901461
900868051
901431961
901848301
902683783
903787601
906467167
908979961
909521911
912595471
914195537
915743251
916489451
918023891
922535461
923161201
923270741
927317681
927562681
928675879
932064739
938376181
939139111
939205513
939457771
940543871
942715411
950371003
950552683
951941161
953203051
954410941
957385567
959753569
962052841
962076529
962442001
962620429
962726077
964255321
967944409
968283247
969113143
976396961
979363153
979869211
990314971
996196741
997869727
1000753801
1002071071
1002726913
1003119361
1007695963
1011460741
1011686047
1013211631
1015429141
1016134597
1021281301
1022555713
1022822513
1024123501
1026583801
1029292541
1032101461
1033114513
1033593817
1033994089
1035192643
1037560681
1037945101
1039247719
1041619141
1042702471
1046092981
1049639179
1050333181
1050957601
1051842769
1054395497
1055254961
1055982313
1056092137
1056869137
1057062913
1057324399
1057979399
1058277151
1063876843
1065262843
1065413753
1067558929
1067802667
1071704341
1075100041
1079794081
1080124657
1084242361
1084252717
1084444481
1087365973
1088676971
1091948051
1093637491
1093675987
1098433051
1099140337
1099176761
1099407457
1100624857
1101623381
1106044801
1108706857
1111980101
1112445091
1112882213
1115191321
1115222681
1115910727
1116290713
1118820103
1121176981
1121676013
1125895627
1127677409
1127993861
1135103867
1137320581
1142099333
1144918867
1144931429
1146283363
1147434289
1150269901
1152185381
1160186491
1163167633
1165579741
1168706449
1172737147
1175812669
1180970407
1184298943
1188978607
1196807401
1198925521
1202085067
1202979469
1207252621
1210364273
1212454549
1213619761
1215710791
1216506373
1217107079
1217181061
1220417731
1220690629
1222247441
1225037953
1228229143
1231041041
1231240907
1233296333
1234290919
1234946719
1242339221
1245092353
1250700907
1254948337
1259514281
1260050579
1261208551
1261342657
1265099617
1269682177
1271812543
1272265471
1272826441
1275402151
1284674969
1285742377
1291151737
1291412431
1295074171
1295776441
1299784141
1301204087
1304839873
1304882911
1305832289
1311719377
1313172481
1314504577
1320809593
1325857541
1327184641
1328256247
1333215703
1333257931
1339505663
1340101717
1340845423
1343503261
1348067701
1348964401
1349640001
1358795071
1359430579
1359481589
1359669499
1367734001
1380151991
1384561421
1392459517
1393253191
1396711573
1399385881
1400117903
1401429137
1401547687
1403772581
1405564345
1406068711
1408150087
1410521941
1411012051
1411040359
1411610131
1412095889
1412633359
1412756801
1414755619
1414938377
1415814409
1425860101
1432548937
1440250309
1440752827
1443740513
1444555117
1444886801
1445084173
1446812641
1448921633
1451668441
1455266413
1455650701
1461354497
1463990191
1465685527
1466621899
1467817471
1473460777
1474856461
1475522413
1498187591
1500142001
1504633423
1507121801
1515969977
1516409429
1516410901
1517021371
1530275671
1530712093
1532912861
1533555271
1534386421
1538538949
1546502161
1546894171
1547125507
1547919829
1549135697
1550882971
1557938401
1563607081
1564391599
1569202181
1571434021
1575283681
1577194561
1578009401
1581576641
1583230241
1585331749
1587385297
1588681171
1588848823
1589211553
1596089051
1598982533
1610096881
1613686033
1614341431
1621973581
1622280661
1623517897
1628692201
1631160019
1632031829
1633240001
1637450893
1643660413
1644651193
1645020833
1648366849
1651463911
1655112709
1659856969
1661409289
1665597781
1668217027
1671276601
1672149403
1674658133
1674812101
1677628261
1680326561
1680515173
1680901381
1686702781
1688119723
1689957383
1690914781
1692321577
1693987681
1694251621
1694776777
1695295141
1695419041
1697094013
1697417021
1702532567
1703763601
1706690101
1706730913
1713125233
1713292417
1713319453
1713487261
1715794651
1723841671
1727075371
1730497429
1731474379
1736122513
1738769281
1742931301
1743657931
1744605097
1747678927
1747940041
1748554531
1753208791
1757055847
1757148121
1760746501
1763702533
1766593921
1777190651
1779014611
1780997201
1789197919
1791426787
1791875621
1793147513
1795216501
1796170351
1796734241
1811435761
1820346481
1821051191
1824705541
1831192411
1833897589
1838363491
1842249517
1843051687
1847487209
1849806337
1852666901
1854022501
1859787187
1865200657
1865421521
1867906721
1868123951
1870396861
1878691753
1884929677
1886657137
1888311041
1889635471
1894573309
1896427009
1899829471
1901906827
1912449601
1916523181
1926830063
1931047249
1933881253
1934350351
1938765481
1949899321
1951517551
1955324449
1960098001
1960494001
1963133581
1963712713
1970256151
1972743469
1973142407
1985348527
1987047323
1997207269
1997775041
1998520273
1998637609
2000078971
2004480091
2005360351
2006338937
2007066569
2007963577
2008086481
2011143331
2012389471
2018761111
2028416021
2030370211
2032461451
2034348961
2036224321
2038073857
2038345579
2039888131
2041552241
2046528013
2046911329
2054145677
2056228609
2056344481
2057835781
2057977741
2065795399
2067843199
2071874419
2072334881
2076818801
2080995841
2084248597
2088768533
2090568341
2091093671
2091877471
2103659377
2115769633
2116483027
2122634753
2123792551
2124140113
2125054493
2142044083
2150849317
2151663589
2168631379
2170282969
2175136133
2183302801
2185153063
2185686559
2188955501
2199931651
2202931459
2208757981
2211275753
2216308961
2217839131
2217951073
2232471431
2233247677
2233350271
2233432951
2234695231
2239755841
2242724851
2248354153
2257987421
2260680481
2260701511
2266086061
2270182657
2276606503
2280656953
2281486573
2281759621
2284991831
2286310321
2287447111
2287787647
2293014533
2295559813
2295806101
2296543159
2297516171
2298594673
2300319061
2301828211
2307608257
2313732241
2319661697
2320283785
2325113011
2330929841
2338437121
2339464681
2349497063
2351683693
2352378601
2362421953
2370336637
2375894809
2379610351
2379712459
2392925323
2395686151
2397938041
2401493557
2402976967
2414673271
2417408533
2421457013
2423979919
2428986913
2429976949
2430581599
2432772121
2433653641
2441264941
2445579907
2445974551
2448126001
2448782309
2448848981
2450935411
2451260831
2455840141
2461370101
2472090409
2484437671
2489275121
2493698131
2494660033
2497638781
2499853333
2506428451
2507243437
2519186671
2529444149
2532577321
2536732021
2540113319
2540970721
2541970159
2545447951
2551223533
2551365769
2552092801
2553690169
2555391481
2563970737
2568646001
2569327129
2574243721
2577345541
2578735351
2579888209
2581982989
2587872961
2595764557
2604214267
2606392297
2608911251
2609294101
2610306073
2614132951
2615193841
2621977627
2621986753
2624752687
2627251741
2630603597
2632472863
2636360191
2640443917
2642506981
2648312257
2651139121
2653176913
2656452023
2657827801
2662807321
2673450781
2676675961
2681503301
2689597793
2692976623
2693185507
2693518081
2695064653
2704383551
2708984851
2710760281
2713689331
2717428033
2717617717
2719148641
2728997441
2739717541
2741127253
2741749889
2744396761
2744582821
2756498761
2758258273
2760218189
2760415813
2762427817
2771071031
2774410339
2781942661
2782972501
2784469609
2788970881
2793293689
2815045553
2825491901
2829131317
2830749391
2840963203
2843249011
2846006477
2848514527
2849083093
2853500729
2855071801
2856677167
2858105251
2866872781
2870118421
2870377309
2877415369
2881429741
2884789153
2885706961
2887613093
2900102521
2911934287
2921552653
2923591409
2932327549
2933563781
2933588503
2945525881
2945549881
2948673901
2960761649
2967486941
2967923863
2977476989
2982232321
2983353157
2984431339
2987078197
2996498881
2996944133
2999247631
3000447323
3001561441
3002783401
3007484617
3008333333
3010345633
3010636591
3010775533
3015561121
3018725789
3020096881
3031840081
3039215213
3044527477
3049386451
3054297403
3067247801
3072773533
3077802001
3081507031
3083053387
3086767657
3088066073
3091354111
3091651201
3093102377
3094781797
3095239393
3097471537
3101899061
3106952647
3108282841
3108286213
3108780011
3110830003
3130298389
3133242349
3142095661
3142863751
3146921633
3151353941
3153880927
3157834087
3158172779
3162771631
3169830751
3172175137
3172349941
3172658653
3175831873
3176875651
3177303097
3193265401
3194182081
3199357921
3213956351
3214329049
3219808411
3221142499
3222723701
3228044821
3230984797
3236662801
3243134441
3244516573
3246757021
3249335941
3253543207
3257334541
3258269101
3258425633
3262105909
3276044839
3276568849
3280053943
3280215151
3295217971
3296403601
3300346633
3300548473
3301856573
3304961917
3305847763
3306278341
3309280501
3311847047
3321387649
3322727437
3324006533
3328600577
3332303099
3340221601
3342005633
3348836461
3349997731
3352091557
3355815553
3358625849
3364355791
3375543481
3377777287
3404168197
3413183671
3413933569
3414771697
3418234177
3418238203
3418682293
3421562401
3423443563
3432881233
3433657303
3439497601
3447533191
3457896259
3459992797
3469828477
3475970551
3489450121
3491968141
3493524841
3495943153
3496210513
3499435843
3505243081
3506003467
3508999651
3538213381
3543203333
3543672793
3544656751
3586833253
3593293489
3600223213
3604496521
3612833281
3614283451
3620032627
3630293551
3631267501
3632738101
3635923457
3640903111
3644031133
3647546533
3648510529
3653266681
3653628247
3663084541
3664995487
3665407517
3668052877
3668732341
3670924069
3675692017
3677108161
3682121411
3684056821
3684206737
3684465787
3688061441
3691762201
3699073057
3718428121
3723168149
3725499263
3727834801
3737509777
3740141131
3741132691
3752716189
3754460641
3756149393
3759917933
3761082697
3767550281
3768730219
3776019979
3777261793
3779677679
3782680513
3785729117
3785940199
3787284821
3798056761
3817608601
3838263493
3846849967
3848011873
3852800033
3858660409
3870841409
3881746513
3891892421
3892217401
3892244491
3892928203
3894748001
3900239389
3908413559
3914518801
3914914589
3919761847
3934940833
3937024981
3942041177
3942682981
3947034781
3951029161
3951382753
3954221377
3955764121
3963533491
3967486339
3967856281
3984622963
3992157181
4011793273
4026559013
4032396701
4034969401
4039299227
4042465093
4049587093
4051700071
4056544501
4058567353
4060287793
4062138917
4073353243
4090988611
4095755731
4096709209
4100903803
4118359813
4132292809
4137097189
4137709421
4139357671
4142871011
4142981287
4144945351
4145712013
4149986891
4155970351
4156580741
4157008813
4173248663
4175289271
4178589781
4186561633
4200339791
4203244711
4207753201
4210605103
4211438197
4219963603
4223711269
4226682293
4231459597
4231512709
4232966251
4235818861
4240777201
4248378881
4251644491
4255623041
4256316013
4263332599
4270142917
4275941587
4283044079
4287612127
