9
27
35
49
81
91
243
245
341
637
1541
2701
2821
3537
9073
10961
14689
21951
26335
28981
31417
31753
31927
35881
46313
48133
59293
59537
75961
111361
112561
128627
141391
149869
159989
164737
188191
190435
211141
223489
251251
275887
286903
330421
378319
378613
410041
415051
429787
451117
485491
488881
555397
580831
582341
584453
679729
683191
721801
729061
815041
907441
908497
916327
917701
918961
968485
1024651
1044469
1072297
1201861
1293337
1321029
1347193
1425151
1461241
1520317
1521963
1537381
1566891
1589531
1630231
1702537
1735841
1855381
2008597
2035153
2134277
2139523
2172043
2205967
2253751
2387797
2538251
2538445
2599169
2652721
2682989
2722721
2848217
2883401
2905357
2995147
3062593
3248101
3270403
3289807
3301741
3375487
3443497
3707371
3837523
3858301
3880433
3905581
3913003
4005737
4077151
4090501
4099439
4111381
4150387
4448201
4537009
4605697
4907701
4919513
4957201
4997461
5176153
5220991
5245561
5254679
5292631
5343361
5378641
5545153
5593861
5633317
5701697
5774801
5903497
6151949
6192721
6330721
6669001
6730309
6733693
6862843
6901001
7076929
7262413
7384339
7532713
7917697
7992913
8011459
8332381
8411041
8475853
8548711
8595361
8788261
8955649
8964001
9006401
9040069
9040501
9080191
9211801
9704449
9863461
9943909
9961169
10018807
10243051
10360321
10751149
11034365
11036551
11406049
11487361
12032021
12123163
12231241
12347303
12691967
12866581
13072879
13188319
13276481
13310281
13312447
13709281
13713409
13748941
14055601
14214001
14418041
14447791
14572897
14608133
14618341
14652991
14709421
14729101
15008033
15522733
15749941
15805747
15912359
16520533
16560991
16755481
17465221
17762441
17875213
18900973
19384289
19578847
19669271
19744999
19899937
20261251
20422261
20536001
20586637
20626165
21165643
21205549
21429841
21708721
21774559
22028203
22309081
22774631
23346509
23750371
24179347
25276421
25370801
25514959
25677877
25696133
25869037
26282803
26744881
26823281
26886817
27509653
27701461
27832657
28250797
29028271
29112373
29893249
30156517
30178891
31227103
31367569
31501273
31778587
32091781
32105443
32251979
32429431
32817151
33414833
33509131
33796531
34060219
34082701
34097467
34805167
34890481
35260627
36541601
36843281
36974341
37371391
37736533
37964809
38046451
38101933
38270377
38300771
38301751
39003953
39158351
39432361
39669841
39676033
40006201
40621591
40704401
40863061
41027227
42012001
42175069
42318277
42563333
42569281
42654893
42984589
43461769
44179681
44318977
44341291
44760581
47253781
47920627
48191653
48304481
48321001
49019851
49171753
50759141
50893741
51627817
51750037
52525501
52557853
52936801
52962469
53655551
54255521
54637831
55370569
55464481
55996123
56753569
56865091
57193291
58167649
58449847
58679941
58724821
58839199
59497993
59552833
59631211
59953741
60314971
61053461
61171951
61487581
61840651
62672701
62839817
63024183
63083389
63120817
63553621
64183051
66932851
69062731
69600833
69661513
70055281
71429821
71602649
71937109
72108421
72124249
72379831
72543547
72884701
72993601
73633249
73963501
73981657
74172151
74574737
74927161
74985607
75320341
75755611
76129987
76515431
76723921
76923461
77594653
77605277
78572161
78795181
79089781
79122499
79650973
80304001
80693201
81707849
81852401
82298233
83204321
83876041
83900017
84324211
84354821
85102201
86207713
86849857
87217561
87558127
87581141
89532271
90014653
90203059
91043401
91587943
91597741
91832231
92267341
92645437
93827353
95337061
95479891
95914711
96014053
96158201
96386841
96904081
97983341
100402681
101152133
102217217
102358747
102821233
103788301
104220703
107302131
107520533
107800201
108561361
108906901
109427291
110347213
110631841
111063529
111441513
111962897
112822333
114983441
115399237
115804501
116151661
117893953
118564561
118623727
118681963
121099829
121261123
122439673
123061709
123221953
123641281
123771511
124035031
125213359
126386261
127062181
127786639
128484067
129451297
131334851
132338881
133203799
133391611
134205391
134777221
135969401
136150951
136375361
137200981
137340451
138336661
138997921
139589999
139952671
140621353
140821669
145410931
145863911
146094049
146884393
147287141
147522421
148237321
149821381
150265117
152538751
153054001
153512347
155267407
155331421
157149217
157797701
160776481
161216021
162889273
164270233
164280097
165401377
165733681
167121469
167286913
167472451
167692141
167850091
169771541
170062801
170446249
171917353
171926257
172018667
172521737
172964741
173641831
174531233
176110399
178194241
178482151
179820257
180497633
181670539
182609281
183524111
184653841
184677721
185653333
187546133
188059873
188408311
188516329
189714193
189941761
192829201
192857761
195589483
196287391
197239591
197837869
198283921
199377153
200190427
202382629
202400201
204174101
204512309
206504033
210206501
214209223
214340309
215197801
216899047
218495479
219036071
221793391
224080921
224402257
226359547
226360171
226366003
226609321
227259719
228488413
228605581
228694481
228765241
228882961
231405701
232114433
239642119
240687739
241408681
242435569
243023291
243288937
243413311
243576341
245667151
246446929
250255063
251753441
252337741
252722557
252853921
253766101
254054989
254527561
258634741
260736341
261688981
265731931
267816401
268550929
269027689
269526097
272995561
275712533
280312003
281002861
282721297
283215751
284166877
285747907
287715121
287745751
288086041
288120421
288630343
289478971
290324497
291185767
291444541
291461633
291585721
291786991
293209531
296792497
297307249
297992369
298032373
298748201
299015921
299736181
301443091
302412529
302784751
303817411
305783999
306638413
307061371
307219097
307484143
308550061
309630091
309959497
310693633
311923253
313192657
314554501
315648793
315838711
323002081
323901007
325348759
326998939
329430473
330267235
331320991
331848091
333096193
333431179
334214497
335976733
336068401
337312117
339902081
340464001
341683057
342052751
342780407
343153843
343510637
343978741
346099051
346795639
347368657
348442099
354390037
354760381
354982993
355230937
355297301
355382081
356129639
357458401
359141863
359499781
359750213
361720063
362276251
363912541
364110001
365424151
368120935
369610237
370294849
371283067
371376631
371675221
372795559
373669453
374842961
376671721
378240391
379292779
380142757
382325311
382536001
384040001
387924517
387955151
391431941
392803861
393379201
394476167
394585211
395528563
395881597
396231887
396755713
398592657
399468241
400253701
400841569
403015477
405889903
406005217
409082833
409425823
410361641
410543701
410680357
410733049
412488541
413542361
415800703
418260481
419744269
421534279
422862661
423448651
426448411
427165601
428361151
428436497
430131781
430318279
432564661
434929951
435585001
438109561
439714133
440625571
443283233
443345701
443384023
447150359
449230951
449382961
450640667
454699001
455461471
457050361
457274161
458071051
458760257
459248641
460596709
461272267
462114353
462743971
464012033
466850221
469328203
469683061
470063791
470179433
471168253
473126761
474468229
474516181
474920161
475559129
482164597
483908053
484947347
486073729
486166681
486596053
486992881
489938059
490040029
490770961
491646403
493108481
493961737
494411389
495416503
496515997
498442951
498975661
500222057
500520833
502449481
509710753
510111361
513390721
513405943
513585661
514661401
515657521
516578789
516579571
517819831
518373337
520307101
520809451
521044931
521165713
522304001
524151253
524690041
525255197
526067821
526201211
532094413
536528297
538203961
538256251
539883583
541947841
544101481
548061067
549162511
550980971
552726481
554463451
554884891
557876479
558145681
562467361
562800757
562960007
563159281
564592601
565336361
566820013
568073287
568776083
568902001
576200143
576691741
578929411
580186133
583937701
584085703
586680007
586862737
587059471
588009817
591698911
591813517
595590841
601811981
602853241
612788821
613332721
614742241
618651001
620169409
620966413
623606413
625917631
626613781
627939287
629108371
631101409
634946017
636599521
637456933
639741061
641069729
641814179
647190253
647817913
648962389
649497967
650494417
651514753
652370473
653960861
655018327
655219207
659526601
661795597
662137519
662198041
663699961
667088797
670298569
674555521
679018463
679703993
680085161
682596151
684287101
684979693
685309351
685903681
689443273
690211369
693708289
696102401
698252999
702683101
704722861
706013561
706781813
707997811
711304903
711675667
711757243
715677587
719917021
720068161
720385903
721847809
730602541
732736621
739644193
743404663
748604033
750804001
753594001
757999499
758142883
758727313
759472561
759580405
764923477
765883379
767077489
771122251
774153073
774926029
780152257
783519607
786054641
788406109
793813333
794321909
795599401
798446461
803744371
804471553
808750801
810578537
811359649
815229631
815697133
815791901
815935759
816024161
817000801
817076611
817519861
819601417
821376533
825772451
829620397
830664451
831218081
831852803
831859313
832870891
842824981
842963881
845840449
848452907
849606031
852332869
854633413
855363841
860506693
863537761
872523601
873631027
875543761
876552421
884769007
886922851
890687621
891141257
896231953
896901461
899600833
900905219
901502143
903250897
904203637
910020833
914350841
914386969
919078889
919916479
920375821
921499831
922444951
922902821
925584631
926642701
931869553
933643279
937674169
938030101
938824121
939185509
939947009
941061409
944500519
944672681
946323841
947923531
948703141
949324951
950500741
955050241
955609903
955918393
962697331
967714021
970266547
970435201
970911481
973906201
975765787
977770531
982456193
982474201
987723097
993885751
1004752181
1007713171
1007741773
1008889669
1010461121
1011319501
1015429141
1017194011
1021281301
1022809243
1024516693
1024605121
1025956037
1027744453
1029218851
1031723971
1036562269
1036744219
1036995919
1037945101
1041820867
1044043801
1046490047
1049917867
1051380721
1051950233
1054187557
1054740191
1054999441
1059738301
1060032697
1063796571
1070941987
1072898711
1075490821
1084952881
1088416421
1093270511
1098000091
1098169717
1099140337
1101454931
1101623381
1102346551
1103931401
1115222681
1115666113
1115910727
1116714413
1117132273
1117895717
1124665543
1124921029
1125612097
1126866217
1127993861
1129384021
1135428031
1135685633
1137320581
1139110801
1146568609
1149609221
1150879969
1154394599
1155690451
1159352377
1166961193
1169722399
1171287853
1172259917
1172378593
1172652517
1176573443
1178234821
1178998591
1183338241
1183392239
1185396751
1186915861
1188221201
1189576961
1189817371
1191216133
1191751849
1198672129
1205077651
1207178971
1211782249
1212297847
1215208081
1215754207
1221127013
1221828371
1225127989
1225673073
1228338259
1229956003
1232013421
1233947177
1236755345
1242227647
1244963413
1249358023
1251011763
1252236421
1255135501
1255663267
1256187217
1256780071
1257102001
1259927131
1260309343
1262377397
1264887007
1267133311
1268018093
1269295201
1276378133
1282875397
1284290941
1284585961
1285443979
1286298133
1289084161
1296916993
1307520469
1308758533
1311396751
1313428201
1314476857
1316169541
1321819201
1325167211
1329310243
1338989657
1343426419
1346624533
1352581201
1354966273
1358883583
1360896901
1361407951
1363274911
1365662917
1366587661
1371762001
1376274121
1376346691
1376463001
1378203751
1382285873
1389675541
1390802131
1392189569
1394632891
1395564127
1397357851
1400101291
1402248403
1412756801
1414755619
1414888561
1417958891
1418365873
1418921041
1420057633
1420092073
1422724073
1422799673
1423067801
1423831421
1423857493
1426735501
1426819997
1429028921
1430446951
1432746277
1434882373
1436002751
1443652033
1444095001
1444441861
1448994977
1449840547
1451472553
1453672481
1456901419
1459590877
1461307717
1464082153
1464586421
1467817471
1469943103
1470211117
1471488077
1472569021
1480247233
1480258291
1480849831
1482288991
1488103681
1491510899
1491799319
1494021871
1497221281
1500523763
1505432881
1505540497
1506612421
1507050181
1507105651
1509316901
1511558533
1511724033
1517021371
1522669051
1526162119
1528936501
1539620941
1540208251
1543749919
1543776301
1546249951
1546700701
1553132593
1558913203
1563607081
1564278211
1565670569
1569202181
1572032879
1573689151
1580591011
1583572381
1584373073
1586487223
1587804727
1591051463
1599276901
1603515331
1607705761
1608840847
1610386343
1617338251
1618435171
1628738753
1635548221
1637181571
1644177883
1645253989
1651200013
1651286011
1659195253
1660616569
1661418817
1667715017
1673513731
1674626147
1674658133
1688614093
1690624549
1695419041
1701614881
1707704461
1709585389
1710815341
1715427451
1715720119
1715738287
1716774481
1728960133
1738769281
1741524949
1747678927
1751072071
1760864431
1761613939
1762817821
1764795803
1764951371
1774760131
1775276857
1778754331
1783331461
1784455147
1790512897
1790995051
1794136627
1804906517
1808005051
1821051191
1838453203
1838494297
1841715481
1845055801
1850315689
1856009377
1862715583
1863332659
1865665771
1865933257
1872198529
1873962641
1874326843
1877317801
1882534921
1886526721
1889504741
1897700113
1904524903
1907221681
1907545711
1909566073
1909759051
1916523181
1921309633
1927251943
1927988077
1930534453
1934350351
1935311869
1939024249
1940449897
1943951041
1949404865
1949584501
1959594019
1967430631
1970164951
1970256151
1972395461
1973676431
1977083131
1980485341
1985812523
1992919321
1995203809
1995869809
1999817009
2001588291
2002783219
2004299641
2007369977
2012974741
2023232501
2026200871
2027303461
2030600833
2034039871
2034368491
2037233839
2038393579
2040799151
2041265041
2042467741
2043499559
2044124263
2045705677
2051486347
2057555473
2057835781
2058751477
2062726597
2072736541
2080910201
2083203571
2083241881
2086796791
2095482299
2099405993
2101401101
2101470541
2108568827
2113760629
2114102593
2118533089
2121729121
2123792551
2125858771
2126800747
2127727981
2131822801
2137425991
2141087051
2142302741
2147440681
2148103873
2156767003
2159246321
2164286881
2167577527
2168609221
2168869949
2170186021
2172838141
2174799563
2176164143
2180509987
2180812021
2188748057
2191330261
2191519639
2196839041
2201347513
2201425741
2201426141
2201534011
2201879791
2214324451
2215740493
2219008177
2219517901
2220755461
2225927371
2235278657
2240507821
2241772543
2242724851
2258958913
2267091091
2272594897
2277246991
2283040759
2283111469
2286360217
2287447111
2299842721
2310142321
2311558021
2312963333
2316371489
2316700681
2318838901
2326237391
2332301401
2333072173
2342375003
2346685489
2356711561
2358289729
2362942033
2368671661
2371613617
2377553569
2379610351
2381535691
2385076987
2386678537
2387525141
2391070817
2394616901
2395520381
2398069801
2402291251
2409160861
2412172153
2413210141
2416696801
2417408533
2418501541
2420975873
2425925701
2427745249
2429365447
2430356209
2430680141
2441264941
2452359457
2452746671
2454194053
2461871497
2462662801
2463391837
2472513829
2476033921
2483236177
2485230751
2486176291
2489777137
2490831487
2491189021
2496379271
2514637309
2514929581
2519388829
2528291341
2528756161
2529410281
2529476797
2532630787
2537105761
2537599873
2545934077
2550014941
2551312297
2551598071
2554259731
2559594781
2560600351
2566475441
2572432801
2573961841
2574176641
2575558171
2575827073
2580791851
2585718433
2590281019
2591598241
2592901321
2600611861
2609335171
2622196045
2628409681
2631711283
2635063741
2640060337
2641268891
2643585551
2646147001
2649170191
2650948231
2653722293
2656266229
2656494271
2656540801
2657666311
2660691457
2662805599
2676053333
2681460461
2689165117
2701920341
2706048811
2710337389
2712726073
2713562867
2722003741
2722639349
2722642849
2724552907
2726762977
2727132509
2728730287
2729644501
2736066667
2738491211
2740888967
2754804097
2754814753
2759528081
2761545403
2762929391
2765344501
2777280923
2778076421
2778469129
2786672761
2788373281
2802960781
2813925377
2814177901
2819358233
2820062461
2820743531
2822784121
2824417597
2825491901
2827467649
2831517461
2837848501
2838798691
2840128799
2840588311
2841805121
2842384231
2850997577
2855290901
2855661121
2858105251
2860044137
2861991427
2869376819
2899294889
2910843601
2913401611
2923647091
2926944829
2927266123
2931734569
2932664803
2935921241
2936428741
2945549881
2947438051
2947686409
2949260801
2952251777
2957950651
2960374801
2962662229
2964575251
2969698621
2973569581
2974793401
2981070149
2983900033
2992398319
3007658671
3016105093
3019324769
3020455021
3023049727
3027237841
3027387893
3033944101
3034421311
3037295801
3042630533
3044332267
3057111721
3061041883
3063683503
3063685633
3080439181
3081070423
3084248521
3091191013
3098654941
3100516751
3102234751
3110830003
3113695691
3130386821
3143282221
3157978617
3161205001
3164330821
3164355001
3164918221
3169830751
3173942921
3175526971
3180981781
3181425157
3181824857
3184139701
3185985853
3188031211
3188240351
3189432121
3189449779
3190518761
3197806813
3202277761
3205891453
3207249769
3209987159
3210223249
3228044821
3228422063
3237992101
3245219191
3249335941
3252800401
3261073201
3261194581
3267127531
3268841941
3281593591
3287687581
3288438833
3294653617
3302456381
3311887987
3313411931
3316241311
3320148413
3329008381
3329196421
3330510301
3331422343
3336263461
3336659317
3347396669
3347570941
3349997731
3353020409
3354545669
3361960969
3365110981
3371012143
3373572467
3374598781
3403591381
3404591191
3407609221
3413054251
3415379701
3425644927
3432192961
3435462601
3436450951
3441666181
3450935503
3458253649
3467829457
3469254571
3479941943
3480387041
3486298943
3495447929
3495943153
3497607433
3502970551
3503272783
3504515041
3507547961
3516352153
3529192153
3529344607
3532758373
3541457987
3544535297
3546090721
3553674931
3559066513
3559121861
3570729031
3578189341
3578786801
3579552361
3586391761
3586646113
3594968821
3597270517
3605151241
3611952727
3612440581
3619284401
3621213181
3621618331
3623207281
3625328981
3630600751
3637831753
3642034261
3643586131
3644517937
3644800003
3645942019
3652918769
3673744903
3679657997
3685829809
3692283211
3694411001
3695441941
3697278427
3697434133
3701373001
3702277801
3703345111
3709710161
3711216049
3716504023
3718428121
3722895829
3727828501
3732674401
3734708071
3739154833
3751554581
3758603951
3775385011
3780038989
3783046987
3785729117
3787377301
3797969297
3800306971
3809838101
3812691851
3813919453
3825368779
3825831701
3853342711
3874186471
3878888863
3880249927
3882549169
3894375781
3903460921
3903525163
3905876501
3907504141
3923746457
3924319939
3924545951
3930963457
3937526911
3954403153
3955514431
3956561701
3965270401
3974505571
3976113301
3980558401
3987322597
3987960913
4003006339
4019042303
4028726831
4042598941
4048683139
4051585249
4064513281
4074069757
4080167761
4083877747
4090434349
4091041501
4094395069
4102767187
4103331277
4106494723
4107075911
4108315951
4108887973
4112957593
4118784101
4121286907
4121946553
4127419249
4129323773
4129806601
4130583841
4138838401
4150829593
4155505201
4157552557
4160824891
4172804707
4176385921
4183069511
4189661477
4190646461
4199137073
4201076249
4201794451
4206040357
4217739181
4223787361
4227636337
4229203201
4235126069
4239761581
4246157161
4251904273
4265075123
4269254617
4271333837
4283445403
4284828617
