91
133
145
247
1649
1729
2821
8911
9073
10585
13051
13333
16471
19517
20737
21361
24013
24727
26467
29539
31483
31621
34219
34861
35881
38311
38503
40321
53083
67861
79381
79501
88831
97351
115231
121301
131977
132193
146611
150787
163891
166499
188461
193249
229633
240577
247105
248831
262753
264223
268867
269011
282133
286903
289147
294601
310381
325981
332831
339901
341531
367093
382523
394957
437251
468559
495283
561709
591229
593371
596641
597871
607609
619291
689701
728707
731473
736291
745057
753667
757303
765703
783157
789427
819541
842023
844669
878219
886657
954271
1003213
1024651
1056331
1062389
1069993
1090321
1105801
1152271
1170241
1187641
1197373
1258093
1314631
1346413
1373653
1379881
1408513
1461253
1503289
1530787
1584133
1626041
1683937
1690501
1726519
1741831
1773289
1857241
1879861
1925617
1970701
1987021
2003779
2030341
2067841
2075701
2084167
2091181
2160397
2161463
2208781
2251549
2284453
2332063
2362231
2741311
2756293
2846923
2864953
2944261
2949541
2963351
2984257
2985985
2987713
3038347
3059101
3100417
3113929
3116107
3166087
3246061
3257437
3270403
3330517
3366631
3383521
3431647
3438667
3440617
3451501
3490741
3589321
3604201
3623761
3687193
3713173
3839617
3913003
3939073
4002241
4054051
4063481
4077151
4177507
4178539
4216601
4261573
4297105
4361389
4364119
4391701
4432801
4463641
4543621
4583305
4782541
5044033
5045401
5107867
5148001
5173601
5244761
5292631
5308181
5376463
5481451
5756929
5804761
5906413
5968873
6147961
6192721
6265117
6278533
6335671
6447169
6465241
6521743
6594901
6622351
6733693
6787327
6831811
6868261
6969511
6979351
7028821
7161631
7252249
7299361
7412131
7429949
7519441
7529341
7571881
7593697
7638961
7960987
8033131
8058361
8086231
8231653
8283991
8328241
8416543
8445559
8531893
8582911
8698069
8787769
8830801
8880449
8910811
9068761
9150751
9263797
9504191
9585541
9611449
9694351
10008307
10125361
10267951
10276309
10297009
10353421
10403641
10595287
10733941
10743097
10853899
10990513
11066551
11125621
11130319
11166601
11279581
11341177
11519011
11541307
11771431
11882729
11935651
12048037
12169711
12607201
12875077
12877327
12947683
13012651
13035619
13324411
13426177
13442941
13694761
14358529
14385493
14555221
14575091
14581141
14652991
14746373
14781181
14783203
14913991
14952481
15017491
15063049
15142531
15332221
15507193
15604321
15888313
15978007
16070429
16253551
16292557
16335001
16390351
16520533
16585099
16716241
16817923
16819489
16879501
17127937
17153401
17236801
17429227
17567941
17603617
17812033
17864119
18063559
18067501
18099211
18158251
18212977
18317971
18520141
18520351
18673201
18761401
18878131
18900973
19040239
19372849
19632157
19661581
19712239
20581597
20925067
21240493
21397381
21634477
21767401
21794851
22012763
22187791
22266487
22349251
22369621
22682353
22703341
22738691
22828651
22994371
23427889
23431393
23504851
24016231
24406681
24482503
24490831
25023181
25056697
25201243
25285261
25293041
25313443
25326001
25462501
25677877
25680769
25718791
25728943
25869037
26304041
26384557
26474581
26694361
27028621
27147163
27509653
27540469
27543979
27653473
27664033
27745873
27956503
28527049
28621711
29076097
29377801
29492431
29540971
29559601
29664271
29806501
30826753
30828961
30955783
30971711
31201801
31715713
31918987
32223181
32429431
32676481
32764271
32956717
32995621
33309091
33533677
33615559
33625381
33721813
33743477
33766669
34695961
34952149
35186581
35194651
35340769
35407711
35802271
35981713
36740377
36959371
36981871
37028899
37108243
37115707
37123421
37576267
37577539
37649503
37686601
37754173
37964809
38456551
38760169
38874001
38903401
38947369
39154081
39383161
39388441
39710651
40467043
40621591
40863061
40917241
41102899
41165065
41278427
41666791
41710411
42014377
42056407
42101929
42120379
42702661
43036003
43331401
43911001
44003447
44082721
44414461
44456497
45000841
45028117
45175201
45297283
45402991
45808927
45877861
45890209
45898063
46003231
46094401
46256489
46672291
46681181
46786321
47020177
47029249
47953621
48064021
48125437
48623851
48628801
48823369
48936889
48949561
48961501
49019851
49184171
49379773
49484933
49573627
49735351
50341169
50603863
50823151
50838679
51072931
51733921
51959377
52101121
52557853
52827181
53106301
53390611
53638903
53771041
53996761
54029741
54140683
55464481
55633667
55657549
55880881
56034343
56052361
56479897
56495071
56700883
57284291
58240513
58910641
58986091
59226841
59622529
59682901
59699641
59769641
59892097
59898679
60033403
60155929
60357179
61422187
61621561
61624669
61719949
61832377
61927867
61952339
62208841
62563333
62746279
63266029
63354413
63585757
63799471
63962401
64042903
64362517
64377991
65047211
65349253
66096253
66124297
66470449
66580771
66646841
67270681
67598713
67816589
67902031
67996567
68137081
68182003
68462551
68976331
69377101
69604627
70695769
70958497
71044601
71337043
71554231
72286501
72884701
73051507
73527301
73902403
73963501
74378033
74698345
74740051
74927161
74970169
75591169
75663451
75935971
76129987
76132321
76365319
76923461
77100751
77146831
77309809
77334769
77555713
77594653
78234133
78560701
78644611
79089553
79465231
79624621
79814917
80375707
80665171
80927821
81069577
81231781
81376903
81926461
81954133
82093801
82606231
83248513
84303001
86176273
86738203
86831947
87056941
87469201
87650413
87784561
87884581
88216507
88299091
88562371
88665031
88967551
89381791
89517299
89998273
90267503
91116439
91780507
92131771
92625121
93357361
93535993
93582107
93700261
93980251
94536001
96232501
96474457
96905551
97071211
97126129
97211341
97716007
98158789
98477843
98735209
99138631
99945007
100017223
100199461
100578457
100627891
100896409
100923481
100962667
101649241
101957401
102090781
102690677
103025077
103466107
104220703
104404861
104569501
104572399
104852881
105205213
105919633
106374071
106374841
106485121
106548901
106593793
107374151
107400151
107486413
108699193
108968653
109838431
110127739
110271301
110413333
110413801
110912311
111039283
111209089
111246031
111360913
111623891
112047097
112479151
112702591
112920481
113605201
114410537
115722427
116443213
116701003
117129421
117588013
117702421
117718111
118172251
118232551
118421959
118520599
118801453
118901521
118966843
119537993
120033211
120702529
120708001
121181671
121652713
123842443
125122099
125173847
125757331
125807851
125934151
125973217
126035911
126073963
126502303
127602971
127728811
128600671
128676601
129606427
129762001
130221973
130228291
130497841
130660561
130670401
131256451
131334851
131661661
133981621
134167811
134392091
135411571
135759889
136022419
136412851
136790161
137340451
137433751
137769451
137897899
137932321
138158411
138336661
139295701
139547497
139888651
140213233
140516251
141551713
141618181
142050241
143168581
144020449
144278401
145012693
145072351
145410931
145603333
145621321
146053267
146387809
147026503
147039751
147959467
149196079
149837797
150149077
150192667
151869763
152250073
152557243
152797927
153691807
154287451
154340803
154982683
155062129
155239979
157082923
158147047
158862601
159078449
159134011
159597829
159874021
160165897
160656601
161298721
161304001
164411911
165230821
165283471
165409921
166248181
166442251
166463701
166595131
166975951
168082741
168089131
168380251
169234003
170186341
170449249
170565451
171167179
172148209
173021851
173093491
173559151
173678203
174682333
174721369
174953021
175158461
176036249
176296591
176442961
177024301
178482151
178760551
180001921
180022597
180482653
181346713
181358687
181670539
183249091
184071581
184554883
184993381
185130487
185301757
185389891
187176601
188260777
188649001
189686503
190824817
191023561
191321407
192612487
192829201
193949641
194389903
195475351
195900181
196075949
197239591
200962213
201261061
201485617
203399197
204214771
204300541
204977683
206006533
206304961
206894161
207072001
207352207
207654679
209301121
209949841
210274957
212473801
212698711
212887711
213835861
214110541
214284853
214314277
214604261
214963021
216090481
216474259
216515911
216686339
216922753
217517653
217976905
218112133
218642029
219412321
221256001
221259061
221319673
222012361
222214693
222524347
223051141
223625851
224016011
224294533
226631659
227132641
228188233
228276017
228663793
229695751
231606373
232018111
232460821
232794253
233295583
233787919
234331351
234610291
235171927
235627057
237275119
237656431
237943841
239438053
240571693
242131889
242225551
242284069
243536221
243592219
244061371
244789781
244892827
245309461
246446929
246936769
247318957
248257921
248377273
249809191
250216801
250612831
250920181
251928379
251984827
252853921
252876871
254079343
254377633
254405713
254781451
255160621
255261133
256171651
257970221
258284231
258404999
258841219
259614013
259756297
259765747
259798969
259808827
259824839
261856261
262243441
262270933
264384469
264719071
265418401
265697611
265731931
266147857
266292121
267015097
267465841
267559627
267681181
268422881
268626181
268627921
270181381
270640987
271512301
271567387
271873801
273083887
274900369
275619961
275698207
277119361
277477903
277640269
277704013
279256111
279509891
279744031
280007521
280340287
280801009
281023921
281914651
283203709
283215751
283732621
284803213
285111667
286023403
287969917
288086041
289766701
290559211
291178801
291185767
291258811
292100491
293209531
296833501
296842783
297624961
298192753
298204831
298362241
299308381
300003181
300979369
301761133
302687617
302903101
303191741
303343321
303817411
304425109
306120871
306638413
306798577
307061371
308387881
308550061
309411251
309618581
309633139
310619791
311609059
311917729
312813601
313153177
314016751
314184487
315383833
316583041
316816067
317068643
317648521
317915701
318465703
320358403
321021037
323976943
324156757
324771067
325284013
326695141
330321697
330594643
330846601
331116337
331832507
333067151
335089603
336379681
338814841
340464001
341606497
342106811
342614533
343862461
343932359
346305403
346510501
347988169
349137727
349416289
349470703
351398581
352825291
354207673
355348621
357364841
357458401
357914701
359053003
359499781
359718301
360896251
360902543
361167391
361301653
362205367
362394667
366532321
367307461
368113411
368135563
368476501
370398617
371376631
371675221
371920867
373299841
373570891
377187031
377224051
377694781
379254499
381522457
385220557
385881571
388017301
388277921
390612221
390772621
391774961
391788361
391930003
393197971
393611653
393613081
394379701
394980643
395044651
396149111
397806529
398805889
399241441
399586069
400253701
400804951
403476229
404071009
405042457
406201951
410465273
411988207
412316281
414087631
415108891
415438471
420757039
420803461
421150801
425213713
425821447
428084581
428781277
429897889
429960961
429981697
430497019
430901857
431495473
432062989
432365221
432525607
434503213
435860497
436198687
436736281
437239529
437247841
437491237
438788971
439098931
439212841
439342219
440073817
440159627
440306461
441139051
441592633
445733713
445887553
446200021
447191893
449549521
451090081
452605369
454064131
454305349
455090065
455337181
455461471
457274161
458368201
459785089
460679671
464583781
465542221
467491753
468725083
469187113
469209751
470000833
470383213
476081431
477004327
477938207
478245763
479445613
480991501
481239361
481967399
483355993
483459181
483551749
484212871
485029931
485706967
486711259
488656981
489975949
489994201
490234951
490894111
491646403
492559141
493224191
494650333
496113103
501896737
503052229
503935921
504066901
504818623
508286017
508356751
508788041
509977297
510238171
511338601
511408171
513346891
514712509
515028697
515657521
516876361
521011009
521878003
522105673
523367407
524545303
524905081
525127777
527566711
528729781
529214311
530787931
530894359
531428899
533386129
533708101
534880429
536740777
540143803
540427031
540654409
541134049
543235141
544952341
545220869
546161743
546236461
547659451
547683133
549132871
549390619
549724033
550062389
551171479
551262721
551672221
553321693
556539283
558752371
558940339
559358461
559779889
560612167
560693251
560907271
563068027
563159281
563947141
564186001
564635143
567800633
569332177
569561779
569600047
569600791
570504313
572228929
572785141
573136513
573862021
573896881
574142779
574870753
578272033
579606301
581147701
581618143
583149991
583248601
584868181
585281791
585775499
585897841
588956479
590005351
590414977
593867143
594747121
597717121
599768161
599788801
600610627
603689923
606623851
608016599
610488121
612136729
612790921
613544611
616681291
617161249
618206051
628430093
630185389
631314811
631412371
632492011
637760651
638493901
640164601
640225297
640325711
641975041
642873001
644027233
644781343
645890659
646908001
647679397
650983069
652969351
653242321
653343463
654288031
654526819
655452241
656893693
656898229
660445651
660859651
663146851
664692601
665443351
666353143
666699607
667054603
667293947
667563487
668061109
671402353
672396721
673371001
673725469
674234201
675106651
676273027
676899599
677429761
679567201
679975003
680872651
681303241
681619571
682528687
682778611
684210061
684867739
685463957
685787833
687497399
687621691
688264831
688303897
692144671
692615089
694636399
694691551
696617461
697791403
698198491
698439421
699894001
700906417
706295941
707847991
708995071
709742551
710581601
711304903
711414037
712362769
716544739
717653129
720223813
720385903
723417301
724529191
727083001
728458501
730955317
731471347
733310851
734614303
734948089
736012609
736560163
737375539
738272429
738897433
739178821
739643491
739644193
740453323
740579683
740712007
741464161
741470549
742091653
743404663
745745461
747083891
748691591
748959709
749496089
753886657
754055017
754248793
756194587
757036351
758142883
758374079
758493601
759432241
759622753
759720151
762720859
762786031
767575771
770166629
771134701
771635971
774027781
775135201
775866001
776324473
778213723
780112831
781110361
781373041
782954741
785190451
786333241
787085857
787375837
789445691
790903651
793048687
793979011
799162561
799274351
799525063
799924417
802052029
803744371
807115753
808562791
808636531
808733647
811478533
812042353
812117461
812824741
813834127
813848581
817076611
820418611
822198563
823554733
824013181
826470163
826945621
827289769
827322781
827980471
832870891
834448051
837273601
837282001
838991311
839777581
839786351
843810001
846961321
847034479
847745179
849606031
851026261
851402777
851619823
851703301
852081121
853790821
856301227
857185489
859759681
860578687
860920939
861190801
861206261
862069079
865284463
866008153
867121801
867518911
868024501
868576463
869152411
869551201
870142879
870993553
871157233
872108209
873228439
873471661
873484603
875598721
876842401
876850801
877532671
877963969
879485311
879614611
881824291
882189001
883792981
888735541
889522201
889710001
889729993
891086899
891717451
895095673
895262491
896263705
900217921
902535037
902884181
903796561
905138077
905533487
908137057
908349601
908540011
909521911
912101341
915641821
918023891
920673001
924335371
924761341
927106561
928742413
929164351
929559403
929976337
930576193
930745621
936088031
937095787
938290963
938376181
940991731
941795431
942400859
944030431
947000407
948845017
949324951
950371003
954732853
954765007
955188181
960527189
960946321
962468911
964042301
964540081
965134501
965365201
966000881
968347021
970129789
970355431
974924101
975539251
977348791
979363153
979736941
979804009
980537329
980957071
980975557
981484561
982020403
985052881
990698881
991326991
991580621
996182551
997460617
997695661
1001805001
1004273749
1004395243
1005767881
1008258301
1008285301
1011302291
1014328603
1017677431
1021281301
1023405373
1024662979
1025700241
1026587521
1028494429
1031280433
1031961379
1032733633
1034952001
1035156481
1040415671
1044043801
1044467461
1046594683
1046641531
1048474211
1048478413
1050186811
1054740191
1055437633
1055982313
1057367593
1058811271
1058989231
1061500507
1064519011
1067221391
1067802667
1068661171
1069100101
1073400631
1073529343
1075917433
1081552369
1081607311
1082352751
1083597161
1086649331
1089682837
1090633303
1091617073
1092310759
1092803017
1093313761
1093916341
1095225301
1096014151
1098000091
1098393073
1100510413
1101856141
1103137543
1106576857
1106866351
1108753813
1110292849
1110464671
1112103541
1112106973
1113041179
1121676013
1123080349
1123330657
1124454421
1126209823
1127615581
1129146481
1129541401
1129716811
1132571809
1134044821
1134634201
1139110801
1142150147
1142300503
1142625217
1147386331
1147710211
1148946391
1150713451
1152793621
1153366501
1154886283
1156814761
1156929751
1157839381
1158805201
1159421509
1162991971
1163168077
1163446811
1166240833
1167684751
1168256953
1169722399
1170767617
1171665529
1172712301
1175136481
1177715323
1177778671
1178277101
1179103213
1180757143
1183305889
1186600213
1187558231
1189576961
1189817371
1191216133
1193229577
1196969707
1199301211
1200459163
1201002301
1201731121
1204034959
1204599241
1207081831
1208737513
1209412891
1213347691
1215208081
1215316873
1216909891
1218640433
1221044653
1222753003
1224610207
1224798301
1230818359
1230890851
1232534161
1232853007
1236313501
1236557791
1236691021
1237386781
1238846407
1241120701
1242452941
1244612641
1245989471
1246110361
1247875903
1248065459
1250700907
1252636129
1255663267
1256276581
1257776251
1258962541
1259341163
1260030721
1260309343
1263293281
1264145401
1264676113
1264718071
1270369231
1270599877
1272899209
1274072251
1276163659
1277966971
1278663037
1286298133
1290999529
1291412431
1292925421
1292931505
1293737293
1295247871
1297538881
1300490071
1300529011
1301012803
1305832289
1308544903
1309382713
1309440001
1309531861
1312250869
1313611699
1316583391
1317922657
1318126321
1320327391
1320395737
1323136501
1323238951
1327026403
1327805407
1328233451
1331413333
1332633277
1333215703
1334552473
1338247681
1344674623
1345702447
1346299021
1346545073
1346624533
1348566773
1350350191
1351147933
1354103743
1356476161
1362355303
1364378203
1365287239
1366591681
1372681861
1375684831
1378203751
1381582099
1383369769
1384142251
1386372409
1387690921
1387709731
1389353941
1389675541
1390698559
1391267323
1391915713
1393740811
1395254593
1397169091
1400693797
1402248403
1404228421
1405630381
1407548341
1408013443
1412611237
1413850153
1414963379
1416144133
1417897909
1422253729
1424435689
1425278947
1425373951
1426382401
1431254497
1431284251
1439492041
1440187981
1440314041
1444555117
1444957753
1448456509
1448814061
1453133221
1453333159
1455266413
1455844141
1457150437
1462419841
1463178817
1467566101
1467817471
1472004739
1474227217
1475784469
1480849831
1481626513
1482532897
1483767367
1486078903
1486843723
1491510899
1495170073
1496738161
1497192269
1497881971
1503363151
1505432881
1506044827
1511042851
1511104141
1511534701
1516944647
1517021371
1517977501
1518290707
1521221473
1522669051
1523485261
1527763333
1533290221
1536112001
1538012449
1538753581
1540208251
1540454761
1540550413
1541212759
1542299513
1543776301
1544149417
1545387481
1545959113
1546249951
1548553609
1556234197
1558071817
1558913203
1562347201
1564278211
1564753501
1565411461
1567092811
1567636021
1568259001
1569525751
1571450849
1572032879
1573689151
1575887647
1576091791
1580449201
1584236413
1586176519
1588003751
1588247851
1588476961
1589305213
1596190801
1597808899
1599277051
1607530051
1609098583
1610083333
1610596351
1611540001
1611615151
1611762059
1613484601
1614341431
1615136167
1616102821
1619988709
1623595051
1628385289
1630161541
1630986193
1632785701
1632945001
1633183939
1634351311
1636431187
1638294661
1640534149
1641086371
1641445741
1641487519
1642868137
1645859251
1646590843
1647328181
1647890623
1650516401
1650957481
1654137011
1659222577
1663266151
1665286999
1671212089
1672982851
1674851401
1676048497
1676763991
1680901381
1683878689
1686354757
1696688603
1702111921
1705482241
1706090689
1707704461
1715427451
1717899101
1718899381
1723175551
1726200097
1727031781
1727464597
1732924651
1734825151
1735002721
1736077501
1738769281
1739529457
1743610051
1743657931
1744510861
1744718011
1745075503
1750805317
1752172003
1752710401
1753612771
1754235709
1754327233
1755904141
1756709533
1760706811
1766161963
1769147329
1770346111
1773806413
1777553201
1778233969
1783592497
1787452241
1792001923
1795216501
1797382823
1800854401
1801830421
1803201751
1805980453
1808089321
1809130951
1809636401
1813493761
1824928579
1826175469
1826952733
1828887061
1829934373
1830703711
1832109151
1834683991
1835776981
1837169101
1837263409
1837537651
1838312401
1840525831
1842154651
1845515233
1849518367
1851420781
1854940231
1856689453
1860373241
1861026133
1863395491
1865700973
1868747113
1870061093
1875538453
1877256551
1878421501
1879920001
1883427043
1883698051
1890435949
1893583519
1895521321
1898224927
1900823653
1901656573
1904524903
1907221681
1907341801
1909566073
1910273863
1913422591
1914031351
1916523181
1921309633
1926511511
1928577709
1930609801
1933280227
1936979857
1937105941
1937892601
1940521591
1955219311
1955771767
1959285451
1959538027
1960062499
1962730531
1963181081
1963529443
1964794351
1966457221
1971314281
1974425521
1976295241
1977147019
1977932797
1982386591
1988675053
1991063449
1995830761
1996912009
1997323939
1999557151
2000436751
2000502631
2001814669
2002446821
2003569501
2004299641
2009072521
2009621503
2010858769
2015363533
2016175351
2020292737
2021326297
2023528501
2024321251
2027937601
2029244551
2032248961
2033065273
2033995741
2039888131
2039986187
2041025581
2046770701
2051282221
2057835781
2058961631
2060164289
2060675527
2063246311
2064331171
2066374757
2067887557
2068610221
2069182981
2071874419
2073765493
2075386051
2077181761
2079463049
2081971459
2082273301
2083369999
2086096871
2091855767
2095002631
2103659377
2117185051
2117555641
2120540227
2123416351
2123686417
2123792551
2124004411
2124921241
2126800747
2129774473
2131620571
2137085281
2138091763
2138941441
2143585621
2146301929
2148788881
2153447227
2155053187
2156567291
2156767003
2157417751
2161342261
2162461663
2164573747
2170186021
2173525411
2176572971
2177027821
2179782337
2182281601
2183757409
2186290481
2188555297
2190460639
2191189501
2192682143
2194067851
2199931651
2203663621
2205280801
2206464097
2210621797
2215406281
2216267467
2217879901
2220194443
2222770159
2224035409
2224943641
2227207399
2229995671
2230500301
2231277907
2232972101
2236456861
2238133831
2240507821
2243332981
2245338433
2247557527
2248302673
2250753121
2254796281
2258889751
2264745313
2265751769
2267045119
2271754477
2276606503
2278677961
2280603697
2284002001
2284660351
2285660833
2293235227
2295337441
2300319061
2301745249
2301828211
2302591591
2302706551
2305594513
2306716021
2306778281
2310823747
2310905423
2311558021
2313732241
2316328327
2317403089
2323147201
2346871741
2348107687
2349294193
2357721757
2360519701
2361320851
2364400351
2365782961
2366454151
2367653033
2368812403
2368901831
2375894809
2376372967
2376769741
2381670481
2383788691
2384220673
2390436091
2393571529
2397022669
2397295279
2402824321
2404954501
2406641521
2408976181
2412172153
2414829781
2415689713
2417408533
2420630213
2422236601
2425164913
2427086029
2428870753
2429563907
2431144801
2433943891
2434053469
2437412401
2440646443
2445506857
2447358211
2449575001
2450997631
2456536681
2457634231
2458169299
2460918457
2462440753
2464906321
2466958469
2470298461
2472907141
2476652323
2477416961
2483253781
2483670971
2483849233
2485230751
2489158051
2489462641
2493278471
2493698131
2494615399
2497478509
2499853333
2503017367
2503257901
2504535463
2507395279
2509511599
2511288001
2513290627
2514963613
2519186671
2519731831
2520310861
2523801337
2529410281
2531205421
2531762647
2533905631
2539839727
2541013903
2542290643
2544014551
2544041473
2550047941
2550063011
2553045097
2556240697
2560467001
2560910419
2561641237
2563812577
2563970737
2566454311
2567249491
2573347771
2576588917
2579163931
2579597353
2587770907
2593439047
2594870851
2595764557
2597006017
2600611861
2603070919
2604342913
2605557781
2605651687
2607435307
2608556011
2624491607
2626783921
2630188639
2630374741
2630532661
2636360191
2637916051
2638827001
2644548409
2652882373
2653176913
2654600479
2656452023
2658294289
2660783591
2660895889
2666389909
2672016251
2674197241
2674551101
2677330423
2677890367
2683425889
2683711603
2687958601
2689966441
2690408533
2691460909
2693739751
2695064653
2697303599
2699507251
2712456601
2715365971
2718165871
2723932801
2730595501
2732520481
2736316301
2738053141
2741749889
2742001021
2747095561
2750217671
2754395281
2754547987
2756877841
2761545403
2762539777
2764836691
2766172501
2766504001
2771759797
2772135631
2773955081
2775081541
2775980593
2776874941
2777232023
2781117721
2783065717
2786465881
2787028819
2787493333
2787998641
2797912987
2798515111
2804470327
2807273561
2808056791
2809283311
2810831101
2813512591
2815035053
2817096307
2818263001
2822521411
2824544359
2837917633
2838534337
2840963203
2844272971
2846764909
2849846281
2851693501
2852049661
2852271493
2852445767
2858583961
2864711789
2866785991
2871232033
2874292801
2883165301
2894497897
2901514531
2902954321
2912712013
2913401611
2920069417
2921573581
2921688001
2923437791
2926272103
2927963231
2933588503
2934000257
2934503089
2939587471
2942458597
2946016891
2948657641
2957950651
2964197419
2967788809
2973474901
2976208177
2986006861
2988486733
2988865243
2990018641
2994079141
3002281981
3005164471
3009886897
3011903287
3017095291
3019916461
3020423491
3022396273
3026060011
3028125781
3028586471
3033844153
3043438837
3044238121
3044565451
3049924879
3052146109
3053742061
3054297403
3055398301
3056100623
3056666881
3059183863
3060643541
3061261999
3067928461
3068534701
3072551041
3077802001
3078113977
3080745739
3081070423
3082892209
3085908851
3086767657
3091081951
3091354111
3093508867
3107582947
3112723351
3113094913
3120784151
3121651981
3130225513
3132519319
3133418203
3137756161
3139942321
3142079569
3144049021
3148403959
3148806403
3150861121
3152638651
3157000439
3157579861
3163106953
3165007429
3168847441
3177858847
3180143761
3182945221
3188031211
3189732781
3197620441
3197969581
3208453687
3213895051
3214785817
3215031751
3217744531
3218017681
3221025529
3226010761
3226864033
3228000673
3228809401
3234184711
3235126501
3251136811
3253404013
3253543207
3256218043
3256366051
3263360563
3270720817
3273820903
3274057711
3276075709
3278791711
3281593591
3284852561
3285158347
3285205507
3286182043
3286184287
3289294961
3289532017
3291614269
3299246833
3303890209
3304470607
3306806621
3309573697
3309873451
3311236741
3311872219
3312489577
3313196881
3313744561
3314605771
3316743931
3319323601
3322130111
3322551403
3325356469
3332340703
3336263461
3344191241
3345593833
3346957153
3347214421
3352026133
3353143373
3358693423
3361076881
3363763231
3367726441
3369813481
3371012143
3371840929
3373009669
3375102673
3375902773
3377164309
3378411991
3383477191
3386341351
3388238101
3393689833
3396169547
3397060129
3399890413
3402758647
3403386251
3403593901
3404174497
3407772817
3419681773
3425127941
3434453569
3435462601
3439162051
3440195713
3441666181
3442964671
3447533191
3450935503
3452858641
3453111643
3456135703
3462062651
3464046481
3476599237
3487132981
3491763493
3493329931
3494944441
3500960737
3502404577
3508999651
3513604657
3514590239
3516245533
3517518571
3518080981
3520356401
3520357417
3527380819
3535057009
3541832269
3546176671
3547777349
3548607841
3553216411
3556373647
3573465985
3580329943
3581978791
3583581511
3586391761
3594968821
3599802541
3600801541
3601083511
3602674177
3604877431
3609494533
3617371841
3618244081
3620475679
3635350441
3640031081
3642034261
3644327737
3645276229
3645608737
3647635201
3653266681
3656374849
3665562751
3667766257
3671270701
3673744903
3675774019
3676131421
3682580551
3682630327
3684201751
3684320719
3684387493
3686187887
3692283211
3692827531
3696009751
3697278427
3697434133
3702277801
3708364213
3708443521
3708905341
3714045481
3715430413
3715659341
3717056377
3727069321
3727828501
3731618911
3737700191
3737709991
3745966447
3756162661
3760896133
3765003313
3777866821
3780837649
3785056549
3785356387
3787491457
3788970571
3792277201
3800306971
3804450937
3804521911
3818823751
3821259331
3822308461
3832807681
3835537861
3839802907
3844837651
3852755167
3853584967
3859581103
3863326897
3864228391
3866820907
3867183937
3869363737
3869668351
3872822545
3872902051
3874135651
3881210581
3881746513
3883051573
3883750471
3884718853
3885397597
3887414521
3889818451
3892461931
3895046191
3896343661
3899668591
3908975761
3910928653
3918241081
3924461773
3925728091
3925888201
3926933557
3934940833
3937526911
3945623641
3951723271
3953218519
3956339791
3963736739
3966877883
3979234351
3980428033
3984737791
3985034023
3986664571
3991263121
3991500451
3992128141
3997386991
3997408051
4000717153
4004528437
4015029061
4019682241
4026822577
4029341947
4032919729
4050838837
4057769041
4060340929
4060942381
4063818721
4067403481
4076835101
4079665633
4082072017
4086816311
4095715051
4098254161
4105658759
4111281089
4111537501
4116631501
4117447441
4120791671
4131660961
4135506103
4143378691
4146303613
4153290751
4155031891
4160927761
4161668029
4163138911
4169765101
4170912217
4175722207
4176385921
4181148133
4187906581
4189212721
4191454411
4196523101
4200339791
4203547921
4207181161
4210095667
4215387229
4217739181
4221986809
4227296977
4237506073
4241343151
4242354731
4246655341
4246940161
4247896153
4250028601
4251253429
4254378031
4256861071
4259474533
4262997961
4267164287
4267280021
4270323301
4270529303
4275011401
4277526901
4277933203
4288655497
4294778671
