247
259
341
679
1027
1339
1501
1661
1957
2501
3589
4681
4795
7421
8137
11041
11155
14701
15251
19513
21421
25123
25441
25681
31417
31609
34861
36121
38081
43621
45193
46531
48133
51491
53741
54031
76201
79381
80137
101461
104341
105781
134689
137401
141373
145351
154603
158401
159461
166921
173521
184033
194221
221761
226651
235183
239149
269011
271283
280601
286903
293401
293497
333061
338837
378511
385003
387221
405511
419761
452681
470017
491063
497503
518281
613211
630631
653333
672211
707771
708401
736291
767701
771101
777439
788671
859951
873181
975031
1029241
1030457
1037191
1053313
1069993
1088939
1091593
1190957
1203401
1242949
1243321
1262507
1274681
1283311
1296451
1346413
1408513
1531711
1584133
1629181
1690501
1696633
1717633
1745701
1789111
1803601
1842127
1886141
1963831
2009839
2010817
2021713
2091181
2162941
2203381
2219845
2250631
2288021
2303281
2411623
2442277
2466133
2517763
2631169
2660881
2689759
2763451
2884669
2898841
2909297
2931337
3167539
3234571
3242513
3270403
3279211
3289301
3488717
3647621
3725191
3841591
3924691
4007197
4031851
4077151
4099439
4259431
4361389
4389613
4496221
4576339
4648261
4686391
4856671
5089901
5099221
5351537
5470037
5481451
5735453
5753101
5762767
5784491
5898751
5992417
6056161
6189121
6236257
6471931
6537901
6634057
6642217
7026181
7333811
7355671
7405201
7440553
7575683
7586281
7624501
7873681
8219251
8260591
8269057
8430643
8688737
8705161
8725753
8805007
8960407
9376291
9493903
9582145
9669353
9727121
9863461
9973693
10006501
10297009
10320047
10590721
10635751
11088013
11136721
11319661
11367137
11591749
11736211
11773621
12169711
12318541
12417131
12873929
12879203
12890503
13012501
13012651
13193273
13267897
13496981
13516651
13861189
13877501
13939253
14026897
14163857
14590621
14608133
14652991
14655259
14959393
15141841
15162001
15206941
15247621
15560651
15584609
15972931
16048843
16210801
16660001
16717781
17013289
17246617
17579731
17669401
17913421
18112513
18212977
18364441
18783781
18814181
19582837
19634581
20009953
20153257
20310751
20407549
20633167
20684857
20747551
20870641
21187801
21306157
21807451
21810359
21831629
22187791
22259989
22291279
22302001
22617757
22781861
22870741
22973651
23017429
23148397
24071101
24242261
24482503
24779093
24784057
25292131
25326001
26476501
26505571
26507251
27469801
28264951
29373163
30058381
30371923
30756991
31114753
31118081
31249891
31470211
31513861
31562383
31615141
31982767
32095057
32152921
32178277
33092401
33120341
33472729
33554629
34135781
34590403
34880221
35335813
35350195
35845633
36448387
36638911
36788809
37261357
37753921
37797673
37807751
38351347
38676301
38795969
38835841
38874001
38903287
39547171
39924371
39929599
40062413
40078201
40267261
41710411
42318277
43195387
43893937
43974151
44314129
44427371
44736511
44760581
45217649
46256341
46549777
46564831
46590601
46672291
46728533
47388889
47953621
48064021
48222841
49503931
49735351
50004901
50087467
50249761
50341169
50388577
51088133
52024897
52243871
52430731
52472845
53145919
53585299
53877961
54688159
55401193
55551991
56659639
58470371
58594537
58718909
58756057
58986091
59158891
59309251
60229121
60409837
60466733
60663709
60957361
61137589
61230943
61363541
61467451
62090893
62121991
62490811
62624563
62868721
62870627
63059473
63553621
64042903
64377991
64392571
64680601
64904803
66345221
66603281
67706501
67821433
68327929
69529861
69623401
69742367
69837301
70067713
70275871
70600487
72098471
72317981
72624301
73085347
73094671
73289861
73526749
73670521
74620739
74735051
74788381
74866273
75134593
75408217
75621281
76494391
77638681
77781241
77812153
79593151
79686289
79786523
79791337
81096751
81376903
81587353
81739913
81893611
81926461
82452061
82875101
83363941
83520937
83709181
84633301
85181401
86004101
86150065
86287001
87056941
87137747
87504301
87763999
88020833
89446999
89532271
89565697
90273751
90881011
91433281
92596351
92601721
92645437
92654983
92693941
92696911
93049969
93250603
93361799
93808861
94402541
94944091
95113201
95182501
97012129
97071211
97548883
97554493
98592391
98727037
99041083
99789049
99876541
99958013
100892311
102394843
103042241
103071001
103983907
104569501
105056057
105558787
105929521
106778671
107997079
108738761
108915421
109437751
111455527
111732601
111993967
112066039
112216015
112932961
113197061
113247811
114305441
114329881
114469073
115922851
116148649
116895871
117034471
118016911
119089321
119870167
120811241
121032577
124905721
124981117
125287141
127026881
127213351
129357061
129825253
129940957
130216411
130944133
131391193
131819101
132186757
132949801
133391611
134176771
136563271
137238001
138038501
138243601
138736153
139561901
139569281
139952671
140340719
140714071
141548329
142164301
142302551
143106133
143963671
144973487
145117129
145187671
145206361
145591153
145666769
146230561
146838511
147039751
147586339
148267351
148468927
148964059
149389633
149915011
150155039
150692203
151124629
152279063
152368133
154542601
155474051
155799253
155982413
156615841
156705901
156975391
157542533
157687001
158068153
158073709
158489501
159039739
159440081
159442477
159858397
160364233
160529501
161092681
161830201
162026869
163532951
163759753
164191241
164411911
164897701
165836023
166089451
166400401
166662703
166805633
167472451
167692141
169024241
169746337
169771541
170491777
170782921
170832037
172266991
172798697
172907281
173348209
173401621
174303851
174753613
175338001
176439979
178170757
178416127
178503967
179372537
180089251
181670539
181830853
182850001
183569359
185872889
186885901
187050529
188382487
189897751
190761731
192648457
194298343
194389903
198429751
198595333
200214757
202314781
202820311
202984217
205704181
206006533
206238901
206504033
206818201
208464887
208738861
209802581
210214481
211078687
212146507
212505577
212539783
213035761
213156161
215449427
215505091
216775921
216997601
218053859
218196301
219367019
220531501
221026697
221119921
221497303
222205369
222524347
222571231
222737243
223220351
223593841
223937641
226474441
226609321
227418133
228181201
228274381
228898915
228988033
229440331
229613161
233394367
233612363
234005857
236559457
236592031
238345637
238568749
239402467
241370179
242064901
244396583
244675531
245014501
247116937
247508401
248983237
252748567
253613587
255858881
255866131
256033801
257460851
258913057
261047921
261125747
261962317
264661931
264869767
267211709
270689539
270783251
271634243
272615201
272939371
274769041
275283401
277666777
282329833
282589651
283306763
283732621
284301751
286111201
291461633
292036769
293606839
296255737
297100411
298831963
299765341
299789221
300588157
302531833
302780563
308093761
308550061
309233497
309816557
311233693
311609059
312036097
313338061
315112667
315151433
316583041
318465703
319564481
320162431
320454751
324010061
325423141
326695141
329599339
329769721
330125101
331623307
334988677
336098957
338455153
338458807
340863307
344263921
344645381
346305403
346866781
347559871
348829633
348832855
350047111
350771111
350794207
352171741
352568161
353932801
356683471
357287533
361914281
362619181
363769277
364192973
365215027
365852701
366487201
367792181
368702377
369066161
371376631
371611153
372432451
375383773
376302499
379145801
379270651
379676641
381946751
384220219
385912561
387311107
388087681
391711237
391930003
394676767
396676981
397302077
398811961
398864881
401335351
403095421
403411121
406005217
408136721
409080563
411391801
414395701
414883289
417746629
418226581
419585167
420766933
422295901
423366211
423432307
423448651
426671011
428736463
429565817
429595039
430869421
431085553
432499121
433564951
434078497
435620333
437446441
437866087
440081611
440306461
440376821
441669889
443384023
445282441
445404521
446414621
448044001
454766287
456605561
458497153
459104369
459717553
460442893
461329601
463264003
465658903
468511229
468950021
470120257
471168253
472708321
474663887
475969231
477086741
477267481
477683851
478746269
480269921
481593997
482447111
482933881
482970601
485992291
487381571
488655001
490894111
492559141
493133563
493725233
494145301
495160861
497308627
497702635
498962521
499857751
501028039
503865727
503969041
505691551
506990401
510635707
511847201
513080129
513460795
515886841
517697641
520809451
521330797
522218231
522788921
525447091
527063281
528013333
528415201
529656013
531014821
533197369
534521131
535517581
537883171
540547001
540568309
541712029
543890467
544971661
545097169
545429089
546435569
550254991
551672221
553593041
554118661
556242299
560612167
560698979
561941983
562467361
562903111
563298061
564444805
565016491
568339069
570158881
571155509
574950643
575817901
577415389
577542697
579914201
580087873
581354881
584390291
584868181
586019071
590039911
592953901
594423551
598371107
599135767
600507277
601334611
601606801
602475017
602840401
603432737
605221501
607662091
612025241
612816751
612916669
615244481
615416341
618206051
619851511
622455851
623181989
624732421
624955321
625408741
626548597
631140619
632872441
633563989
634399417
635129681
636620401
637312693
638559121
638903233
639103681
640298023
640325711
643174081
646443337
647190253
650699761
650982907
651514753
651808117
652381381
652594097
656723161
657529561
660237299
660706973
661321511
664574653
665364461
667081801
670567301
671267411
671956561
677661661
679339981
679975003
684292379
685583251
686059921
688436893
693850501
695015401
696227491
697748501
697821857
699451637
700942717
700960261
701241451
705883951
707265451
710617861
711367763
711547483
712650881
713197939
713807641
713868013
714379901
715915099
719670241
721185241
721213993
721742341
722426629
724941559
725932201
727251691
732096961
734391001
736602049
739643491
742712401
743260129
743993941
744244441
745493761
745943257
746425801
748604033
748638001
750158569
754848001
755914681
756205633
757639387
765186581
765275221
765378241
774044641
775136251
776948761
779786131
779819587
780457399
783058291
783163261
784042309
786496855
787175131
787540879
787666573
788046901
788156491
789375511
790079887
793411291
793880371
803744371
804021121
810097601
811478533
816002419
821376533
821399167
822018961
825953333
827541037
830515921
833911651
836033567
836403751
840296267
841425337
843703213
845376533
846508321
848827613
849606031
851778817
852332869
852503737
853066369
854631649
855073301
856195267
859577743
859769191
861286081
864508453
865047121
867965251
868088341
868113937
869902729
869928377
871195561
875828101
879614611
879943891
881824291
883382221
888226783
892650067
893072521
896761661
898003277
901540657
901646929
901957057
903693779
909589591
916133941
918023891
918762409
919078889
919233151
922512151
923162941
925112777
925934683
927623401
928499881
929559403
930503281
932793401
933184801
936053119
937135921
940123801
944082271
944973353
946495369
947325079
947854811
949778911
950179159
954785561
966910051
967175257
970435201
977397103
982748929
984316001
984350557
985028573
986717051
988481551
989726011
990215399
993161161
994346191
994517533
1007695963
1009918351
1011127181
1022304691
1023405373
1024757581
1028216089
1028362987
1028494429
1029890077
1033184629
1037317147
1038955681
1041457801
1043768107
1048470061
1049606497
1050186811
1053535081
1053732751
1061153321
1064545561
1067064781
1067920811
1069100101
1069597259
1069979689
1074585601
1076881901
1077808513
1079374031
1084784887
1084952881
1087323301
1090402951
1091592631
1094275297
1101047971
1101376711
1104788483
1110666451
1115685463
1116334673
1117619861
1120230901
1125129841
1125915919
1125990541
1126587151
1126857271
1129235647
1134342151
1135577953
1136019317
1137320581
1140750181
1142408257
1142524501
1142799521
1143184351
1144852337
1146408397
1150961953
1151484049
1152319201
1154176453
1154565787
1155348541
1155357389
1157445451
1160358359
1161020827
1161306721
1161728287
1162986661
1171142353
1172817151
1174743743
1177673647
1178922961
1178934461
1178946497
1180804201
1182385121
1188583831
1188627931
1189576961
1189665361
1197919711
1198583921
1205606533
1210562701
1210962059
1212858979
1213347691
1216713457
1217829817
1222568707
1225695511
1227189121
1229329729
1234027061
1238517649
1238891431
1239806261
1242217621
1246094981
1249615669
1252236421
1253575069
1257631537
1258065073
1258903981
1260030721
1262636143
1264145401
1269653617
1270658833
1279695187
1280750257
1282823191
1283161951
1283616421
1283972701
1290022501
1294261781
1303803217
1304839873
1311971257
1312845661
1313281003
1314056521
1321579477
1326448621
1328560801
1331621857
1332633277
1333215703
1335105703
1338247681
1341499171
1344531191
1350685001
1352163241
1352581201
1361703337
1362340789
1363178701
1367023519
1368769681
1370129311
1371720013
1375573249
1376588431
1379076301
1381127329
1382818291
1389191041
1394632891
1395148693
1399144291
1407953971
1408572493
1408610503
1414154827
1417459079
1419459121
1422503531
1425314521
1427498797
1429263991
1431363649
1435661569
1437826861
1439070539
1440752827
1443438151
1446812641
1452208297
1453053197
1453548403
1453848301
1454938651
1455520039
1456901419
1461354497
1463992661
1470336583
1475522413
1478440351
1483463623
1490056501
1497316151
1504702403
1507121801
1509885877
1513099561
1513701071
1514068579
1514963297
1515175087
1515657823
1515664153
1515785041
1516523227
1517429233
1519592887
1520190341
1521300421
1524708013
1528834621
1532463131
1533555271
1538986451
1539074881
1546894171
1547543161
1548686081
1548825023
1551403741
1553479621
1561474297
1564948189
1568328301
1572777551
1574262661
1575634141
1576205131
1579428127
1580729701
1587577867
1587649249
1590564601
1591121041
1603188841
1607530051
1610503841
1611615151
1615118081
1618433251
1618435171
1623794113
1627172929
1627644961
1627942721
1629635281
1635548221
1635658781
1636435201
1638294661
1642868137
1643302417
1646046001
1646590843
1653321793
1656874369
1663332529
1663420279
1666344703
1668378871
1671064669
1671276601
1681812823
1683174533
1694484013
1699611211
1700341579
1701408019
1701636793
1703644801
1709986591
1710980335
1714144513
1716572929
1721740651
1722703501
1724329753
1726372441
1727909701
1728864139
1728960133
1738851007
1739736601
1739996821
1740124051
1742288881
1742931211
1743657931
1747895507
1754811287
1757318977
1766487259
1769148751
1771938661
1777633009
1778224321
1780658233
1783209301
1783464391
1785274163
1785414061
1790389787
1794136627
1795216501
1796734241
1799296237
1805947313
1807922491
1808074997
1813073653
1814832463
1816408273
1817067169
1821689101
1822479751
1824928579
1825349047
1825378831
1835001001
1841319721
1842304621
1849608193
1850233897
1851574231
1852317251
1854084649
1858023617
1861840207
1864274917
1867906721
1871052697
1872429481
1876447927
1876485691
1876900481
1878389731
1880544907
1886690681
1888311041
1888344259
1892498147
1894349101
1899294913
1902303721
1911397951
1913422591
1921087643
1924160143
1928814889
1930917031
1931803897
1932450301
1938532499
1943951041
1950371893
1952968753
1955219311
1959450737
1962730531
1963133581
1979974397
1981290151
1984125109
1986220787
1989628327
1998373813
1999654567
2003099671
2003557681
2006394779
2008184641
2008929511
2013348329
2015746501
2015969047
2017921291
2018761111
2029705957
2031290191
2036318941
2037068081
2039986187
2041842541
2050949809
2052500347
2055050551
2055634561
2059739221
2060910307
2061957167
2065040353
2080016041
2081072753
2082658579
2086888213
2088768533
2093215001
2094177403
2095502651
2095928479
2098070287
2098520449
2098764959
2102740889
2104299793
2112148001
2115769633
2123792551
2126800747
2133791101
2133876991
2134155997
2137495361
2137719403
2138091763
2138706389
2139462991
2143585621
2144008177
2144805001
2144961253
2156567291
2156767003
2161903307
2166446959
2167558471
2167577527
2172857611
2173018501
2173371461
2175136133
2178346633
2182364801
2184744451
2185704553
2186531101
2187544531
2188877701
2188955501
2189700833
2199931651
2203649197
2203663621
2209189141
2211237601
2213357059
2216267467
2216719537
2219615201
2220410347
2224506541
2227207399
2230305949
2231857409
2232972101
2238008617
2241944317
2242032841
2244140317
2246725469
2247830311
2248924159
2253176951
2256023353
2262861901
2263273583
2264663201
2265934801
2270115493
2271388001
2272015777
2276290297
2277313303
2280489943
2280656953
2282383139
2292790567
2294455411
2295559813
2296483201
2300413231
2302702001
2306664757
2307480211
2310348721
2317579951
2318472001
2328781393
2330485121
2332301401
2335341601
2339347063
2345382661
2345428321
2349191357
2351457109
2352378601
2352413251
2353817593
2360225737
2362308391
2385383261
2385548881
2396948401
2398986613
2402012989
2403802133
2407398757
2411152927
2414673271
2418245671
2420748331
2425249601
2427535381
2437783223
2438403661
2439521101
2444736533
2445190021
2452995889
2456117821
2459638405
2461125157
2463689981
2464135831
2470214251
2477814193
2480803657
2483253781
2485230751
2489275121
2490974777
2498713009
2511288001
2514575701
2514929581
2515125733
2519659399
2524973933
2525248813
2525900833
2529854713
2532630787
2539285057
2545973161
2546257177
2547621973
2547712927
2547800909
2552806213
2559082681
2566785433
2568560051
2569520761
2589199201
2594220751
2594716561
2595053401
2597294701
2601038753
2607162961
2607804013
2615811829
2618117461
2626735141
2630454571
2631761707
2632105381
2632475947
2633956141
2635035817
2635063741
2636841061
2638547473
2640902401
2648671957
2652091381
2654539381
2661478241
2667137773
2670099721
2671407701
2672378417
2672947597
2681050861
2681528401
2683949761
2686678471
2687700961
2688705347
2690383651
2692079167
2694708001
2694802573
2694996811
2696450857
2700878599
2702011447
2702152801
2712726073
2713562867
2714452177
2716732357
2717807977
2728668797
2733329101
2734240801
2740208111
2743342039
2749177537
2750169115
2752336201
2752456321
2753048341
2755426357
2757279013
2761096081
2766080041
2768279851
2771624929
2773525691
2775980593
2781100801
2790281551
2791053541
2791893511
2801124001
2802960781
2803142861
2808544523
2812310971
2812672981
2819969587
2827961221
2838421573
2841190381
2842924639
2848514527
2850473389
2853401851
2859367807
2866872781
2867000401
2870118421
2870566931
2871468133
2872455139
2874386737
2895004927
2899034111
2912542921
2913401611
2914145851
2914194931
2915365051
2917653677
2917951471
2918295451
2931153193
2939261821
2943266821
2952147041
2959450063
2963821411
2966697553
2970228199
2973097121
2978766341
2982185881
2987414977
2991200941
2992394501
2992398319
2995146179
2998919873
2999839897
3001133257
3004248691
3011747317
3013172009
3028319249
3030293881
3030988483
3033737857
3033831301
3034510051
3037817353
3039732281
3042630533
3053053837
3054186703
3054297997
3058670677
3060537511
3063685633
3069516997
3081486641
3081494461
3082054697
3086767657
3088515151
3089566327
3092883371
3098115641
3108520843
3109648301
3109956751
3111449923
3119737081
3126808259
3127017799
3127366999
3130109561
3140268041
3142025321
3146620301
3148806403
3150972917
3163106953
3167801617
3173641171
3177575033
3179289367
3182908753
3182945221
3184139701
3190725553
3191296499
3196155997
3196344061
3197067883
3197941979
3200985217
3207871747
3211997891
3216762067
3218646691
3219418441
3228422063
3228492961
3234512161
3243695281
3253294189
3266504209
3277037479
3283768963
3284517493
3287063737
3299956747
3301335577
3303017981
3303350387
3303870847
3305638561
3307251221
3308248253
3309379531
3311236741
3322130111
3336728221
3340230013
3342005633
3352091557
3358977187
3371657857
3373111747
3374990821
3379357601
3387487351
3390564241
3394190857
3399926641
3400300801
3403075033
3403386251
3404560051
3406729411
3409064479
3413054251
3414771697
3415847821
3422387233
3422901917
3434575327
3437416501
3437844041
3440711537
3440739661
3446334767
3454773341
3457347193
3460065541
3463702217
3470195521
3472200271
3474542497
3482188309
3487630771
3493069141
3493810241
3495618841
3495943153
3506088769
3507373591
3507805153
3508999999
3514590239
3517701601
3525690103
3525888367
3527684701
3530988289
3534197833
3537280361
3540757111
3541895177
3554383141
3555197731
3557080841
3568849231
3569494897
3571680601
3574014445
3574552801
3576444481
3578189341
3586391761
3587070961
3599103691
3611895841
3612825221
3620019943
3621618331
3621992533
3625328981
3638298343
3664872781
3668361313
3668744101
3670650001
3673744903
3675850609
3682048151
3682605211
3689127773
3693378943
3696160001
3696896011
3697633237
3704202931
3706404781
3713066389
3723038881
3725468843
3736293461
3737268487
3741876791
3742082293
3747242171
3755419403
3756206213
3772354483
3780964657
3797969297
3801944089
3803679181
3806586631
3809227843
3813919453
3816178711
3821259331
3823155001
3825464989
3831911551
3832287299
3834991981
3837510899
3840585841
3846823601
3854932183
3859546687
3871172087
3875017411
3875965417
3876491039
3877650617
3884423743
3898212553
3922127701
3929216551
3941707321
3949375949
3951382753
3963421849
3972326051
3973938541
3992102011
3995508661
4001715541
4004016721
4005660961
4011595147
4013365441
4023958177
4028771849
4029860129
4030637771
4030968349
4034208301
4037490451
4045222081
4054539581
4059250651
4068100063
4071784777
4074119681
4078414661
4080054833
4081806919
4085070721
4087861777
4098391921
4121434027
4141383961
4147939951
4156472909
4160203213
4165482151
4169130283
4173312001
4173476887
4175289271
4177490641
4189357987
4192060699
4194116159
4201003633
4210785013
4226682293
4227243337
4228779131
4231312681
4242653141
4245161017
4246940161
4255202953
4255454971
4256766511
4266464161
4268007601
4271907697
4273042379
4278744787
4282863751
4289393281
