115
1495
2047
2501
2701
5071
8695
8701
12883
12997
13021
13111
13333
14977
14981
16589
21953
22261
27613
29539
30721
34861
36667
48709
49141
55315
56033
65281
72343
74405
85951
91061
103601
109135
113401
113965
114211
135481
144673
163073
186457
191483
194221
200509
201587
220669
222181
294271
295121
308039
325531
339893
356707
364651
367537
369611
382523
385003
422659
498317
531899
537571
544541
545761
556649
592201
597871
636641
655051
656209
664301
682823
721801
732733
746005
765703
769567
795455
917851
939727
973241
1026241
1053761
1082401
1132657
1179799
1181863
1208929
1212539
1290101
1353067
1357441
1373653
1391833
1398101
1407103
1433407
1436683
1441091
1481545
1509859
1534909
1537381
1573063
1574881
1580321
1580531
1585651
1627921
1690501
1768117
1863907
1869211
1899041
1918369
2028577
2059651
2091181
2163001
2193517
2210671
2251549
2358533
2373091
2385671
2487941
2629801
2630071
2676691
2806273
2976313
3284401
3305993
3318751
3362083
3404521
3467969
3470921
3482753
3491263
3568661
3645991
3658901
4037995
4178539
4224533
4229551
4335241
4364119
4410797
4420921
4475299
4567837
4656709
4697071
4721081
4782541
4883737
4931359
4953763
4966921
5050981
5176153
5248717
5284333
5554721
5586263
5902849
5924311
5991727
6036259
6081781
6116965
6213049
6309601
6330721
6441503
6452527
6504989
7025005
7089811
7131955
7160479
7348463
7355671
7371079
7530043
7568191
7879681
7886251
8036033
8108101
8219693
8256763
8293381
8328241
8341021
8641729
8642869
8655511
8725753
8850997
9046297
9056501
9493579
9693091
9856897
10018807
10117661
10257911
10267951
10406491
10445741
10525139
10792981
10869019
10919647
10930151
10941751
11005469
11036551
11182421
11619739
11677597
11722181
11762461
12169711
12322133
12711007
12979765
13003981
13042121
13112815
13131721
13262965
13309921
13404751
13649833
13681981
13773061
13888513
13936981
13981057
14005441
14535973
14726053
14744191
14794081
15000121
15148441
15490061
15577003
15720013
16200511
16324001
16335001
16398541
16498091
16520533
16539923
16653521
16660001
16853077
17184931
17349307
17645689
17759681
18106291
18158251
18186449
18225703
18457847
18535177
18558247
18564931
18614245
18859759
19061281
19168909
19578847
19669271
20310751
20459011
20794537
21724927
23476447
23543941
23637751
24093721
24179347
24242261
24388621
25873381
25909453
26521531
26527073
26597227
26682841
26719421
26744881
26782957
26824547
27219697
27433361
27837001
28437763
28989871
30947995
30951181
30971711
31061521
31257257
31294231
31321201
31763761
32053531
33485471
33554629
33796531
34298551
34327081
34590403
34840087
35340769
35365111
35523161
35891263
36053333
36347191
37649503
37964809
38120041
38270377
38699011
39371141
39378961
39655153
39728251
40238417
40368769
40457357
40641481
40757513
40969531
41260771
41642681
41662297
41710411
41826943
42174001
42702661
42956497
43397551
43433279
43938731
44318977
44482901
44628841
45112841
45559729
46045117
46094401
47571569
47847971
48141169
48479221
48961501
49019851
49145881
50111059
50249761
50800049
50941711
51186829
51847777
53259277
53294029
53949011
53949761
54511021
54576787
54637831
54716737
54817165
54902917
55097953
55376569
56479897
57253561
58986091
59659921
60115051
60683041
61363541
61754941
62399041
62954849
63065281
63262993
63553621
64020001
64042903
64642033
65376721
66001831
66485881
67194401
67234763
67706501
68314357
68532881
68768569
69032473
69139201
69146419
69600833
70577119
71087017
71252081
71960743
72611701
73036081
73705633
74036663
74927161
75663451
76129987
76260913
77146831
77637463
77772091
78011237
78091201
79417801
79464533
79669651
79786523
80316149
80996059
81284321
81823897
84001807
84022597
84290761
85296251
85907917
86017361
87238849
87385523
88216507
89381791
89517299
89915365
89998273
90047347
90093361
90153619
90357697
90838681
91104367
92625121
92987017
93538201
93958789
94107763
94116401
94502701
95391421
95561353
97836289
97924217
99115297
101152133
102217217
105412891
105746873
106051177
107869549
107939773
108000595
108152785
109437751
109958887
110575921
111010849
111501667
111808321
112835729
113197061
113389249
113605201
114329881
114842677
114910489
115039081
116176033
116203193
116443213
117662981
118566533
119184451
119927953
119990627
120236707
120699481
120935431
121457977
122093017
122180449
124439041
125017759
125032573
125387737
126123037
127442197
129844123
132610981
133391611
134176771
134310751
134384069
134392091
134539753
135308881
135798067
135968197
136545067
136642201
136837831
138264001
138447601
138828821
139295701
142013957
143106133
143168581
143704181
144202321
144497431
146021633
147332791
147683593
148352051
149852431
153691807
153805141
153830689
154479131
155203361
155239979
155474051
156005137
157368661
157542533
157626197
158410379
158629921
159104129
161124401
161184013
162905761
163759753
163845361
163927765
164059799
164578051
166827943
166849561
167311541
168380251
168896017
169014649
169771541
170390671
170823043
170978221
171114217
172907281
174853981
175459411
177478729
180067231
180115489
180739049
181284013
181992961
182097841
182975797
183370447
185034677
185739451
186046369
186059329
188043913
188382487
189458389
189686503
190152773
190212181
191648161
191752093
192612487
194688337
195973471
196035001
196287391
197588851
200083333
200408581
200951981
203528033
205973857
207886753
208464887
209301121
211719901
212146507
212277157
213538711
215702371
217062913
218112133
218517781
218765821
218793401
219176743
220222297
223795049
225880901
226409401
226559737
227149651
227418133
227475601
227864599
228407251
228655043
229608427
230286241
230697073
231822449
233500411
233787919
234231313
235190737
236025721
236443681
237217429
238777111
238852891
240938629
241477039
242198251
243768643
244682587
244883981
247977479
248069641
249114773
249582481
253446799
253613587
256361401
256857217
257933845
258020473
258503701
258634741
259765747
260583529
260736341
261186001
261962317
262480501
264301927
265674761
265893601
267599053
268505551
268995889
270380641
277787141
278648701
278943061
279065377
279949717
280581967
280690345
281528017
282369931
282454621
282826111
283229491
284249089
285812605
286019281
288086041
290186401
290197211
290344753
290576777
291667967
292290181
292362301
294948739
296197513
297108701
297592597
298002937
298106041
298355713
298362241
298772209
298950751
299379961
299474911
300003181
301974947
305386901
306191621
306296101
306357871
306785051
307694323
308848123
309014791
311609059
313153177
314099143
314689511
316336351
316349281
317161681
318013081
318683353
319053281
319328701
320503081
322020973
322601221
325834309
326985793
327514483
328302791
329468201
331155163
332987801
333482269
333492041
333619357
333647569
334212871
338455153
342871381
343636609
346092991
346245857
346257049
346305403
346859521
346998961
347246461
348130667
348400963
351278401
352735351
353932801
354118231
354390037
355314361
355334431
355809679
357964069
358416577
358527191
358687651
359696431
360145633
362276251
364637701
365061607
372308671
372985243
374167219
376096033
376396681
377295871
377563213
379638029
380639947
382245967
385319089
385543369
387082453
390612221
391930003
392803861
392966527
394689371
397696141
398866513
400142167
400374253
401498249
403095421
408051223
409349641
414083281
415673077
415800703
418667401
419431093
420834121
422707889
423448651
429344917
434343601
435643729
435979693
439309261
440542711
440884907
442543553
443407469
450640667
455977171
459230599
459387451
460477891
460585861
460596709
461322181
465658903
467491753
469020553
469209751
470063791
470644021
470800111
472708321
473523679
474468229
474663887
474892741
475163599
475502611
475608121
475992397
480717037
483006889
483029821
484093501
490518181
490876667
491812273
492200551
492806267
493108481
494309461
494548259
494756401
495159757
495573121
497285713
497352617
498442951
502382561
503376581
506883529
508125239
510432791
514659385
517319659
519146981
519365941
522556651
525548827
527094793
528013333
528506053
528508609
531580349
532258271
532558441
532732861
532758241
533856727
533891797
536682511
536740777
537042683
537926899
539221651
539537941
541618751
543367441
545430607
545738203
547232491
547251973
554950327
555196951
557058133
559514507
560484307
560907271
561235681
561358601
563146721
563356921
564770081
564815683
565524979
566410891
567232541
567981631
568140751
572914021
573344029
574965409
576814421
577743343
578231501
578376415
579432547
580877137
583149991
584169337
584850491
585281791
586509481
587336401
589126357
589576157
589872641
590356357
590414977
591043771
591402565
592769633
597342461
597537361
599570077
600570811
601485623
605178211
611374453
615752051
615895897
615924901
616050271
616205041
617046247
617279821
621787951
622229609
623606413
627628849
628868467
630228089
632531789
633595201
634467461
635165701
636213013
636442003
640325711
641814179
641840761
641913973
644434291
644851481
650950021
651664513
658233413
659526601
661570561
661992955
662573671
663760681
665498107
667081801
667271557
668650087
671457161
674910259
676336921
676880821
679435363
680501369
680950271
682247281
683178343
685667317
686059921
689327731
690460363
695327821
695406727
696032791
696446719
696909613
701525719
704934361
705883951
711747373
712734817
713868013
718353931
718944227
719163001
720860431
721200829
724529191
724777351
724969087
725144993
725949751
728359861
728810209
734031937
736751401
741985921
743832091
747912961
747991861
748638001
749821393
751705597
752574061
755048449
759019873
759085273
760777063
763939357
765378241
767415169
769126411
770536453
773286889
773488801
775230145
776040721
776081503
776728661
778006081
780384013
782048411
784042309
784966297
786754333
786814333
787267471
788828059
788940833
790422643
791168981
793548529
793813333
797563229
798965011
800055367
801123451
803722669
808738657
808983319
810155113
811023361
812093257
817298723
817315441
818687141
819899821
822767041
825028861
825053041
826945621
827980471
829737221
830664451
834206071
834451129
834611777
834641011
834869179
835961311
837129313
837605137
838303747
841419893
842963881
852332869
852460039
855050701
857538991
857902861
864770257
867022747
867055801
867323521
869561281
876099331
879259231
881031271
885960973
887570599
890687621
894501037
896231953
897676501
897756751
898882141
909144391
910042051
911207683
913002413
913326961
914205661
914779841
915641821
920375821
929497817
930224701
932148253
932637511
934532539
939059749
943303609
944973353
945365581
948834811
950500741
951436921
955371871
955938901
956427481
957044881
958318057
958463741
961219801
961986601
965501857
965726791
967287751
970560533
970586713
973216177
976396961
977254081
977483449
978738307
979363153
979377433
979466221
979736941
982916257
985075681
987989311
990588493
991609921
991977017
996196741
998914561
1004840801
1005402133
1008889669
1015269391
1018754551
1019626609
1020211009
1027034023
1031210363
1032072061
1032898241
1034958601
1036030003
1037321881
1037769461
1039531393
1040873707
1041820867
1041946849
1048246039
1049531419
1054251221
1058989231
1059738301
1060032697
1060148233
1064136859
1067323951
1067437211
1069683403
1070063191
1072670173
1073066881
1073299501
1079035651
1083858751
1085202037
1099003421
1102501921
1102513987
1104194521
1105322653
1106443333
1108496341
1108973251
1114563007
1116084383
1120247069
1121176981
1121746501
1132002847
1132680929
1136303155
1138728581
1138985209
1141093381
1142300503
1142524501
1143367273
1145917543
1147710211
1149032981
1149112049
1150097791
1154699479
1156993373
1158875329
1162179643
1162284553
1166086819
1168123001
1171364461
1172378593
1179951301
1181130061
1187037181
1188646903
1190488921
1190823901
1195565729
1197635551
1200738001
1204457563
1204634677
1213347691
1214005099
1216505473
1219611079
1227304891
1227897595
1230818359
1230825649
1236032227
1247411719
1248258733
1250029621
1252222619
1253261543
1259308933
1259514281
1260332137
1261570133
1262446657
1265359393
1267133311
1270287751
1275723037
1276581307
1280208073
1281111761
1282568741
1285505461
1288591097
1289485111
1291062337
1291412431
1291849093
1292216833
1292663837
1293475177
1298693923
1299963601
1301636179
1301808029
1302168721
1302901339
1304147521
1305832289
1308277939
1310538241
1311105151
1313022881
1314817687
1319739751
1323086563
1323140239
1328322451
1329329041
1330011019
1333215703
1336302229
1340889397
1343101801
1346624533
1353332417
1356374683
1356661711
1356930433
1359969407
1365171361
1366431991
1368560719
1372681861
1373680513
1377031463
1380704077
1381501393
1392542581
1394632891
1394640941
1395260413
1397678699
1400693797
1408610503
1411863461
1411898869
1414366433
1414791349
1415982571
1419459121
1420167523
1424768801
1425257551
1425560153
1429064839
1431211381
1437349889
1438942321
1441627303
1451979271
1455239809
1458000433
1459372823
1462107233
1466984833
1467003973
1468713811
1472221921
1472412943
1473460777
1476685321
1477932559
1486401047
1488204217
1493337457
1494067171
1496233003
1499467841
1500523763
1502124427
1504633423
1504832033
1510026937
1516310251
1518066829
1520613841
1521221473
1521377089
1525753153
1532755369
1533555271
1537641691
1537657993
1538071061
1538971921
1539583921
1540189531
1541144683
1541917651
1542569971
1546960351
1548686081
1549536119
1553427457
1559018137
1563573601
1563808051
1566612379
1570997431
1572032879
1574362441
1575725383
1587385297
1588247851
1590394313
1590910501
1591443499
1592042491
1592557201
1597123441
1597978591
1602023281
1603924081
1606344247
1607953501
1609848151
1610063141
1611201551
1616905471
1621945417
1624628251
1627644961
1632650401
1632785701
1636346981
1639365869
1639528727
1641086371
1642791151
1651458313
1652432659
1659935761
1662784117
1663436617
1663699841
1665597781
1666032367
1666434361
1669534417
1671619811
1671906781
1673056111
1674626147
1678389023
1687478237
1689840421
1693287217
1693406461
1697213407
1697772763
1707421633
1708297039
1708549501
1709127811
1713319453
1715427451
1722463471
1725217121
1725547321
1730711921
1734394201
1736159671
1738190981
1739520193
1743737431
1745406121
1750412161
1751246641
1758897097
1762460851
1763702533
1766112613
1768213009
1777089961
1783669891
1784865337
1786346563
1786685269
1787068819
1790995051
1791981197
1792442737
1795682971
1797277759
1800713701
1805387101
1813073653
1814206031
1821689101
1823362813
1827206317
1828242991
1837913323
1838262061
1847495201
1852356281
1853926777
1856009377
1870859657
1877386771
1880544907
1886676037
1887518329
1898139707
1900579081
1900687381
1905065891
1906364773
1909759051
1922297851
1926560329
1930534453
1935869851
1939223485
1944125633
1945350259
1946163511
1950799951
1951469101
1952968753
1954094671
1963529443
1965676061
1971550153
1974255937
1976710451
1977902921
1978329091
1988198701
1988672533
1989015103
1991063449
2000436751
2000894059
2004299641
2006622437
2007646961
2008443977
2009621503
2015473309
2018362363
2023712041
2025112501
2030516251
2031732181
2042782361
2046528013
2046790513
2054080729
2054145677
2057835781
2059739221
2062505593
2062726597
2067834679
2069306851
2071858771
2076038281
2082146617
2085912683
2090189701
2093830531
2094177403
2103082669
2103659377
2105255153
2108565889
2108761201
2108795371
2117955451
2123272751
2126151977
2132538031
2136989611
2139462991
2142302741
2142871459
2145282781
2146939939
2148071017
2148252751
2150849317
2151933701
2151941971
2161572113
2162323351
2165826437
2170556449
2173134421
2177602921
2196825511
2199452131
2200143799
2207932849
2213057893
2214399931
2217930587
2219008177
2219998267
2224035409
2224278253
2225383441
2230398721
2231341999
2233350271
2239679287
2250035713
2250292687
2254469101
2263366249
2268928751
2274643297
2276216281
2276606503
2284333699
2285660833
2286605161
2286789301
2290361221
2297067967
2300056117
2302061761
2305461451
2306261861
2310823747
2312963333
2316294499
2317579951
2318150459
2319891307
2321551751
2322488869
2332088431
2333122681
2334045421
2335033009
2335522393
2336629879
2337953041
2344054721
2345875471
2347597981
2349294193
2355268033
2360225737
2361316621
2363287369
2372137093
2372173651
2373446657
2375894809
2376947881
2378080279
2384515201
2401493557
2405914759
2414673271
2423796121
2423905993
2424059059
2424755831
2433461491
2435485109
2438403661
2439869881
2441432503
2444736533
2446657313
2447358211
2448025009
2452482001
2456536681
2463850369
2463879497
2466585151
2468922091
2470214251
2470278539
2471205361
2472731191
2472907141
2476956607
2485650421
2490174919
2494615399
2497638781
2497738951
2501960501
2503747073
2505191839
2506616869
2516234251
2529452153
2529854713
2530618177
2550136681
2552569111
2555210233
2560600351
2562658939
2566148311
2566804501
2575080397
2591636401
2597953639
2598494581
2600660987
2606325481
2609471341
2611465711
2620392641
2623238269
2624354377
2636179789
2636360191
2640060337
2640524797
2642159809
2651858371
2655271249
2658623371
2662337971
2666756401
2670298867
2674839511
2680883617
2684454151
2687746181
2689132321
2690408533
2690411257
2693185507
2695064653
2702920681
2705575501
2709819529
2710424737
2712726073
2715435937
2721721939
2722266149
2722328281
2723859001
2727237559
2735537351
2738861269
2743738003
2752833497
2759875207
2761545403
2762823601
2763271369
2763721921
2766403333
2766752561
2767489561
2769194611
2770343869
2774294279
2774577031
2776024291
2777280923
2778076421
2791053541
2792971513
2798376937
2799904621
2807354881
2808739487
2812050757
2824256377
2824804273
2827328461
2835125357
2838534337
2844080321
2844378031
2851873051
2855290901
2857570489
2860124471
2865465697
2866872781
2869677991
2871890407
2874718849
2880261113
2881429541
2886206401
2886402487
2887696193
2895004927
2904375811
2904942097
2904947363
2908612253
2908920673
2914194931
2916232147
2926230979
2926750843
2933057929
2933588503
2948475473
2950968539
2978766341
2991861181
2993984629
2997462841
3008333333
3009003151
3011747317
3014101261
3014193001
3016957381
3018279559
3022698641
3022923151
3025350343
3028125781
3029314373
3032926753
3037426003
3045763111
3049386451
3051542971
3052676899
3053306273
3054297403
3057693409
3058670677
3059902567
3061988659
3069385057
3070208261
3077122133
3078743357
3090809369
3092057753
3092808787
3093508867
3096326251
3100485943
3105241441
3106994801
3110830003
3112723351
3118411501
3120784151
3126019271
3146509861
3146902111
3148806403
3151437617
3151936681
3156846463
3157579861
3158269453
3161041031
3161757457
3172658653
3174931321
3180981781
3181341239
3182945221
3184139701
3187421077
3189888001
3205414441
3206230849
3208413121
3212703583
3213895051
3215031751
3220022681
3223538641
3229086283
3233558021
3243537751
3243915601
3249335941
3253079677
3255786451
3256366051
3256500551
3257334541
3258281053
3258425633
3259520767
3260589697
3265122451
3267036007
3273820903
3274437343
3277064071
3296403601
3297979873
3299532251
3304861061
3311236741
3311872219
3313196881
3313438801
3322171393
3324006533
3324980209
3327200761
3329433377
3332378867
3334930187
3336065041
3345137431
3349218881
3350054779
3357380669
3371840929
3374428261
3376927691
3378687817
3382261579
3382444097
3383477191
3385568833
3386583001
3400886497
3401018821
3409716931
3415935221
3416715583
3418514317
3419624131
3431362409
3433937167
3434390039
3436450951
3438367631
3440739661
3442833857
3444123547
3447175213
3449243089
3451905451
3457986151
3475359707
3481097201
3482583721
3485324053
3488077321
3491763493
3495943153
3499290419
3512847869
3513150889
3513489607
3520495751
3520565413
3523435681
3524754481
3525054721
3527380819
3527832313
3532275919
3543561529
3547080781
3548851073
3556373647
3563340457
3564570151
3565467361
3568132801
3573576901
3579289351
3581451091
3582244307
3584800801
3590409439
3590963443
3591608021
3599103691
3602550451
3603559681
3604466629
3612825221
3613601473
3628526287
3630992641
3631661801
3638925335
3639210601
3639723979
3642034261
3642077951
3648225377
3650652251
3652809721
3657744091
3661441261
3662851081
3670423747
3671818453
3678934981
3692283211
3695491801
3706815001
3711225751
3714711457
3715741873
3731893177
3741868657
3743072341
3748194217
3748638379
3751218641
3751961263
3760896133
3772354483
3773061337
3779274839
3779491777
3782315881
3785356387
3789843461
3796105951
3800745521
3801299251
3806732051
3807044251
3809018947
3815417629
3816338899
3821259331
3827652991
3832807681
3841813501
3848262053
3849581341
3851865109
3861146287
3863986309
3867119771
3869668351
3872424869
3881746513
3887635753
3894053311
3901062799
3903063601
3907504141
3908975761
3913308601
3925888201
3930291361
3942156529
3949897879
3959921521
3960585721
3964119001
3971095301
3972326051
3972776333
3978348221
3982264199
3984737791
3985306495
3986664571
3988288279
3995268289
3997508267
3999326059
3999337469
4001079391
4001653045
4001715541
4007116621
4009818601
4012212331
4019443759
4025662939
4037015239
4037490451
4039299227
4045222081
4046045257
4048896413
4051585249
4056614563
4059776533
4060942381
4063818721
4064300101
4067565823
4069007587
4076419609
4078414661
4095040411
4107548593
4108970251
4113697639
4113768961
4115799197
4125258151
4130796589
4131373297
4134242689
4145350753
4162874119
4168620331
4169906941
4175289271
4183901261
4184886581
4187360341
4190638129
4204132237
4207181161
4215387229
4217070149
4222411337
4227296977
4230045667
4230927919
4231383173
4235818861
4250002321
4250285183
4254929197
4256226371
4258737073
4271121161
4275815783
4278338369
4282460053
4282863751
4283157583
4283445403
4285067113
4291402651
