39
1387
1513
2965
4371
5461
5713
6541
13051
23591
25363
31021
31753
44173
45601
57979
60481
65281
66197
66397
83333
88357
88831
90361
114133
120205
125563
148417
151313
154129
169051
170969
197489
202501
229633
270901
286903
294601
310381
328021
340033
360533
402469
411661
425153
439291
458833
465505
504913
525673
556421
578771
617605
619291
652891
678985
679729
722261
770251
816565
821371
859951
873361
875953
878219
903169
906193
938431
950797
986371
994507
1032533
1033913
1049959
1074529
1119431
1122769
1127611
1152271
1207361
1314631
1342123
1373653
1374517
1414101
1627921
1711711
1717633
1735147
1834837
1970701
2035153
2064479
2169611
2259583
2265889
2284453
2299081
2349617
2376601
2387797
2457985
2487941
2510569
2562037
2630071
2713201
2722721
2753761
2781241
2816449
2869921
2987167
3006877
3146221
3270403
3273463
3309967
3363121
3470041
3487681
3542533
3647621
3658033
3764307
3815011
3828001
3924439
3946717
3967009
4070389
4255903
4330861
4368619
4441501
4443871
4547299
4605701
4671577
4686391
4713361
4779139
4823683
4935701
5122133
5141239
5292631
5419751
5423713
5504299
5575501
5882647
5952937
6027193
6089071
6183521
6186403
6255831
6301651
6444901
6548851
6565651
6631549
6642217
6885751
6993193
7095245
7299139
7502743
7566001
7651253
7666369
7827121
7996067
8033131
8086231
8163877
8231653
8293381
8394031
8576191
8602513
8866681
8871283
9006401
9056881
9118801
9172357
9503341
9621811
9692077
9717247
9739491
9759097
9952051
10262881
10267951
10351849
10554961
10637941
10719001
10880137
10887967
10974881
11146561
11182421
11222017
11285167
11349703
11736211
11765293
11809991
12322133
12435501
12479063
12691967
12761491
12928249
12982285
13057787
13113101
13807477
13888513
13892909
14063281
14223061
14251381
14256313
14414101
14469841
14608133
14609401
14652991
14676841
14765561
15188557
15444917
15532453
15576571
15678587
15978007
16254253
16355341
16494143
16526641
16713577
17174561
17576521
18443701
18875711
19198021
19205071
19295761
19530757
19981237
20081953
20117467
20196013
20722561
20741821
20944841
21001223
21032089
21165643
21654533
21810359
21900443
21934081
22005583
22053553
22080745
22191553
22207879
22817611
22992661
23759881
23871013
24482503
25052527
25172033
25276421
25452061
25462501
25977803
26038171
26367745
26576233
26590411
26749171
26947523
26977001
27509653
27523681
27543979
27872443
28373437
28452601
29243521
29369831
29377801
29656639
29657827
29809459
30058381
30301441
30675241
30741811
30975121
30980731
31251361
31252597
31437121
31817633
31902553
32028697
32095057
32130361
32978909
33704101
33840397
33848767
33931423
34702361
35147113
35283151
35691133
37115707
37313893
37649503
38206911
38654197
38710039
39016001
39545221
39743821
41069047
41090011
41132051
41248201
41342849
41662297
41706601
42318277
42529951
43036003
44335657
44482901
44731051
45956971
46030961
46094401
46112921
46588191
47131657
47253781
47356171
47503471
47583397
47712757
47712883
48019001
48042289
48304481
48764179
48796369
49252699
49284107
49492039
50393881
50754779
50997451
51088133
51533929
52869601
52952131
53169877
53390611
54206657
55291913
56350243
57771227
58329613
58724821
59836573
60147991
60398801
61097219
61789141
63215881
63553621
63589189
64266427
64377991
65731381
66540701
66573151
67104511
68144833
68242861
68438261
68812873
68956207
69139201
69796981
70881859
71325437
71558101
71592751
71953561
72884701
73945171
74222857
74328013
74420809
75312641
75320341
75663451
75729901
75841111
75888037
77009419
77218681
77336449
78206917
78326405
78788945
78954893
80936929
81926461
82606231
84318301
84350561
85318111
85400701
85747393
86038261
86687501
86776471
87073309
87224701
87499651
87505651
87670837
88020833
88967551
89532271
90034429
90682061
90698401
91132207
92572561
92596351
93709073
93944467
94037287
94343057
95391409
96028001
96844609
96904081
97768397
98114773
98624683
99379279
99898801
100666297
101049089
101519057
103007921
103240321
103921163
105056057
105189949
106289497
106491841
108467209
109437751
109521457
110084753
111161041
111246031
112819801
113197061
113310289
113539609
113646593
114366313
114910489
115348537
116321617
116443213
118090321
118189633
118632961
119693267
120183361
120236707
120702529
123166619
123771511
124028519
124574413
124671541
125122099
125707105
126454753
127535651
129623917
130008451
130670401
131897221
132540409
133246711
133391611
134261051
134295061
134314891
134777221
136222129
137760001
138264001
138336661
138907837
139180801
139519183
139549393
141178201
142087481
142320641
142615721
144326951
145206361
145863911
145966021
146843929
147663001
148910653
149293261
150988753
151327201
152179147
152255611
152279063
152643877
153170161
154626187
154676341
155239979
155859241
157010389
157119551
158377381
159160751
159874021
161005573
161528527
162749057
163206271
165283471
165689257
167579497
167881121
168298957
168380251
169396921
169500833
169771541
170449249
170938531
171082537
171160351
172635409
173309281
174311617
174479729
174598387
174953021
176117041
177021469
177254533
177349147
178837201
180089251
180115489
180198971
180484163
181284013
183778607
184071581
185040703
185389891
185653333
186343147
189482107
189572167
189686503
190564681
193296517
193409701
193605641
194747887
195072571
195589483
196240897
196943041
197511121
198632617
200016811
200396029
201789127
201980651
202276621
203089927
203269177
204456793
206486281
207088261
208029001
211887787
212146507
212348791
212390611
212561911
212942137
215335261
216431041
217127821
218649649
219176413
219692821
221793391
222306197
225504311
226366003
228573307
229671451
230300857
231021781
232460821
232610701
234546313
234716791
234870301
235513351
235638001
239806561
241955701
243084001
243692489
244061371
245008531
246732553
247536811
248054129
248270773
248998829
250436033
251366009
251624413
251753441
251855893
257623021
258503701
258910513
259162273
259526983
259949171
260118697
260736341
263428181
263889811
265897217
267816401
268570051
268626181
269524009
269547739
274867111
275373601
275792183
276312961
281687311
281907781
282863117
283267531
286785713
287449091
288812389
289082753
289140151
289886269
290434021
290646431
295350001
300164287
300580237
302204033
303091507
303438259
304788013
305464661
306426871
308093761
308428231
309148153
311671361
311885641
312214157
312223213
312485167
314316391
315351521
316382851
317641171
318465703
319195073
319489873
319866193
320454751
321781633
323292929
324766063
325511861
329153653
330115589
330286741
332480051
332976961
333564713
334304039
336477041
339228343
340735951
342859843
344164087
345539869
345674071
346011719
346030147
348294449
348374407
349369021
352092001
353343281
353390977
353573281
353722513
354390037
356450791
356638231
357491513
357810181
357824111
359337351
359854381
361313731
363961753
364282381
367013401
367678981
368030287
369687817
371283067
371470321
372661441
373588871
376302757
379546487
379691657
381604843
384220219
384365827
384824441
385448617
386804809
386952421
387188561
388695301
391938301
396247069
397608751
397934461
398846779
400888867
401222011
403095967
404020777
406833487
406880657
407437801
410046677
411391801
411626161
412402631
413670661
415249297
415327651
417345673
418093651
419184481
421138801
421150801
422358301
424203445
424875361
428651011
428716261
429343393
430940651
431471281
433222327
435648901
435708241
436198687
437444431
437496259
437732587
438249907
439130521
439331491
440219011
442833481
443407469
443708917
445126159
445649971
445714501
447096679
448688641
452040751
452799379
453196927
454305349
454766287
454938661
455712913
455829751
456689773
456759073
457884649
458256397
461272267
461965001
462849931
462867319
464079131
464169259
465231251
466723669
466758181
467525629
468977029
469002841
469328203
470000833
473750371
474409561
474892741
475441777
477199361
478614067
478784381
479586301
481846429
482120827
482278861
485106091
486386251
486992881
488787001
489644453
490643591
490894111
494680261
495600449
495832231
496396891
499445041
500159521
500985941
502747801
504149231
506349421
511203551
512977327
513532423
515526421
521128513
522388441
525785641
531935477
532450507
536003453
536680621
536682511
539537941
542865727
545670533
545738203
546117301
546498019
546803083
549679747
550437031
551511941
554118661
554494951
556560871
557163157
557548801
558035713
559031881
561637861
562467361
562811657
563031613
564985237
568267207
569507579
569561779
569720321
570605713
573862021
575133131
575349781
576691741
577232657
578003091
578185301
579606301
579956653
584067179
597005359
597440689
597458413
598921801
599135767
599788801
600374351
600790259
604009891
604125061
605553331
605731971
606681811
608030417
608506651
609688801
609813781
610414807
612546793
614120113
614684201
614695621
615752051
616026811
620928533
621078301
623751767
628903213
629130449
630888481
633166231
635129681
638849873
641490697
641814179
649235341
649775089
650471329
650982907
651514753
652923521
653939645
655490081
661956517
665179091
666684349
667563487
669535561
669546433
670208533
670567301
671933971
672094501
672179257
673122433
673778827
676178011
677989999
678935893
679975003
685797841
685846561
690801229
691669441
694536961
696107119
696447181
697423429
697821857
699654073
699774497
701978941
706536601
707197261
710981011
711304903
713197939
713946133
718353901
724615651
726651901
728458501
729090001
730313501
732302231
732795901
733785799
737157581
739009069
739444021
740587361
741985921
745708657
746788381
748604033
749496089
751599091
751705597
752574061
755662951
756557047
757039709
758056531
759472561
759638881
760131139
763009939
766393729
768137849
768404251
770897977
774857623
775468121
780413761
781249591
781399081
783623917
787378051
789445691
797947741
805454929
805470307
805505957
808562791
808635521
809736121
811478533
820331551
822018961
824600683
827980471
829024813
830674561
831821327
836203457
836772743
839208439
839328697
840244651
842082361
843161887
844158001
844779769
845376533
852081121
854801677
856301227
859538839
861705601
866300881
866327851
867323521
882189001
884584891
886922851
890643931
890799121
897756751
898676131
899140397
899600833
903326689
905655661
908540011
911007151
911484421
913620779
914348737
919510381
920590771
922026877
923463019
923992807
925749079
926335171
927628417
928937971
930785857
931970449
934968217
938729899
939448693
941580973
942520597
943685959
946323841
946550431
949231441
949376737
949904173
953370133
955609903
958121137
960402661
960527189
962325271
967423153
969716551
970670227
975516757
977770531
978563041
982282921
983778269
984232861
988145341
988404583
989014183
989961103
991609921
992963233
994117001
996196741
996310927
1004585077
1004752181
1005347537
1009918351
1010624689
1011279127
1011319501
1014975391
1021118017
1023640381
1024516693
1024651321
1025823613
1027350853
1028591801
1028939117
1029314849
1030670731
1030758301
1030798261
1032954497
1033147361
1034252929
1039247719
1040884993
1043259361
1047340963
1048470061
1050211189
1053094001
1055437633
1055608219
1058989231
1060648213
1060709317
1061493457
1061703889
1061933797
1063801909
1065190351
1066972301
1067815841
1068439969
1070063191
1070941987
1072581277
1075788739
1075873933
1076271379
1080393491
1080956827
1081274671
1082703623
1085117101
1091327579
1094042321
1096925101
1097484085
1099202441
1102324141
1104254197
1105581121
1107986701
1108752401
1108973251
1110027851
1115222681
1117004257
1121676013
1124941921
1125038377
1125291823
1126587151
1129716811
1130354681
1132002847
1134800509
1135428031
1137389749
1138604107
1139692207
1141093381
1142099333
1145170153
1146186997
1147018787
1147710211
1149965639
1157028571
1157839381
1159265353
1159828993
1161366391
1161562823
1164666493
1168221121
1168924303
1172737147
1178867119
1179740161
1182385121
1182975193
1183888861
1184554801
1186915861
1188033463
1188622657
1189171201
1192548641
1193229577
1195425001
1199794151
1203912161
1204205449
1204634677
1204840051
1205045761
1208006497
1208236741
1208666161
1211847547
1212303241
1213619761
1217107079
1218549697
1219236409
1225055371
1226862677
1229956003
1235583931
1235722801
1238921591
1242693901
1244290657
1247875903
1251068491
1254008449
1254150661
1257216577
1257495331
1257776251
1259514281
1260332137
1261570133
1263293281
1264507291
1266989701
1270962001
1271684401
1273790341
1274640527
1275619753
1277483341
1280837381
1282349209
1282875397
1284674969
1291412431
1292198137
1293661513
1295074171
1296018197
1296097001
1296613501
1300124789
1305396541
1306450081
1311255661
1314780557
1316475749
1316515429
1318755439
1323465109
1323646561
1326125161
1327026403
1334590273
1334753711
1339470133
1339722913
1342082141
1343561773
1343575381
1345795391
1346624533
1349541337
1349640001
1353332417
1356057979
1362483907
1368696421
1369932427
1371700705
1378511947
1384887529
1387286569
1388390291
1394632891
1396597861
1397149129
1397357851
1402248403
1404971591
1405748959
1406901961
1408348451
1410521941
1413750031
1414755619
1416144133
1417897909
1423837477
1425860101
1427107681
1434177821
1436340509
1439640889
1442100001
1453548403
1458128179
1465454101
1469768653
1470521377
1475508161
1479609217
1484080291
1486728641
1489791283
1495741411
1496233003
1496733841
1497192269
1497262321
1500759751
1502759701
1505442901
1508931511
1508953447
1513490609
1513912109
1516429531
1518161833
1521641707
1522669051
1530159247
1532589781
1536931229
1538331463
1538538949
1540117801
1542818611
1543350187
1547125507
1550581231
1555631221
1563960913
1565401111
1566954401
1573822337
1579079503
1583230241
1584498187
1589853281
1592595703
1592892589
1594058857
1595622997
1596376081
1599366649
1607988229
1609417651
1610456959
1614654397
1616767939
1619803517
1624305121
1624628251
1628692201
1633201711
1638564181
1640857177
1643962069
1646710099
1647328181
1648076041
1649863717
1650529493
1650682153
1653304087
1653415091
1653746233
1656207323
1657637939
1660974121
1661184601
1662784117
1667638711
1668851161
1669922983
1674503821
1680178637
1684567777
1687323793
1692314587
1694805389
1694990641
1696969441
1698377731
1700085073
1701237101
1706947201
1709881273
1710313753
1710753001
1711725229
1715427451
1717335751
1723660431
1726372441
1728960133
1731207421
1739864449
1743657931
1744262081
1747582351
1749124829
1751282959
1752172003
1757010817
1760746501
1761167409
1763981381
1767126913
1774738621
1779055741
1781355853
1788432193
1788745141
1790298091
1799772721
1802936959
1805536399
1815110263
1816712251
1818827141
1824794791
1825746071
1827791281
1830611599
1831947001
1835571103
1837686449
1838494297
1844641891
1845356141
1845840961
1846620277
1848123811
1851476449
1857168991
1870869691
1874215241
1877674987
1878810697
1879460087
1880504033
1882607651
1887446161
1892594401
1893427981
1896737701
1897503211
1899660547
1900687381
1904524903
1906235119
1906722439
1908933083
1914824297
1915503553
1918838431
1920301951
1922485969
1930640941
1934297011
1939640641
1942477909
1943810299
1951318561
1962730531
1966146451
1971217361
1973163791
1973488441
1973800753
1975336273
1977947791
1992288761
1994087761
1995784961
2000502631
2001576569
2002603807
2003220161
2006700301
2009745697
2012391937
2012592817
2019001727
2028416021
2032871681
2034039871
2037732451
2041190383
2044431541
2046770701
2052867931
2054743241
2058066701
2058751477
2059543553
2060668261
2068867841
2069182981
2083048927
2084488697
2094177403
2096709851
2097044641
2098469251
2099155537
2104788151
2104905211
2107263551
2112112001
2112985351
2115769633
2125196893
2126773741
2135777789
2137368691
2138192081
2139462991
2140029271
2140106041
2141033203
2141340833
2142324367
2151345577
2151663589
2161216081
2162366251
2165849281
2167705723
2172026161
2172550441
2177085241
2178612697
2181591281
2184498713
2184851527
2185362233
2186779229
2189197501
2192220161
2197525801
2199931651
2202101761
2204578769
2217879901
2219222953
2220775813
2228389321
2231112391
2236928341
2237871367
2239679287
2242724851
2245238179
2248354153
2250292687
2254796281
2262861901
2264745313
2269307587
2271784087
2274364171
2276606503
2277246991
2278450277
2279503381
2279654441
2283823669
2286489397
2290361221
2290647061
2293014533
2295654937
2298363451
2300319061
2303090617
2303936251
2305594513
2305821181
2307480211
2310085597
2310391639
2314822273
2317576801
2323147201
2326616161
2328205111
2330485121
2330569541
2337063019
2341728721
2341843729
2347958341
2355050149
2355230749
2361562583
2362421953
2374143157
2380603501
2380653731
2383601683
2383905037
2388339103
2388651673
2395483927
2400196891
2401958659
2403802133
2416829357
2417081857
2426509621
2426831191
2433595141
2439600833
2445190021
2446810957
2452359457
2456536681
2457617207
2466119041
2468270641
2472431959
2477922691
2478845569
2481091537
2482014529
2490300979
2491349807
2493070471
2499853333
2504611201
2506722931
2508747841
2516234251
2517714091
2519186671
2519338771
2523917705
2525900833
2528706251
2532630787
2534377369
2534660663
2536667927
2536737361
2562524581
2562814621
2564775679
2572534147
2575848043
2577345541
2596912471
2598636613
2602378721
2624797477
2626769521
2626783921
2630374741
2633703073
2649273433
2655787361
2660050051
2666043031
2666095891
2669797057
2682026689
2687747119
2692976623
2693185507
2695064653
2698659361
2714900581
2722486673
2724582251
2729818709
2730833899
2734240801
2738184697
2738925901
2740935979
2741365189
2741970521
2748826651
2749558369
2756209831
2756446663
2760796501
2764447583
2764608001
2766403333
2773959361
2787663079
2790856751
2791053541
2802587131
2814177901
2814448009
2821548577
2825682553
2827462879
2830943639
2832384133
2833241153
2835560701
2857787731
2859429737
2859483889
2865582901
2869376819
2871232033
2872885969
2879701973
2881429741
2884465729
2899236757
2915858177
2927963231
2932556717
2935995679
2943195421
2944080133
2945549881
2954538497
2956724317
2964984611
2966478859
2967053953
2970039341
2975096953
2978036429
2979575009
2982398101
2983900033
2984551351
2995146179
3006170953
3014672431
3024695521
3034858399
3042630533
3046165501
3048649861
3049006621
3056666881
3061083169
3061475269
3068136839
3071032117
3078033113
3083295601
3087486361
3091081951
3098430737
3103547393
3106212013
3107272999
3112723351
3112957049
3114995291
3118592377
3118803931
3126951133
3130386821
3138333901
3144513301
3149218381
3152915239
3161053351
3163106953
3163630537
3168847441
3171651751
3177963517
3181341239
3182945221
3185374321
3189290437
3190106431
3200985217
3202169653
3210281923
3211036165
3214883933
3217536709
3228044821
3228492961
3233558021
3247029787
3247550081
3251835001
3253404013
3257334541
3259595539
3267226909
3268506541
3268584617
3270933121
3273820903
3278151631
3281593591
3286184287
3295217971
3315560671
3323829169
3324006533
3329284561
3330919201
3337576201
3340984501
3350863309
3357889921
3358551043
3362216257
3363763231
3364070533
3373684081
3374091997
3377676763
3380848153
3381948151
3382247243
3382900921
3382983521
3383614291
3395120977
3398639791
3401510113
3402785233
3403593901
3403953463
3405176809
3406357013
3407609221
3412575097
3420678707
3422513537
3423443563
3438861301
3442964671
3445230661
3451617271
3455555401
3462909031
3463035577
3468090991
3469828477
3480387041
3480548191
3484107841
3493069141
3493623121
3493744151
3497642209
3507048469
3508045309
3515096509
3515122717
3517281923
3519059671
3527814331
3544188451
3546064919
3547602901
3548607841
3562387291
3565437751
3568588817
3574087859
3578772913
3585188881
3586256521
3595831207
3602111437
3612298321
3614083747
3614100547
3615884801
3621384397
3623842273
3629869237
3629871451
3631418561
3632918851
3638519909
3640883473
3643480501
3646613587
3651150331
3660393741
3662387977
3665407517
3666242467
3668926801
3672754633
3676656961
3679113199
3686149619
3692398781
3696962351
3702537541
3702541967
3713521033
3718428121
3722330041
3736293461
3755117081
3761091937
3768968251
3778172311
3780038989
3789843461
3794005681
3794199419
3801583981
3813919453
3821233121
3832807681
3838062691
3838062881
3842941741
3844837651
3846923401
3864853477
3869447089
3878275717
3881445751
3882729131
3886660031
3887683021
3892244491
3892503691
3895046191
3901632313
3910653577
3917319841
3920350201
3922205981
3924224357
3929216551
3932374781
3934940833
3937526911
3949897879
3953949421
3955367417
3955764121
3958955551
3970677341
3971095301
3975630361
3976223131
3976390441
3983312257
3983895001
3990545593
3990585761
4001715541
4002592133
4003487857
4008420039
4015815481
4030698673
4047100289
4050782431
4056100847
4056432019
4061219489
4063581341
4070202841
4071166031
4075241633
4082600341
4085454781
4093058017
4103133673
4103745689
4112485301
4113586837
4116684133
4133928761
4137377077
4144945351
4147919821
4151351263
4156837963
4160927761
4167848221
4168061437
4169287081
4171662811
4174598143
4187318719
4196497777
4197353581
4207094371
4227243337
4227801217
4231459597
4232082571
4234009397
4235941561
4256352907
4263649699
4264873561
4267277291
4268235269
4275230917
4289470021
4289641621
4292302577
4293088801
