15
25
75
91
427
511
793
949
1387
1729
4453
4577
5551
6541
6643
7421
13333
13747
14295
15067
15135
27613
31171
38503
45025
55831
57889
76177
88357
88831
99499
115231
126217
133141
134413
146611
147109
176149
191479
197011
197633
223777
227767
229633
242191
262483
265651
267859
286903
363091
369749
380011
390937
405223
481601
497503
506353
546133
555397
597871
615851
633907
701143
701893
721519
736291
756937
763813
782341
787081
792343
801643
803701
816073
838201
906553
935389
943579
943669
951481
961577
1004431
1026659
1029241
1081649
1082401
1082809
1099891
1176961
1223707
1237873
1293337
1348327
1400977
1403273
1420579
1460611
1569107
1690147
1735691
1784791
1804483
1822177
1824781
1863907
1899451
2094821
2103949
2251549
2284453
2352421
2455921
2519749
2527365
2538251
2609581
2639737
2699551
2727649
2781241
2821129
2830213
2898449
2931721
3152143
3247861
3342827
3363121
3387781
3593863
3634633
3768451
3853117
3862207
3903257
3945871
4054433
4150387
4255903
4297057
4335241
4441681
4561481
4608229
4782541
4782553
4798117
4871287
5222449
5317489
5324749
5467201
5609629
5694749
5712253
5845633
5876261
5903497
5917351
5934391
5968873
6070519
6140161
6145093
6154219
6186403
6188869
6295969
6368689
6405601
6504989
6724081
6736969
6836611
6851521
6955541
6987457
7110793
7353529
7571881
7640509
7725901
7873681
7961801
8151247
8163167
8175421
8222617
8333333
8417281
8725753
8865053
8899661
8902741
9557227
9729721
9973965
10031653
10292941
10303151
10402237
10403641
10509751
10635751
11182421
11354995
11415301
11767001
11780341
11805907
11811907
12404899
12494593
12555619
12890503
12942823
12968677
12975691
13012651
13073941
13265407
13500433
13517041
13654279
13821193
13909559
14381803
14384179
14423655
14579527
14608133
14635545
14781181
14794081
14800391
14843767
15070481
15082129
15232537
15836329
15927199
15978007
16070429
16218035
16277581
16355809
16945633
16994341
17074801
17449417
17603617
17812033
17928001
18024751
18124177
18225703
18340657
18342241
18674713
18736381
18890341
18904429
18933581
19328653
19473001
19553827
19578847
19890361
20081953
20169001
20234341
20450641
21395611
21400481
21696841
21953593
22266487
22369621
22448513
22533761
22721791
22724581
22893667
23148253
23270393
23323573
23346509
23912657
24179347
24651991
24894143
24904153
24957997
24966913
25248851
25407825
25633693
25691401
25792849
25834627
25873381
26277211
26387209
26597227
27129887
27191011
27455599
28391767
28405681
28406953
28527049
29847727
29871937
29981101
30135367
30139411
30770767
31040833
31317949
31470211
31715713
31918987
32109391
32291623
32322067
32672053
32681017
32683201
32813831
33120341
33600533
33974461
34292441
34509619
34590403
34657141
34856167
34890481
35281721
35327053
35410253
35878543
36142849
36147871
36255451
36405559
36803201
36862129
37093607
37158427
37232401
37439201
37964809
38224981
38845297
39272833
39784001
39928081
40098301
40272013
40325041
40538651
40621591
40722761
40863061
41710411
42149971
42275567
42702661
42714937
43195387
43661257
44519119
44829601
44852039
45175201
45430225
45451121
45559729
45786133
46633861
46833229
47253781
47903701
48191653
48278537
48418273
48770893
48949561
49643479
49735351
50403709
50437651
51088133
52595713
52711121
52818977
52900237
54255521
54943781
55376569
55384033
56052361
56274013
56322961
56719657
58137649
58354201
58465933
58595563
58756057
58813511
58859441
58986091
59318533
59953741
60702203
60844843
61171951
61189201
62579137
63083389
63508873
64102391
64232191
64254191
64961051
65062369
65199443
65294047
65349253
65429569
66180661
66489751
66838801
67642513
67902031
68061031
68182003
68314357
68656813
68881267
68900411
69029291
69485281
70780777
71035075
71562961
71592751
72409639
72559987
73240687
73576189
73580077
73645001
74956201
75012943
75655189
75663451
75681541
75847681
76292161
76680823
77302601
77594653
78793849
78892141
79398901
79624621
80207381
80826121
81287803
81376903
81707849
82590157
82606231
84162781
84811483
86739073
86849857
87558127
88020833
88132169
88342759
88930463
89421931
89532271
89644605
90178901
90218287
90823279
91104367
91616801
92158441
92958881
93358651
93563341
94107763
95297695
96297449
96878101
96882325
96904081
97788013
99138631
99458773
99898801
100891993
101275441
101916901
102601297
103042241
103340777
103699657
104192551
105853357
106079761
106898401
107903617
108596953
108867097
110504591
110976841
111428377
111650051
112032001
113395759
113955089
114254009
114360979
114366313
114842677
115741981
115805593
116414779
117803575
118244611
119246297
122162113
122694391
122839417
123151969
123771511
124028519
124038337
125669701
125686241
126762109
126818161
127286881
127419373
127710563
128029717
128047261
128192659
129604121
130026961
130497361
130827817
130944133
131028371
131109031
132077659
132142837
132375061
133303441
133335341
134046469
134355737
134767153
134777221
135263269
135490681
135859033
137433751
138736153
140126761
141597451
141618181
142131553
142164301
143145157
143433467
143971777
144454663
145072351
145072409
145206361
145365881
145863911
146272901
146560571
146807497
147586339
148093543
148436209
148719601
149397585
149532571
149735393
150024253
150858553
151659619
152007959
152368133
152468407
152797927
152963791
153221359
153405673
154010221
154011467
154157599
154352269
154498081
155161843
155203361
156045709
156229723
157399409
160125109
160470901
160571923
161438671
162002641
162243091
162400393
162676337
162753031
162776041
163069957
163892587
163903039
164138801
164289931
164292577
164451709
165733681
167472451
169234003
169399189
169960201
170007419
170491777
171068893
171356527
172116181
173578417
175308101
176728621
177730279
178482151
178503967
178760551
179541727
180401041
180874201
180947989
181011169
182026081
182062567
183370447
183437881
185861749
186292621
186909229
188821951
189231997
189686503
189734791
190382161
190857395
192800833
192857761
193197593
193398193
193862251
195117889
195218167
195769513
195955033
196240897
196287391
196448053
197239591
198075781
198287449
199104533
201182957
201576523
202181351
203248279
204814679
207324961
207361225
208467673
209187821
209831381
210023917
210465481
210720703
210820499
211934941
212730467
214255201
217608869
219367019
220883521
221257609
222055111
222571231
223051141
223582267
223646977
223839001
224054641
224874091
225130321
225853633
225876061
226333493
226366003
226907881
228988033
230088667
231405701
234021217
234870301
236605381
237687851
238363049
239211547
241094491
241676071
241933537
242650717
243200299
243536221
243576341
244209949
244789781
244855801
244971371
246180019
246475711
249679501
252236647
252374401
252722557
252876871
255444589
255866131
257596811
258029003
258877721
260518801
261125747
261624313
262480501
262599023
262734199
262833871
263295143
263735281
266925601
267991201
268626181
269232617
273765451
274937851
277997833
281002861
282076213
282610441
283020013
283215751
283278311
283628251
283647601
283732621
284297059
285258481
286023403
286257089
287449091
290344753
291526033
292227553
293209531
295419097
295675069
295995841
297392899
297404801
298355713
298738801
299789221
300014551
300644389
306191621
306503677
309610513
309816557
310233073
310701119
312223213
313192657
313338061
314160191
317749693
319071061
319113791
319261727
321886139
324474277
324780377
325479043
325865069
326405713
326931601
327524737
327553921
329422369
330262843
330604709
330628321
331603201
332740981
333486833
334585441
335277671
337185073
340775569
343306351
346099051
347368657
349470703
350124937
352459697
353596321
356643211
357200533
357573761
358069981
359705371
362655779
363972361
364754413
365485177
366487201
367589581
368476501
369641611
369733601
371159051
373942801
374753633
374826475
376361441
376972219
378682537
378928369
379873229
380146075
384701953
385785667
386649121
388082683
388592881
388920613
391665079
393010939
393950797
394255261
396080551
397608751
397665053
400253701
401100881
401427937
403044181
403136449
403667377
404350213
406097281
406629679
410062381
411840833
413670661
415920331
416474137
416818321
417027451
418617281
419184481
419894021
420376501
420573217
422600141
422865451
423127783
425671429
426448411
427815937
427980037
431271361
433566337
434181529
435860497
436644391
437029477
438181327
439309261
439331491
445210151
445242337
446715221
450918631
451773221
452023213
453786919
453800761
453992111
454766287
455925949
456196183
456660517
457513351
457636661
459230599
459248641
462169891
462930133
463628551
464978147
465658903
466758181
466850221
468887509
471264613
471928321
472391569
472708321
473170801
473333251
474537923
474663887
475878313
475969231
478035889
479586301
480679669
481637381
483029821
483276025
483931289
486992881
487119137
488328913
490040029
490500121
490894111
493961737
494680261
495665281
496567553
500055931
503410753
504833257
506342131
507520133
507635641
507960001
510152569
511015489
511089809
511408171
512626201
512718347
514751221
516720163
518859925
522047107
523104247
523770031
525124867
525726541
527954017
532800133
533202541
534293761
536263201
536457367
536680621
538488283
538612249
539537941
542761301
544187917
544854619
544861633
544952341
545296331
549308761
549724033
551140129
552013309
553899067
553976281
554505121
555321007
556767251
557160241
557163157
557876479
559197697
561913921
562960007
564331697
564770081
564856561
566410891
567576145
568990981
569784403
571174297
575349781
576295591
577556747
582741541
583249411
585636827
586862737
587336401
590356357
591043771
592733989
592769633
592953901
593605351
594478441
595089577
598239007
599094973
600251041
601171201
601210951
604630811
606580063
608016599
609260767
609361567
610712593
612816751
612833677
613808131
613919461
614120113
620169409
620263117
622137601
623662903
624118801
625482001
625933471
627169141
628741933
628903213
629021017
629836201
632627209
633289807
633795961
633890351
634467461
634488961
634663349
635081071
638956501
642045313
643543291
643831189
644453633
644520599
645939577
647817913
648858841
649735477
650320471
655523311
659406541
660958363
663699961
664574653
667059121
667578871
671956561
672911737
681619571
682460501
686059921
687863233
693870913
696447181
697423429
699873859
705175021
705832801
710541481
710617861
710663711
710713631
711304903
712436149
712676071
713253421
715427861
715435447
716169301
718353901
720385903
721807201
721850497
722841809
723606391
723608047
724613581
725103077
726366001
726719743
728851507
734523901
735039337
735793147
735972553
736478489
737846551
739643491
739942933
741981871
743145943
743480321
743574901
747628267
748419127
748691591
754348891
763997057
764636569
765186581
765191371
765947911
769006153
769355161
772702531
773163353
773306821
774109627
775136251
775167457
775368901
776342533
777613717
779694121
779786131
781744129
784202581
788246341
792049381
792447521
792947611
793342243
793813333
793880371
806067241
808864831
809506133
810097601
810578537
811046221
812036461
814467133
814878541
818856377
822018961
823839241
826945621
827336017
832656701
832870891
833267737
833406767
833610751
840440833
841217653
841741237
843153763
844841651
845376533
849369673
849495067
850276813
853375993
855050701
855073301
864685021
866750707
868088341
869930731
874014031
876850801
881214067
881433061
881824291
882096049
882189001
883618297
884584891
885146201
885960973
887407039
890687621
892186241
893382209
894397793
895489757
896231953
899908363
901174657
901540657
902355229
902645857
902786977
906130261
906471301
907323421
907475851
908219251
908442401
909552659
922238101
926917813
928766257
930362929
931299937
933776929
936662687
941056273
944832533
946495369
946622093
947822149
948278131
950693251
952683337
954199819
954732853
955515529
955894301
956358913
959394019
967287751
968283247
970399651
972357013
974099389
976452667
981403987
982589581
983898325
994113451
997353121
998033401
998261989
1005402133
1005745261
1005840991
1008216553
1008793699
1012854643
1014328603
1015269391
1017579203
1018125187
1020220661
1022693101
1022868911
1023685349
1025281687
1026587521
1027744453
1032101461
1032545755
1035246349
1036969627
1038947081
1039470391
1040295691
1040713549
1041265501
1043919787
1048234321
1048478413
1049917867
1053935917
1055512369
1057062913
1057109131
1059492961
1062418351
1066624201
1067802667
1069143961
1069207813
1069979689
1077702193
1084444481
1085369767
1086296257
1086571641
1090498081
1096651921
1098824521
1099407457
1101376711
1102513987
1105322653
1111588801
1112831791
1123406047
1124311907
1126203121
1126414073
1128721981
1135103867
1135577953
1138924711
1142408257
1145632333
1155314371
1156052017
1157375143
1157420947
1159031821
1160704315
1162857151
1175248961
1182574751
1183709759
1184837683
1186915861
1192412033
1192815779
1193229577
1193285761
1193882161
1197997249
1198880261
1199418721
1201002301
1201006501
1201972591
1203447079
1204206251
1215354241
1216506373
1217916001
1218386353
1218875573
1222277443
1224502273
1229886841
1229956003
1238517649
1239193451
1239927193
1243177237
1248561061
1249785941
1254141121
1254613963
1257216577
1259514281
1259994881
1264649761
1266054193
1272179497
1275191969
1280837381
1286298133
1294261781
1295074171
1295813759
1301856601
1302257197
1302745481
1305208297
1307004641
1307520469
1308744073
1312845661
1314817687
1322352721
1330872913
1333215703
1335361609
1335954547
1338247681
1352581201
1353332417
1357104091
1358024527
1359049021
1363200833
1366704319
1368769681
1373095051
1374142151
1376331833
1379598221
1382453333
1389675541
1393006463
1394632891
1395007451
1396340569
1397357851
1398039887
1404662239
1405233919
1411211051
1416819689
1418617961
1425524563
1433928581
1437684931
1438788821
1441038187
1441105939
1444957753
1446298309
1447465501
1448437657
1448544371
1450180673
1453548403
1456899313
1458051337
1463131781
1463992661
1465749451
1467260621
1468191121
1469768653
1471432271
1471568239
1477054681
1478791951
1479276223
1481790157
1489022263
1492973761
1495170073
1499340707
1500940531
1501882201
1502751637
1504248301
1504832033
1506578933
1508953447
1513717081
1515175087
1518738157
1528254817
1528936501
1529648231
1533555271
1539620941
1545019813
1547280901
1549977089
1556118481
1559218411
1564344293
1566511453
1568259001
1568858689
1570997431
1576796021
1580260501
1587455939
1587763381
1590316939
1595288773
1600425773
1602758977
1608935239
1609098583
1612541209
1613313973
1613809601
1614005089
1618070737
1620149701
1623298561
1626557011
1629202807
1632562663
1633548817
1633572379
1637181571
1643962069
1645859251
1646710099
1648964747
1650682153
1652894335
1658291461
1660201219
1660521721
1663067641
1664742217
1667989217
1668399661
1668652253
1668971053
1669093211
1671568403
1673513731
1674578341
1681729921
1686052481
1688983957
1692605041
1694998831
1700327353
1702102121
1702172911
1702466221
1703130133
1705344253
1706699809
1707893947
1708549501
1725217121
1726786843
1729633751
1731368521
1734443551
1738190981
1738204807
1744680053
1744735147
1759735459
1764424099
1773806413
1775658259
1783630379
1784323201
1796734241
1800864253
1803308057
1804075939
1805486401
1808980231
1812063151
1812498133
1820306953
1822225951
1823174413
1823380921
1829676047
1835367931
1835875207
1841715481
1842249517
1842743537
1850512663
1854238411
1855374467
1858098497
1859985199
1860988501
1861153309
1864009153
1865933257
1867289257
1867906721
1868076451
1872752953
1878691753
1887296737
1888856261
1893273913
1893427981
1894573309
1894909141
1900104383
1900687381
1903770611
1904916841
1905316597
1910207311
1911676421
1912867543
1913858449
1919896829
1919905709
1930447501
1931384729
1938264241
1943951041
1950575551
1952752261
1953168769
1954808041
1963133581
1966715537
1970078437
1972327757
1977947791
1977984919
1978153321
1985894191
1987893821
1997844157
2000648161
2003220161
2003643253
2010858769
2020051249
2021490397
2023422871
2027306107
2029830409
2036224321
2036860561
2042934053
2043560731
2045584711
2047861171
2048080441
2048443501
2049842203
2050165729
2058748693
2059739221
2061979991
2063228203
2065040353
2074393787
2078069563
2080805161
2080891801
2081127481
2081758831
2085739111
2088768533
2092883713
2093747801
2096815151
2097947963
2098359143
2101757711
2108761201
2109467123
2111781601
2113407829
2114361061
2118597955
2127616063
2129100877
2135382481
2137495361
2138201227
2139357631
2141340833
2146301929
2147177233
2149255487
2153607941
2156767003
2159235713
2160828121
2162323351
2167068811
2172695461
2173540951
2176433569
2178460033
2184865009
2185704553
2188895437
2192682143
2193216229
2197813333
2199931651
2205661093
2210324057
2218151869
2219008177
2229528071
2229995671
2230305949
2230370561
2234695231
2237674981
2249565709
2253176951
2253376133
2255353721
2260585651
2262861901
2263594717
2265462217
2267222681
2268965833
2271443329
2271536011
2282950841
2294455411
2295334081
2301980801
2302706551
2318055793
2334004507
2336667071
2337227569
2337670031
2343357941
2344054721
2344700093
2347597981
2347958341
2351971051
2360452429
2365675531
2368212601
2369768041
2373087121
2375073955
2380603501
2384804129
2386172251
2388410749
2388694177
2392747711
2397573553
2400771337
2401060117
2408578845
2415046861
2417081857
2417993887
2420627171
2428870753
2435308919
2437837967
2444237161
2444736533
2447557597
2452359457
2455840141
2460336953
2461871497
2462440753
2464906321
2470869253
2480343553
2481309811
2482625653
2488388501
2497580713
2498788657
2499225877
2499853333
2502525637
2503267981
2507266651
2523677311
2527975951
2532630787
2544329101
2547746447
2549408401
2550111285
2553137273
2556240697
2574771313
2577345541
2580352381
2585934761
2587251353
2589458327
2593965343
2597294701
2600476831
2602378721
2606367961
2608429651
2609398411
2613382201
2615491451
2623831433
2625047521
2626550539
2627375329
2630374741
2631711283
2636257177
2640902401
2644222309
2652996691
2658561049
2663126629
2673183841
2674839511
2686586167
2690411257
2690867401
2693195569
2696771153
2698333457
2700029863
2703276701
2704383551
2704788991
2711966797
2716921261
2717891929
2720145037
2724504091
2724552907
2728363457
2732955937
2733204431
2738491211
2740828481
2746649317
2766006253
2766158941
2766403333
2772185209
2775664291
2777364127
2778192271
2782546771
2789663249
2793739711
2798511643
2803726549
2808528451
2809634941
2813512591
2814489949
2818361701
2820759649
2822521411
2823828187
2824256377
2825339441
2825682553
2830767061
2831969359
2832337441
2832384133
2835290251
2835718831
2847666739
2858583961
2866301587
2869934491
2870118421
2870566931
2871248689
2876205781
2882716801
2884777601
2886961501
2889439027
2891643361
2893993777
2895140767
2898277559
2908453501
2911680001
2916252901
2918295451
2924259101
2926386901
2926957393
2946016891
2947073533
2954538497
2955108889
2973097121
2978650819
2995146179
3001017841
3007658671
3012560533
3018075967
3036700351
3044564377
3052727047
3053742061
3054297403
3056160929
3060537511
3070556233
3077161127
3079153969
3081421927
3081843073
3107999441
3110951251
3114023771
3115939861
3128899393
3130386821
3131132489
3132238957
3132738797
3135040133
3137756161
3143871361
3148806403
3151353941
3159040837
3161817149
3170327689
3173847301
3175526971
3180742577
3183719551
3189888001
3196235509
3199095769
3201632201
3202626169
3202756789
3203854321
3205663921
3215031751
3217665961
3219478837
3221085691
3226864033
3227082823
3241446499
3241990181
3247318717
3248317297
3251716651
3257334541
3258784453
3262807927
3265122451
3271998641
3272274721
3272350537
3281593591
3283001371
3284150779
3284749441
3285872899
3295980223
3299942017
3301335577
3304052371
3309587569
3309715441
3315207197
3320936977
3322551403
3325988251
3326803201
3328600577
3329284561
3332303099
3332340703
3336019361
3336263461
3337201121
3337975201
3363763231
3365035591
3368264143
3376128001
3380740301
3385521011
3398362291
3400458931
3401409481
3407380211
3407772817
3407952169
3412861057
3416448781
3420524467
3438861301
3440313311
3440711537
3444396089
3446328913
3447533191
3449176021
3460417249
3469828477
3476599237
3485607139
3487390021
3487443709
3491334859
3492883081
3497214337
3497791423
3502369289
3506440411
3507821423
3508999651
3512258569
3512473441
3513489607
3518080981
3525702889
3526219657
3528664021
3540095641
3547602901
3556327951
3562505701
3570928927
3573005701
3576688417
3577228201
3578189341
3581146297
3581998621
3583048561
3583866001
3586833253
3589937261
3590126777
3591847477
3600278833
3601806251
3606854791
3607977011
3612070747
3612157201
3612391451
3614111437
3620997641
3624159169
3625328981
3626266351
3627194689
3628526287
3630478981
3633802561
3637386763
3637727821
3639489901
3645942019
3648274391
3650000273
3651150331
3660449311
3660661031
3675439303
3678003435
3687564259
3689583943
3692283211
3702903769
3704091751
3705349753
3711640879
3713521033
3717025063
3725696141
3728088673
3729520969
3733646491
3735788489
3736293461
3743228953
3749317001
3760983029
3761091937
3770895041
3771414077
3785056549
3787284821
3789843461
3796532389
3815986267
3832807681
3841653943
3850624471
3853511897
3854932183
3863775137
3872282497
3874166143
3878450413
3890736481
3892217401
3896103559
3896569093
3901440511
3903711841
3907752241
3917319841
3919264483
3939629123
3940559281
3941639929
3943045157
3968259781
3971721409
3981367891
3985034023
3997020553
4001921491
4005122557
4026559013
4030637771
4033012001
4035028861
4050313769
4051599751
4054911529
4055627339
4060155721
4062120817
4067847101
4075241633
4079665633
4081806919
4082430343
4085069851
4091041501
4093268521
4093916201
4093990801
4098446041
4106260033
4121492761
4123803017
4127050621
4148063051
4150174393
4162184401
4170123541
4171920919
4173603481
4176385921
4182059701
4185636781
4187360341
4187584133
4187906581
4192508629
4196718901
4207016893
4210095667
4211044201
4217502449
4217739181
4231432561
4234869871
4241317571
4244038261
4261094953
4261410001
4264014283
4271333837
4273042379
4275230917
4282033687
4282136321
4282561219
4283445403
4289641621
4292302577
