25
721
1681
2501
2701
3925
4285
4525
6697
8911
10261
11041
13213
13333
13699
18721
21425
24641
25861
28417
36661
43057
72361
74629
79381
82513
92453
102541
108781
111841
112471
114017
131401
145225
147241
158545
183817
186497
188501
211411
222529
237451
238465
250717
283333
286525
289441
294409
304261
312805
340033
365077
390061
417925
422143
433621
470017
486157
488881
520801
530611
554359
574681
601051
631639
633553
633907
643801
654481
657901
665281
672745
699121
707701
710425
729973
751607
756361
765703
775585
784751
791617
818083
909709
939727
954271
990343
995723
1010281
1025881
1056331
1092631
1097821
1135525
1194761
1268551
1302451
1396201
1408513
1414981
1433407
1463443
1503101
1575073
1615225
1705201
1752565
1773289
1802971
1803985
1893943
1902361
1931401
1963501
1988029
2009401
2030341
2031637
2038471
2044657
2135873
2181701
2261953
2295871
2475901
2483731
2538251
2565001
2595361
2599169
2626705
2662741
2710951
2722721
2725549
2780731
2872321
2883805
2944261
2948947
2955451
2974087
3011479
3030311
3058651
3108925
3114469
3280933
3285361
3289301
3327691
3375487
3401503
3457531
3458011
3522481
3539101
3542533
3593257
3612931
3942271
4061947
4064677
4101637
4111381
4151281
4314967
4333825
4378321
4434871
4439779
4465121
4480477
4500565
4501561
4588033
4686391
4708481
5035801
5044033
5069629
5351537
5366131
5447917
5649841
5662021
5731933
5927377
5962321
6042017
6105637
6182173
6236257
6319601
6445321
6539821
6559723
6635641
6658669
6719761
6888061
6955087
7143571
7184167
7226743
7427971
7467853
7568191
7636087
7648033
7686401
7742251
7801273
7809631
7916725
7984117
8067523
8134561
8181469
8221201
8233633
8595361
8642845
8829451
9131401
9158959
9225071
9263797
9272233
9359023
9409633
9414161
9604387
9607237
9650621
9885961
9993631
10018807
10143613
10146319
10276309
10386241
10598173
10601425
10802017
10813321
11088013
11222017
11419601
11573785
11581681
11694229
11820205
11926789
12157021
12194905
12331801
12407011
12719923
12821167
12852559
12899891
13261201
13475711
13507849
13628401
13729069
13827601
13990801
14324473
14401885
14555221
14580563
14632537
14633771
14725099
14726053
14731363
15101893
15358033
15434833
15614161
15633469
15836701
16080541
16520533
16717061
16755481
16940911
17197049
17208601
17281405
17471147
17495411
17718529
18158801
18443701
18559921
18645781
18673201
18736801
18937489
18967393
18978907
19265941
19295501
19359571
19417069
19554701
19691911
19732897
19766041
19797541
19927987
19997767
20193265
20258627
20310751
20391859
20539525
20651011
20786221
21355951
21401131
21585313
21803533
21979543
22028203
22078201
22703341
23032661
23053867
23238037
23382529
23822329
23823631
24006401
24344167
24352541
24530137
24740113
24780901
25059607
25382701
25414489
25550563
25755421
25981957
26082431
26224141
26285725
26634301
26650621
26694361
26779619
27377377
27617725
27635191
27956503
28102901
28406953
28633001
28638451
28647253
28678951
28696645
28766743
28767553
29054257
29683553
29968249
30822661
31150351
31231225
31344265
31472461
31530241
32051251
33840397
34498001
34519627
34709849
34890481
35691133
35694253
36120901
36271657
36689129
36765901
36974341
37050091
37060849
37141057
37213829
38015597
38595481
38624041
38654197
39536641
39655153
39945401
40099223
40240825
40266731
40757513
40827473
40854911
40987201
41164537
41567311
41798401
42603961
42709591
42714937
42821539
42956497
43275229
43681601
44482901
44534801
44667361
45282805
45414433
45525691
45559729
45796801
46100143
46633861
46672291
46728533
47020177
47503471
47521501
47903701
48321001
48623851
49023151
49404547
49931461
50019677
50576311
50783951
50825881
51145277
51302353
51436861
51468481
51849131
51861025
52410331
52984025
53169877
53370029
53397361
54472513
54529861
55373821
55398901
55729957
56494153
56617705
57024811
57833861
58483381
58570961
58594537
58679941
58718909
58725703
60033403
60621823
60738257
61171951
61363541
61627141
61754941
63781901
64036831
64377991
65359477
65701801
66567601
66774913
66998317
67194401
67680491
68245909
69019441
70403593
70639801
70761601
71184257
71870401
72286501
73381801
73527301
73945171
73963501
74077741
75469519
75823457
76564225
77372231
77436325
77717461
77840461
78263021
78644611
78795181
79259851
79525261
80018143
80687881
81787879
82818401
83073817
83248513
84350561
84686561
85599181
85719871
85907917
87807241
88132169
88973641
89517299
89532271
90014653
90178901
91587943
91798991
92873309
93193651
93473953
94430899
95239699
96053981
96142927
97071211
97989893
99971821
100150909
102038719
102690901
102793633
102957157
103253333
104017261
105707029
106051177
106742791
106984453
107974081
108140401
108758677
108796573
108915421
109812529
109838431
110856349
111482113
112032001
112798579
113197061
113350249
113492101
113492941
113740933
114355121
114396643
115805593
116321617
116366221
117407273
117566359
117662981
118602433
120018565
120561319
121766845
122396737
122720833
122739761
122910401
123877081
124204681
125122099
125284141
125868943
126428851
126540901
126766949
128536561
129454121
129506791
129589471
129648151
131712169
132301753
132867751
133391611
134201369
134777221
135023257
135647569
136201591
136545067
137200981
137338237
137340451
137882021
138336661
138607921
138653101
138907837
138990281
140498929
141184891
141276259
141463981
143168581
144529349
145006117
146266189
146272901
148426361
150323473
150391711
151533377
152255611
152451991
152782081
155322451
155934001
155943269
158693221
159071011
161387101
162243091
162853057
163441171
163726513
164270107
164411911
165338227
165938653
167138245
167160013
167722691
169710733
169746337
169771541
170122357
170782921
171095765
171128401
171454321
171556219
172002029
173068309
173544391
173881951
176052101
176609441
178277425
178482151
179230217
179593501
180016981
180252797
181934759
182860861
183365029
184071581
184516261
185653333
186495191
187262177
188985961
192830233
192946681
193388659
195067973
195654817
195664957
196075949
196972501
197893933
199143523
201116521
205905691
207030541
209106361
211999471
213474031
213705805
213875251
216899425
219367019
219367219
220531501
220611817
220705633
221793391
222399101
222867613
223051141
224608829
224932969
227407717
227444101
227475601
229517443
236372989
237463717
239395349
239438333
240096001
242131889
244061371
247480309
247920661
249123313
249144607
250024069
250882465
252685847
253446799
253447261
253478977
253590325
255049439
256408489
257565127
258532501
259623865
259957091
260768527
262083025
262697581
262739161
263005601
263319631
264231937
264350521
265547171
266292685
267152033
271862551
272223557
274549111
274937851
275661751
275712529
276849565
277704013
277822843
277880401
278282269
279033581
281176897
284598271
285542711
286154131
288086041
290344753
290698321
292355725
292918825
294371117
295594391
295783651
296286407
297136357
297892451
299361401
300003181
300580237
300979369
301691737
302608303
305458861
307053601
307849741
307991377
308712709
308923751
309020089
309101417
309207103
310185541
310337161
311113681
311425381
311432801
315392731
318465703
318849607
319785265
321572431
322762007
324258397
325423873
328989181
329153653
329188861
329788981
329905271
331286041
331658081
331994521
333067151
333096193
335953073
336237313
336273211
337366697
338227681
338455153
338458807
338776111
339307669
340863307
341574427
341946991
342614533
344776301
345383281
345787751
346795639
347548081
347785699
348141301
348177971
353105425
357489751
357491513
358800907
359089091
359696431
361660781
362569201
363701581
365509691
365612941
365858011
366652201
367589581
368113411
372432451
375135361
375313681
376352521
376957153
377192353
377704471
379908589
380247367
380541781
382536001
382803079
385871041
386649121
387766777
387866953
388277921
391930003
391939241
392099401
393561631
395136505
395900557
397847899
400032001
401783881
402752533
404840833
406544461
406577441
406652569
407945737
408212281
413271629
413689249
415172809
416525899
416964241
419894021
421150801
421186231
423933241
424228043
424411501
425306251
427088719
427251025
428332885
428590189
428970361
429108461
430833313
431721271
432510097
432601859
433845001
436119773
437029477
437066059
437247841
438247427
438818491
439714133
439874081
442651609
443345701
445429693
445887553
448927051
449837881
449886257
450866021
450873757
454099171
454827559
457754081
463628551
464265181
465505633
467307661
468511229
468725083
468950021
470063791
471928321
472708321
473590081
476623561
477002101
477694961
477938207
478036567
483734917
485815321
486714769
487890703
488271961
489290551
491646403
492551431
493917211
495416503
496182751
500323321
500520833
501656221
503394823
505804951
509551201
511914619
515291671
519167617
520399381
520809451
524151253
524581751
525296521
526161913
526926553
530630701
531150049
531524143
532800133
534412171
534521131
535836263
537791725
538576657
539537941
540885619
542571053
544684207
544952341
545738203
548187781
549040579
549132871
551297251
552100825
552573793
552589561
554118661
556016161
557876479
558252229
566328937
566820013
567405401
569784403
572446951
572711665
574017109
575834293
576697343
576789911
577920925
578185301
580507501
581906029
582186701
583149991
583234627
584414041
589348001
590414977
591717787
594492823
595590841
599960539
602478925
608985721
609244501
611812321
611978599
612533767
614684201
615120521
619754689
620103553
620169409
620966413
624787489
625060801
625482001
625785473
628405313
630927685
631148813
633671767
635337289
635865721
636442003
637786561
638117677
639741061
644360905
648761857
652969351
654291871
660940009
664272577
666555481
667081801
670567301
670931101
672396721
674194207
674737523
676623569
679033681
679975003
680860351
682170191
682276993
682460501
687344197
691131349
691472071
695327821
699579817
706562851
707611717
708008461
708012859
708995071
711367763
711374401
712984541
713066977
713846429
717424867
717889621
718342777
721602811
724503833
724590241
724969087
725384161
725834773
728600449
728851507
729063613
729790381
732736621
732773791
732803429
734166217
736668013
737366401
739644193
740483749
741214237
743404663
743832091
744202177
746775301
747210241
748616905
749553751
752186593
754020361
754594237
757834531
758176039
759437461
759880441
764364877
765167801
765947911
767401489
768607093
772445431
772586543
773131927
774909001
776342533
780241561
783326377
784369369
787759201
789375511
789707707
793271767
793432747
793813333
795636041
797385001
797615563
798134833
802470961
803744371
804764749
805669985
808247551
810377717
813185311
813458605
816562237
817076611
820894891
822177379
824389441
824536891
827980471
829512001
829737221
830296549
830664451
839776211
839915737
840744577
841217653
843420029
843703213
844788757
849719179
851778817
853588321
854187181
854581807
856425961
857538991
857863921
861657343
862923025
867965251
871462021
872464441
873631027
875492351
875507543
876135025
882096049
882189001
882539329
885542351
886599631
886695109
888520783
889011229
891052507
891167159
891717451
896901461
901430971
903108821
903136901
906326077
908817121
908982881
909521911
912135001
912734401
915641821
915743251
918018401
918023891
921167941
922146289
923945881
925198081
925700771
926866925
926974153
927089749
928235197
931614121
932098133
936134593
937013621
938753419
946314961
950371003
951941161
952282213
953097169
953370133
956141983
958323601
958762729
960114709
960198251
964363219
966038761
967259471
967287751
968283247
970355431
971203447
971245729
972861121
975758617
977046533
977560643
979377433
985073051
986072977
986895521
988978889
989473057
991115371
992318251
998507329
1002574585
1003834051
1007246431
1007717257
1008777001
1011333061
1014611329
1015269391
1017257261
1020961051
1022237983
1024825801
1025956037
1026438247
1027050499
1027668871
1027744453
1031359331
1033013353
1033501877
1034999681
1035128701
1037090011
1039740833
1044762241
1053634601
1058635711
1060648213
1064377261
1064519011
1066768291
1069110157
1071870097
1074322345
1078348321
1079035651
1079063371
1081917061
1082380861
1083583651
1084087241
1086238033
1093761001
1095485821
1097560801
1098404941
1100529809
1109304913
1110947683
1111582261
1112591899
1116290713
1117132273
1117169509
1117805581
1121551861
1124592431
1125038377
1126587151
1138032721
1138475201
1139280881
1141425181
1141687387
1145735719
1147158811
1148065927
1152022741
1154136223
1160186491
1164777181
1175823923
1177174225
1178457337
1183184971
1184932585
1207650001
1208296951
1210646917
1212297847
1213347691
1213723057
1214081905
1214531209
1217181061
1218152581
1218397379
1219389697
1219959199
1220564239
1220768551
1221044653
1222915861
1226091673
1227756727
1228139329
1230079633
1234290919
1236032227
1239833761
1240182913
1240247873
1240386001
1240628407
1240993441
1242693121
1242958501
1245852961
1246739041
1252482601
1254933541
1257102001
1258065073
1259514281
1261570133
1263320189
1263687371
1263783377
1263835753
1265099617
1265885917
1268469781
1273695013
1276581307
1277962141
1280932333
1282369321
1290307861
1290728557
1293475177
1300904197
1303352353
1305832289
1306550233
1306864043
1309382713
1311070657
1313022881
1315445149
1317157217
1320809593
1323615547
1325857541
1326024061
1328256247
1328357983
1333215703
1348609543
1354991653
1355932531
1365218801
1365860233
1366346521
1372681861
1374303407
1375119217
1379227777
1379388001
1383052441
1384241083
1386975871
1388889961
1389675541
1395537067
1408610503
1409051249
1411659817
1414822393
1416144133
1417559383
1419459121
1425860101
1427393089
1427753521
1431044161
1432354901
1432927225
1434177821
1438722037
1443652033
1444441861
1447471789
1448115727
1460437177
1460561101
1461354497
1461392659
1462735693
1463756881
1469768653
1470778669
1476072461
1479647233
1480849831
1483954111
1486197721
1487387611
1490821993
1494595801
1494646801
1494714493
1496213161
1496289913
1497221281
1498783471
1501194397
1502705629
1502867731
1504684553
1505724001
1508554867
1509316901
1513869241
1514791489
1515664153
1515969977
1517321323
1518738157
1518836971
1527046621
1539851191
1540117801
1540208251
1541828569
1543627009
1544157361
1549964371
1550989177
1556730529
1563824861
1564354945
1567338121
1567365721
1567918081
1568259001
1568432443
1568537545
1573689151
1574362441
1574404189
1576688621
1577073793
1577121547
1579079503
1589528363
1590394313
1595706901
1608971809
1618070737
1623595051
1631904913
1633452319
1634013181
1634861971
1640241331
1641970409
1648076041
1648535221
1649097649
1649510717
1650490129
1654537921
1656280033
1660380247
1660621789
1661807071
1663266151
1667715017
1672938541
1673513731
1673606401
1674091141
1674658133
1679343767
1685933449
1688680225
1690914781
1690918417
1699281061
1706777209
1708297039
1710753001
1712298421
1713319453
1718747857
1721558401
1728960133
1729884511
1735173821
1736122513
1739104849
1739718737
1739974729
1741524949
1746618931
1747163359
1750065769
1750215391
1750773571
1752172003
1754893823
1760706811
1761550337
1763152441
1768461127
1768626803
1769267761
1777555001
1781903593
1781969281
1782396461
1782817501
1787934881
1795006711
1796170351
1803201751
1803308057
1803429739
1805555201
1806178459
1808491813
1816059169
1823936581
1827209701
1828986545
1831539769
1833328621
1835993953
1836286549
1838453203
1838745541
1839860713
1844279011
1844949601
1850315689
1851011161
1856344639
1856545633
1863332659
1871501257
1874215241
1876485691
1884255617
1884929677
1885021777
1890435949
1892594401
1894909141
1897027813
1902303721
1902495601
1913296951
1918052065
1918857925
1928307163
1944454411
1945042181
1953255193
1954595671
1962730531
1964353129
1977147019
1986629167
1992148759
1998325957
1998520273
2001878851
2004632851
2006764561
2009621503
2013834961
2016495433
2020170601
2021277457
2024971763
2029244551
2033258401
2036628553
2043173273
2046096121
2046538621
2058697825
2058861523
2064375613
2064879937
2067145111
2067767461
2067928145
2072488771
2074389925
2075219621
2076976453
2088768533
2089285463
2089438201
2094177403
2094855085
2096692033
2098159097
2101799071
2103632039
2104299793
2108568827
2108761201
2109240013
2114102593
2117128861
2117702071
2118686467
2126142679
2129395141
2130681517
2135221453
2136316729
2139462991
2141340833
2144961253
2145850513
2147452451
2153447227
2156767003
2160833533
2162366251
2162380321
2166414851
2172857611
2174501767
2174790619
2177645557
2178678431
2184744451
2188346023
2188728341
2189700833
2190361309
2195561281
2199931651
2201924341
2217524401
2217542221
2222840107
2225034637
2226145021
2228487601
2234471461
2240507821
2244929425
2247148531
2250657181
2254796281
2255172841
2259990991
2267258293
2269261051
2269506313
2270277769
2273525593
2274779431
2276774273
2277348253
2278412737
2283040759
2292068143
2294455411
2296927777
2296995121
2301745249
2303368801
2304684511
2306716021
2306858371
2312963333
2321300833
2324658079
2324893033
2326319101
2334506833
2335640077
2336184913
2341664599
2343225319
2347597981
2349993067
2357343409
2358193447
2362421953
2364594751
2367706213
2378583061
2382412339
2383710841
2385574201
2391373001
2396191153
2399265211
2400033281
2403166481
2411128441
2425066271
2426685661
2427877801
2436927907
2440613561
2441432503
2441700097
2449191841
2449977757
2450701501
2451260831
2452081409
2456444071
2458231903
2462440753
2462715067
2468485627
2469915821
2485230751
2485760257
2489902951
2492967313
2501059681
2501314817
2510137141
2516234251
2518853789
2519186671
2525693987
2531277001
2533465661
2533915781
2540469901
2540920609
2542196809
2544112481
2544470251
2544804811
2546793631
2556062653
2557277521
2561793361
2563295621
2563970737
2564099665
2576446753
2609294101
2612753809
2612879881
2617882807
2625665701
2628459887
2636360191
2643585551
2645063587
2650695319
2654851387
2655641605
2668465651
2671566151
2672605657
2674839511
2685840301
2690408533
2693739751
2699373821
2701878941
2704383551
2705663851
2705760829
2708295679
2711006191
2713480141
2715365971
2717644525
2725357249
2728452403
2732755937
2733329101
2735934391
2737789741
2741749889
2744755597
2750435651
2753093071
2759763151
2766006253
2767572571
2768799629
2768801729
2772674881
2775769951
2775980593
2778076421
2784469609
2788970881
2790104657
2791053541
2791774217
2795154811
2800048717
2803142861
2805876151
2809600697
2810425927
2810613877
2815892623
2825682553
2826976153
2828698133
2830584389
2837917633
2838393001
2839992427
2844725941
2851693501
2854016677
2854953109
2859120241
2864825251
2866442881
2879918441
2881429741
2904676633
2904917689
2926272103
2933249261
2934605389
2939187161
2941345051
2950636111
2952525307
2955064529
2955108889
2958394339
2960416561
2967023341
2971938565
2975377429
2978766341
2979562825
2979898783
2987078197
2991834737
2996498881
2998890331
3004224137
3007957949
3012834029
3014051881
3014101261
3032634581
3032741993
3036079729
3038171011
3041606401
3047224001
3062546057
3063907837
3076617637
3080032621
3084904327
3091354111
3092883371
3110578651
3116834401
3119161361
3120640001
3120756097
3125184019
3126203165
3141377149
3146902111
3148269359
3150284749
3159905041
3162083807
3167052967
3170485693
3175407457
3175904033
3183479491
3184673281
3187404481
3193502531
3202169653
3202626169
3202895821
3203224729
3204554251
3213895051
3214785817
3221175101
3232617701
3233420471
3233558021
3234175001
3235126501
3247318717
3251835001
3252916613
3253404013
3255458221
3256844977
3263062661
3272350537
3273571073
3281442523
3282158419
3282550321
3287656441
3291076627
3295362727
3307251221
3315207197
3316023751
3320084233
3320865013
3324006533
3326602427
3331480967
3338194751
3340178987
3340984501
3342491639
3347214421
3347600563
3348969121
3350336401
3352088341
3356888641
3362531537
3363763231
3373516501
3373561417
3374360965
3377803081
3381022261
3383477191
3391891777
3393702701
3401510113
3412575097
3417306889
3418527601
3432099577
3434575327
3437871757
3445470001
3449665943
3450410261
3453111643
3453240551
3456647921
3470962553
3471375811
3471848461
3480548191
3481537681
3483264349
3487135321
3491763493
3493479841
3494075941
3495012203
3499013461
3501577451
3502970551
3503900401
3504570301
3506462081
3510320951
3521383951
3523896529
3526974907
3530101825
3532766329
3532810951
3533941153
3554383141
3559734487
3565010191
3573636347
3574500703
3574532221
3575397911
3583354921
3591440569
3593464957
3603030637
3620475679
3625328981
3629711251
3645942019
3646938881
3650459077
3650528521
3653628247
3655347931
3662503093
3662851081
3663870533
3664016621
3665242951
3672754633
3673331531
3673827361
3694411001
3697064701
3697278427
3702164929
3708917479
3710280907
3713287801
3716607025
3723643837
3723922723
3732063739
3733646491
3736293461
3742126753
3743072341
3751961263
3759147421
3760362901
3761091937
3769946473
3773061337
3782977381
3785056549
3789227051
3789787501
3809476897
3813919453
3815132161
3819621101
3827378251
3833536411
3835537861
3842860057
3843146341
3849883663
3853546049
3862715039
3863996731
3867925309
3882346903
3890736481
3892217401
3892928203
3894053311
3896963857
3906480961
3908015821
3910653577
3916042651
3917319841
3924775741
3930056131
3933771601
3959018929
3959115581
3959921521
3971677951
3984337531
3987690851
3989027533
3989122021
3989454031
3990545593
3993126083
3998864297
4009503697
4020144133
4022427997
4023179551
4024032773
4025474641
4025662939
4030218289
4030637771
4035028861
4037490451
4039033153
4050202501
4054039841
4059250651
4059776533
4071020461
4071163097
4096610317
4097010241
4106003617
4110113251
4112485301
4113191413
4113586837
4120582717
4121771611
4136944393
4142342401
4148337271
4149101017
4153609045
4157645801
4157866621
4161989581
4167325117
4167848221
4169906941
4172804707
4178736857
4188573281
4189212721
4193656651
4195348543
4206695677
4210349641
4215885697
4216176925
4220932871
4235818861
4246416817
4250911061
4268386921
4277768161
4282033687
4282561219
4284879761
4285058701
