65
111
121
703
965
1541
2509
4187
6533
8023
12545
18103
22177
22633
23953
48133
70331
76627
79441
88831
94681
102173
104833
106201
112141
113401
137801
139877
147967
156103
188191
219781
227767
234313
241849
268129
272161
293281
314821
328021
330929
334657
336013
344311
344989
349259
363091
377719
382093
385003
391409
423721
439291
470017
484321
498451
518053
534619
535441
557239
569059
574561
587861
591229
593961
607609
636949
659233
667493
721801
736291
812197
819541
874829
888999
919801
938503
940837
954271
1024651
1026241
1033729
1053761
1056331
1062389
1088501
1132657
1152271
1174849
1192585
1241329
1246463
1251643
1297741
1314631
1338187
1436683
1527131
1590751
1732403
1776349
1869211
1892269
1911397
1946753
1958503
2065939
2195371
2258999
2269093
2281049
2284453
2479051
2484991
2485471
2508013
2676097
2752927
2806273
2847569
2916997
2948401
3059101
3077441
3234841
3293481
3377683
3493241
3539101
3542533
3609341
3676961
3751051
3814357
3850771
3858301
4090459
4166713
4277617
4296961
4368169
4372369
4591123
4671577
4686391
4713361
4763881
4990861
5189671
5206451
5234293
5363373
5371577
5489641
5556149
5664361
5776213
5866667
5888527
5949121
6236257
6386993
6454351
6569911
6584257
6835441
6842161
6924737
6955087
6969511
7062067
7171369
7268413
7279633
7648033
7669729
7686401
7968173
8231653
8333333
8486131
8502551
8698069
8902741
9321337
9338323
9342187
9533701
9744827
9835541
9891743
10066871
10125361
10267951
10403641
10813321
11415301
11529001
11676221
11811907
12168649
12290087
12453029
12469297
12709819
12890503
13015661
13131721
13374593
13927651
13952233
14005441
14052967
14103849
14169331
14178131
14256001
14486413
14555221
14575091
14608133
14676481
14858881
14913991
15044431
15142531
15188557
15507193
15847511
15885937
15929981
16259387
16343251
16449343
16613521
16661633
16702519
16723045
16956889
17090569
17236801
17441989
17803759
17812033
18124177
18259291
18355381
18510727
18674713
18809911
18944641
19145281
19182151
19222381
19328653
19578847
19669271
19788001
20081953
20117467
20272253
20502661
20766173
21730411
22167289
22187791
22342861
22586257
22781509
22981351
23017429
23073079
23281429
24278245
24482503
24627121
24904153
25214977
25514507
25618387
25984661
26122979
26438945
26455153
26491811
26812321
27071137
27613693
28544611
29229383
29663747
30058381
31118081
31167137
31201997
31470211
31715713
31875931
31883041
32053531
32761279
32817151
32870587
34163977
34165601
34393153
34590403
34657141
35194651
35773981
36142849
36255451
36307981
36765901
36794161
37296433
37649503
37769887
38023129
38084887
38129851
38248981
38305261
39003953
40197151
40210591
40421201
40468333
40621591
40975651
41509141
41835817
41899981
41963959
42215489
42501439
42854281
42859517
43331401
43813603
43838341
43904701
43905529
43973173
44039119
44278741
44558081
45710081
46094401
46469809
46672291
46724131
47020177
47131657
47154619
47343157
47573611
47724821
48399121
48612527
49977281
50109529
50997451
51083719
51205801
51302353
51535481
51733921
52310497
52936801
53191261
53210401
53363269
53390611
53638903
54348841
54928511
55204003
55258201
55770331
56052361
56584391
57172501
57189001
57343651
57833861
57868849
58117993
58986091
59318533
59462131
59552833
59647771
60033403
60409837
60581401
60741817
60785551
61092481
61363541
63745921
64175113
64537771
64872571
64961051
65691811
65737621
66513589
66582793
67201489
67432961
67693603
67896613
68032843
68163031
68182003
68803177
69303193
69657799
69885649
70524091
70545281
70760971
71035901
71339377
71710489
71794321
71826931
71936899
72993601
73065073
73289861
73746181
73987201
75504073
75606049
75663451
75973501
76788811
76894651
77323537
77594653
77622533
77862391
78201667
78876601
79417801
79732153
80145619
80258851
80918281
80937949
81203221
81571001
81577801
81816547
81893611
81954133
82606231
82875101
83722591
83958031
84164033
85226689
85386799
86527561
86854721
86941537
87160061
87385523
87558127
87763999
87784561
87938111
88388767
89532271
89998273
90853393
90970133
91043401
91116439
91649993
92270833
93568609
93641773
94025023
94424947
94612771
94775927
95042851
95276161
95391409
95502863
95594617
95646643
96142927
97065937
97177589
97402801
97879783
98907997
98922553
99050617
99115297
99196073
99673393
99749959
99828149
99830641
100188817
102326401
102473449
103149019
104524421
104663089
106362001
106508719
106822451
107078633
107520533
108000349
108699193
109838431
110436481
111540001
111798793
111932369
112249765
113076181
113243737
113317759
113605201
113654899
114254009
114797953
115805593
116090081
116151661
116321617
116806141
116990221
117067231
117445987
117662981
118180459
118337101
119184451
120254429
120628111
121062001
121135711
121374241
123000613
123771511
125025557
125686241
126386261
126818161
127534243
127607803
127664461
129338137
130557421
130750831
131302621
131680411
132610981
132856781
134176771
134767153
134855321
135296053
135889771
136625941
136638349
136923121
137340451
137550733
138139777
138141559
138403981
138736153
139227281
141404803
142663987
142774399
143168581
143271941
143520833
144218341
144783301
145240369
145799821
146021633
146806129
148275073
149848201
151199561
151264513
151415713
152963791
153550339
153890227
154426441
155346647
155642257
155959441
157339393
157351937
157405249
157542533
158012801
158159377
158769521
159081841
160041361
163459297
163620439
163759753
163903039
164138801
164532827
165283471
166107349
167372437
169234003
169507603
169625587
170446249
170856533
171356527
171423169
171733591
172586459
173109217
174223681
175385953
176609441
177550591
178385729
178482151
178918741
179754241
181508549
181546751
182142379
183131257
184446109
184721871
187070239
188949161
188985961
189109621
189224911
189790021
190610323
191202061
193843621
193992283
194649001
194791543
194825089
195654817
196352209
196796263
196841213
198111097
200083333
200313073
201576523
202620601
203094109
204235201
206298289
207002273
207324961
208464887
208743463
210402277
210432769
210975577
211209321
215942851
216431041
216762671
217517653
217771681
218160097
218645233
219254251
219341893
219802589
220472585
220838113
221391227
223466401
223479029
223877201
223942951
224294533
225074599
226745857
227658817
230112521
231322513
232195589
233579641
234122621
234802801
235638001
237321727
237351931
237738691
238286221
238616897
240207661
240318163
240371083
240785047
241094491
241411031
242729401
243347347
244061371
244585123
245413463
246929551
248449303
248616541
249331237
249849307
249969539
250216801
251362679
251969629
252034651
253252031
253532501
254930131
255866131
256137661
257590661
258195661
259749361
259763093
264794923
267152033
270549469
272261221
274840021
275645581
276771013
277112753
277477903
277537093
280112701
280432699
281690711
282237331
282589651
282707461
282826111
283498381
284736091
285278501
286360561
286854947
288120421
289105741
289825663
293314393
293625109
296468033
301969933
303642929
304625287
305493571
307033241
307061371
310685041
310859137
310933351
311247091
311733601
313380971
313466917
313678153
314865097
315351521
316097843
316349281
317389333
318158041
318174949
320032231
324093113
324186451
326202731
326469137
326561077
328135051
329153653
330375673
330783391
331623307
334741157
335373173
335917583
335956051
338850251
339401441
340080241
340863307
341981557
342664081
345674071
345993701
346839361
346859521
347763313
348424501
348989101
355129293
355297301
356265001
357167593
359394751
360018361
363720919
365485177
366275233
367885513
368113411
368577721
371376631
374284369
374336701
374753633
375039809
376057741
379732501
380802269
381706651
382679383
384472481
385186817
388176601
388277921
389532601
390116953
390175171
390609941
394962257
397608751
398059523
398240411
398553121
399628589
400505257
401005351
403095421
404299001
405042457
405917849
408697981
409724569
409803497
410022301
410642641
410763079
413138881
413896411
414044317
414368641
415149697
415436401
415476343
417779909
418226581
420798977
421637441
422707889
423195323
425337023
426961189
427165601
428965741
431489101
432942511
433272001
437247841
438638383
438868249
441702887
443353633
443759213
446714701
446715221
446914907
448341919
448851001
449126749
449501761
453519361
453800761
454858073
455570119
457966489
458869951
459838867
460585861
463125937
463466693
467917451
467929001
468500033
468950021
470063791
471168253
471272299
472068577
475969231
477875231
479202751
481637381
482120827
482164597
483029821
483459181
485706967
488207501
488328913
491646403
493569467
498520507
505247383
507877147
507960001
511263617
513741313
514592291
515563357
517271987
517567051
518464511
518504533
521328439
524704069
524916127
527743603
528013333
528432601
529214311
529326271
529875611
531580349
532094413
533270039
536966497
539956201
542313227
542598817
542883223
543444487
547608289
548405201
549766351
550109233
554171999
554494951
557058133
559702153
560628973
560825441
562572613
563188627
564759757
567671941
569720321
570211709
570444967
574692161
575053957
576052651
576691741
577521001
578166499
579956653
580186133
582102739
586862737
587143243
587193391
590387557
591043771
591698911
592760057
593057851
593194361
593817821
593973493
599135767
599570077
601108201
601332229
603255001
608016599
608096449
612471613
612790921
614242003
615269047
615760133
616238407
618599801
620966413
621356737
623662903
624891737
625647241
626076377
626275651
628741933
629021017
629962453
630185389
631558847
633473803
635314597
641069729
642333077
642644983
643642301
643767931
645188827
648410173
648499717
649210801
652969351
654700201
656189101
659124481
659526601
659846021
662442673
664001491
664389421
664755211
667651961
667810489
670651913
674380753
679607977
679975003
681088367
681867001
682528687
684634133
685667317
686117881
694468471
697432849
697801729
700627591
701971381
702675541
705883951
710617861
710995973
711888589
713846429
714540181
714973543
715503037
716169301
716402611
717169951
717446131
720068161
720174911
726137501
727083001
731195011
732946853
734079851
734621161
736559479
738488081
738581113
739311427
741964861
745958611
746331041
747070501
750160811
751705597
755048449
756000001
756205633
756996601
757639387
758056531
760692661
761932033
762133751
763369111
764719981
768646673
771705901
772957301
773131927
780457399
790468141
791195021
791359567
791941207
791998183
794399041
800018221
801531553
802922579
803744371
804904213
807115753
807218413
808010851
810613801
813834127
815430533
817196491
819702577
821666917
823608361
827609729
829929871
831126463
832915801
835935361
836318473
838627393
841225633
841254079
842265511
842960981
848659879
855822241
857100421
857511883
857633317
858687103
861500053
862422173
862787101
863984881
865381609
865437841
866008153
866317349
868088341
870607853
871245587
871981021
876113701
876552161
876850801
878053177
878940833
880306837
888311377
893551951
895111813
897756751
898429099
899140397
902096161
907495021
910202509
912601691
915000133
915941737
919510381
920375821
921134551
921439999
922845241
923161201
929163313
932148253
933184801
936205271
938999051
941185421
943083571
944832533
948845017
949751713
950371003
955609903
962375941
963053389
964245001
965587681
970355431
972471151
977046533
978106249
979377433
979804009
980957071
981365569
984897911
987842101
989908921
991115371
994522271
1002932443
1006107061
1007713171
1009140161
1022088889
1025956037
1031268961
1034283421
1036828913
1036969627
1037560681
1038489811
1059224657
1059492961
1059943321
1064519011
1065029239
1071423991
1080307777
1082755477
1084444481
1085466383
1086444001
1087526497
1091639701
1092902533
1094554151
1095784471
1097965289
1098317611
1098404941
1102553993
1106111563
1106576857
1108496341
1112103541
1114075387
1114563007
1117547201
1117816597
1121037139
1130322943
1134193561
1134300511
1134358259
1135428031
1136142911
1136899723
1138471951
1138623553
1138949533
1139434453
1145688517
1153087657
1153908101
1157445451
1159030693
1160358359
1161531601
1164345001
1165956121
1166240833
1168256953
1168544749
1171035251
1171160453
1171500241
1171532161
1173558961
1173608437
1175735401
1177304641
1178876353
1186481269
1192815779
1196633071
1196991937
1206876959
1208312089
1213347691
1217629285
1217829817
1220883301
1221044653
1224502273
1224667489
1229956003
1234125721
1234646533
1238846407
1238891431
1240735609
1250397851
1250700907
1250896849
1250908621
1252030301
1256711359
1257088841
1257325603
1260332137
1262238049
1263211981
1264145401
1265885917
1268110873
1270120391
1270681231
1276051141
1276378133
1277725699
1280141857
1287089701
1287674389
1291412431
1294261781
1294890031
1294950169
1298258413
1298539981
1302633951
1311284801
1312775489
1313022881
1316475749
1318126321
1321545961
1324999331
1326759641
1332159637
1332679937
1341214811
1346624533
1346694191
1349855497
1350108761
1351700911
1352945231
1359803413
1360317211
1361868061
1365250321
1370973013
1374965281
1378928513
1383795323
1384675681
1385866861
1387230401
1389675541
1391207581
1392189569
1395222641
1399230289
1404004141
1404163723
1404484651
1407249169
1407499573
1409386861
1410521941
1412736319
1414154827
1417559383
1423067801
1426068821
1426270441
1434882481
1439756137
1440231941
1441344893
1442017807
1442100001
1445441857
1446726821
1446812641
1449769813
1455737281
1460828401
1464103441
1464568381
1465217911
1473041767
1478056399
1478644651
1484082461
1486078903
1487387611
1487720347
1489022263
1490068973
1491128731
1491574561
1492762133
1493536081
1495696901
1497192269
1497221281
1500759751
1502124427
1505520721
1508642701
1514812531
1515657823
1515986137
1516915819
1518754051
1523816257
1525836617
1533555271
1538071061
1540030273
1543110913
1547543161
1550581231
1558203503
1559497739
1561232611
1563824861
1563867229
1565138611
1568516167
1569843451
1574362441
1579079503
1581890663
1584528793
1588074751
1588247851
1589307919
1589853281
1590564601
1594768501
1596190801
1598982533
1599290911
1599366649
1599434971
1602758977
1606621459
1606749061
1608683707
1610297173
1611832861
1616076421
1617921667
1619447741
1623031201
1625597569
1628692201
1629994913
1630161541
1634351311
1638294661
1643179297
1644307219
1645859251
1650682153
1650980059
1655531291
1656280033
1659856969
1663366441
1663672249
1671854029
1679521729
1681832497
1686298447
1687491931
1689562981
1695570841
1701294277
1702310593
1706302153
1707818281
1709585389
1714705477
1715427451
1716303601
1717779757
1718259671
1719309691
1720538467
1722384301
1722679537
1724579599
1726104185
1726335797
1731328891
1733947783
1736159671
1738851007
1739529457
1739864449
1744262081
1746656641
1746692641
1746826633
1752966521
1754128069
1757645401
1759037383
1760013487
1760706811
1766593921
1768213009
1768468081
1768934119
1776399059
1780445881
1790995051
1792442737
1800810091
1803308057
1808205701
1813771081
1817814661
1820306953
1823174413
1824263393
1828591741
1831296601
1835001001
1854932941
1855782821
1856689453
1866409861
1867937761
1874910109
1878368311
1879978757
1880504033
1882565101
1897712857
1899525601
1902303721
1902766993
1905984881
1911153091
1913422591
1913829061
1914303841
1917925381
1920840391
1923448993
1926523229
1926560329
1929030391
1931047249
1935616663
1941152851
1942738841
1943024581
1943452187
1944125633
1951224661
1959839197
1963997533
1966182401
1975247539
1976295241
1983797047
1984474507
1988071801
1988672533
1990056007
2009675501
2015327701
2018761111
2024721469
2027306107
2028793021
2032947401
2034039871
2038345579
2039888131
2045412109
2048650489
2048812221
2050839121
2054711381
2058070841
2059739221
2061004009
2062260619
2070494623
2072462701
2079300001
2080995841
2081487651
2086453279
2086778359
2101744837
2101811083
2102740889
2103632039
2103659377
2114282017
2121201913
2133876991
2141087051
2141340833
2145642761
2146301929
2148892903
2149255487
2151933701
2154882601
2157273379
2172838141
2175188791
2186190913
2187447767
2192775601
2196487021
2199931651
2209792021
2219615201
2223471251
2224278253
2226197773
2227002961
2231602759
2239660333
2240294239
2242282951
2248354153
2254796281
2258544487
2258714453
2260550797
2260590061
2263594717
2266884985
2267672941
2269569457
2276606503
2278109917
2279149363
2280603697
2280656953
2281562207
2283040759
2284036327
2287530337
2290361221
2294455411
2295811057
2300868331
2308880557
2312963333
2313385537
2319891307
2321568481
2328205111
2335416781
2335522393
2336029001
2346351391
2348964703
2350230877
2352371251
2361232477
2372716193
2378080279
2380603501
2382089329
2385574201
2402797921
2404687501
2406375343
2414673271
2414936801
2431949857
2433791593
2434148641
2438403661
2440965341
2441203129
2446199029
2448039497
2460133369
2461676197
2462440753
2464177951
2468992961
2474859073
2477550601
2480157257
2483253781
2484473977
2484548947
2485230751
2486809081
2488791601
2489462641
2494771987
2494984321
2497638781
2501815201
2505269671
2510465161
2511861041
2517714091
2518790251
2519186671
2530688887
2536811083
2538801289
2539521433
2542182743
2544804811
2545660981
2551598071
2553872051
2556561451
2559937609
2560600351
2566454311
2566804501
2569080037
2574211669
2577345541
2579163931
2582799451
2583421261
2585837251
2586715471
2593251889
2596248013
2597204989
2597294701
2598933481
2603420863
2605482601
2607584401
2608429651
2622303751
2623206697
2624797477
2626911631
2627807617
2627854153
2630374741
2633082601
2654851387
2655514681
2659939453
2662337971
2669079997
2673898151
2677890367
2679317581
2683456777
2684500057
2693185507
2709957277
2711073817
2714394817
2715246463
2715365971
2716196419
2717056633
2718158357
2720566549
2734207081
2739277843
2743426027
2746021741
2749430413
2751347341
2755372309
2764178561
2765351639
2766006253
2766403333
2767626181
2769194611
2770338349
2771465041
2777164723
2789370949
2790378233
2791053541
2794697011
2798376937
2801454961
2805574069
2806534109
2808377281
2808544523
2810925643
2813512591
2819210347
2821683541
2822521411
2826128971
2828524561
2835696037
2837697773
2838527407
2840871041
2841542959
2846853661
2848053391
2848758277
2851693501
2853551593
2864627971
2867991421
2870377309
2870760461
2874294361
2877343561
2879049181
2883110201
2884081897
2888372657
2895140767
2904875191
2907513751
2931401663
2935921241
2936994043
2944080133
2948143129
2954487551
2956331393
2957102129
2957320351
2966656687
2966697553
2975096953
2976596383
2978011651
2980161983
2982494089
2989434001
2994253891
2996755061
3000271091
3000522823
3008087281
3010345633
3014101261
3016290691
3022959367
3023094619
3028125781
3036342961
3037817353
3041939161
3042829549
3044238121
3047241553
3048609521
3048891301
3051542971
3053053837
3064147633
3068534701
3076099993
3077552923
3085584217
3088102441
3090218233
3092834737
3109021719
3110830003
3112723351
3115437769
3146387401
3146902111
3149218381
3151353941
3156947587
3157579861
3157825241
3169508833
3172658653
3174769777
3177963517
3190189591
3190706923
3193502531
3197941979
3203195833
3208453687
3212025391
3215031751
3216762067
3229621039
3237053311
3238307941
3239507701
3248891101
3256823179
3259495801
3271998641
3275572261
3277104991
3281593591
3282158419
3293137621
3296403601
3306957593
3307251221
3320669437
3326388571
3328600577
3347430677
3357591007
3362531537
3363763231
3373111747
3374911073
3380740301
3387547129
3391736539
3392540873
3393689833
3394046797
3395321851
3402102331
3402758647
3407215345
3407609221
3411338491
3414909781
3420158941
3422186657
3438735427
3450935503
3459823621
3461861761
3465539167
3468585737
3468797641
3469600891
3472200271
3479590561
3480908203
3484560721
3495943153
3500177563
3508999651
3519143821
3520909237
3523734187
3529096481
3537280361
3538065637
3543672793
3548607841
3556778257
3558696391
3559758071
3565010191
3567688213
3568571341
3581831761
3584320111
3586833253
3591204481
3594110081
3594968821
3597270517
3608866007
3616098557
3624202697
3625296109
3625328981
3628336573
3628776841
3631377719
3633795089
3635936641
3637025153
3637831753
3638992501
3645942019
3661380361
3661441261
3666074011
3673080769
3682446049
3684206737
3700757833
3703091761
3711745181
3721693951
3721884013
3737268487
3739005089
3742812583
3747570989
3752987239
3756507301
3756700747
3759621601
3760429121
3761091937
3767414323
3771099383
3782578031
3786784093
3789227051
3794041571
3796103677
3801299251
3802579129
3804237553
3804731471
3811128001
3811357201
3814182997
3816282079
3825653017
3827397151
3829127401
3835457341
3835537861
3836565241
3845346133
3850833359
3853584967
3861601129
3862404013
3863376271
3866820907
3867345343
3870398009
3870697811
3873041023
3877425553
3882346903
3889818451
3890736481
3898212553
3904816231
3905583823
3905876501
3922127701
3927220837
3927284131
3942332501
3944598491
3949375949
3951382753
3952640999
3956550487
3964692673
3981201401
3982017601
3986664571
4005660961
4008809767
4009246511
4010472187
4030637771
4035028861
4038105779
4044736051
4049382481
4054903763
4058220601
4059776533
4063732063
4069045261
4072695481
4075241633
4079665633
4094976289
4100860963
4102768289
4102860001
4118784101
4124851543
4126424287
4138978957
4145040001
4147919821
4150829593
4155504641
4157008813
4176385921
4186561633
4187360341
4195763851
4206295433
4209270787
4222411337
4231021237
4233808153
4239174661
4241343151
4242354731
4245493001
4246940161
4251365101
4254083857
4263014701
4263697901
4275230917
4278528151
4282136321
4287612127
4289248237
4291030987
