115
793
871
4087
7471
8119
13747
15067
20591
27613
43213
50251
53131
60701
61921
65665
74023
77653
81317
96139
97921
101729
104833
114017
118301
138871
148417
181579
188269
227767
250717
256961
262417
269011
303979
304057
326017
328021
330263
340033
382523
382537
390661
433553
458989
491063
501877
512539
514447
518977
544541
577441
597871
646601
725869
736291
736751
743503
748679
753667
782653
821059
859951
916327
939727
963857
972953
994507
998761
1056331
1069993
1083619
1092631
1113659
1152271
1163801
1166257
1219661
1243399
1336105
1346413
1370477
1373633
1373653
1509709
1523821
1561319
1580059
1615681
1617389
1627921
1639753
1682221
1720577
1802569
1857451
1863907
1888261
2008597
2067841
2117057
2261953
2284453
2288317
2304499
2341279
2435833
2455921
2466133
2557057
2584387
2630071
2639737
2656837
2746589
2995147
3011479
3271291
3358417
3363121
3375487
3822607
3913003
4074907
4108409
4127329
4151281
4255903
4335241
4417001
4615207
4686391
4779139
4797703
4798117
4808681
4933211
4967029
4975961
5176153
5275843
5376799
5378641
5419129
5691331
5796037
5891861
5903497
5968873
5979247
6070045
6163195
6186403
6198961
6203737
6252217
6378661
6504989
6566671
6622351
6696017
6707683
6805189
6851521
6868261
6969511
7120513
7337629
7385209
7413211
7462001
7483673
7587901
7624501
7644673
7874707
7879681
7917757
8054801
8108101
8135779
8231653
8333333
8386813
8406361
8417251
8560207
8602513
8764873
8805007
8815453
8902741
9117637
9282859
9355021
9373801
9502417
9549541
10062961
10141837
10188481
10254971
10267951
10411241
10479787
10505701
10772341
11466113
11578711
11677597
11727649
11765293
11873909
11973637
11990809
12110491
12125191
12299941
12320641
13012651
13048729
13146589
13177751
13319533
14582863
14687681
14949859
15093349
15269857
15576571
15824623
15978007
16346899
16428889
16709941
16874807
17586361
18443701
18612289
19199573
19204607
19554701
19597133
19691911
19770521
20008033
20081953
20082719
20722111
20784191
20994401
21215801
21332033
21978133
22349119
22368151
22694401
22705601
22918141
23577497
23588893
23820031
23960903
24090239
24599653
24703213
24786649
24909961
25248851
25859767
25919791
26106841
26117209
26230681
26254531
26272457
26332181
26663909
26802253
27219697
27392041
27509653
27872443
27940441
28213333
28406953
28691269
29126849
29644561
29871883
30139093
30203029
30900451
30965089
31012081
31129309
31150351
31201997
31206361
31252597
31504141
31767121
31778587
32049109
32178277
32243371
32372551
32545657
33600533
34527949
34666171
34795477
35626561
35845633
35910337
35969077
36024913
36053333
36474497
36946003
36974341
37229641
37240921
37439201
37441249
37627151
38143057
38511481
38712571
39272833
39327721
39428251
39545221
39936199
40490581
40621591
41787341
42282871
42563333
43291207
43370641
43623977
43661257
43866677
44318977
44804737
45662257
45819541
45847651
45879941
46094401
46391293
46451621
46500521
46600849
46672291
47266867
47388889
47433751
47583397
48125437
48863783
49103353
49735351
49953481
50249761
50495509
50574049
50693761
50997451
52652821
52936801
53154337
53542147
53574481
53795201
53931461
54008267
55376569
55461377
55729957
55763161
55830251
56579491
57343651
57682507
57833861
58354201
58624273
58724821
58986091
59226841
60033403
60184939
61101991
61363541
61471171
61539239
61805801
61829741
62049181
62096137
62289541
62373137
62892121
63553621
63981301
64041869
64377991
65130913
65199443
65218939
65705881
66489751
66607097
66994471
67450241
68102641
68504671
68512867
68668993
69139201
69176647
69485281
70886341
71345633
71592751
72884701
73031837
73745281
73902403
73947091
74724805
74948611
75642337
76159799
76307617
77090413
77146831
77295961
78234133
78644611
78671651
79354081
80009141
80918281
80936929
81084043
81376903
81926461
81986581
81992191
82163161
83403041
83910511
84164033
84247963
85371859
85409083
85527647
86203441
86678131
86854721
87160061
87526321
87558127
88644013
89532271
90138281
90376651
90388387
90526057
91960321
92696911
93284671
93591721
94266299
94625261
94774699
94785769
97071211
97176397
97211341
97219361
98046937
98228521
98257121
100740001
100943201
101137081
101218921
101276353
101515373
102035251
103253333
103429489
105043709
105943429
106156931
106778671
108699193
109572373
109838431
110124703
110530361
110688289
111291181
111712717
112066039
113468923
113492941
114366313
114382951
114582469
114805597
115407367
115472281
117129421
117950513
117959221
118421959
118841131
119289259
119556293
119953051
120559723
120912859
121135711
121820887
122785741
123771511
124153681
125337601
127339921
128506753
130122721
130556329
132377797
132901561
133353541
133391611
134274017
134678281
134767153
134777221
134857801
135114107
136545067
136630033
138264001
138338917
138736153
138958531
139952671
140368741
140384161
140922611
141237721
141734833
144211939
145410931
145882801
148468927
148899089
148910653
149636497
149794129
150265117
151226353
152309917
153663121
154034981
154944533
155312147
155405377
155449243
155613943
161008849
161124401
161158601
161318401
161489989
161779159
162033713
162776041
163083619
163919611
163982299
164279569
164383759
164936407
166339057
166387933
166595131
167692141
167784481
168599929
168766177
169234003
169729561
169863409
170596201
171557101
171630289
172116181
172260271
175385431
176609441
177287311
177439061
177455701
177587983
180115489
180497633
181469989
182077759
182315827
182322401
183268417
185040703
185255701
187670347
188985961
189142609
189941761
190328321
190334959
191993161
192302581
192513697
192857761
196513133
197756443
198133321
198669403
199104533
199239553
199495159
199674721
202059271
203269177
203992237
204488231
206006533
206851861
210402277
210461959
210738571
212245441
212399191
213350681
215310551
215335261
216204977
217522561
217740001
217805281
218370079
218610943
218624033
218890681
219669451
220471841
220998553
221793391
222192559
223000999
223631521
223857961
224294533
224870017
225197887
225468277
226359547
226366003
226548097
226810369
229671451
230300857
232335391
232460821
232794253
234610291
234792221
237041839
238038013
238566721
239093587
239806561
242229149
243370709
247808107
248270773
249618671
249742921
250496317
251333177
251431861
251968763
252110477
253071127
253295641
253415035
253659121
255751033
255887287
258503701
258877721
259482547
261109801
261786089
265230421
265807411
266225167
266925601
267098131
269720153
270868561
271058941
271483889
271724623
273823507
274937851
275283401
277210081
279142007
279337327
279943129
280747801
282721297
287466301
288173257
288940763
290020061
291254833
295560757
295775041
296592049
297362539
297773389
297812677
298589521
299287421
299449729
301907761
302412529
303191741
304854481
305985961
307061371
312202423
312773141
312999121
313192657
314154937
314302003
315418603
315572753
317123173
317137969
319053281
319440769
319460021
320172421
322603201
323634653
323653697
325116289
326812291
327328093
328675621
330159061
331402171
331603201
332976961
332991683
337996033
338458807
340481989
342664081
343704439
345550297
345674071
346305403
348849703
349321481
350031973
351989767
353043007
353727907
355297301
356450791
356604421
357239081
360195151
361946341
364143551
365038441
367388191
367687003
368133481
371103409
371675221
373093939
373299841
374330683
375321643
375488681
377624017
377939503
378347437
378815611
381298711
382536001
384123601
385684471
386804809
386925551
388082683
388187671
388700911
389014921
390158383
390212929
390609941
391323431
393644611
398104261
399093313
400253701
404864701
405801397
408285001
413531399
413541101
415108891
415476343
417027451
417123409
418044563
418717993
420164821
420465277
421255081
423302657
424141219
427372993
428010101
428111191
428901463
430131781
430833313
431282801
432332209
434103841
435121567
438035201
439309261
439714133
441064193
443492029
446715221
448927051
450640667
451118981
452580589
453319109
453374809
454974229
464453443
469328203
469598221
469914761
470120257
470752133
472063411
473592667
473750371
476059523
476501273
476621377
477002101
482348197
483888001
483970279
485315821
487119137
488125873
491541937
492562603
495117001
497251903
497521741
498662561
500520833
503463871
506283049
507396451
508125239
511640737
514133401
514185857
518788411
518820101
520399381
521063749
521864047
527466241
527631553
529493131
529656013
530570881
530714887
535517581
537242899
542180539
542497201
542761301
544171321
544684207
545738203
547281851
548695423
554127841
554494951
554950327
555102871
555429169
556105691
556268497
557163157
557437999
560475721
562967149
564623137
567352391
567565777
569507579
571955261
572696741
573862021
574692161
576691741
579606301
579956653
582799951
585281791
588697801
590098997
591698911
591717787
595590841
596897641
597373057
598484941
602147239
614134243
615760133
617718193
618137551
618405397
620715499
620966413
623521471
624439747
625014391
628903213
630032341
630657889
630888481
633863809
635165701
635314597
640325711
641365973
641490697
642290027
642522091
643919167
645225409
645556481
647591113
648819151
652393421
660257863
660749839
664574653
665040989
665443351
667457011
670208533
671933971
673769617
674234201
675084073
676178011
676880821
679239751
680139253
682460501
685797841
685855237
685903681
686658487
690801229
691472071
696042901
697004449
698289301
706363093
707081821
711367763
711902269
716158213
716169301
720385903
720452701
729090001
730507471
733345861
737508241
739444021
742322351
743052991
745635857
747628267
748012709
748058351
751449799
752607809
754332149
758056531
758493601
758687581
759487901
760954657
761127823
764736893
768607093
769006153
770884381
772820809
776898907
779566211
779819587
785965889
788046901
789945641
791063341
791450353
801803839
801866647
803410441
803744371
804002557
805470307
805699201
807220081
811110301
811478533
818310637
818762569
818856377
818867549
820281491
822531841
826910401
826945621
829737221
831269809
833091631
834445789
836883737
838253041
838280633
838357141
841217653
844779769
844788757
845951767
850182209
850402801
851703301
852081121
852873151
853477759
853555177
857100421
857311753
857448467
859393891
862069079
864649787
868529521
873471661
873631027
874837633
875027201
879902491
880951717
881927353
884584891
885951193
887838197
889372241
889729993
891329521
892467361
893173297
894243239
894562813
897756751
899012701
903136901
904505611
906215201
908291833
909521911
914523121
915925921
916472897
921244609
923928037
925530797
930032941
931631713
933692941
934564573
935615053
941440039
941548753
942520597
944428717
944754031
949324951
950003371
950371003
952242001
955609903
955953307
957850151
959900989
960128863
966501199
970355431
977770531
978563041
979482673
980297909
982803673
983513941
987842101
988438771
989810251
992698513
992986597
998157829
1003988353
1004521337
1004752181
1008144491
1009140161
1009147049
1010624689
1011704047
1012230487
1014594001
1014616583
1015164685
1019568331
1020693601
1021402351
1022388641
1023210817
1024516693
1026009307
1029435149
1033647233
1033678801
1034952001
1038580531
1043198731
1043680177
1045362781
1049917867
1050023251
1053732751
1055511241
1057062913
1058843503
1059193297
1063204441
1064698207
1067323951
1069110157
1069176961
1069524931
1070063191
1071704341
1073066881
1073299501
1078837817
1079536069
1080124657
1082797321
1085114971
1085145601
1091803543
1091948051
1093870387
1094108221
1097281897
1097560801
1101419723
1101623381
1103760001
1108973251
1109185109
1109527537
1110148033
1111041077
1112103541
1113059473
1117004257
1119212161
1121839489
1122785863
1124084699
1125038377
1126096333
1127615581
1128721471
1130160403
1130869717
1132571809
1133596283
1135428031
1135685633
1138766455
1141362301
1143730459
1145170153
1145172121
1146920321
1149454021
1154273761
1154422979
1157839381
1161290461
1161306721
1161764869
1162806913
1164999553
1167309133
1168706449
1171736281
1172712301
1176974803
1177487209
1177673647
1178646211
1179740161
1184554801
1185481657
1185934417
1189817371
1192412033
1193144257
1199871493
1200387137
1202142061
1203376981
1213347691
1213619761
1215079421
1216506373
1217181061
1218159199
1229772391
1229956003
1230433289
1234946719
1235414641
1237168099
1239879313
1243182541
1244168641
1244804611
1250656621
1251000671
1252737553
1255663267
1255949377
1256780071
1259514281
1259976061
1260332137
1263293281
1264124201
1265740717
1268018093
1270508263
1273242043
1273700101
1274270293
1278162337
1279762501
1279994161
1286952613
1287618851
1288430557
1291773451
1292407117
1294261781
1295074171
1295919347
1296945157
1297556023
1300246291
1300442021
1304428753
1306742221
1308793417
1313017549
1313558401
1314476857
1317103421
1317212777
1317908359
1321993201
1324344341
1326215851
1328623463
1336725001
1340502697
1341298921
1350111841
1350371821
1350985777
1360348291
1362011599
1365419113
1365888481
1367902597
1369627645
1372083553
1373852371
1375684831
1378203751
1381789537
1384212077
1387146209
1387571011
1387709731
1392609233
1394632891
1395564127
1399619131
1401238441
1401761089
1407200923
1410410233
1410440593
1414154827
1418456917
1420551133
1423698161
1424503849
1430388961
1432887301
1436131621
1440250309
1451229209
1452194257
1453548403
1455845239
1456550551
1456784353
1461254881
1464568381
1470320569
1472412943
1475784469
1475792839
1475859841
1476522823
1479714109
1483828711
1486078903
1487478511
1490068973
1491041371
1491552361
1497390973
1504832033
1504865809
1507136797
1514301179
1515175087
1521641707
1522338901
1522669051
1526075461
1526664091
1527449617
1532755369
1533797267
1537529401
1538071061
1539804001
1540208251
1544149417
1544599061
1545597341
1553537857
1554990211
1559121023
1566129601
1571111587
1573654969
1577121547
1578037327
1578426193
1579079503
1590255781
1592595703
1599282889
1603484479
1604393779
1606749061
1608013711
1611615151
1620611693
1625821111
1626055237
1627647751
1629353881
1636435201
1638564181
1641430387
1648076041
1649035361
1652432659
1652932513
1673857739
1678713541
1679881681
1680602491
1683700741
1689038543
1691608249
1700718121
1704141601
1708206751
1711212751
1713369991
1715095171
1718090221
1718105401
1720865203
1721729881
1721857021
1722580861
1725217121
1726700851
1728960133
1729016983
1731573829
1734254593
1734394201
1737002611
1738201541
1742288881
1744789061
1746753601
1747940041
1754175151
1762679647
1770959107
1778415329
1784351791
1788185569
1788432193
1789167931
1791773569
1793528501
1809786749
1814018389
1828682101
1831312309
1834448443
1835581087
1837099211
1837537651
1837596251
1838494297
1839127489
1839568981
1841232601
1843960717
1845153889
1852317251
1855689973
1858317233
1858575511
1869092161
1871266651
1878810697
1879828501
1880544907
1887446161
1889686177
1890411521
1893427981
1897291717
1899666361
1906235119
1912587535
1922485969
1935322657
1940779201
1945042181
1950198337
1952102137
1952181001
1953326413
1955219311
1958704177
1960405141
1966182401
1966376833
1967196001
1969429531
1970360771
1977257441
1978554121
1980780481
1983156277
1985348527
1988672533
1991751931
2002783219
2009108791
2011755721
2013070951
2016374581
2019440167
2020292737
2034039871
2034532909
2036224321
2045584711
2046528013
2053816561
2054711381
2057006233
2059739221
2062074431
2062726597
2087979301
2088768533
2090066947
2094177403
2100428857
2101003969
2102670961
2114102593
2115769633
2118931019
2119102651
2133876991
2135138611
2139462991
2141033203
2142090157
2145152197
2145850513
2149255487
2150969633
2155428829
2156336573
2156767003
2159338711
2162366251
2168060833
2172046321
2173406821
2173540951
2175406201
2178678431
2179165673
2184783401
2185248913
2189700833
2199236201
2199931651
2207903317
2208175201
2214761251
2216374273
2217879901
2219008177
2219540753
2220382627
2223744001
2224278253
2229108499
2233432951
2236652419
2242711879
2242724851
2243691341
2251745533
2254469101
2254796281
2257572013
2261484811
2262315823
2266645757
2266917533
2269346999
2270901781
2271065761
2275370857
2275834201
2280256513
2282266627
2288080001
2289594523
2301980801
2307029821
2307480211
2314710019
2314788103
2316226771
2316919529
2323147201
2332461949
2333874919
2338328521
2347597981
2350196311
2352340369
2358095815
2360606249
2373763393
2377867321
2377871941
2383788691
2383939741
2385500881
2385548881
2393026579
2396357041
2398220329
2399784997
2401464451
2401992349
2404208497
2415185191
2417408533
2424995497
2432761633
2433420931
2435792461
2438403661
2439743489
2441203129
2444736533
2447430001
2449977757
2453770171
2455840141
2460953909
2461719661
2463385711
2468629873
2473802101
2477481877
2478767383
2478845569
2480006161
2506461301
2509198669
2516684801
2516871421
2525070241
2532566791
2543356021
2555313601
2559446653
2559476251
2559857761
2560432009
2560600351
2564671303
2568819601
2572266703
2572534147
2575826401
2576458369
2597204989
2597294701
2598933481
2600258669
2610670987
2612129651
2612497873
2621977627
2622121811
2624513401
2625665701
2626783921
2626843201
2630532661
2631761707
2633252081
2634352001
2650162267
2656494271
2669001337
2669967361
2683456777
2692079167
2694555529
2695023761
2695064653
2700213049
2700286993
2701262059
2701878941
2704383551
2704546027
2705912357
2709957277
2715365971
2721651917
2724440473
2728102651
2740698781
2741127253
2744044777
2746494133
2746839877
2750276981
2752534271
2754823681
2758564421
2762980651
2766403333
2768799629
2771101789
2771251547
2773037431
2775098971
2784010013
2784211069
2787440197
2788803529
2800352011
2807249551
2813512591
2815682101
2820743531
2822521411
2822670019
2824256377
2828698133
2831130901
2834507677
2835123061
2838798691
2841542959
2848823587
2850858457
2855255653
2862066481
2864583185
2880759223
2889171937
2901174571
2901514531
2909354977
2911022239
2916241651
2920247207
2928676747
2929892041
2930831641
2936232973
2936428741
2936938877
2940181009
2946475351
2957979943
2968309153
2975096953
2976930001
2978766341
2980362569
2981959117
2984031679
2984149169
2988844097
2991417409
2999651701
3000119329
3002340349
3004412993
3008333333
3010014211
3014101261
3017887471
3020239267
3025152913
3025529713
3031840081
3033965881
3044201189
3056395543
3057129109
3059251301
3062518309
3066754241
3068534701
3068639533
3070208261
3071260723
3074534299
3077122133
3078612967
3095994541
3099122317
3102259031
3108353701
3109181947
3111148097
3113646751
3115882999
3118592377
3121309801
3121608983
3126951133
3129411413
3131834221
3151353941
3155885191
3164505371
3167796241
3175391647
3185581471
3190035223
3197941979
3198778441
3199551913
3201787051
3207240809
3213895051
3216052951
3217744531
3220709669
3228044821
3228492961
3237053311
3243537751
3250624717
3251660161
3251820241
3257758981
3263497381
3263568901
3265812097
3268506541
3277104991
3292232479
3295217971
3295362727
3298979113
3302347309
3305372351
3307251221
3317913857
3323138443
3332340703
3335899927
3342005633
3350863309
3350993969
3361441663
3361838453
3364070533
3364559491
3383477191
3387014401
3388400833
3395120977
3397588993
3402311921
3402748663
3408131561
3408200641
3409281937
3421176877
3422645029
3430497001
3450935503
3453044281
3456615031
3462909031
3464236901
3465995695
3470716657
3478246757
3481182121
3484107841
3491334859
3493479841
3497148527
3498912031
3521383951
3525938177
3527015461
3528361189
3529254061
3531599353
3532810951
3550378129
3560591581
3566014861
3580950871
3589230961
3589884131
3593444009
3595831207
3601552249
3602890507
3605208361
3614770573
3619284401
3620019943
3622271117
3624966259
3630710851
3631950577
3642034261
3651150331
3653628247
3657780053
3663690313
3672324517
3673744903
3675122501
3675125689
3681650281
3683359891
3685647701
3687755347
3692283211
3693874117
3711593341
3718938007
3725696141
3726326963
3726810959
3728463481
3751554581
3769241653
3769349897
3789227051
3792082141
3797725303
3798992341
3800306971
3803059063
3811357201
3832807681
3835537861
3836680831
3844873897
3845755063
3867183937
3869085377
3881275549
3892608037
3901550831
3907166173
3910653577
3917048893
3931767547
3934940833
3935623339
3936050119
3940128001
3971394127
3973846391
3979154057
3982652731
3985034023
3987235597
3987959561
3995362597
3997740319
4000170841
4001715541
4005660961
4010082151
4010463641
4015203197
4021546777
4034993269
4039226173
4039299227
4042885439
4044905597
4046925583
4057697947
4063786673
4064170987
4070236843
4100401813
4100934241
4103331277
4106003617
4106767051
4142068261
4145880961
4146051421
4148524091
4156580741
4157722801
4161040993
4162918471
4164614611
4169765101
4169867689
4169991701
4176385921
4178799313
4179008347
4180883689
4186561633
4194194353
4208205643
4210929721
4218234211
4220981789
4231512709
4233273227
4236063001
4240777201
4248771337
4250143459
4251724627
4255288237
4261600531
4271761519
4271947681
4284222977
4289648521
4294401301
