15
33
49
55
91
165
301
559
637
1729
2107
2821
3277
3913
8119
8911
9331
10261
10621
12403
16471
21953
26785
27391
27557
30121
30721
40033
45451
45595
59977
61447
66461
85541
88831
90181
92509
98881
99631
100091
109061
117181
135465
144841
153401
176689
178709
179371
183847
211141
216457
219271
221761
241001
256159
298291
304057
308161
318551
328021
332831
343441
347777
390937
398413
407611
442471
443719
508255
543973
587861
597871
636641
655291
725281
761641
764941
769129
798553
819541
832351
840781
841681
849121
868001
906193
914551
929633
933751
950797
954271
1032533
1056331
1080997
1082401
1152271
1154131
1187281
1296451
1302451
1339507
1493857
1513801
1537381
1542623
1615681
1732591
1773289
1835197
1857241
1869211
1898999
1922401
1987357
2184013
2237017
2259251
2284621
2290201
2358533
2404513
2480689
2510569
2689759
2781241
2795611
2855299
2855651
2929681
2944901
2984983
3076481
3088561
3093697
3134809
3218113
3270403
3289301
3307751
3330517
3514513
3539101
3568661
3593521
3647621
3701771
3822607
3828001
3835703
3928861
3957913
3985921
4077151
4101637
4151869
4181921
4224533
4324741
4686391
4894561
5044033
5254679
5269361
5295401
5355001
5366293
5376451
5472449
5551201
5753101
5762767
5806591
5859031
5906413
5918653
5938141
5979247
6108301
6175801
6537529
6539821
6584153
6759751
6787327
6797401
6851521
6992791
7152617
7333811
7473131
7539841
7597241
7839781
7917757
8092987
8224295
8276269
8328241
8332097
8502551
8830801
8910811
9066421
9154811
9174829
9247021
9256001
9591661
9736501
9780409
9864941
9898099
9973693
10168651
10205317
10267951
10525411
10687717
10703801
10751291
10813321
10919647
10974881
10990513
11066551
11268251
11453203
11518963
11541307
11585293
11628949
11912161
12088669
12163817
12296813
12332761
12967021
13072879
13694761
13966181
14063281
14523913
14575091
14621641
14652991
14752021
14783203
14794081
14811661
14882401
14933761
15077989
15576571
15581581
15631153
15720013
15757741
15787391
15812827
15824623
15888313
15980641
16322761
16324001
16371511
16449343
16786513
17091229
17236801
17290531
17552737
18033211
18112513
18300241
18510769
18706033
18754693
18790021
18888799
18937489
18985627
19180261
19228973
19766041
20036881
20081953
20134621
20153257
21042001
21122371
21472357
21794851
21865195
22090009
22369621
22397497
22448513
22483711
22570753
22759969
22765261
22947181
23386357
23405341
23610871
24388621
24550241
24642239
24768061
24778177
24856241
25428871
25502891
25525499
25618387
26474581
26597227
27144481
27234607
27474329
27532657
27625261
27772669
27949735
27966709
27998687
28213333
28449961
28964981
29849911
30219757
31120981
31388281
31692805
31778587
32091781
32429431
32817151
33225217
33600533
34082701
34097467
34514071
34657141
34819987
35981713
36350689
37093607
37114841
37383571
37439201
37649503
37736533
37873201
38248981
38347921
38874001
38885743
38971661
39371141
39418963
39676033
41604109
41798401
41987111
42160339
42318277
42395761
42563333
42698023
42700513
42702661
42984589
43594657
43938731
44068001
44208061
44361073
45402589
45519301
45559729
46633861
46724131
47755905
47925541
48191653
48231121
48690721
48787921
49019851
49440187
49573627
49716901
49735351
49735981
51088133
51425011
52776289
53435071
53896811
53900371
54151921
54590263
55777141
56220383
56725313
57120001
57496511
57598801
58180591
58986091
59193421
59840537
60961987
61171951
61421647
62373137
62553599
62710663
63024001
63300601
64049077
65747977
66000571
66007061
67153193
67209937
67930591
68144833
68182003
69176647
69212431
69309331
69542641
69600833
69829813
70410271
72348409
72415531
72578701
72579091
72623293
72884701
72993601
73031837
74610763
75120871
75503065
75933197
77090413
77100751
77448961
77622533
77884711
78234133
78644611
78974923
79398901
79625701
80375707
81376903
81816547
81926461
82452061
84238789
85226689
85296251
85456351
85719871
86067367
88505381
89381791
89398027
89532271
89757781
90273751
90698401
91276153
93245501
93361381
93431521
93591721
93930691
93980251
94025023
95451361
96142927
96551621
96894071
97071211
97576631
98130859
98523877
98734321
98993281
99180915
99432023
99809051
102090781
102560407
103042241
103253333
104078857
104569501
105040321
106019653
106059781
106381171
106485121
106812433
107278441
107903617
107997079
108140401
108982081
109507663
110043119
110555971
111274561
112828801
112939831
113202181
114430291
114805597
114849901
115529719
116701003
117345559
117445987
117778921
118257917
119079937
119453897
119798233
121002091
121099829
122093017
122331385
122645761
122697667
123434929
124068211
124209757
125807851
126176233
127796861
130606547
130656943
130876751
131219941
134392091
134541055
134589001
135008479
136651213
137086021
137433751
138096841
140095661
140996401
142160509
143431697
145206361
145603333
146333251
146644147
146815441
147405259
147663001
150075289
150370921
150457819
151830551
151993769
152716537
154394783
155239979
157394161
157542533
157793659
159440081
160122271
160459601
162469717
163759753
164284177
164411911
165938653
166020863
166595131
166827943
167430817
167493151
168380251
169008931
169407577
170117389
170189417
171471061
171692317
171747577
172018667
172035841
172272187
173401621
173678203
174211201
175419757
175433117
176419933
177812641
178482151
178508353
179124013
179823337
180497633
181606993
182571247
182771263
183402343
184081577
184949641
186950491
188386381
189679969
189686503
191413801
191730241
193606363
193875557
194514157
194691317
194903821
196121641
196436297
196544629
197239591
197966891
198861167
198868441
199143523
199431761
200083333
200345273
200629619
203231621
204488231
205235561
206006533
207437041
208332541
208483777
208774369
209301121
210812311
211918417
213835861
213875251
214038533
214191623
214401631
216762671
217297561
217396481
217634791
217805281
218947121
219029329
219367019
219669451
219752281
221061311
221497303
222387529
223813531
225853633
226599931
226810741
226991641
227132641
227418133
228652201
228694981
229253941
229671451
230300857
230382401
232708411
233148889
233177251
233685061
234792637
235093081
236559457
236880163
237920677
238024093
239292539
239611649
240068011
241370179
241493617
241989199
242170783
242919827
243692489
244873567
248544661
249901627
250906591
252103171
254433691
254900101
255889279
257202541
257367943
257811661
258172333
259949171
262386661
262627561
264117751
264719071
265018009
265554997
268150051
268389577
273765361
274937851
275151061
276269387
277787141
278496307
280507991
281059051
282044407
283020013
283628251
284301751
287996773
288194581
289105741
289300411
291185767
295289551
295413301
296177701
296237239
297812677
297842353
298192753
298226995
300690013
301413001
302204033
304955201
305387551
306105001
306191621
307061371
307907429
307937521
310827697
312637515
313380971
314071381
315392731
315843841
318465703
319370509
320209891
323622833
324001441
325511861
327292651
328725271
330262843
330452669
332949431
333067151
333698821
333916399
334793551
336098957
337870351
338389019
338776111
344750071
346859521
347851729
348566401
349154137
350170013
351850039
354512431
355497031
356604421
360145633
361198241
361719631
362674229
363245581
366652201
367042691
367447963
367738021
368476501
369112129
370766563
370947991
371987821
372038627
373669453
377122073
377458849
378956141
380377141
381252691
382069153
382956757
384040001
384365827
384752741
384770017
385038721
386188001
388876231
389014921
389568169
393159691
395278561
397602371
398989897
399671641
400253701
400690297
403095421
403095967
403917919
405547921
410680357
414245551
414948661
416179457
416366677
416440327
419786161
420703081
425306251
428457251
429360361
432525607
434503213
435244631
435408619
435585001
437866087
438773107
439714133
439918931
440219011
441163739
444059605
444549491
445806271
446144161
446374261
447191893
448851889
449175043
450020929
450207451
451275343
451984141
452040751
452178673
454607887
455461471
456982813
457117697
458368201
459838867
460149301
461378413
462964477
463779271
465658903
466017847
468840961
469456331
469536017
469767691
470063791
471921361
472708321
473694943
473750371
475723909
475969231
477002101
477086741
478247617
482073161
486596053
486992881
488229523
491646403
491848897
493961737
495149851
495573121
499473833
501134563
501409141
503052229
503644291
506783153
506963857
507516841
508125239
511024313
511121161
511203551
512489671
513080129
513375823
513405943
518186851
519920311
520256985
521463359
522522091
524151253
527278127
527393497
528968917
529057117
529214311
529775951
530376337
530759347
538726901
539019361
539944081
541156001
542230129
542571211
543934501
544511881
546911569
547536371
548227681
549724033
554658751
557163157
558246781
558977761
562467361
563947141
564936451
568902001
571502513
571595047
571823533
577521001
578185301
579372049
582595741
584570491
585003169
585181073
587336401
587644573
589634053
590799763
591043771
595660157
597492673
599134801
601057129
602593441
605341837
605786881
606845761
607140773
607335301
608917753
611474545
611888311
612816751
615244481
615951757
618206051
619244441
620531911
620715499
626118571
632943533
633289807
635165701
638903233
641601871
642873001
645771127
648012773
649235341
654288031
658980193
660859651
662222107
670909727
670941457
671071591
671881921
672184549
672731317
673218817
675236611
680227981
680471041
684151741
685903681
686821681
692748721
693612877
694691551
695327821
699012751
701247001
702695953
705883951
708719839
709087771
709879301
711304903
716169301
717969649
718753471
719463383
720068161
722784817
722979907
723244001
727803253
729274645
731276521
736204211
736602049
740250281
740956309
743404663
743832091
747325237
749172821
750356731
753480421
754786231
757158533
758056531
758353597
758374079
758493601
759333137
760910753
761932033
765378241
767791333
769122433
772957301
776081503
776728661
779566211
782330231
790466023
793932301
793979011
794361619
795571129
795966079
799921333
803614897
807983443
810455101
810927661
815776417
817076611
818126311
821376533
821472301
824836601
826201351
828380791
829340327
831611017
832870891
834935209
836154047
838524721
839635651
839915737
841478911
842111011
842220289
846054353
849076381
849534481
849606031
851803289
852081121
852112081
853245251
855073301
857448467
857538991
857540821
857703169
859241371
859577743
859727233
861008989
862069079
868088341
870142879
871443211
871616989
876850801
877464589
878940833
880230937
881114141
882656479
883641757
884331967
884405851
891052507
892216951
892608641
894476393
896878501
896901461
897756751
897880321
898028333
902096161
902299831
910989337
912870421
912900577
914067241
914348737
918370909
918661501
922549841
922944439
923161201
923992807
925347241
926233351
927045913
929258461
930745621
931069309
932148253
933770051
935794081
938376181
943320817
946094899
947064007
947845291
952773031
953380031
954549961
955938901
958323601
961124671
961613101
961727843
962375941
962442001
962500561
964263961
964368181
966790393
966910051
968959265
970895977
971326441
976382509
977254081
979814551
982082113
985563217
987517441
988042621
993933361
994115209
1001134729
1006107061
1009688353
1011346001
1014607157
1015753601
1016250247
1022822513
1022868911
1023895459
1026407551
1028591801
1030834817
1033422301
1033750081
1035776171
1037560681
1040018941
1040840863
1041381811
1041946849
1050721561
1055512369
1056853927
1058216801
1058989231
1059362729
1066713553
1067558929
1077808513
1079063371
1081033159
1091186141
1093494499
1094554151
1096516321
1099668151
1100199953
1100510413
1106443333
1112103541
1113542977
1114326031
1115580481
1117475543
1117968517
1129390421
1129716811
1135685633
1137303091
1137320581
1139434453
1140750181
1142300503
1145829241
1152088033
1157839381
1160089351
1164015241
1166229181
1166475601
1166735263
1167684751
1171665529
1177552741
1179951301
1182047401
1183227371
1185605209
1186915861
1189817371
1191543781
1195524181
1200387137
1200456577
1205606533
1206353497
1207158577
1209522223
1211973743
1218269053
1221700849
1223648441
1224313133
1226271961
1226855293
1229956003
1234190161
1234290919
1235864033
1236203281
1238330899
1248065459
1248843821
1252031981
1252547689
1257102001
1257469291
1258962541
1259635741
1259752123
1259851321
1260534601
1261873621
1263293281
1266003461
1266989701
1267063781
1267133311
1270249073
1276378133
1277966971
1279033001
1280624197
1280837381
1281100549
1283513333
1289218393
1290184537
1291650571
1292852993
1299784141
1301204087
1303139599
1304936011
1307996281
1308358507
1308758533
1312866851
1313022881
1316475749
1320395737
1321734497
1325857541
1329177847
1338247681
1340628199
1341620281
1344146233
1348283137
1348788257
1351713763
1352944993
1356234061
1356241321
1359481589
1363330321
1364904817
1376708653
1381243709
1389272851
1389675541
1389975149
1395618097
1397169091
1397357851
1399230289
1401751963
1403149687
1407008269
1408460131
1409935399
1414938377
1416144133
1418365873
1420057633
1427900833
1429452041
1430446951
1436675041
1440984397
1442067433
1444441861
1444590859
1448096653
1453053197
1454064673
1455060097
1459590877
1461632017
1462031621
1463178817
1467496123
1469740429
1470151373
1470211651
1473460777
1475478901
1479714109
1480849831
1484116921
1488849661
1493832817
1494595801
1499467841
1508953447
1515664153
1519129081
1522827601
1531926551
1535466301
1539334541
1540208251
1540985473
1544149417
1549005211
1564278211
1567830241
1573225561
1574537101
1575283681
1579079503
1580580757
1582546913
1586615869
1587738601
1592676559
1601139871
1606749061
1610596351
1611832861
1612658629
1617921667
1619836033
1619899667
1620099691
1620646177
1623595051
1627972633
1628738753
1632785701
1637347447
1637436457
1641022201
1641971701
1642588273
1643544239
1644299801
1645859251
1646590843
1650227651
1663332529
1663451551
1665790327
1673513731
1673812183
1678709551
1680657341
1683174533
1685313601
1702123201
1706302153
1707704461
1708297039
1709765713
1715154307
1715427451
1718106481
1719147193
1721857021
1724126171
1731007657
1735915771
1737330193
1738851007
1739695721
1739728117
1741498669
1750412161
1752172003
1757055847
1760152351
1766405557
1767803047
1767982417
1772950679
1776820033
1779578419
1780601509
1781940961
1786504501
1787197843
1790921467
1790995051
1795216501
1796289617
1796734241
1798650253
1800684337
1802021999
1802510669
1802661667
1805555201
1812099073
1817727211
1818382073
1820346481
1821689101
1821827773
1822657981
1828887061
1830087101
1838453203
1839568981
1840525831
1844279011
1844499871
1844696593
1847487209
1847720603
1849161211
1851493981
1852356281
1858023617
1865069809
1865880361
1865933257
1868747113
1869875281
1875077191
1878261841
1878810697
1899027649
1900687381
1905099391
1907488381
1914155503
1917385093
1918451701
1921309633
1926401819
1931470651
1931855633
1934350351
1937817121
1939576621
1939604509
1944499673
1945557703
1947434107
1950570091
1957084741
1958400133
1962730531
1966146451
1972522861
1973108209
1974624121
1980438991
1984769257
1986220787
1998066421
2000436751
2001603151
2003561051
2006394779
2008443977
2015546497
2017553609
2021826577
2022028033
2022558913
2029768981
2030600833
2038224241
2042085403
2042467741
2046017701
2057049457
2058620903
2059166311
2063889151
2065606381
2065795399
2072488771
2089068631
2094177403
2096629891
2108568827
2113711241
2117955451
2118415027
2119380587
2123112967
2123241451
2129184131
2134824721
2138923057
2139039769
2140373069
2142123001
2142810377
2143911641
2147527219
2147605201
2148589261
2150969633
2156767003
2156887921
2161966339
2162366251
2165015953
2167577527
2182640641
2184744451
2184963673
2188002781
2188603009
2188940869
2192740411
2196839041
2197944451
2200553629
2208439297
2216267467
2218990321
2221000741
2223196769
2224278253
2228040601
2232176131
2237993969
2243273761
2249939731
2251524661
2254469101
2255013643
2266114621
2271142567
2276252251
2276769097
2282758297
2290762603
2290773871
2293437457
2296894753
2301505935
2302598863
2305067801
2308136401
2314820377
2321221873
2323216211
2328205111
2350043767
2352378601
2355230749
2355345211
2355983341
2358918643
2360674531
2368189429
2371215871
2373940801
2376303329
2379610351
2380603501
2385574201
2387675861
2388174391
2390720641
2392008631
2396885251
2398879283
2398929451
2402762041
2416334131
2419122817
2419702583
2430813001
2431136401
2433791593
2437068349
2438525053
2439600833
2443861751
2444736533
2454740861
2456536681
2462421547
2463305161
2463850369
2464140311
2468235481
2473520197
2478708601
2485230751
2488591117
2490831487
2492585311
2493698131
2494660033
2495416883
2497638781
2501815201
2510577301
2514093553
2516219821
2519230141
2527823827
2529627673
2541368873
2543009113
2546359579
2547183157
2547621973
2560600351
2561654099
2566305991
2571111811
2571917041
2572874501
2575080397
2576679337
2577345541
2579214529
2582799451
2585281861
2597228173
2600611861
2605557781
2607162961
2622582361
2625942493
2636360191
2639194573
2640173641
2644262821
2651139121
2651831353
2652168731
2653637747
2654135131
2660275171
2660738771
2661953731
2668095181
2675358281
2681460461
2695207601
2696344621
2699471503
2701785619
2705647141
2706260171
2715684481
2717428033
2718994513
2721735647
2724955633
2728730287
2729660941
2733282487
2741594329
2742518161
2746839877
2747760289
2763721921
2766403333
2771071031
2773243399
2779477741
2780879401
2782655569
2785493701
2791771093
2796248641
2797696357
2802633401
2804827411
2804992693
2815816033
2817144049
2822521411
2822721169
2826985153
2833971427
2837102833
2837917633
2839933153
2840871041
2841190381
2842302227
2843447881
2847894377
2855512909
2856406303
2858105251
2867266901
2867781001
2871465637
2872948321
2874828751
2881429741
2883818011
2884465729
2895004927
2896114501
2901832151
2908362361
2909943041
2913401611
2913406081
2916175721
2917669147
2927266123
2930309131
2930686801
2943965011
2948631841
2953189781
2962366021
2967898591
2970486251
2970633301
2970804061
2972387881
2973752101
2974506841
2978011651
2991621961
2992013641
2995146179
2996348461
3000119329
3000688381
3008333333
3015197827
3019916461
3031415641
3059401159
3060537511
3060763951
3063683503
3066479389
3068243501
3070144741
3073181801
3078042169
3085251833
3086767657
3096385717
3099265459
3100423873
3104380381
3105445121
3118538471
3124534177
3129418601
3130386821
3138973381
3140268041
3143854201
3150110269
3150972917
3156550363
3156601561
3157313069
3162330289
3163106953
3172880101
3175526971
3180098881
3181341239
3184139449
3184139701
3185944273
3189792151
3189888001
3190706923
3200685997
3202626169
3208453687
3215031751
3215773751
3216644971
3219865741
3221205697
3228072121
3232045073
3234120821
3234415313
3235603001
3239044033
3241593109
3247386421
3249191167
3261873553
3262732201
3280967353
3281593591
3282071401
3282119899
3286184287
3289830877
3292656661
3293155999
3310343719
3315563461
3316485421
3316601017
3321033751
3327432403
3329284561
3336263461
3337625281
3340984501
3346957153
3347600563
3349997731
3351542629
3352026133
3353183797
3365494273
3374990821
3385568833
3396159901
3407772817
3408270469
3411516067
3424978921
3432451081
3433439341
3445482751
3456738181
3462445603
3470716657
3479813611
3480908203
3485027911
3495447929
3495943153
3496282927
3498145489
3504434431
3512245001
3519861949
3520131091
3521625049
3526100821
3528544751
3532275919
3533856913
3536281831
3541895177
3544834721
3548040193
3548607841
3549761717
3554817481
3556778257
3569118991
3569383819
3584212703
3586833253
3587167081
3590963443
3599858687
3604885483
3606377149
3608998201
3609146533
3614083747
3616797367
3618295279
3620549773
3625328981
3626867381
3629796061
3631649581
3631661183
3634267141
3636710489
3642255181
3648424231
3653061803
3653628247
3655271437
3663088201
3665407517
3667604383
3671268001
3676674101
3679699421
3687246109
3687989317
3698276741
3700470337
3702280801
3703345111
3710718793
3711520513
3711656401
3713697577
3715593703
3717025063
3727957487
3737123567
3741080641
3766568257
3766733251
3777134131
3781402969
3782932271
3787284821
3790653637
3791686369
3794288551
3795267037
3801299251
3803059063
3806586631
3807487069
3811357201
3813919453
3820239481
3821563747
3821588761
3824339819
3829546141
3829656403
3830165197
3835650331
3838132783
3841324339
3848844553
3852405991
3859128001
3861513793
3869668351
3869854717
3878468605
3878888863
3887635753
3889917667
3892928203
3895046191
3901539451
3904075297
3908977381
3914010151
3918686707
3931945957
3936193831
3937526911
3939119117
3945807977
3949617673
3951029161
3962738143
3962786213
3965737051
3973938541
3979485931
3985034023
3989104897
3990545593
3994905601
3997386991
3997740319
4001328751
4002712201
4011138961
4019954707
4023897151
4024609003
4033668697
4034993269
4035498409
4039299227
4045146673
4058220601
4059242551
4063173751
4069551691
4080054833
4082143891
4100383211
4102329991
4110683941
4134219589
4139198029
4142487071
4165201261
4176385921
4181322809
4186530181
4197341149
4200339791
4200943489
4206758533
4207432021
4209577861
4221615841
4232787521
4235818861
4235887891
4246144321
4246655341
4249456201
4250911061
4255202953
4256226371
4273567651
4275230917
4276776631
4278981451
4282033687
