25
33
205
217
325
793
1025
1057
1525
2047
2665
2761
3277
4033
4141
4681
6697
8321
9017
9073
12025
12083
12505
15457
15841
17173
18631
19729
19825
20263
22177
27379
27613
28085
29341
32767
33025
35425
42799
44561
46063
49141
52633
55831
58807
58825
58969
60229
65281
73261
73393
74665
78409
80137
80581
81797
83845
85285
85489
86437
88357
90751
96049
98605
104653
113401
127697
130561
132193
136927
139877
143533
162565
174269
175825
178777
195365
195889
196093
197209
199057
209305
215209
220729
221761
232105
233017
252601
253241
256999
262417
270805
271951
280601
283999
290485
295331
314821
332141
341713
347777
350065
357761
367537
369799
382537
390937
405613
417589
425881
429325
451351
458989
466993
470017
476971
482365
486737
489997
494161
514447
524173
524437
526825
531665
580337
598105
601609
605677
607609
611425
627505
635401
647089
671977
677821
694153
702697
707101
710425
729973
732733
741751
749521
763877
800605
818201
838861
840373
873181
877099
906305
907441
913891
916327
921649
935713
973013
976873
983401
990613
1004653
1016801
1023121
1047553
1048577
1056403
1069993
1082401
1134757
1136431
1143409
1145257
1194649
1207361
1251949
1252697
1274659
1302451
1303561
1310497
1310725
1325843
1333603
1340881
1352551
1357441
1373653
1379617
1396693
1397419
1441091
1446661
1466281
1493857
1507963
1509709
1530787
1584523
1586521
1604401
1627921
1656737
1675609
1678541
1701703
1730977
1803407
1811573
1813225
1834837
1871857
1876393
1879147
1907851
1909001
1969417
1987021
1993825
1998037
2004403
2014525
2029193
2081713
2163679
2176525
2181961
2205967
2264369
2269093
2284453
2288317
2304167
2387797
2409445
2419385
2510569
2512357
2548153
2615497
2617693
2631737
2639737
2652721
2727649
2728493
2746477
2748023
2757241
2791273
2802145
2808121
2811271
2813281
2828101
2853397
2860705
2909197
2923909
2953711
2960497
2976487
3090091
3093697
3108313
3116107
3124831
3125281
3152359
3198169
3285361
3296269
3361945
3362437
3367771
3375041
3383353
3400013
3406657
3429037
3438667
3441205
3520465
3539101
3567481
3581761
3604201
3605429
3623077
3634633
3705353
3707257
3757987
3846079
3897961
3898129
4056459
4181921
4188889
4213213
4219129
4274425
4318861
4335241
4360621
4360897
4382641
4386097
4446913
4469471
4502485
4513841
4645103
4671577
4682833
4705873
4835209
4863127
4906441
4907701
4949443
4973341
5016191
5044033
5049001
5058487
5117005
5173169
5173601
5208121
5256091
5310721
5366293
5394985
5415229
5444489
5470261
5489641
5502797
5590621
5599765
5672041
5681809
5718721
5723677
5730859
5879485
5886109
5903497
5918965
5919187
5989213
6058753
6072949
6074225
6083029
6140161
6188473
6226193
6233977
6334351
6368689
6386993
6411925
6503131
6507397
6531977
6584153
6723445
6787327
6804733
6836233
6851521
6903667
6905089
6952037
6975013
7065325
7172425
7177105
7268413
7306261
7306561
7462001
7480549
7571881
7644043
7674967
7711679
7759937
7820201
7830145
7846385
7878025
7883731
7937425
7948081
8036033
8082517
8095447
8137321
8248129
8261317
8285485
8328241
8346325
8348749
8379913
8384513
8387569
8388607
8430481
8534233
8642869
8679521
8725753
8727391
8878481
8955649
9006401
9045793
9056501
9069229
9073513
9118801
9132631
9290593
9353233
9371251
9564169
9567673
9588151
9688273
9696101
9717247
9729301
9774181
9780409
9828325
9837367
9863461
9910517
9995671
10167193
10202347
10202809
10248019
10297009
10323769
10386241
10425511
10455205
10610063
10653865
10655905
10701421
10712857
10747945
10763653
10813321
10825621
10841209
10895803
10974881
10978873
10990513
11008541
11081459
11184811
11247661
11335501
11473885
11541307
11566081
11585293
11595497
11622025
11622913
11756161
11777599
11835265
11836891
11934287
11990809
12263131
12317425
12327121
12483073
12511589
12531109
12673153
12935557
13057787
13131721
13187077
13216141
13260241
13264007
13338371
13365325
13421773
13446253
13500313
13548487
13609793
13635289
13694761
13747361
13807069
13821193
13875973
13954009
13956049
14055925
14179537
14182939
14297725
14324473
14709241
14721701
14794081
14848525
14865121
15093349
15099041
15101893
15139199
15188557
15220951
15247621
15253057
15467689
15479777
15495041
15510041
15603391
15610967
15614161
15645097
15698431
15802681
15884821
15885937
15976747
15978007
15980641
15995449
16070429
16113553
16132321
16146325
16324001
16360381
16378561
16519105
16549117
16705021
16726399
16755481
16773121
16822081
16853077
16870961
16879501
16914301
17116837
17134043
17208601
17327773
17375249
17509501
17531749
17550325
17585969
17645689
17751565
17847505
17974529
18073817
18131653
18340657
18366937
18396853
18443701
18454921
18535177
18632923
18653353
18674713
18699697
18740971
18838933
19103809
19164925
19234379
19309207
19328653
19404139
19413577
19471033
19581043
19607561
19628701
19732897
19806865
20193265
20261251
20407549
20417311
20576089
20581597
20647621
20709049
20728351
20859409
21303343
21306157
21359521
21400481
21417991
21444281
21623659
22075579
22087477
22088053
22214725
22317173
22509973
22551521
22564081
22591301
22606273
22669501
22697281
22849481
22892437
22935217
22953673
22981351
23090593
23262961
23464033
23547721
23577497
23679683
23731489
23734901
23828017
23872213
23963869
24214051
24311101
24734081
24767321
25007497
25048059
25080101
25183589
25201243
25326001
25347001
25356409
25596793
25629913
25669183
26093209
26147689
26188825
26254531
26254801
26377921
26503849
26523925
26566273
26694361
26758057
26765005
26787025
26821601
26840269
26869657
26877421
27108397
27110497
27118601
27219697
27271151
27279409
27331921
27380831
27392041
27509653
27532657
27664033
27798461
27808463
27837433
27966709
28325881
28329925
28527049
28529641
28570963
28572961
28639009
28647253
28674785
29050141
29111881
29214541
29458573
29581501
29803573
29878381
29953129
30022129
30185569
30219757
30295141
30388753
30418957
30567277
30576151
30662497
30674593
30740417
30782273
30881551
30894307
30980531
30992041
31166803
31299833
31315033
31436123
31636903
31695571
31767121
32060809
32072423
32373037
32506531
32608033
32681017
32736565
32944393
32957629
33025123
33546241
33554431
33601789
33627301
33704101
33721781
33966367
34003061
34055281
34231003
34488637
34544623
34856167
34972537
35340769
35507749
35576599
35684965
35703361
35820937
35851037
35951497
35981713
36068833
36120901
36307981
36338653
36463051
36582547
36765901
36803201
36861901
36919681
36953929
37109467
37222177
37227385
37375957
37439201
37582921
37753489
37769887
38010307
38046817
38118763
38158273
38210323
38270377
38342071
38389249
38432857
38519713
38624041
38734193
39003953
39146185
39266725
39272833
39379771
39465091
39655153
39721477
39862117
39936259
39972433
40190239
40629601
40718665
40782589
40817131
40827473
40946725
40987201
41121433
41150773
41467213
41604109
41636041
41642681
41662297
41801845
41840809
41983111
42024097
42031513
42375385
42485119
42543145
42553009
42623017
42788989
42822793
42984589
42984839
43143553
43169473
43363601
43397551
43661257
43786289
43994203
44122321
44314129
44539769
44598863
44639533
44665421
44873245
44963029
45025073
45030505
45100177
45166753
45414433
45485881
45559729
45577801
45754073
45769645
45810409
45819541
46325029
46334713
46373761
46517857
46598689
46679761
46681181
47020177
47095273
47220367
47349373
47388889
47461129
47587663
47679691
47759041
47781119
47903701
47918581
48191653
48269761
48316969
48369727
48425521
48448661
48551161
49166587
49303801
49305427
49411801
49484933
50155733
50576311
50581081
50801833
51129781
51237817
51302353
51340807
51396985
51435361
51500521
51909811
52072021
52119289
52204237
52310497
52498513
52557853
52577785
52604507
53152045
53182009
53256913
53294029
53345305
53399449
53411905
53656021
53675623
53680537
53695721
53711113
54026029
54029741
54133241
54407893
54449431
54468001
54627313
54960205
55109401
55318957
55333937
55376569
55464481
55712521
55729957
55901509
56336977
56420033
56599889
56599939
56650249
56709397
56715101
56996569
57003343
57424933
57561085
57699739
57984299
58305489
58422409
58449847
58509977
58517047
58573841
58583449
58821361
58904569
58954925
59043073
59321753
59631211
59840537
59913157
60155201
60155929
60330611
60352921
60547831
60566431
60581401
60636745
60696661
60738257
61201009
61219789
61255171
61377109
61621561
61719949
61755751
61832377
61966147
62057789
63001801
63065281
63167743
63318169
63346999
63354139
63388033
63605431
63745921
64124353
64175113
64299769
64605041
64642033
64659233
64966525
65254393
65301013
65359477
65431471
65724517
65887867
66096253
66124297
66166801
66342673
66567601
66870385
66976781
66977281
67194401
67291603
67434445
67642513
68102641
68154001
68165761
68512867
68712191
68768569
68894981
68967389
69030901
69128641
69176647
69228967
69231061
69258709
69485281
69491309
69661513
69885649
70030501
70149631
70200325
70593931
70701265
70728121
70780777
71180047
71273249
71572957
71679427
71734417
72124249
72414425
72498253
72543547
72691831
72709099
72976009
73298425
73429553
73562833
73598617
73645001
73981657
74292205
74329399
74411131
74533769
74537425
74554261
74927161
74938129
75140137
75459737
75461437
75522727
75565873
75701551
75736225
75809089
76307617
76432861
76725091
76745101
76813697
77211749
77533123
77576401
77651353
77703319
77812153
77817979
78428791
78739525
78835633
78939089
79398901
79403113
79417801
79640933
79786523
79844425
79921489
80028325
80041153
80075629
80104033
80375707
80556337
80687881
80826121
81433591
81445585
81587353
82133041
82156231
82273201
82421065
82506439
82561249
82830865
82870517
82878313
83038853
83204801
83615981
83765287
83770081
83784937
84413221
84421081
84485161
84487457
84868381
84920197
84998503
85518229
85519337
85605745
85896721
86027329
86067241
86180173
86250121
86500765
86530621
86927677
86999837
87261157
87314137
87499651
87628789
87694261
88033177
88142825
88368853
89050417
89308771
89510473
89998273
90299401
90498689
90565721
90626185
90696607
90698725
91119925
91433281
91572017
91659283
91877017
92076697
92128609
92275093
92303857
92456785
92604223
92885377
92936161
93239249
93290653
93431521
93528121
93541537
94316401
94502701
94885561
95002849
95063545
95451361
95452781
95588749
96618397
96630829
96777781
96904081
96908605
96925921
97286785
97323157
97496449
97551781
97758433
97796953
97863529
97924217
98094193
98272525
98315425
99035777
99036001
99115297
99398647
99461539
99486889
99627557
99789673
100060225
100138817
100463443
100618933
100943201
101270251
101276579
101547217
101635171
101649241
101864023
102004421
102360025
102678031
102690677
102693697
102987613
103448809
104024621
104078857
104493793
104610025
104706097
104852881
104857391
105305443
105919633
106071985
106194031
106247809
106473925
106485121
106743073
106775761
107543333
108140401
108561361
108596953
108699193
109118791
109350121
109437751
109570345
109836163
109936249
110024785
110139499
110312773
110493937
110717861
111654401
112114477
112402981
112705105
112792519
112828801
112914205
113053117
114305441
114366313
114401521
114701341
115007581
115039081
115174681
115297201
115637057
115804501
115805593
115873801
116090081
116206525
116347457
116617289
116673481
117637741
117893953
117987841
118113473
118540225
118580419
119204809
119558011
120296677
120517021
121116691
121472359
121501081
121611673
121677601
122012227
122166307
122631391
122739761
122839417
123671671
123833611
123987793
124145473
124154185
124163785
124895737
125097649
125364653
125921881
126007489
126132553
126384733
127050067
127183153
128079409
128124151
128303965
128665319
128950249
128987429
129256273
129337333
129357061
129364009
131391193
131567929
131803153
131821489
131938561
132098563
132307537
132325901
132327301
132332201
132338881
132358843
132575071
133039873
133158961
133216381
133302781
133405981
133467517
133800661
133801123
133981621
134696801
134767153
135023257
135141763
135170197
135263269
135308881
135969401
136037413
136043641
136322041
136661201
136716889
137192833
137415821
137518597
137763037
138030721
138705967
139196269
139487041
139739029
139803247
140197051
140465893
141114313
141317245
142259041
142787737
142930657
143168581
143431697
143760241
143804557
143912665
145265161
145348529
146010817
146156617
146481193
146728453
146806129
146807207
146884393
147028001
147175813
147287141
148087801
148109473
148436209
148910653
149051729
149330077
149389633
150046429
150594049
150784681
150877333
150960239
150978493
150988753
151533377
151837309
151895185
152266159
152486551
152716537
153004825
153369061
153754873
153928133
154287451
154420289
154707713
155102221
155641123
155715481
156114061
156532799
157069189
157105943
157228765
157405249
157725829
158068153
158192317
158397247
158496911
158505145
158895281
159114385
159440081
159442477
159469669
159835925
160348189
160491329
160587841
160672201
161035057
161304001
161459713
161537993
162026869
162067441
162690481
162712681
163177037
163442551
163504925
164191241
164887273
165224321
165938653
166082309
166827943
167514049
167579497
167648221
167692141
167695069
167881121
168566501
169396921
169407409
169655641
169746337
170446249
170453141
170782921
170989963
171093913
171147601
172116181
172202329
172290241
173155609
173252449
173847961
174479729
174484285
174769621
174785131
175102513
175385953
176030977
176597821
176734273
177927641
177951973
178956971
179285137
179820257
180497633
180703451
180745825
181038889
181285537
181542601
181647497
181952261
182202697
182383111
182565073
183131257
183553693
183672961
183677341
184010089
184411567
184746889
185274289
185365141
185929525
186084445
186183469
186388759
186847453
187500349
187667969
187761241
188043913
188386381
188585281
189714193
189737167
189738361
190382161
190511761
190565299
190913297
190990841
191233813
191766901
191981609
192276431
192346153
192475999
192704513
192857761
192869587
193136659
193230577
193296517
193298365
193330237
193640701
193704337
193949641
194187337
194556451
195100057
195311689
196035001
196049701
196155961
196201525
196240897
196352953
196667707
198184969
198601369
198963311
198982759
199467665
199674721
199725541
199840577
200129749
200143351
200350153
202130197
202314781
202523977
202672003
202958689
203432689
203505697
204235201
204582457
204697429
204937657
205057561
205348153
205409201
205431631
205624849
205823873
206304961
206504033
206529737
206700649
206793757
207008569
207030541
207477001
207618781
208051201
208096681
208330627
208969223
209055925
209213929
209796061
210842113
211593929
211953925
212473801
213035761
213455201
213472777
213845381
214377619
214583041
214748365
214852609
214858717
215074469
215157779
215436241
215620903
215878531
216873361
217624573
217786033
217875571
217907677
218642029
218947121
219029329
219413113
219583225
220222297
220531501
220883521
221114143
221216641
221368153
221817961
222439573
222630193
223018489
223338193
223359049
223449463
223618141
223625851
223782263
224502265
225087325
225277609
225468277
225853633
226273357
226359547
226450297
226836101
227444101
227475481
228329641
228424513
228549565
228652201
228663793
229589413
230357761
230433601
230697073
231383461
231606373
232319953
232666993
232771501
233148889
233274749
234021217
234384085
234420481
235426913
235471405
235928071
236025721
237241225
237263617
237691441
237791143
237807397
238001653
238244041
238633525
238930147
240068041
240779641
240785047
240938629
241834561
242650717
242655337
242735725
242903557
244247965
244762057
244883981
244982341
245006623
245943937
245950561
246099317
246282511
246434761
246447709
246489517
246658441
246864889
247318957
247416101
247442413
247654513
247672141
247721893
247800709
247978237
248425327
248972725
248978017
249660685
250203119
250522289
250958401
251515417
251663837
251737993
252853921
253610281
253893397
255182077
255318001
255416897
255455641
255646525
256167473
256408489
256649545
257590661
258020473
258043229
258806305
259501873
259765747
260107993
260156101
260518801
260761021
260963389
261703417
262913173
262979501
262984969
263036749
263149177
263597413
264269449
264523645
264614041
264703363
265020001
266811169
267078169
267397285
267484289
269370205
270525737
270855113
270894401
271272569
271471505
271763467
271913641
271950829
272282161
273480637
274214557
274261009
274701913
274919401
275619961
275696389
276131137
276638321
276696799
276910561
277997833
278552081
278590069
279531379
280531225
280885153
280937101
281755657
282471853
282549205
282769771
283254049
283897883
284166877
284301751
284703079
284736091
284834299
284964553
285702353
286451425
286721353
287160301
287449091
287762509
288086041
288099001
288117721
288328249
288369643
288693967
288735277
288997633
289168777
289255825
290246053
290643601
290953921
291074005
292153681
292490141
292615597
292719547
292902481
292956973
293106133
293116721
293390137
293609485
293733721
293847721
294317173
294472207
294816325
295419097
296578237
296750665
297411661
297944761
298184329
298192753
298212601
298391809
299055749
299736181
300186943
300979369
301413001
302533465
302574511
302635351
303373801
303406981
304900201
305231149
305409761
305897131
305986097
307694323
307972801
308746057
309543653
310533133
310978027
311177213
311297321
311411629
311655829
311671361
311964421
312408113
312614021
313414081
313499965
313748611
314154937
314184487
315034513
315351521
317123173
317365933
317483633
317641171
317684413
317796119
319440769
319726177
320326003
320819941
321262525
321324589
322469701
322862905
322941881
323099713
323554447
324051253
324171541
324477697
325188865
325272025
325352101
325546873
325944737
325958725
326266051
326405713
326435693
326695141
327280741
327398009
327583231
327678013
327836161
328302901
329153653
329466541
329516881
330198331
330420025
330808801
331054025
331658081
331934989
332274427
332713657
333647569
333685921
334362121
335917583
335953073
335975977
336330037
337135501
337420679
337641013
337652251
337665901
337730773
338125537
338458807
338806117
338813017
339492169
341216053
341564269
341848729
341958121
341994131
342560065
343017529
343460461
344201441
344255551
344547331
344776301
345312865
346080391
346237417
346652857
346827889
346946563
347368657
347455421
348989101
349715329
349752913
350031973
351058753
351097433
351762911
351843049
351909109
352568161
352802803
352874611
353291761
353828677
354689821
356708657
356758091
356836819
357348601
357529225
357872971
357903019
358124449
358416577
359329837
359394751
359727073
360145633
360703249
360787771
361312337
361644697
363170837
363494137
364629025
365077373
366487201
367030525
367559501
368016949
368133481
369163873
369269551
369667561
371011801
371611153
372167101
373299841
373533617
373669453
373906513
374988661
375373153
376957153
377192353
377334497
377806687
377869031
378648833
379089559
380069929
381116881
381325601
382536001
383363371
383972317
384484147
384780857
384965551
385319089
385454161
385541209
387137197
388233469
389014921
389580031
390612221
390737269
391134745
391826485
392393437
392679737
393513121
393611653
394439725
394661489
394723177
394915393
395067457
395393329
395900557
395933539
396899581
396982081
397240925
397364113
398599489
398634403
398922299
399156661
399302581
399647221
399671641
399763193
400024741
400039921
400520653
401072047
401081885
402358321
402465781
403094953
403095967
405490861
405739681
405782623
406134793
406298845
407889161
409853137
409933567
410613809
410680357
411043681
411808129
412836689
413088589
413414167
413429801
413434673
414216461
414368641
414832969
415098161
415204501
415438471
415476343
415673077
415878541
416055085
416474137
417779909
417936025
418044563
418104829
418226581
418616161
418617281
418667401
418717993
418843081
419184481
419431093
420468481
421392401
421942951
422928101
423465001
424411501
425967301
426770437
426783811
426904633
427294141
427580227
428180191
428373401
428430703
429135841
429509837
430046857
430276537
430646401
430674401
430733701
430833313
433508513
434063557
434181529
434307241
434782783
434827849
434995921
435016187
435993301
437231185
437462101
437866087
437890421
439309261
439729669
440437957
440707345
441650591
441758461
442050577
442181291
443629261
445256533
445681339
445864609
445899169
446044843
446414621
446588321
447009529
447432481
447442165
448166881
448398793
449886257
450807481
450866021
452699479
453366029
453967739
455135911
455198563
455364325
456759073
459053713
459134089
460251733
460816957
461151121
461161513
461272267
462449593
462545689
462587329
462639409
463047481
463125937
464012033
464955857
466290949
466758181
467090641
467099011
467100937
467135281
468376489
468439247
469695925
470247683
470268137
470644021
470859373
471535373
471824299
471849481
473581057
473617513
474654377
474983881
475723849
476397601
478035889
478173313
478614067
480668347
481518031
481828177
481984049
482488393
482731729
482931205
483006889
483029821
483714505
484860025
486074033
486596053
486902929
487311445
487871977
487896601
487991521
488328913
488585521
489994201
490303909
490703617
490950461
491283325
491508433
492883217
493108481
493977037
494031253
494288677
494507833
494873209
495909871
496560349
496665577
497148599
497285713
497941597
498662561
498706651
499401847
500340829
500747293
501172241
504870241
505314829
505354249
505473263
505532773
505798213
506349421
506883529
507142567
507565229
508606771
509302873
509539127
509551201
509581081
510925609
511121161
511215521
511324273
511329673
511611673
512706121
513080129
513275527
513682525
514738981
516645823
516764063
517662001
518216201
518548801
519328693
520307101
521243453
521531947
522758233
523176337
523756711
524913353
525254033
526034413
528220117
530455297
530717833
530985527
531681281
532624951
532947451
533429881
534782293
535074217
535235023
535252867
535428577
536114197
536342419
536861305
536870911
539255881
539394769
540269185
540341929
540621181
540654409
540680141
541935901
542541889
544500421
544668301
544861633
545550433
546117301
546272039
546322201
546911569
548989561
550132741
550230409
550626541
550635373
550853137
551226433
551313001
553027201
553625605
554487121
554599051
555321007
556069849
556095433
556114609
556488325
558023425
558235109
558381191
558535825
558900821
559651093
559935517
561439657
561448487
562367821
562382725
562409357
564070417
564298489
564689381
564985237
565664761
566585443
567358513
568128289
568598941
568902001
570624265
570941881
571699969
572123521
572228929
572567353
572936869
573584761
574428947
574870753
574998841
576724219
577210181
577352641
577613261
578868589
579606301
579956653
580139209
581557393
581618143
582799951
583286017
584798089
585003169
585261637
585507469
586509481
586706821
586721801
587159497
587343541
588049001
588545977
589202965
590414977
591067153
591867445
592282153
592467451
592468777
592953901
593105059
593487361
593682169
593728489
594987769
597440689
597537361
599020249
599135767
600893921
601144699
601606487
602379181
603095533
606057985
606338185
607772251
609361567
609813781
610170283
610712593
611146861
611206885
611463169
611770513
611812321
612006253
612251047
612790921
613505425
613537129
613849601
614120113
614768617
614798389
615361183
615475477
616280897
617087701
617499397
617608225
618396217
619109317
619239457
619770433
620544961
620755537
621769669
623241697
623700533
624144263
624962213
625419997
626464525
626717471
627886657
628652641
628868467
629130449
629134081
629492491
630811513
630946469
631767943
631794469
631974613
633289807
633649303
633863809
633870269
634483963
635155291
635291077
635319361
636337073
636936697
638724241
638837761
639807781
640164001
640398991
640650931
640682605
640977373
641842345
643036321
643552909
644010253
644457551
644731357
644917333
645556481
645581737
647817913
648386131
649362025
651014989
651075241
651151801
651514753
652598857
652687157
652786681
652916521
653260633
657414577
660095641
660754117
661122881
661207177
661344577
661541809
661562113
661896145
662134201
663760681
663859477
665216773
665242241
665991661
667081801
667623469
671811841
672103001
673778827
674082025
675066289
676229317
676359391
676392361
677598157
678407557
678481693
678981871
680983817
681124207
681962009
682312399
682528687
683177617
684513829
685632025
686310697
687741401
688409065
688721293
689443273
689515513
692432533
692473057
692597647
693456521
694620109
694722877
694947313
695506345
695681617
696581533
696998251
697132669
698192041
698327491
698819711
702038845
702683101
704934361
705303457
705351583
706162957
707691601
707941417
708445765
709409993
710721001
710741953
710846725
711264467
711374401
712157473
713070469
713922481
714490481
714663139
715040569
716652001
717096641
717542101
717653129
717831211
719666317
721016353
722955773
724160251
724635073
724969087
725357161
725508241
728618689
728726857
731276521
732535849
732805681
734109025
736054507
739112945
739444021
739644193
740988151
741214237
741949837
742017181
743993941
745493761
745745461
746331041
746863489
747076399
747406801
747554887
748260169
748329517
748616905
750631033
750632137
751329307
751705597
753233717
753480421
753532781
753574537
753594001
754503697
756205633
756271909
756648565
757020925
757968689
758055601
758581651
758687581
758901701
759252367
759778879
760769857
761623369
762460777
762536143
763367725
763734025
763755757
763907741
764033999
764240611
765072881
765378241
765406153
766536913
766823797
768185867
769617269
770054545
770475889
770909107
770937931
771337891
771824509
773131927
773807401
775368901
775896181
776443769
777218989
777704101
778441753
778479553
781471001
781744129
782823281
783326377
784212031
784450393
784777393
784783477
784966297
786333241
786895873
787085857
787209277
787838833
788046901
790453049
791118043
791433865
794201333
796072003
796200901
796560703
797834017
799630753
799898833
799916101
800877169
801093011
801219889
801227269
801866647
802606897
804978721
805771501
809577217
809790881
810009637
810020401
810421853
811359649
811475485
811607777
811730923
812260573
812346187
812398201
812883151
813416761
813486353
813654217
814787641
815546821
816024161
816215401
816439273
816718681
817696129
818391211
819466201
819502165
819713849
821396311
821925787
822018961
822413281
825913841
826004467
826400023
829620397
830664451
831807145
831825097
831933901
832048447
833610751
833982953
834451129
834760609
835059811
836836309
837482113
838048793
839268139
839280691
839853109
839908217
840749761
841129129
841217653
842220289
842785841
842824981
843161887
844545271
845338033
846630577
846961321
847932493
848090377
849172169
849228301
849548671
851473633
851624437
853171813
853633225
854094781
855696871
856742833
858307861
858687103
858895921
859096477
860334301
860506693
860995657
862678081
863514853
863614153
863708665
864165457
866238517
867022747
867110501
867323521
867638201
867937897
868111597
868691401
869515837
870248821
870985223
871157233
873953869
876135025
876547393
876694183
877741273
878940833
879995689
880870513
880922657
881474207
882702325
883276549
884304037
884701441
885594169
885866023
887283721
887467621
888868441
891660689
893692819
894264337
896099933
898092001
899019353
899374297
900736411
902457137
902566501
903108821
903390643
903415843
904257553
904733245
905040953
907275265
907378669
907670501
907905653
908285641
908468569
910182781
910202509
912600569
914255785
914634883
914897023
914906539
915183517
916680025
920066617
920164897
921858631
923437213
924990265
925265551
925337405
926756881
927089749
927106561
927359173
928693081
929159941
929651713
932148253
932607409
932905513
933262261
934318097
936421141
937450585
937823387
938376181
939307825
941548753
941712049
946034057
946495369
947878081
948028537
949317217
949697233
952551865
952893881
953013161
953111017
953595281
954924013
955297771
955718345
956422657
956427481
956765041
958131157
958970545
960946321
961502081
961530769
962073211
962212793
962489557
962491237
962523169
963761713
965501857
966386557
966790393
967266451
967287751
967714021
967917787
968283247
970586713
971975071
973038953
974113601
974269193
974471243
975101653
975475297
976518449
976995521
977348791
977483449
979027237
979098581
979363153
979804009
980056507
981484561
982999693
984008089
984579977
987441067
988145341
989898961
989908921
991984789
993028681
993669337
994113451
994133479
995394241
995586373
995890897
998489017
998590601
998596741
998724481
999405079
999828727
999908911
1000143763
1001730925
1002261781
1004209411
1005742621
1005833971
1006800829
1007323357
1007362357
1007717257
1008839999
1009025263
1009140161
1009943177
1010646937
1011319501
1011333061
1011570457
1011909271
1012438391
1012674637
1013647339
1013833153
1015626151
1015996049
1016998333
1019573897
1020515761
1022336611
1023405373
1026460073
1027502939
1027744453
1028494429
1030023307
1031294017
1031429225
1031687119
1032211633
1032252409
1033445117
1033826509
1034292097
1034958601
1035159049
1035608641
1037750617
1039224121
1039480129
1039739273
1040234231
1040410333
1041204193
1049625877
1054999441
1055223761
1055512369
1055982313
1056121453
1057164497
1057426651
1058412529
1059324985
1059365521
1063513361
1065385729
1065602281
1065882673
1066571641
1067455621
1067748739
1069388497
1069979689
1070941987
1071287425
1072898711
1073288581
1073484823
1073774593
1075300171
1077097165
1078467589
1079293321
1081798061
1082163457
1082302993
1082855297
1084206649
1084241341
1084444481
1084952881
1084996529
1086591025
1087190371
1087546549
1088968891
1089586891
1089858025
1092552865
1093065277
1093185997
1094042321
1097416321
1097580997
1098250921
1098317611
1098743563
1099140337
1100624857
1101461689
1102573501
1104194521
1104314641
1105038871
1106113807
1106529761
1106595493
1107577549
1108135381
1108378657
1109304913
1109899061
1110582947
1111205873
1111862641
1111939201
1112160407
1112671603
1112820061
1113419953
1116379301
1117004257
1117202557
1117653391
1117828001
1117890019
1119412321
1120981021
1121176981
1123406047
1123625501
1124330089
1124396521
1125003937
1125038377
1127438761
1130358209
1130933429
1134367777
1135577953
1136310697
1137696529
1138876553
1139137057
1140573601
1141876561
1142466151
1143317809
1145625097
1146077305
1146173449
1147082977
1147434289
1149171985
1150500385
1151396401
1151670001
1153164097
1153997885
1154987209
1155907793
1156593791
1156727449
1156761911
1157839381
1157848327
1160844821
1161587953
1161764869
1161968741
1163081011
1163227759
1163928109
1165717129
1166598217
1167116959
1168221121
1168256953
1168771357
1171264817
1171525681
1175136481
1176096025
1177042969
1177500025
1179075097
1180787789
1180970407
1181566219
1183286233
1183338241
1184554801
1184837683
1185185329
1186325981
1187235193
1188221201
1189920997
1191153937
1191751849
1192314817
1192540441
1192903531
1193557093
1194838823
1195553683
1196852273
1200617965
1201773145
1202142061
1202607407
1202893561
1203006601
1203189485
1203801103
1203919159
1204205449
1205772499
1209397957
1209998077
1210156993
1210393801
1210653541
1212628957
1212829609
1213570681
1213619761
1214427913
1215076501
1217823517
1217829817
1217924159
1220114377
1221127013
1221794929
1222861271
1223531677
1223782297
1223930837
1223941657
1224393409
1224395341
1224811729
1226271961
1226855293
1227133513
1228684753
1229491063
1229751667
1229773777
1230446653
1231331011
1231362793
1231599205
1232445677
1233028429
1235188597
1235243809
1236313501
1236442421
1238517649
1238825569
1241068411
1241946109
1242076969
1242171349
1242958501
1244756899
1245863629
1249345609
1251773353
1254277909
1255210237
1255541773
1255665613
1257212773
1257631537
1260404821
1260683425
1263071813
1264466317
1265099617
1265387257
1265477791
1266054193
1267345081
1267610501
1267893251
1269682177
1270310665
1270489621
1270667353
1270777873
1272558739
1272866167
1272881233
1275130525
1275619753
1276104145
1278239929
1280643037
1281100549
1282568741
1284121189
1285048153
1285186369
1285445305
1286035381
1286298263
1287121879
1287683161
1288547677
1289168263
1290999529
1296613501
1297443913
1298094337
1301618473
1301926081
1302594841
1302607801
1302745481
1303010561
1307823661
1308079561
1308484729
1308998741
1309382713
1309983901
1310329567
1310926129
1311476489
1312332001
1312573123
1313396221
1314510289
1314976153
1315890571
1316544193
1318652581
1318717531
1319992181
1320072121
1320793813
1321058213
1321940089
1323011377
1323668917
1323867217
1324636193
1324895545
1325172421
1325329297
1327070281
1327184641
1328256247
1329028537
1330863281
1331719717
1331973329
1332435631
1332555641
1333600633
1334305297
1334514817
1337450689
1341620281
1342193317
1342994141
1344597577
1344975721
1345514101
1346538961
1350685001
1352453257
1352811853
1353386921
1353440233
1355914243
1356328121
1356661711
1356930433
1357459183
1361355751
1362463807
1362515701
1363037873
1363544801
1364320729
1365250321
1366222009
1366608377
1367104639
1367270893
1368769681
1373329927
1373845747
1374379049
1375241533
1375322101
1378646179
1378812097
1380237277
1380930209
1381325009
1382481601
1383283129
1384864405
1384933789
1385656829
1386290425
1386332197
1386705433
1386952337
1390189193
1391890033
1394621713
1394640941
1395799289
1397357851
1397379593
1398883201
1399873945
1400163805
1400859847
1401238441
1402886269
1403555297
1404008369
1404253369
1406826241
1406898025
1409372779
1410319081
1414154827
1414529533
1416995749
1418365873
1421475031
1421544853
1421722873
1423857493
1424435689
1424503849
1425860101
1426319563
1427771089
1429630189
1429991393
1431363649
1431933361
1432548937
1438648993
1440922891
1441678411
1442945689
1443343453
1443388481
1443392413
1445478319
1446558697
1446818651
1448921633
1449748441
1450641061
1451910241
1454282449
1456012303
1456527461
1457378449
1458051337
1458128179
1459252909
1459625821
1460685565
1461307717
1463030101
1463065501
1463178817
1464107893
1464192559
1464233101
1464362407
1464568381
1465210241
1465908193
1465945417
1466693633
1468540477
1468824787
1469960377
1470080501
1470650851
1472218225
1473460777
1474750525
1476989785
1477056421
1477060573
1478503261
1479647233
1480948193
1480993093
1481626513
1482799369
1483873861
1485061471
1486564301
1486752079
1488801925
1493114149
1495170073
1495190699
1495871065
1496207809
1497965713
1499971457
1499989177
1500142001
1502171117
1502403121
1502647147
1503240559
1503705601
1504832033
1507136797
1509129631
1509156013
1513035301
1513098887
1513309393
1515175087
1517039371
1517176753
1518290707
1518311537
1519129081
1521221473
1521732247
1524472321
1526395699
1526732803
1527888433
1528055785
1528276609
1529509381
1529648231
1529819971
1530495289
1532419099
1532569681
1532755369
1533110725
1534063081
1535020133
1536251047
1536694933
1536748525
1537433899
1537641691
1538012449
1539583921
1540117801
1541600113
1541955409
1545019813
1545177581
1546106773
1546508057
1547095969
1547140841
1547147809
1547712601
1548553609
1549397327
1550754925
1553636845
1554270481
1554422323
1558180933
1561215241
1563371713
1565586677
1565893201
1566594551
1567191445
1567566703
1567830241
1568654425
1568916311
1570793005
1572934897
1574362441
1575064009
1576205131
1577194561
1577865337
1577983489
1578009401
1579685017
1581576641
1582512553
1582527241
1582783777
1583230241
1584443341
1586436193
1586778961
1588942489
1591514801
1593384859
1593706201
1595647351
1596380369
1596788641
1597330813
1603765021
1603810561
1603994701
1604197729
1606097953
1609916491
1611829297
1614005089
1614508267
1615015243
1617488641
1617795181
1617921667
1618964437
1620646177
1622448577
1627479169
1630062253
1631314609
1631762749
1631837377
1633044241
1633373461
1636421905
1637434657
1637930893
1638294661
1639846391
1640585449
1641971701
1642295887
1642588273
1642868137
1644513361
1644637051
1644731971
1647225529
1647373339
1647629425
1648076041
1649075977
1649383273
1649430889
1649684401
1650265549
1650682153
1652671081
1656229921
1657119223
1657676665
1661202113
1661409289
1663104925
1663998337
1664307737
1666092817
1668037621
1670041225
1670587273
1671603667
1672125131
1672656805
1675978193
1678274581
1679130641
1681503289
1685433413
1685933449
1686001861
1686540949
1692605041
1694961577
1695158921
1698478393
1700250049
1702123201
1702310593
1707892993
1709881273
1709909293
1712877197
1713396445
1714322377
1714454941
1716774481
1717890917
1718013133
1718088301
1719147193
1719857129
1720017569
1720090289
1720630759
1720967005
1721061497
1721290741
1721986313
1722703501
1723204117
1725675451
1726372441
1729345619
1730295073
1731048937
1731166537
1732125781
1734059291
1734254593
1735071913
1735496281
1740214841
1741436533
1743166441
1745655463
1746721681
1748736289
1749033679
1750412161
1754128069
1754447605
1755895457
1759949425
1760014561
1761449977
1761999641
1762935553
1768989925
1769267761
1770236893
1773582977
1774497061
1775436325
1776820033
1778090221
1778233969
1779649381
1781468857
1781903593
1783281529
1784638309
1785843547
1786058509
1786201649
1787934881
1788432193
1788922591
1789106881
1790023861
1790702425
1791426787
1792442737
1792588813
1793899459
1794814103
1798911325
1800582445
1800684337
1802510669
1803473843
1803768091
1804325563
1804906517
1805947313
1806124049
1807867153
1808491813
1809888967
1810269889
1810519705
1811904067
1812206929
1814018389
1816408273
1816572745
1818240481
1819829749
1820346481
1822267945
1824899041
1826657029
1831178089
1831336561
1831812841
1835114401
1838441027
1839860713
1840593877
1844028961
1844291149
1845031453
1846171781
1848479725
1850233897
1850598961
1852216777
1853977297
1854940231
1856009377
1856689453
1857777769
1860373241
1862829169
1862880401
1864329121
1864903571
1867165249
1868073607
1868747113
1868951881
1869327937
1873177693
1874919241
1876228357
1877056057
1878023431
1878691753
1879111697
1879201297
1879775501
1884992653
1886351545
1888407781
1890559513
1890851257
1894573309
1894909141
1894955311
1896689737
1898358589
1898589925
1899027649
1899081757
1900826353
1901367001
1905593887
1905958891
1907221681
1909566073
1910134309
1911197947
1912950241
1912985425
1914303841
1916660269
1916987593
1917397637
1918660801
1920301951
1921309633
1921629205
1921728937
1922036539
1922092567
1922687293
1923224689
1923311317
1923448993
1923845801
1927492687
1928903971
1930534453
1930915169
1930945069
1932176273
1934350351
1938264241
1939245881
1939959293
1940174209
1941326749
1943951041
1945378045
1945701601
1946088289
1946583505
1949496133
1950987193
1952230151
1956756313
1957705177
1958421659
1959659857
1960708261
1961914417
1964958805
1965007601
1967313193
1967946037
1968002149
1970065681
1970093707
1971472693
1973120969
1982012581
1986520207
1987893821
1988965861
1989592921
1990822961
1991063449
1994798341
1995830761
1996231189
1996339649
1996677101
1997844157
1998219631
1999053601
1999111801
1999515181
2007646961
2009745697
2010849163
2011173841
2011196953
2013554869
2013655645
2015420317
2016481477
2017021333
2017509601
2017729117
2018325205
2020170601
2021046073
2021392369
2021884343
2028279793
2028812399
2029830409
2031496721
2032380769
2032402591
2033944873
2036224321
2043391717
2044095607
2046320701
2046790513
2047848839
2049293401
2049414949
2049791185
2050617713
2051419609
2052149221
2053647553
2054080729
2055634561
2057835781
2060107453
2061425539
2062612033
2063023777
2063338327
2064375613
2065040353
2065938841
2066363389
2068700041
2068867841
2068889881
2070303709
2075551237
2076192007
2081039297
2081398021
2081551753
2082146617
2084247509
2086645009
2089691773
2091442673
2092087873
2092160225
2093300401
2094614569
2095627153
2096046457
2100132673
2100292841
2101744837
2104994449
2105536577
2105594401
2105620021
2107148761
2107974637
2111431825
2112030361
2114102593
2114643217
2115479341
2115769633
2115888641
2116483027
2116541221
2117031263
2117555641
2118621097
2119223497
2120096161
2120650177
2122010101
2123088733
2123133409
2123601751
2124691213
2127197489
2129304997
2129331241
2131811501
2133667747
2134548289
2134734589
2135221453
2138822137
2139155051
2140771609
2141340833
2141744221
2144961253
2144976913
2145152197
2145430897
2146301929
2146309831
2147418113
2148788881
2149824601
2151345577
2151663589
2152251469
2152627801
2154776353
2155046141
2155416251
2156639041
2156769737
2156808277
2157486049
2157912205
2160525193
2161792207
2163585785
2165553685
2166106567
2167144561
2168192437
2171871325
2172155819
2173540951
2173579801
2174852881
2175126601
2175406201
2177374321
2177645557
2179654021
2182522189
2183757409
2184482665
2185362233
2186593459
2187717761
2189209681
2190092941
2193388961
2195893129
2196427741
2196758029
2200115713
2201347513
2201924341
2202205897
2202802537
2203649197
2206095589
2206548865
2208586381
2209340597
2210578759
2213057893
2213431729
2213479489
2213540281
2216960929
2217879901
2219008177
2220734797
2224785025
2225383441
2225810665
2229468697
2230398721
2231332357
2234202049
2234992825
2241880033
2241982009
2246762899
2248167059
2249509159
2251732033
2251800277
2253374209
2256748777
2256751837
2261760229
2262861901
2264745313
2264803633
2269307587
2272354717
2272413529
2273991391
2274169561
2274584089
2277025141
2283289681
2284416181
2284660351
2285752789
2286859693
2289251669
2290910257
2291728511
2291749037
2291772709
2292068143
2294484193
2295209281
2296995121
2297149453
2300042383
2300795353
2300890957
2308553557
2309241601
2311558021
2311575001
2311846657
2312592073
2314788103
2314820377
2315137261
2316221881
2317541227
2320292053
2320488217
2320527613
2321591371
2323147201
2323866169
2324867399
2325308239
2326280353
2327478337
2328887921
2330338249
2330569541
2331181621
2331286189
2332883521
2335341601
2335522393
2338157597
2340460487
2344810609
2345907961
2347597981
2349772111
2352371251
2354069197
2354453561
2355230749
2355320101
2355622721
2355735089
2357651789
2358174853
2359995121
2360225737
2362763089
2365189921
2365443001
2368048633
2370928337
2372745313
2372976563
2374172497
2375004241
2375415841
2375665993
2375841049
2375894809
2376397901
2381782597
2382364601
2382678101
2385574201
2386088857
2387201329
2389159441
2389544977
2389920177
2393026579
2394311233
2395916965
2397350803
2398393661
2401166041
2405599561
2411128441
2412172153
2413359313
2413895725
2413973071
2416439521
2421182161
2421398897
2424778129
2425575349
2425607057
2425837679
2428648967
2430279001
2430330277
2430697513
2431144801
2432264027
2432761633
2432860273
2433791593
2433953809
2434659877
2434974433
2435091221
2436812101
2437907779
2438778413
2439422209
2439664561
2439743489
2441203129
2443708961
2448039497
2449494241
2452359457
2453971829
2454285751
2459214913
2459272817
2459915257
2460228745
2460877889
2461410073
2464903417
2471205361
2473120961
2473189441
2474397193
2474676949
2475131293
2476283239
2477814193
2478465991
2478643907
2480147521
2482435981
2482682131
2484408301
2484866665
2488420801
2491829731
2492092417
2492480233
2494660033
2495834329
2496506293
2497335373
2499327041
2500517587
2501012599
2501632537
2502525637
2506733189
2507121037
2508178843
2513230891
2515125733
2515472389
2516538025
2518037383
2519297089
2520596233
2520648397
2521128527
2524460209
2526566041
2528291341
2528867713
2528913157
2529827821
2530351561
2531385001
2532630787
2533465661
2533797017
2535849229
2537105761
2539406281
2541660367
2542196809
2542479481
2542558789
2542955731
2544921481
2545934077
2546257177
2547712927
2549172781
2550780277
2551223533
2551365769
2555391481
2557635145
2558559511
2560447963
2560896325
2561945401
2562169213
2563855579
2565186137
2569080037
2569327129
2569497947
2571180247
2575060949
2576552221
2576791477
2576811637
2579888209
2581588381
2581927525
2582952769
2584460701
2587872961
2588582089
2591098525
2591347529
2592470761
2595837553
2597289241
2597294701
2600705017
2602343521
2602378721
2604803701
2608951549
2609509981
2611122229
2611461529
2612323225
2612444605
2615138137
2617563031
2619624085
2620561945
2620691509
2621080741
2621636785
2621977627
2622124597
2622650725
2622804133
2625903601
2626769521
2626783921
2627284987
2628086977
2630997541
2631195541
2632605049
2634284801
2634804481
2634820813
2639099233
2642159809
2642582251
2642639671
2644372553
2646751249
2648662777
2649907201
2651507713
2651784265
2651800549
2652030133
2656494271
2658696301
2659255327
2663530081
2666618761
2667068977
2667521893
2668469431
2670364843
2672605657
2672651521
2673646361
2673931429
2674192993
2675854567
2676148399
2676332441
2681041843
2682823681
2683147741
2683355929
2683456777
2683742491
2684284441
2684846953
2685450511
2687655169
2688055397
2688124001
2690036077
2690411257
2693739751
2695115473
2697374737
2698333457
2700818017
2700891839
2701479001
2701800097
2701878941
2704957909
2706863833
2707138729
2707661501
2708079067
2708826841
2712403585
2712726073
2713733257
2714452177
2716157989
2716275007
2717203399
2717228029
2717428033
2719920173
2721721939
2722190437
2722839841
2725357249
2726772325
2729006809
2730472021
2731379353
2734516009
2735252885
2735823511
2736316301
2737677889
2738184697
2741127253
2741773465
2742763453
2745213209
2746223917
2746476559
2749177537
2752596163
2753333227
2759392633
2760415813
2761068259
2763271369
2764793305
2765323397
2766006253
2767372345
2767672189
2769080161
2769602333
2770343869
2772134653
2775573505
2775739261
2775980593
2777887297
2778304273
2779625257
2781117721
2782059025
2784469609
2785170379
2785766329
2789446507
2790742849
2793085133
2799374509
2800172953
2800352011
2809106425
2809635901
2809847041
2810425927
2823570433
2824256377
2824804693
2825682553
2826992845
2828205397
2830352869
2832743713
2837917633
2838534337
2840634109
2840871041
2844937999
2847894377
2848466281
2848514527
2848722131
2850812749
2855512909
2856237697
2857824685
2858583961
2860470229
2860827313
2860990045
2862491689
2866005139
2866527841
2867521589
2869994249
2871536561
2872948321
2874142433
2874382853
2876974057
2877769501
2879381441
2880897841
2881429741
2882370481
2882405359
2883044803
2884465729
2885594497
2889292325
2890054081
2890316801
2890414873
2894199001
2895004927
2896719085
2897795629
2899294889
2903776129
2904676633
2907393385
2909804089
2911911913
2915195725
2916247819
2916901585
2918295451
2920691161
2921552653
2922022771
2929106753
2929638889
2930831641
2931708097
2931738811
2932327549
2932796341
2936227603
2936958181
2937033529
2941130767
2941343633
2942481991
2944555681
2945208001
2945931353
2946416005
2946608737
2951136343
2956724317
2956985461
2957320351
2959112551
2964519541
2965700233
2968206601
2971513447
2974501825
2974506841
2978969731
2981335561
2981913805
2981959117
2984823847
2986025677
2987348113
2987390449
2989958005
2993462713
2994098281
2994415201
2994464761
2995327201
2996498881
2998202353
3002956645
3003101729
3003907765
3004443679
3009904873
3013197529
3014051881
3014101261
3015502181
3016957381
3018147217
3018576689
3021694513
3025350343
3026439179
3028586471
3029023609
3031554893
3032973769
3035375047
3036079729
3036659077
3037295801
3037781251
3038880473
3039681457
3041294257
3041984353
3042955777
3044518969
3048649861
3050190163
3055869889
3056100623
3057254513
3057886591
3058507513
3058670677
3059397793
3062937001
3063685633
3065998717
3067191205
3067952941
3078042169
3078872245
3079496551
3082054697
3083053387
3083537689
3083884651
3085877341
3086767657
3089749969
3094763851
3094982353
3095145145
3096385717
3102399329
3103800701
3103812649
3106141039
3106702273
3114125071
3117042721
3118762921
3118925813
3119118031
3120445697
3120991861
3121793357
3122287981
3123987769
3130520977
3133899409
3133961605
3138118369
3141263161
3142931891
3143386351
3143441687
3145410761
3145539871
3150110269
3150193093
3150972917
3151157725
3152711161
3153679777
3156599161
3156643141
3160909139
3161757457
3164831281
3166504273
3167405293
3170110525
3172327849
3172658653
3172789219
3175204531
3175255717
3176608825
3181356263
3182606857
3182655361
3184384969
3185571181
3185944273
3187035113
3187421077
3187939921
3187995049
3189788317
3190455881
3191591173
3191905297
3192120805
3192820651
3195638893
3197565001
3197911001
3199164901
3199264201
3199311961
3200281225
3202626169
3204536077
3205657489
3207220141
3207297773
3208206811
3208902491
3210223249
3211036165
3214785817
3215031751
3218962825
3219808411
3220787057
3221323993
3222693421
3224239721
3227082823
3227209057
3227669677
3228492961
3237992101
3239174233
3240058357
3241047745
3241400779
3242533897
3246238801
3247647049
3248236309
3249739921
3250348417
3252148621
3257334541
3258647809
3259249841
3261114601
3262618789
3263097641
3263626957
3265122451
3267417677
3268506541
3269928061
3270960419
3272986861
3273961561
3274264033
3274843073
3275477641
3275671969
3278640289
3282974857
3284060977
3287174129
3288757249
3294425821
3295362727
3296403601
3299036161
3299246833
3300548473
3300751357
3300801241
3302322241
3305829073
3306686659
3306957593
3308407957
3308749291
3308987233
3311002573
3312536569
3313356883
3313452913
3314328841
3315139717
3316601017
3317392717
3319374169
3320669437
3321340793
3323590463
3323829169
3325279511
3328354801
3332831101
3334350781
3334659745
3337399189
3338067925
3340214413
3344191241
3344480245
3346172189
3349218881
3352091557
3355382857
3357090325
3358939153
3359118197
3362531537
3362868407
3368686483
3369139201
3369555853
3370541257
3371024521
3371128601
3371693063
3371840929
3372738337
3374360965
3374957881
3375456697
3381052177
3385842877
3386603221
3387114817
3387487351
3387824465
3388857319
3389030261
3390525181
3390564241
3390585941
3391347247
3393689833
3395091311
3396549301
3397060129
3397066039
3399205591
3401510113
3402234749
3402785233
3404813149
3407772817
3407952169
3408135121
3408527977
3411829693
3412530227
3412591183
3415379701
3415832137
3417238189
3417522841
3420143941
3423580481
3425763727
3427050673
3428133103
3429982081
3430212787
3430706401
3430804297
3431698777
3432695921
3432881233
3433458073
3434575327
3435973837
3439661521
3440455993
3441925241
3443704261
3445470001
3448620793
3449747341
3449768513
3450717901
3451994533
3453086513
3453941591
3457754917
3457972453
3458257741
3459730201
3462817177
3464236901
3466158361
3466936525
3467599087
3468791383
3470694433
3470716657
3473428603
3479388001
3479494357
3482161261
3484529533
3492178873
3492883081
3493501453
3497642209
3498887365
3504132113
3506057833
3506088769
3512291021
3513489607
3513604657
3513880009
3517629149
3519318721
3524086333
3524930281
3525088961
3525867733
3527015461
3529119361
3529864391
3530988289
3531562597
3533662129
3533856913
3538213381
3542303047
3546669277
3548378341
3548398753
3548607841
3552158521
3553567057
3557646401
3562719889
3562963973
3563340457
3566428301
3570696403
3571451677
3571520329
3572383627
3574573525
3574891757
3579288691
3583249921
3583604161
3585305411
3586833253
3587553971
3588321481
3589063243
3590409439
3594110081
3595917667
3596491907
3596815169
3596852305
3599942113
3600605779
3601552249
3603029365
3603576481
3603913057
3605151241
3607136317
3610594009
3611445553
3612298321
3612354733
3612522629
3613864223
3614770573
3619838113
3620242523
3620259523
3628526287
3629199211
3630596257
3638987857
3645254653
3645436027
3647843753
3651572609
3653074849
3653266681
3653986493
3654340769
3656511073
3657115921
3659840329
3661380361
3662387977
3662503093
3663084541
3669587533
3671190121
3672754633
3673078513
3674440909
3679657997
3681143009
3685775741
3691220773
3691310429
3692307161
3692406673
3695628133
3695689957
3697278427
3697673959
3700801861
3702172441
3705582073
3705833785
3706649857
3706652977
3708123301
3708905341
3709626961
3710494693
3711444353
3712887289
3713287801
3713521033
3714045661
3718428121
3723643801
3723699373
3723899089
3723922723
3725016749
3729097633
3730279789
3733761739
3737201357
3737449477
3746101189
3749383681
3751782737
3754680403
3756668401
3757841491
3759645025
3760622689
3761091937
3761878429
3762110881
3762754417
3763597825
3763710721
3766153843
3767640601
3771615893
3772619929
3776281939
3780964657
3784740805
3785940199
3787017193
3787052221
3793282093
3797560033
3798040471
3798626833
3800084401
3800642809
3802949077
3803999113
3804037777
3805699501
3807112123
3807308269
3807749821
3809018947
3813497879
3813919453
3817706621
3821549293
3823847633
3826162537
3826699537
3827035237
3830782817
3831033067
3833846641
3834433609
3838899269
3844074781
3844952329
3845485513
3846174151
3846532801
3847106803
3849581341
3851306509
3852800033
3860839333
3862627361
3863326897
3865260493
3865526281
3865604023
3867183937
3874067893
3874100353
3874471147
3874523017
3875096893
3877239217
3878709061
3879911393
3880807003
3883964185
3886515361
3887423437
3891892421
3892193593
3892217401
3892836529
3894053311
3897241129
3897869201
3900327241
3903711841
3904714321
3905533721
3905686529
3906472321
3907577521
3907752241
3910553509
3910653577
3913311911
3914864773
3914880337
3914923211
3918227437
3919048057
3921697585
3922321561
3923084993
3924718057
3926912669
3930510025
3932855821
3933926977
3935821933
3935864017
3937542337
3940096981
3946424549
3947383201
3947560525
3947704777
3951029161
3953408801
3954403153
3956147105
3956167261
3958930441
3959578801
3962172593
3966350203
3968332813
3968897725
3979485931
3980676169
3981736321
3987528793
3987960913
3989027533
3989998783
3991124341
3992697997
3995003549
3995142229
3995645029
3997536427
3998620117
4003487857
4005660961
4011996871
4012490899
4013365897
4015548769
4017749647
4023844777
4024697041
4028535649
4028995297
4033574425
4034969401
4034993269
4036395581
4042328329
4042538497
4042585177
4044601751
4046045257
4048493983
4054583737
4055361025
4056540205
4058433931
4060287793
4060942381
4061009971
4064483989
4064633821
4067039461
4071644893
4076009857
4079665633
4079682361
4080469669
4083376067
4085525413
4088827657
4092335743
4096035721
4096110565
4098258707
4098365041
4099303297
4099328353
4100934241
4103745689
4108235773
4108970251
4108998517
4109400127
4109461709
4109588297
4109711581
4109791393
4110320663
4112957593
4113013141
4115891893
4117058221
4117447441
4120790545
4121286907
4121492761
4127050621
4129914673
4131541009
4131549307
4134125893
4135285369
4136125841
4136960881
4139015987
4146281569
4149101017
4150829593
4151381851
4151731849
4154774777
4155375349
4157008813
4157604929
4157877259
4164668821
4166032873
4169073749
4178189665
4178535769
4181669837
4182295033
4183664101
4185863713
4186561633
4187360341
4191864013
4192060699
4195843037
4196323561
4197455857
4201014949
4203266017
4203547921
4204344601
4206006229
4206295433
4210745881
4210991357
4212105409
4218900001
4221940183
4227243337
4228696693
4232061703
4232966251
4234224601
4235686421
4236914149
4237212061
4239867089
4243845791
4244022301
4244663651
4247990917
4248771337
4248954025
4250920459
4251904273
4255202953
4255695013
4260258025
4260559213
4271267333
4274245793
4275011401
4275834499
4276178845
4276506089
4277194561
4277526901
4278305651
4282867213
4285672747
4287634429
4294901761
