21
39
91
231
273
1001
2821
4033
5149
6541
17823
19201
24929
27133
31621
33227
42127
54161
73985
74665
79381
80137
88831
90181
93961
94657
96139
98671
101101
106491
119341
125563
132769
164107
171997
176689
178709
188191
189289
237817
241741
269011
282133
287197
289441
319423
334153
339607
348613
375871
390117
477667
485357
535441
547489
548563
552961
563347
569059
595231
631747
642541
653459
669281
710533
720529
753251
761701
848233
876961
887833
946117
959923
1025881
1053761
1069993
1085449
1267651
1357441
1372371
1373633
1373653
1419607
1446461
1537381
1542623
1562203
1612873
1621121
1941109
1958503
1987021
2049031
2156893
2221811
2235961
2237017
2384857
2921077
3076481
3166087
3193051
3236227
3285361
3338221
3375487
3656449
3678401
3898713
3917663
3942271
3996991
4082653
4181743
4214449
4321153
4384607
4415251
4770991
5047581
5056003
5090821
5176153
5184481
5412871
5444489
5694749
5749591
5770201
5802677
5881321
5887531
6233977
6255127
6327329
6368689
6569911
6584153
6594061
6619483
6655433
6862153
6881431
6955541
7028821
7162429
7217981
7262413
7267051
7648471
8056571
8086231
8135779
8333333
8463709
8655511
8880449
9180667
9312409
9373801
9622111
9863461
9863569
9960749
10016161
10073311
10135945
10218797
10267951
10344391
10479787
10511581
10542881
10565713
10639243
10743097
11170931
11182421
11268251
11318077
11473885
11658349
11917141
12331801
12932989
12975691
13012651
13068683
13073941
13440337
13544851
13692013
14005441
14251381
14324473
14486413
14555221
14580901
14608133
14691889
14726293
14829211
15658651
15928333
16232309
16462297
16520533
16661633
16755481
17238887
17569441
17831701
17870561
17927131
18158251
18225703
18443701
18901213
18937489
19578847
19609801
19691911
20081953
20123647
20169319
20236483
20310751
20383291
20407549
20593189
20933441
21215801
21395611
21526051
21654533
22796899
22825177
22994371
23464033
23547493
23822329
23985937
24349861
25150501
25696133
25910251
26694361
26749441
26823281
26886817
27392041
27532657
27773887
27934177
28103041
28460881
28633529
29059699
29672311
30354199
30371113
30689179
30987809
31245691
31252597
31545697
32016013
32683201
32817151
32974567
33136153
33943313
34188211
34844449
34993583
35078413
35849089
36484471
36953929
36974341
37439201
37577539
37736533
37945167
37961781
38696347
38714713
38722301
39378961
39536641
39541591
39547171
40800817
41141381
41161537
41480861
41710411
41798401
42026419
42827201
42881431
42999931
43331401
43623977
43661257
43991377
44169217
44263537
44482901
44784037
44920723
45221551
45537901
45583201
45851893
45931117
46543213
46856167
47457793
48296329
48351097
48411751
48433087
48612527
48943819
50523661
51541621
52157791
53283169
53638903
53894801
53940253
54637831
54658433
55277461
55830251
56160133
56417467
56602681
57511189
57561085
57696601
58141333
58148017
58724821
59113891
59240273
59244181
59676121
59676301
60229121
60352921
60663709
61078931
62289541
63260401
64271351
64377991
64409437
64597387
65307211
65376721
65565457
65686811
66303707
66345221
66476299
66715111
66774913
67103401
67129921
67611121
67733173
67761121
67902031
68064559
68182003
68242183
68768569
69314791
70098421
71314039
71492461
71917561
72124249
72616861
72993601
73645001
73705633
73843397
74214487
74705401
74936341
76202371
76331389
76508251
77334769
78861311
79400213
79425901
79920109
82487159
82574509
83288339
83403041
84164033
84890737
85371859
85519337
86288113
87955061
88301539
88368853
88516951
88862149
89532271
89744327
89784581
90138281
90178901
90520273
91057951
91108561
91164529
92940247
93405581
93591721
94187971
94529161
94620241
94696561
95063545
95391409
96414389
96818209
97548883
97817413
98018193
98241499
98539039
98872069
98907997
99475603
100017223
102516107
102669577
102724961
103127993
104220703
105344203
106941451
107042629
107586361
107764801
108140401
109521457
109611521
109716751
110647021
110876551
111236833
111654401
112074171
112316221
112932961
113148589
113323123
115190401
115392397
115816879
116151661
116673481
116806141
117181681
117668299
117771551
118244611
118277581
118801453
119093311
119166809
119544193
120151891
121128361
122745353
122802353
123256561
123281691
123726593
123771511
125079281
125307421
126386261
126476533
126491093
126677629
127371889
128203381
128268001
128536561
129456361
130944133
131113861
131309053
132338881
133467517
134392091
135412579
135647569
136998751
137200981
137340451
137433751
137583181
138389281
138399361
139301191
139363927
139549393
140309947
141355099
143271941
144816673
145410931
145591153
145669811
145878749
145966021
146424071
146613013
147114269
148187233
148468927
149221403
149696431
150155039
151090369
151254449
151358059
151533377
151780081
152255611
152557243
152906909
152985211
153062869
154148777
154575667
155193457
155752567
157182637
157368661
157790023
158533201
160718911
160776481
161415601
164322397
165283471
165525377
166805633
167472451
168597997
168910081
169500833
169625587
169816363
170584961
170800939
171147601
171724073
172483511
172947529
174281179
175799401
176679901
176977921
177254533
177287311
178091443
178482151
179137873
179167453
179593501
180115489
181221307
182000629
182565073
182675803
183268417
185032717
185301757
187248307
187853653
188649001
188877277
189267737
190761731
193871809
196049701
196287391
196841213
196908871
199143523
199381363
200484773
200790371
201261061
202999421
203269177
206304961
207132481
208059629
208720891
209990881
214038533
215310551
215436241
217755721
218112133
218624033
221257609
222159979
222571231
222884539
223638673
224215531
224760061
224769241
225324607
226061921
226388521
227180923
228485441
228998269
229556881
229589413
232168681
232315361
232794253
233148889
233866585
234621769
234758179
238625347
239432113
239556277
239636323
242650717
246635681
247774187
249255553
249911641
250552531
252774463
253298449
253613587
253874969
254534101
256847179
257403331
257596811
258172333
258330731
258503701
259062841
259765747
263115763
263461213
264350521
265767589
267152033
267194903
269470501
271464701
273599971
273894997
274840021
275283401
276696799
277880401
280312003
283936001
284166877
286023403
287715121
288120421
288173257
290344753
290434021
293522461
293569121
293625109
294696361
296457191
297910337
298713053
302780563
303651041
310345813
310851433
311967433
312603391
312766183
314736661
314761357
315034513
315838711
316804867
317899141
318026801
318465703
320710601
321004147
321572431
321807523
323901007
324171541
324246997
325920271
325938251
329153653
329656471
330262843
331266013
331765429
331868197
333006451
335554321
335606977
335953073
336273211
337018201
337695601
338753227
341848729
343460461
345974791
346305403
346446871
346859521
347347087
347370461
348849703
350454479
352922461
354684057
357914701
358425217
360145633
361242961
363371161
364192973
366487201
366532321
366580861
366652201
366821183
367119217
367328977
368113411
370105471
371920867
372298721
372810719
373627871
373930831
375135361
376549097
376957153
377171681
377224051
377527729
379374529
379732501
380636011
381604843
382304161
382676887
385065391
385871041
386649121
388695301
390943711
391139401
391930003
392918983
393077863
393716701
395264101
397847899
398566369
400142167
401774137
402358321
403095967
405900991
406652569
407047829
407269381
409259393
409662541
410489377
416818321
417767201
420468481
420773431
421365611
422103133
424814447
425617037
428378729
429202541
431245621
435524911
436198687
436215739
436644001
436882141
437247841
439714133
439888411
445921561
449939953
450189811
451047637
451417693
452040751
453557287
454064131
454827559
455193113
456744421
457024465
457773857
458485231
458795521
458869951
461063023
461320921
465086689
465658903
466000081
466758181
468500033
469092409
469825663
471787771
473801659
475969231
477086741
477103771
478746269
479871547
480024541
480587771
480921307
481518847
483744337
485706967
490234951
490894111
491646403
492200551
492559141
493108481
495159757
495573121
495962503
496785857
497285713
497335441
497413621
498442951
501068881
501984601
502547497
503298461
504859549
505691551
506895481
509387971
511408171
511914619
513069589
514286491
516259657
519167617
519920311
520809451
523756711
524151253
527278127
527508451
529812037
529865731
532258271
532758211
533660051
534293761
534452101
534521131
534997159
535235023
536918131
537361921
539537941
541930501
548130151
549952441
552163333
552706201
554494951
554658751
555739757
556488811
559518961
561913921
562982617
564027437
564770081
566578189
570132481
572034871
573136513
573862021
575458501
578185301
578191849
578364043
579606301
579702983
580186133
581748509
582433547
583609181
585261637
585281791
588432799
589595899
590414977
590488001
592769633
595471997
598371107
600284131
600955237
601461521
603255001
603638899
603926929
604636033
606667951
608560661
609076729
609361567
611374453
612790921
612846601
613949953
614242003
615167101
618590501
621869821
623332529
630888481
631219409
632205589
632877347
636111451
638493901
639484921
642112381
642813973
643065481
643552909
646167961
646443337
653176921
656713391
656793899
658733791
659169037
659406541
660234121
661476583
662166151
667554577
668304001
668494243
668725331
669711961
670909727
677429761
678607669
678956041
680609551
682528687
683604253
684918319
689327731
691225543
691723851
694116893
694199537
694417291
695406727
697213171
699180463
702123463
702568351
702882961
704418037
706562851
706908907
708995071
709879301
709912657
712682461
713868013
713953441
714668881
716089879
716169301
717653333
718092607
719783461
722556451
728196943
729613177
733763773
734847037
736929631
739066717
739120411
739793881
740213401
741724777
742091653
743404663
748967551
749942789
753415147
753672529
754332149
755168569
755572651
759085273
759622753
761178061
761507833
763693789
764899939
765378241
768388787
770013061
771337891
772745689
773131927
773757979
776948761
780324301
783016867
783090661
785190451
789221941
789707707
801112577
802477453
804687691
805166893
805592341
806108377
810014129
815430533
816078271
817663177
818162563
818310637
819904531
830747521
830959691
832870891
834972199
837810527
838322599
839959051
843161887
844414691
845213443
846695851
847068223
848811097
849024905
851287861
852112081
852289927
853044001
855748765
856048117
857672227
858236743
859769191
859787011
863984881
866008153
869100841
870559777
872380321
872955721
874193891
874470521
874882223
875464505
876850801
878053177
878940833
879829813
880980697
882096049
882169237
884954251
885177541
890687621
894791077
895082143
898246021
899877151
903136901
903704491
904699951
905255781
908349601
909351397
909521911
909753781
915641821
915743251
919260211
921578581
921705601
922732861
923992807
930806441
932098133
933184801
934290251
935725697
938030101
940123801
942448957
943706017
944657443
947485351
948278131
950371003
950908781
953370133
955188181
956427481
958208833
959900989
962456851
964200421
966449251
967259471
967287751
971298001
973368481
975976381
978787541
983392099
984008089
984279601
986050423
987912361
989810251
990217693
995362769
1002037961
1002884833
1003735489
1004752181
1008216553
1012823839
1012882201
1015454779
1018262051
1020480187
1022727353
1023640381
1024516693
1026438247
1029271651
1029999517
1030758301
1031069381
1031268961
1031911561
1034475601
1037090011
1040295691
1049144801
1050091861
1051279769
1054380583
1054612861
1055639971
1056190409
1058989231
1060104091
1063980761
1068284501
1069703551
1070941987
1072963207
1078161001
1079111041
1081353953
1082755477
1090099561
1096549037
1096707457
1104285967
1108706857
1109832931
1114915729
1115317417
1120689571
1125303601
1129716811
1133818561
1134341839
1134696067
1138098421
1143031891
1146920321
1152005713
1154987209
1158535223
1160186491
1161728287
1164015241
1165816961
1166453401
1167684751
1170294247
1172737147
1173110569
1175600161
1176735451
1178232281
1179103213
1179740161
1180049071
1182385121
1184554801
1185934417
1186915861
1188646903
1189817371
1191981379
1198952147
1200608569
1207252621
1207388009
1209529351
1210727761
1210770721
1216506373
1216610281
1217088181
1221044653
1221701293
1222101193
1222915279
1224811729
1232097751
1234887673
1236032227
1236313501
1236691021
1243046089
1248061393
1249785941
1252952681
1257495331
1260332137
1266557881
1268920379
1269060157
1274240101
1275593749
1276166233
1276166263
1280065683
1292925421
1296613501
1297210877
1307004641
1308544903
1311105151
1311616153
1315904269
1316656339
1317157217
1317357553
1318118077
1320099301
1321492663
1323086563
1327104871
1333087471
1336858051
1343138257
1346074349
1349967061
1351700911
1355510611
1358142823
1358425741
1359026497
1362610471
1364378203
1369474961
1371720013
1371762001
1373452033
1373680513
1374303407
1376483627
1376799577
1387678381
1389975149
1395564127
1396058509
1397169091
1403591401
1403656591
1410319081
1412756801
1416144133
1424287099
1425860101
1426068821
1427876839
1429577353
1435695691
1436171207
1436675041
1437330241
1437717847
1440752827
1440984397
1442185543
1448814061
1460269201
1460437177
1463124463
1465685527
1466948473
1467321217
1475522413
1477422187
1480849831
1485970543
1486078903
1490056501
1491574561
1491745207
1495170073
1499815651
1500497461
1502570513
1504095481
1504376173
1509849433
1513288603
1517922667
1519142101
1520190341
1521163843
1527618061
1531000213
1532755369
1534039631
1535192359
1537526819
1540117801
1543749919
1547543161
1552891201
1553703985
1558913203
1562987311
1564355857
1565358523
1570997431
1571111587
1573323007
1574362441
1575825689
1577004661
1578562589
1579474249
1579884391
1580449201
1583205643
1584157681
1586548531
1587650401
1588247851
1589853281
1592282161
1592676559
1596653291
1598982533
1602128483
1603538609
1606062361
1609138081
1609417651
1616387653
1617169699
1625795351
1626557011
1627644961
1629712153
1636407037
1637041589
1637886151
1643665021
1645859251
1651869619
1662784117
1665450221
1669922983
1670968027
1672298321
1673513731
1673611081
1674503821
1680067093
1681323331
1687740991
1690914781
1691915513
1693418809
1693699771
1693719259
1693726189
1700250049
1702160791
1703125051
1703130133
1703644801
1707832963
1710452281
1715794651
1720545733
1721558401
1722463471
1722770971
1722997261
1725379811
1725820729
1726372441
1731995497
1741803143
1742114221
1746380509
1746615347
1756264357
1757148121
1757360587
1758827683
1765270963
1766839049
1767982417
1773447209
1774649501
1776399059
1776655297
1781768017
1787127817
1787473169
1788021217
1790267051
1791745789
1791961601
1794136627
1796170351
1799390977
1799407633
1804182257
1809850157
1814194901
1817457121
1817763319
1820306953
1821800611
1822721149
1833317533
1833328621
1839568981
1841319721
1844279011
1845583219
1850233897
1852666901
1855751927
1856569661
1867906721
1869124879
1869875281
1874469451
1887114241
1890851257
1893427981
1893920929
1895259367
1895514097
1906235119
1908233471
1909169497
1909864573
1912706137
1913296951
1913422591
1914031351
1916660269
1917619381
1919593523
1920358551
1920840391
1930403333
1937994833
1944456151
1946534917
1948190719
1948898429
1949607749
1950575551
1952748821
1957635001
1966596061
1973895403
1976034373
1976660981
1977257441
1988965861
1996906801
2003220161
2006823193
2007112969
2009621503
2012104249
2014815181
2028416021
2030516251
2032248961
2037068081
2038093597
2039604139
2040304891
2046408787
2050054969
2055251381
2056459231
2059874743
2060910307
2062074431
2065040353
2067834679
2067887557
2069340281
2071973119
2072488771
2073912961
2075601467
2081083777
2081101751
2082146617
2082440533
2083203571
2094177403
2094553891
2111946481
2113409971
2119102651
2125903393
2126800747
2128536001
2129980007
2137495361
2141033203
2144805001
2144961253
2147177233
2147527219
2147601331
2151018223
2158363153
2165183077
2167694387
2171727697
2173540951
2179965961
2182666501
2182731409
2185704553
2187051589
2194649659
2202752393
2206345681
2208240191
2210662991
2210733721
2211616733
2215837351
2219517901
2224384177
2228389321
2231602759
2237799721
2238782701
2240244277
2242414651
2248354153
2255337199
2260550797
2262861901
2263594717
2264368921
2270818453
2271817633
2272413529
2277117701
2281486573
2284691641
2285708449
2286489397
2290024441
2291006381
2297973217
2298363451
2303921629
2307480211
2308715731
2314820377
2315591591
2316100333
2323866169
2326934841
2331181621
2336184913
2345907961
2347489051
2348080597
2350043767
2351971051
2352371251
2358473833
2361232477
2364456301
2371964365
2383164491
2383905037
2385076987
2385574201
2387477689
2392069241
2399828281
2401493557
2406427943
2416564081
2417408533
2417895833
2424445141
2429935741
2433042721
2433411751
2450997631
2458231903
2458864391
2461693807
2461719661
2465400631
2478319507
2484437671
2502525637
2510085721
2513806219
2515507021
2518853789
2525811107
2527823827
2534660663
2536942789
2537726491
2545660981
2547184957
2554865363
2560600351
2567348137
2573553601
2575572551
2577345541
2577770561
2579163931
2579888209
2591818571
2594603437
2595053401
2597953639
2598933481
2609928721
2614467133
2614613899
2616035423
2618168653
2621977627
2623060961
2623206697
2630374741
2642139433
2651615143
2655357841
2662805599
2662950739
2665666753
2674856761
2675680013
2676053333
2678404471
2684501893
2685985721
2692810429
2693185507
2705647141
2706550519
2706751153
2712927661
2715365971
2717549929
2721698281
2721721939
2723932801
2725014001
2728730287
2729020061
2730595501
2739638309
2742518161
2743342039
2745342331
2746839877
2747319583
2752336201
2753105461
2756446663
2757583489
2761096081
2768291749
2780082103
2786509639
2789751763
2798992811
2802960781
2803805111
2806589017
2807990431
2809600697
2809830823
2812050757
2812497397
2813512591
2815938841
2817103873
2820743531
2824854913
2827604341
2838217159
2845527119
2852595517
2854281673
2855661121
2858105251
2863231801
2864096047
2866851937
2869144141
2871974561
2874386737
2877769501
2880755263
2882132789
2882759041
2883582901
2885972701
2894866241
2895004927
2899354429
2906469281
2911064899
2912542921
2919739909
2932327711
2937456811
2938737649
2947441921
2956692571
2962366021
2986171381
2986528151
2993635471
3005429197
3006444173
3008649799
3020423491
3022619701
3023049727
3030393901
3040229851
3048428743
3052550671
3054282601
3054297403
3054466351
3063683503
3070208261
3074534299
3078113977
3079878931
3097132897
3098684161
3103933853
3104041309
3105534251
3113223037
3126526723
3128224639
3133664011
3133684129
3133981441
3135040133
3139942321
3141377149
3143653111
3143871361
3149218381
3161817149
3166371671
3167772301
3168181273
3171444931
3179419391
3190337893
3194513521
3198490807
3199095769
3205307297
3205979393
3206475331
3209867137
3213668881
3221205697
3226358881
3228044821
3233667137
3253322881
3254010481
3255203269
3255266629
3256366051
3257474401
3258425633
3259520767
3259595539
3260299771
3262267099
3263568901
3268990561
3278577349
3282119899
3296355421
3299532251
3306254737
3310343719
3312034133
3313304557
3322551403
3324006533
3332800021
3332885021
3335899927
3340984501
3341102269
3348060811
3357371921
3358551043
3359493541
3362950807
3363763231
3364046471
3366016081
3371024521
3374598781
3376396003
3380089217
3383477191
3390544711
3391299673
3392976277
3411794101
3412575097
3420524467
3428812621
3430295971
3435000451
3435991313
3442959139
3446601523
3446717671
3458216917
3463907761
3464236901
3465053953
3470694433
3476960803
3480908203
3484708207
3485575381
3487531121
3487902083
3495494179
3497214337
3502470913
3507808943
3510295177
3514134241
3517448221
3521356259
3525054721
3527684701
3532170097
3532233937
3532275919
3533856913
3536049721
3540147661
3561538601
3563551991
3565010191
3569326561
3574891757
3584800801
3590963443
3593444009
3593551937
3595084573
3596833567
3597270517
3597748507
3598590817
3599942113
3600223213
3602997841
3605151241
3608154481
3612298321
3614083747
3616123141
3628191551
3640465991
3642034261
3645258863
3653266681
3659807257
3672823963
3674037151
3679566701
3685647701
3697278427
3704091751
3704116219
3711225751
3718938007
3719123423
3722191511
3725016749
3727957487
3728989441
3733646491
3734050477
3744641137
3753165371
3757259251
3759781369
3762046487
3763362401
3770319151
3785729117
3786262241
3809018947
3820445227
3836255963
3837463687
3838115161
3851598751
3859546687
3864188833
3867417313
3869668351
3874135651
3874471147
3877846459
3880249927
3884264281
3892503691
3897378001
3905792071
3914300321
3923951257
3928653581
3932335601
3937526911
3946455761
3954334159
3954446527
3959356433
3967968061
3972326051
3982264199
3986664571
3995826847
3998714617
4019443759
4023462649
4025474641
4032273097
4042578403
4044096053
4047480067
4055746861
4063818721
4081806919
4082575603
4086437587
4086816311
4089794309
4091153431
4099430887
4109461709
4112516957
4112558413
4121854001
4126424287
4131660961
4133928761
4135285369
4135727653
4149671527
4153505821
4156580741
4164191203
4167331667
4173603481
4186020161
4201084933
4216803781
4219075477
4222047131
4226438371
4228090903
4228316431
4238120041
4240777201
4255597831
4266474701
4267640833
4271761519
4272564493
4285434493
4294401301
