209
1261
1387
1417
1541
1661
1849
1891
2047
5963
6541
7711
10573
11533
12871
13747
14981
16511
23843
27331
41003
44311
47197
54811
59641
74023
86347
92929
105851
116407
137149
137449
144523
146791
163831
183937
188191
192541
196309
201601
203071
216457
218791
222529
228437
267859
336169
365713
378871
398413
399001
459709
512461
530881
531931
558517
565001
573313
578771
597871
607501
633907
638731
642001
721519
738541
841909
853469
903169
1003213
1004653
1010651
1017917
1024141
1032533
1049959
1097041
1127897
1164361
1201861
1235851
1244161
1277179
1310521
1357441
1360621
1361837
1370477
1372453
1374251
1395691
1406989
1446661
1477909
1490597
1542241
1551941
1627921
1683181
1686101
1722913
1735613
1745059
1748921
1803601
1808141
1809697
1810513
1832917
1863907
1905373
1909001
1911397
1987021
2008597
2030341
2036921
2091013
2182267
2207659
2237017
2271061
2400091
2487941
2525563
2564563
2575501
2603381
2630071
2677351
2689759
2741311
2787611
2839189
2861209
3060829
3166087
3258473
3270403
3320893
3363121
3375041
3387781
3422533
3429037
3542533
3768451
3776921
3818413
3913003
4014361
4029601
4067281
4099439
4170961
4224533
4260301
4277797
4335241
4361389
4389613
4415251
4450069
4454201
4499381
4661707
4767211
4807009
4871287
4962497
4993979
5168521
5208121
5221801
5271251
5293471
5354611
5423713
5575799
5710501
5952857
6126517
6214489
6278533
6418441
6577121
6642217
6650713
6675841
6690961
6696967
6788167
6794257
6810133
7216501
7338017
7415497
7568191
7742851
8007301
8020291
8180461
8293381
8502551
8507731
8634817
8681581
8687897
8734309
8864017
8871283
8958601
8959567
9031651
9080191
9261001
9439201
9472609
9835541
10019521
10051039
10125361
10185841
10323769
10702501
10778041
10845293
10912513
11285621
11541307
11609561
11745001
11943121
12032021
12159073
12182521
12327037
12479063
12555619
12731461
12770963
12854437
12890503
12941161
13012651
13431601
13609891
13747361
13936981
14177521
14276993
14297851
14494303
14503987
14527921
14632537
14852017
15071941
15096001
15191821
15258151
15288223
15431791
15560651
15889861
15978007
16661633
16755481
16913473
16945633
17174561
17193541
17270369
17789773
17841889
18046523
18124177
18342241
18357389
18566521
18790021
18804241
18809911
19018319
19103809
19117379
19488913
19788001
19837361
20049133
20321533
20541991
20780299
21236881
21482479
21681677
21720973
22028203
22564081
22678787
22902941
23401997
23554301
23868781
24242261
24254297
24482503
25061761
25482349
25683841
25981957
26069581
26157121
26332181
26503849
26585521
26877421
27122831
27223951
27259093
27372853
27471889
27664033
27792277
27797801
27956503
28213333
28406953
28514701
28647253
28666153
28758871
29011951
29104381
29903407
30017293
30131011
30301441
30567277
30663721
30726263
30900451
31382657
31470211
31988557
32158621
32310461
32781841
32870587
33196021
33554629
33721813
33796531
33847469
34003061
34021891
35587837
36448387
36714487
36755851
37189879
37588321
37649503
38133901
38142511
38270377
38390897
38419001
38532073
39211597
39340391
39469519
39669841
39909841
40238417
40241659
40390327
40626151
40737577
41071241
41798401
42255361
42922031
43438081
43876531
44454481
45240901
45931117
46734601
47273251
47583397
48064021
48191653
48650641
49019851
49431617
49937191
50341169
50523661
50699317
50702881
50997451
51131641
51181901
51212501
51346777
51876301
52483421
52693133
52818977
52965301
52974199
53276609
53949011
54470491
54511021
54637831
54974383
55181251
55325029
55473211
55610837
55611361
56160133
56417467
56423599
56900611
57605617
57699739
58368997
58449847
58702541
58725703
59496431
59512231
59886293
60171301
60552161
60880861
61171951
61230943
61451219
62491117
62647741
62881703
62945231
63002501
64343311
64718501
65304289
65376721
66406001
67175161
67559383
68064559
68182003
68605321
68609461
68732161
68839597
69661513
70001143
70093927
70360729
70611161
70660081
71039011
72175507
72543547
72872801
72995131
73232017
73961521
73963501
74985607
76728241
76896667
77146831
77334769
77439521
79081129
79398901
79425901
79941781
80530871
80907139
80918281
81431461
81616081
81931039
81933587
81954133
82617701
82798679
82997881
84164033
85601539
86385587
86563277
86716627
87298291
87650413
88661861
89475481
89701411
90014653
90093361
90178901
91092377
92167627
92625121
92958881
93406669
93431521
93538703
93568609
93605401
94967911
95425951
95593501
95971769
96878101
97353461
98099371
98735209
98862481
100065169
101527651
101649241
101796091
102054637
102510409
102607849
102690901
103983907
104524421
106156931
106778153
107016011
107714881
108142103
108217381
108915421
109403911
109640413
110413333
110555971
110649211
111540001
111993967
112828801
112939831
113243737
113740933
114170269
116179477
118846151
120236707
121022089
121388977
121820887
123247001
123513601
125133241
125387737
126035911
127535651
128124151
128143601
128536561
129604121
129786409
130065043
130992647
131334851
131543689
132239521
132701521
133391611
133520041
133574407
133800661
134589001
135834217
135917489
136959301
137036653
137932321
138069647
138264001
138383401
138634831
139008761
139249531
139454449
139786441
139952671
140166811
140871691
141069067
141140449
141806701
142276177
142352771
143106133
144210041
145603333
145682311
147476449
147586339
148791809
148929271
149444761
149595377
149597377
150192667
150244069
150594049
151830551
152134603
152250073
153589801
153691807
154479131
155632429
156117587
157352771
159368221
159480361
159848809
160175317
160731451
161216021
161489989
163140847
163548683
163892587
164017009
164279569
164952217
165938653
166595131
166630801
166849561
167472451
167579497
169234003
169407577
169523993
170491777
171147601
171314371
171328523
172116181
172272187
173439751
174084931
176202391
176597821
177951973
179374681
180016981
181702393
182202697
183046319
184238209
184520857
185040703
185107357
185130487
187546133
188985961
189542861
189817069
190212181
190225663
190494961
190711177
191922697
198601369
199020733
199097281
200083333
200453401
200629619
201573737
202092221
203528033
205686641
206304961
208615843
208947217
209796061
209802581
210572821
210749341
210812311
212256301
212320351
212645759
212890679
213883489
214314277
214555771
214929121
216087103
217021729
217186537
218385241
218642029
219176413
219581731
221817961
221823643
222055111
222518917
225853633
225887581
226359547
226366003
226523137
227829571
229243361
229302109
230357761
230534611
230564611
230697073
230851141
232794253
233417209
234254269
235171927
236025721
237224311
237935741
239395349
239806561
241079347
241370179
242152501
242589491
243576341
243853303
244883981
245309461
245497669
247545649
248290927
249250541
250216801
253158751
253413553
253659121
257171653
257460851
257623021
259357981
263428181
263930971
264421601
264806701
265127201
265897217
267005821
267078169
267152551
268716361
268958881
272607001
273439771
273894997
273935857
273949561
275240461
276694111
277112753
277188299
277477903
277787141
277880401
279022321
279377281
281171689
281360551
281997217
282135361
283200163
284582869
285265471
286211557
287091031
287147951
288636391
288693967
290168363
292158301
293290297
293635259
295284709
296599141
296844031
297438161
297992369
298434181
299671921
300164287
300929137
302175001
303422869
303848443
304809571
305594101
306066199
306814513
308538007
309881879
310693633
311922631
312214157
314689511
316315117
316643741
316804867
320454751
320986069
321004147
323634653
326183551
326695141
327553921
328402181
328685969
328881239
329155741
330747301
333853801
334237061
337679791
338776111
341682121
342657037
345388829
345545201
345674071
348566401
349083271
350031973
351323053
352351693
353997757
354390037
357777421
360666263
361173691
361298317
362116271
364285351
365932297
367307461
368207449
370069453
371376631
372378871
372810719
374410961
375649481
376096033
376753151
377354701
377806687
379270651
379292033
379738801
380069929
380348989
381066841
383203433
383793541
384040001
385235089
385319089
387562649
389014921
389064589
390612221
391930003
392780417
394881481
396106261
396231887
397125121
397318069
400142167
401701801
402752533
404840833
405596731
405771661
405820801
412936327
413138881
415108891
418226581
418260481
418617281
419350051
419894021
419956921
421392401
421942951
422901289
424612801
424814447
426059761
426900601
427069661
428010101
429488557
432062989
433381243
434261621
434503213
437668381
437890421
439677701
440566253
441646507
445229233
445425121
451088749
453919201
455243077
457117697
457274161
457320533
457773857
461272267
463104601
465335459
465505633
465658903
466279873
466306231
466399081
466758181
467373397
468950021
469069187
472814413
473170801
473722463
475801951
475969231
475983307
477004327
477143749
477461651
477793751
478614067
479489557
480269921
481593997
481637381
482099431
483384007
483523591
486074033
486596053
486722497
486897937
490191601
490803461
491646403
492551431
492683311
493108481
493408477
493898549
495411859
497521741
497946457
499599241
500985941
505067383
508125239
511203551
511408171
511739801
512626201
513384301
513554203
513892213
515573533
516129643
517567051
518752513
523565641
524737981
525398551
527466241
528043753
528544873
528748291
530228821
530904401
531681281
535428577
535994219
539019361
542046161
542180539
543478433
544952341
545738203
546996493
548862661
549724033
550757461
551856551
553620493
555716701
556386461
556488811
558899353
559222291
560940901
562467361
562744537
564651361
564921061
565571429
566209921
566328937
566389801
566643841
567871571
569467963
571086259
571389001
571699969
571904173
572123521
572199013
572430769
576328663
579606301
580786331
581614849
584968639
588956479
590799763
591635327
593066869
595590841
597717121
599102299
600507277
600893921
603799751
604398029
604920331
605739691
606640501
609244501
610665569
611374453
612464521
613343371
613438723
614120113
615581063
616385083
619109317
620103553
620263117
623985049
624288703
626804329
627761161
628903213
630918367
631656901
633166231
635689633
636111451
636977251
638397257
640486993
642794209
643767931
644169241
646394491
647186329
647679397
648056449
648179881
649283461
652856513
652923521
654114001
654555133
655995731
657852841
658505593
659846021
662853151
666434791
667303561
667790353
668895691
669711961
670208533
679975003
682460501
682521631
685667317
689537441
690035713
691370921
692716757
692774461
693721681
694311217
703787551
708477997
711304903
711368197
713366431
713399287
715700239
715727993
716851543
717157561
717164449
717643301
719683441
720206017
721636801
726453199
730627873
731424401
731894131
736668013
737622013
738021181
739643491
741214237
741409813
741524971
744118657
745170229
746692057
750654241
751226401
752535977
752820307
753532781
755048449
755805301
757221977
758654321
758877949
759638881
761241601
764466439
768662917
772784137
772951411
772957301
773131927
776081503
779281123
780251671
784349353
786054641
786672251
787727893
787838833
788491069
788940833
789375511
794332381
794430121
797418997
799162561
800232751
801407281
805859617
807354853
810760673
812036461
814441633
814878541
817178107
820708633
821336081
823669949
824131751
826945621
827644219
830515921
834352381
834760609
835935361
837807673
841742903
842963881
845569591
846649957
847222741
847324843
847745179
849305311
850180129
851624437
853578751
853799059
856371899
858847711
859393891
861141751
863984881
865381609
865476907
870899191
874193891
874290451
876533659
878677801
880000573
880288049
880878013
881114753
881927353
882841051
887795221
897087361
897756751
897916207
898151251
898823143
899600833
901611217
902566501
903108821
903326689
914283121
916992017
918400033
922026877
922845241
930032941
933507667
936088031
938443213
940123801
946495369
947909801
951232133
954840001
955442671
955609903
960165361
963744493
965406961
968139019
968529637
968882113
969184591
970355431
970586713
970982813
973368481
976763617
977389981
978563041
979516757
980866351
980894071
981484561
982282921
983104513
983661961
985075681
991609921
993987611
994885141
998033401
1002078541
1003304611
1004752181
1005881521
1007713171
1010700289
1014119947
1014414661
1016250247
1017606157
1019807119
1020016369
1020615163
1025956037
1028004121
1028494429
1032603391
1034283421
1035917137
1038419537
1040295691
1049027851
1050837841
1053505303
1056873781
1057066249
1057453813
1058989231
1059362729
1060794769
1069228381
1070063191
1076666713
1077511471
1079374031
1081243213
1083411799
1085117101
1085836897
1087914241
1088275501
1090402951
1093065277
1093675987
1093746151
1095784471
1100188321
1100510413
1105322653
1105366513
1105941689
1107565201
1108487563
1108882711
1120076281
1121176981
1125795271
1128752797
1132002847
1132541953
1132690561
1134342151
1134646579
1137551851
1137752887
1138985209
1146408397
1148845517
1152728953
1155921553
1156906249
1158491143
1159031821
1160632373
1161306721
1162892161
1173178337
1174257871
1175172001
1175913551
1176147127
1176708061
1177072471
1178378617
1180886219
1180971991
1185364237
1185481657
1189817371
1190632129
1192417753
1195150669
1198832311
1199226503
1200738001
1202365081
1202842513
1203968533
1204034959
1207438357
1207527931
1211049841
1211063941
1212587531
1217181061
1221743977
1224200801
1224393409
1228235551
1230446653
1235083441
1236445531
1238402023
1243177237
1243899931
1245478387
1246741367
1248920093
1254611161
1257930761
1261570133
1265775337
1266054193
1268215771
1268392501
1269481501
1270736501
1270762081
1270906057
1281903061
1284674969
1287331211
1295053541
1295247871
1301700553
1302482917
1311616153
1312538551
1313558401
1318126321
1319148521
1323362041
1325338957
1325838229
1328233451
1329517583
1331061887
1333658341
1340628199
1343138257
1346624533
1355134621
1363200833
1368560719
1368717001
1369360459
1372681861
1374443711
1376902081
1381647439
1384887529
1387837441
1390347601
1393680751
1395092161
1395928381
1397117191
1399230289
1402010569
1402815961
1404253369
1405748959
1415075663
1422732823
1422958711
1426852153
1428759151
1430446951
1430874859
1436002751
1442367361
1446819401
1448096131
1451803363
1455060097
1456844033
1457287309
1460115763
1463030101
1464568381
1464653761
1465057729
1465217911
1465307351
1467260621
1468184191
1472772421
1473825061
1474671241
1476222991
1478086273
1479031121
1481533033
1484199289
1490919229
1493302141
1494595801
1496517023
1497221281
1502124427
1502682721
1504638409
1506945079
1507121801
1509885877
1511042851
1511819641
1513888157
1523652509
1525398943
1538538949
1540208251
1544942569
1548193177
1548417809
1549024427
1550989177
1560034139
1560429049
1565586677
1569202181
1571312371
1573689151
1575064009
1577230909
1578611501
1579079503
1585453087
1586370257
1588292011
1590394313
1591079491
1591306361
1593706201
1594058857
1595890421
1606614817
1607431741
1618435171
1620569413
1625925121
1632286673
1635788597
1637434657
1642588273
1645020833
1645859251
1646138521
1651104001
1651200013
1652192533
1658958211
1661409289
1663067641
1663699841
1669628131
1672804321
1673026081
1675328173
1676203201
1676538271
1679240179
1682349401
1684418401
1694502811
1695262759
1695637693
1696946521
1705418261
1709765713
1710243589
1714322377
1720630759
1723998223
1725379811
1726238929
1728189601
1728838297
1730239333
1731995497
1735191961
1737480709
1737847411
1738120903
1741080661
1743657931
1746692641
1747030321
1749124829
1751035441
1751246641
1762696801
1767803047
1769148751
1771249111
1777168061
1782966727
1784865337
1787197843
1790267051
1796170351
1796774351
1797616433
1798391773
1802569357
1812188513
1817362201
1820346481
1827236039
1827932107
1828390147
1840346281
1843051687
1843896851
1853926777
1860131101
1864346929
1868076451
1868422609
1869467731
1878810697
1882048501
1885915841
1896522659
1899525601
1900664461
1901367001
1904180473
1904558701
1909352737
1910499781
1917744593
1919240989
1921915169
1923224689
1923845801
1924975879
1930126321
1934202691
1935592891
1939366367
1940174209
1944765901
1951318561
1951469101
1954115311
1955041999
1957670321
1964550001
1967702101
1969242871
1973592193
1974702581
1975247539
1977984919
1981231093
1988672533
1994203213
1998757583
2005360351
2008621787
2011297009
2011479101
2017509601
2020213123
2027306107
2028416021
2029328941
2030153329
2031242753
2031732181
2035351543
2035642183
2038347043
2041265041
2041842541
2049293401
2051260661
2057835781
2065040353
2067673151
2069182981
2071973119
2072175061
2074393787
2074544033
2074927187
2077766623
2077982089
2083000193
2091700097
2094932191
2103863959
2124239521
2126379641
2126479499
2130134533
2141033203
2141087051
2145356929
2148892903
2155285243
2159239219
2166875821
2167302161
2174166881
2175406201
2178678431
2178779131
2184664007
2188728341
2190981781
2197813333
2201924341
2202205897
2203663621
2203862389
2205160651
2209504201
2214364051
2216267467
2218231933
2222364019
2233031701
2234202049
2243252071
2243718209
2244074801
2252048683
2252775097
2254469101
2260585651
2261372143
2263594717
2264509129
2264971573
2268928751
2270816351
2272413529
2276774273
2280256513
2292790567
2296894753
2307949309
2316278221
2319724441
2328728161
2330338249
2331692849
2337542281
2340771431
2341130921
2342350141
2346988561
2347260481
2352708451
2357039683
2361232477
2362571389
2366423321
2376769741
2379610351
2386800001
2390100661
2392891489
2395510093
2398522153
2399802877
2401878151
2414673271
2417408533
2420684779
2424553051
2425925701
2436691321
2438767297
2445195601
2449037593
2450716967
2450763811
2452746671
2453412629
2456536681
2460986551
2463305161
2472571331
2478195211
2480157257
2485674283
2490174919
2491259497
2494128451
2499972661
2509731271
2516424653
2524973933
2537749891
2539839727
2540127329
2545934077
2555176501
2559446653
2560407571
2561392891
2563970737
2567962169
2575260241
2578325401
2582092189
2582799451
2589199201
2592194401
2600661673
2609294101
2610404551
2610757657
2616180821
2619962101
2620151297
2620248751
2623562761
2625665701
2630997541
2635457731
2635974203
2636360191
2638535329
2643585551
2645250301
2645567921
2649267469
2656785641
2660895889
2672378417
2672961559
2674839511
2683025627
2683328581
2691977381
2693185507
2701700569
2702470861
2705820667
2707301969
2709988009
2723798251
2739606451
2742518161
2749450859
2754814753
2758031347
2763236107
2765751931
2766403333
2777088133
2777364127
2777576041
2777780149
2778469129
2788398413
2790577729
2790856751
2793854251
2796401581
2797856401
2798992811
2800048717
2800338239
2803067359
2806421257
2813512591
2816058961
2816539363
2818090001
2824086721
2826219593
2829249721
2832577669
2840166001
2842574659
2843047289
2846181949
2848286377
2851181681
2853118847
2855290901
2859196831
2871787783
2872890901
2875594039
2885972701
2893953313
2895004927
2895537481
2895561673
2895874921
2902311091
2918295451
2920225601
2933563781
2934791947
2943765631
2945960033
2953062361
2955988177
2957711881
2961901841
2977044001
2987852251
3001561441
3008333333
3011747317
3016105093
3016428013
3023483761
3025529713
3027528577
3028644793
3030393901
3030509047
3032753401
3033944101
3034588663
3040515721
3047224001
3050688413
3055181599
3058606981
3059193391
3059295691
3062230627
3067773013
3070208261
3082615201
3083295601
3086546977
3087701977
3090054199
3091353553
3107906761
3115939861
3130386821
3131178431
3133684129
3135088991
3137756161
3142921321
3143653111
3147274423
3163235833
3165490043
3168181273
3169830751
3170613601
3175335241
3176334929
3182895271
3184139701
3189636209
3195727369
3202895821
3205657489
3213029233
3214666249
3214785817
3215031751
3244938841
3249335941
3252314941
3255458221
3256366051
3257334541
3257717101
3258425633
3263568901
3273199081
3273820903
3276102787
3280018381
3280624513
3280967353
3292123693
3292407361
3299486893
3304301393
3319288831
3322130111
3322551403
3326740201
3327432403
3328354801
3332800021
3335362801
3336719041
3337446331
3340230013
3342281203
3366379873
3383386037
3387401047
3397588993
3405369983
3406014433
3406188787
3406744651
3411250081
3412575097
3422513537
3432881233
3436070779
3438861301
3442964671
3450935503
3453086513
3455855153
3462909031
3464236901
3469409143
3469828477
3477527821
3477542251
3484560721
3484736677
3485894371
3486408311
3492883081
3499344829
3507484861
3508999651
3509919379
3520909237
3537280361
3547080781
3550378129
3555054721
3563089111
3572192401
3583375681
3588111721
3599144371
3601083511
3623391301
3630434051
3633802561
3636242401
3640114801
3642034261
3642124123
3647915347
3650158849
3653269591
3662664961
3663427249
3667604383
3672742109
3672977101
3673744903
3676674101
3682471321
3687154801
3699914681
3710559007
3711225751
3711472097
3721202161
3727957487
3728036243
3729934309
3733530617
3737939591
3745163341
3749383681
3749898001
3751961263
3760896133
3763710721
3765342001
3786682369
3786784093
3793008421
3794677741
3798003457
3800306971
3810387001
3812822413
3820259701
3821259331
3826345321
3832772149
3834786401
3840296389
3860316151
3874385111
3875965417
3879074233
3880249927
3882346903
3883439647
3887635753
3891367747
3892928203
3899014561
3901775363
3904533991
3910653577
3913390699
3920612191
3925651759
3936642841
3939026801
3946455761
3951106469
3951857653
3956902801
3962172593
3971677951
3971721409
3972326051
3979090279
3980821097
3986664571
3989642521
3990897593
3995706943
3995826847
3997020553
4001715541
4005122557
4005629183
4022584231
4025923849
4034370911
4042578403
4045401793
4046887601
4048989001
4050036271
4051585249
4068939079
4070491489
4071163097
4075464901
4079877037
4083197509
4087390501
4090365821
4098254161
4103331277
4103950187
4107726169
4111669693
4111896433
4113013141
4113742057
4115106451
4117349923
4120889711
4127660011
4129806601
4137923443
4147919821
4152349477
4155604489
4167355501
4170912217
4175972261
4176139969
4178491201
4181350177
4184886581
4187906581
4188299039
4189357987
4191001501
4191133631
4202367097
4210917233
4214882311
4215038311
4231395841
4232966251
4234009397
4239265081
4240339951
4240777201
4244707297
4251724627
4253357057
4256352907
4260072389
4266685879
4268191327
4285896001
4293320179
