21
91
169
485
1183
1247
2047
5551
11557
14111
15229
17767
19909
21667
23651
38503
47197
49141
53131
64907
70579
72581
90851
100711
109061
144433
146611
153553
157753
158237
163831
191959
204263
222529
223721
233773
234257
249301
268687
302177
330929
350065
364231
382523
382537
452929
495283
535441
546481
556421
563473
630631
636641
653333
657901
702001
753481
764867
838201
840781
873181
891113
896041
947761
1026241
1096681
1140481
1212751
1236781
1259713
1436683
1436791
1496161
1509709
1653373
1690501
1717633
1729729
1810513
1883791
2035153
2061541
2125759
2134277
2181961
2212291
2337301
2522101
2524801
2599169
2639737
2645119
2669473
2671453
3011713
3059101
3257057
3285829
3362083
3458011
3517585
3568661
3647621
3663871
3739667
3790093
3891961
3917663
3942271
3975781
3985921
4098007
4150387
4196101
4360621
4384693
4410797
4614721
4671577
4746653
5004181
5102959
5153631
5219041
5308181
5344021
5355001
5373629
5378641
5603333
5652191
5868985
5906413
5979247
6001759
6094477
6504989
6603301
6642217
6733693
6946201
7143571
7211153
7403401
7593697
7673689
7693111
7744349
7788943
7828481
7992913
8007301
8009587
8333333
8369173
8595361
8805007
8968259
9131401
9164701
9174829
9808651
10234577
10360321
10479787
10509751
10792531
11036551
11065121
11066551
11088013
11169797
11180027
11182421
11415301
11736211
11870581
11888621
12347303
12494431
12621601
12711007
13073941
13113101
13218521
13261991
13496981
13821193
13968769
14302471
14789105
15554101
15909041
16403509
16476149
16991911
17080471
17119507
17400853
17586361
17603617
17851429
17870561
17889481
18140357
18342241
18490381
18736381
19115771
19303571
19304191
19488913
19523857
19576481
19622791
20068621
20234341
20402449
20573779
20934721
21007081
21179551
21355951
22087477
22349251
22397497
22675981
23172211
23316751
23340661
23349187
23476447
23731489
23806381
24182419
24495553
24686209
25370801
25448893
25602251
25723301
25751981
26401681
26432849
26782957
26898481
26902331
27082783
27129887
27236311
27292681
27313081
27492581
27956503
28009253
28310101
28358287
28437763
28647253
28785907
29903407
29922127
30782273
30987809
31118081
31669219
31674163
31778587
31794241
32053531
32249941
32547313
33600533
33842071
34231003
34745047
34769681
34865471
34890481
35851037
36044281
36053333
36958321
37380349
37736533
37796851
37964809
38426803
38763433
38967809
39177491
39371141
39383161
39536641
40160737
40241659
40674841
40714831
40863061
40992631
41317957
41882311
42149971
42165271
42643273
42698023
42948049
43270111
43331401
43699177
43778239
44306329
44318977
44345881
44656529
44735881
44736511
44760581
45110413
45213643
45879941
45931117
46094401
46386589
47278981
47388889
47510581
47787881
48222841
48304481
48475073
48612527
48814879
49098277
51856201
52448309
52595713
52936801
53106301
53172643
53182009
53373497
53638903
53711113
54175139
54484651
55385647
56649641
57568531
58489201
59265121
59318533
60155929
60511301
61349377
61363541
61977493
62410441
62671771
64394461
65027887
65062369
65259217
65356663
65369305
65737621
65886481
66007061
66342673
66345221
66787903
67783261
67815149
68133469
68357851
68462551
68651257
68728477
68837921
68976331
69938623
70098991
70611161
71095039
71168021
71768143
72469981
72533221
73462451
73645001
74426299
75320341
76307617
76323871
77065279
77295961
77439521
77555713
77594653
77622533
78235499
78263377
78301081
78304549
78742039
79411201
79539197
80080813
80104033
80624377
81231041
81376903
81406561
81563171
82199053
82358821
82798679
83347771
83637401
83899543
84001807
84212129
84751621
85385581
85572631
85907917
87784561
87942559
88099339
88132169
88225201
88644013
89050417
89784581
90273751
90353089
91043401
91433281
91612627
91935947
92041093
93748751
93930691
94342249
94406461
95063545
95391409
96414389
96888641
97071211
97788013
97796953
98034751
98735209
99246757
101515373
102377521
102402997
103253333
103340777
104691007
104795983
105558787
105707629
106548901
107340661
107489737
107520533
107543333
108450343
109541461
110856349
111954551
112284043
113004211
113369257
113492101
115039081
115363711
115654751
116321617
116673481
116772001
117321821
117324937
117662981
119477837
122581801
123506881
124574413
125465231
125780167
126211307
126398845
126428851
126440731
127062181
129256273
129524669
132858001
133292701
133688803
133814227
134176771
134777221
136716889
137340451
138074477
138336661
138736153
138828821
138886903
139363927
139580497
139952671
140384161
141180949
141246977
141248381
142221421
143168581
145319563
145603333
146505547
148068331
149342621
149386309
154011467
154279451
154680601
155267407
156079639
156103429
156639661
157447231
158684593
159848809
160815521
161005573
161304001
162096901
162243091
162755029
162776041
162827659
163513153
164385313
165093787
165135521
167472451
167587933
167692141
168586111
169655641
169816363
171147601
172102451
173571571
174223681
175055077
175804201
176036249
176597821
177637153
177961639
179069171
179834227
181217431
181347401
182058181
182188117
183946753
184698881
186125633
187248307
187362673
188985961
189686503
189941761
191600683
191648161
192555061
193918187
195100057
196287391
197581609
199044103
199484641
199789441
200629619
202921321
203231621
203365121
203514001
205333219
206380417
209213929
209504881
210517709
210741961
210812311
211505821
211559021
211658833
211834663
212146507
212427601
213513541
213835861
213993553
214285231
216126751
216410401
216631819
217517653
218112133
219003967
219367019
219601201
220222297
220718821
220729643
220883521
221031181
222425081
223018489
223865443
223966081
226359547
226779313
228178861
229695751
230012863
230088497
231822449
232159601
232661521
234453187
234610291
234715021
234792637
236271817
237508129
237686387
237807397
238294081
238517569
238940771
240230761
242447441
242650717
243369487
244563229
244762057
246864889
247046477
247194451
247694129
248431121
248879041
250436033
251556787
251753441
252853921
252912091
253158751
254235521
255807073
256192861
258634741
259185001
259472305
261033697
261856261
262621313
264301927
264633601
265731931
266636441
272532697
274697263
276648121
277332001
277477903
278925877
279285859
281347291
283732621
284127091
284166877
284227681
284882893
285719281
286166449
286767563
287931047
288939817
288997633
289125373
291185767
291236977
292290181
292819843
292961183
293625109
293984641
295181317
297001351
298532143
298772209
299587201
300729617
300778207
303669829
304235101
304764721
305379121
305464661
305574221
306191621
306766981
307775821
308814133
309422341
310152961
310986451
311206351
311671361
312244951
312773141
313380971
314736661
315351521
316142201
316289161
316336351
316583041
316804867
317559043
318896257
320782991
321886139
322122329
322762007
323062711
323122801
324010061
324771067
325711693
327626017
328594579
329153653
333571591
334441031
335244001
336098957
336273211
336895751
337135501
338458807
339033221
339672169
340646791
342265951
342833899
343026091
346325761
346656251
347368657
348668321
349333741
349894217
349918733
353008471
353722513
353878801
355275821
356184721
359238751
360018361
362619181
364857751
365351911
367678981
368113411
368476501
368995793
370544051
371056747
373146313
377269579
377704471
381628651
383425351
383972317
384365827
385889509
387202457
388176601
389312623
391205293
391930003
392099401
394440301
396611407
399637261
399864697
400374253
400505449
400698523
401427937
402279403
402752533
406175347
406203001
406652569
407047829
408136721
410835739
413138881
413271629
414687023
416386981
417109339
417767201
418192133
419545543
419753977
419894021
420311809
426549061
428885777
429890581
430046857
430276537
430833313
430940651
430970041
431805391
432523051
434343601
434813921
434932961
436345909
436351159
437029477
437192889
437597101
437893921
446714701
446715221
447615073
451002491
453519361
454064131
457158721
457320533
457997723
458442223
458753401
461053729
465249901
467083399
467307661
469209751
471272299
474409921
474663887
475446511
481107589
482314801
483459181
485065621
485829593
488067721
488656981
489273401
490233361
490447261
491032081
491714609
492858263
495353641
495416503
497285713
497521741
498238201
500424773
504559441
506883529
508606771
510438029
510507361
512796731
513731171
516764063
517828081
518548801
518798897
519961691
527631553
531935477
532163311
533843311
537242899
539024407
540654409
540918449
542883223
542955289
544057933
544387691
545455729
546695521
547488301
551262721
552163333
554118661
556685191
557163157
559584721
561420641
564618601
565043473
567059065
567435901
568290689
569852557
573862021
577623581
579606301
579946951
579956653
580799881
581618143
584391151
588423551
589116449
591043771
592467451
594026021
596304703
596995747
597717121
598371107
599112001
599135767
599485111
600790259
601551751
602303941
605221501
606903883
608016599
608237953
608917753
609688801
611463169
613146977
615244481
615696271
616238407
617132569
619725097
619831717
620414929
621135241
621356737
622519129
623662903
624955321
625536071
626097487
629991391
630496621
637249537
645566321
645939577
648321451
651082699
656661097
657732349
658514557
661122881
663699961
664692601
667081801
667275841
669298501
676728343
678393601
679151651
680860351
682460501
683801347
684210061
684394901
685903681
686173963
686287549
687741401
690440371
691881457
694656901
696447181
697248133
700614361
703126993
707760199
709968601
710246461
710541481
710583719
713197939
720184001
721153021
721303243
729491071
730754011
732736621
734474359
739444021
744118657
744683833
745708657
747382681
748604033
751056223
751705597
754020361
754199533
754528519
756318751
757639387
757644889
758484913
758533351
759638881
763910831
764463277
765245881
766648741
768964807
774027781
774215041
775368901
777149731
778194649
778284043
786672251
787411381
787838833
788905027
790412281
790758613
791267779
795490747
798189121
799721749
800157541
800786827
800877169
801327709
801866647
802680877
804140611
809339809
809393461
809506133
811396741
815681503
815698393
817315441
818363261
823951171
824984917
828157639
829610399
830256643
830507551
830853577
832656701
834244501
834440133
836612401
837766217
838357141
840617051
841217653
842889601
845338033
846630469
853846841
853965421
854319269
854581807
859393891
859769191
861837617
862420711
862977151
863514853
864184801
866008153
866048129
867519577
867965251
870410377
872819677
873571459
875616589
879706741
882117271
882879121
884858881
895398523
895489757
897087361
902133961
905989867
909521911
909851801
910359943
914183761
919748131
920375821
920471509
920700001
929559403
930032941
933184801
934968217
936662687
937013621
938376181
942448957
946477841
946963333
947485351
949102241
949324951
951962813
952551865
958762729
960611191
963613817
966745561
967267801
967423381
975805009
979363153
980957071
981292987
982282921
984640651
985419649
987908041
989810251
989875921
990061957
991639009
991913081
993614593
994885141
998944873
1001079451
1003416577
1005572401
1007246431
1007713171
1011333061
1012621501
1017699061
1019115301
1019130931
1020329689
1021281301
1023897841
1026587521
1028939117
1029925201
1034449057
1034475601
1034555809
1035159049
1035988087
1036812769
1037499361
1041259561
1048385671
1049917867
1050721561
1051094137
1052436851
1052487437
1053541189
1055384929
1066688569
1067736751
1069110157
1070063191
1070907161
1072839941
1080079873
1083565921
1092902533
1098404941
1098978805
1101117011
1107825881
1108026649
1110148033
1117547201
1118451599
1121176981
1124057089
1133516737
1134696067
1137303091
1137737371
1140174881
1140687679
1142300503
1142970841
1149900151
1152683533
1160988661
1164345001
1164759689
1167732763
1177587251
1177778671
1189665361
1189920997
1200112391
1200738001
1200870001
1201773145
1203524617
1205606533
1207338049
1219855001
1221044653
1228229143
1230627053
1235526007
1236032227
1237343383
1238026429
1240214977
1240879879
1245478387
1247875903
1258990561
1260249469
1260309343
1261099531
1265697691
1265740717
1266425101
1266989701
1270700461
1273213901
1273752481
1274240101
1275118321
1278520237
1280976857
1282875397
1292852993
1295074171
1297901953
1298899801
1303945251
1308075553
1311105151
1313172481
1314847873
1319090293
1320327391
1321058213
1328292601
1331413333
1334546753
1334590273
1339556113
1340722001
1344228797
1346299021
1352265949
1354991653
1356133051
1363200833
1363318651
1363342861
1366119613
1367303167
1368763201
1369303963
1370803033
1373205079
1376041801
1377925891
1379928421
1380237277
1380511397
1381647439
1382746471
1384808101
1390186117
1390697177
1392379561
1394632891
1397169091
1399345669
1404228421
1404685703
1405590451
1405737601
1408610503
1410898987
1416144133
1417958891
1419061801
1420057633
1428537431
1432354901
1433533267
1441955791
1445080141
1448921633
1449736723
1451169721
1453548403
1455565739
1455763891
1456289803
1457043281
1462024061
1465217911
1465454101
1465908193
1468549013
1469768653
1469896657
1471820689
1476648901
1478440367
1479371741
1484199289
1484454031
1484742533
1494595801
1496487059
1497078659
1510460153
1510891933
1511042851
1514301179
1516971301
1518270241
1521666161
1527763333
1530917693
1533555271
1538071061
1540251751
1549308001
1556329633
1559121023
1566721883
1570997431
1572329413
1572777551
1576628299
1579217641
1582527241
1582791937
1590419293
1591279297
1592686441
1593780443
1599014327
1607405587
1608729127
1608900481
1611615151
1614341431
1616387653
1623595051
1629192151
1631736151
1632856429
1634520779
1634716639
1642748593
1643384341
1645749403
1649863717
1650682153
1650960851
1656941401
1658291461
1663436617
1669276841
1674091141
1675900801
1677407161
1683174533
1693587001
1695546143
1697213407
1702123201
1705344253
1706302123
1707421633
1709259553
1710505931
1714144513
1719147193
1722064189
1722679537
1723086227
1724341711
1726730417
1728189601
1731886381
1732436551
1735173821
1738540021
1739057633
1741436533
1742031061
1744718011
1746721681
1747387903
1747678927
1752172003
1753346953
1758541093
1759518151
1763541001
1767803047
1771213361
1771976251
1779406537
1781824801
1791426787
1791875621
1799762449
1800971983
1801830421
1803053251
1805947313
1808745671
1824432121
1838775331
1839860713
1841466961
1844279011
1848719701
1852317251
1853926777
1854435091
1857221281
1857223481
1859985199
1872885241
1876485691
1878149431
1879828501
1882049977
1885021777
1887259489
1896114901
1898575499
1900687381
1901089873
1901656573
1902303721
1904524903
1905733457
1906418021
1910438269
1910917937
1913296951
1913422591
1916186221
1918909919
1924269671
1924304141
1930534453
1932322789
1936194049
1937270981
1940513401
1944023621
1944452249
1947245323
1948803097
1951326001
1951773391
1955025601
1962730531
1962955177
1965289321
1965948013
1966629101
1969124593
1971211009
1974474049
1982466259
1982826961
1988496217
1988965861
1991755079
1994087761
2000436751
2002446821
2006899273
2007019243
2008184641
2020767319
2029864279
2031090029
2032389157
2034487841
2037233839
2037732451
2038356091
2042507251
2042600491
2044370641
2045193151
2046528013
2049293401
2051878753
2055471401
2063228203
2069182981
2070640111
2073202561
2074544033
2076192007
2077778707
2078888167
2080581901
2084833081
2090741293
2093368561
2098159097
2099131217
2112532001
2114102593
2121576337
2122912577
2123026501
2125270621
2130428891
2131620571
2134680241
2135052001
2137134833
2137495361
2137594817
2139462991
2141087051
2141340833
2142302741
2154989467
2155738777
2156767003
2157856009
2167068811
2170088537
2171889811
2173540951
2174173651
2177966449
2181311521
2184744451
2185790549
2187544531
2188728341
2189775319
2191002997
2191990501
2199558083
2201924341
2202205897
2202491719
2203751593
2205160651
2208175201
2210263633
2213057893
2219517901
2224278253
2230253293
2233031701
2239679287
2240244277
2241069601
2241309199
2245808293
2249565709
2253176951
2253376133
2258436517
2259174331
2269506313
2280105367
2288875249
2293330201
2294334001
2297067967
2298363451
2302224361
2304120001
2305459003
2305872731
2307480211
2309470201
2312963333
2314820377
2317604017
2323147201
2334635101
2362421953
2372011111
2373294997
2385548881
2387194951
2388245245
2392108421
2392261741
2398977673
2403802133
2413577069
2415689713
2427490657
2430590131
2432761633
2434869949
2447358211
2462302849
2470298461
2470776013
2476243249
2485230751
2492480233
2497478509
2499853333
2512943251
2514929581
2515472389
2526939433
2529226041
2529386131
2552735639
2553133441
2553872051
2558683711
2562814621
2564530321
2566804501
2570880577
2579163931
2581346923
2582799451
2585735209
2593949851
2596248013
2596843651
2597333311
2598933481
2601144001
2607197731
2620151297
2620964501
2625665701
2631959821
2634641951
2636360191
2643365761
2650728151
2665585649
2668292551
2668846357
2672947597
2673739727
2676053333
2677147201
2681182463
2686453817
2687705281
2693195569
2693739751
2695064653
2695268339
2700213049
2705647141
2707261921
2707550161
2709988009
2712418801
2716011121
2721363569
2721711409
2722576501
2727237559
2733885823
2736572689
2739606451
2740327309
2742496771
2745577817
2754619579
2758652417
2770649641
2771071031
2772198001
2772674881
2774542321
2777780149
2784469609
2789751763
2796401581
2799356011
2802853819
2809243193
2811182401
2821626809
2822555401
2824544359
2826128971
2827961221
2834658553
2837228941
2852049661
2853985591
2855661121
2860827313
2866785991
2867663149
2869376819
2872327321
2882370481
2885176601
2885761391
2890895041
2898101221
2900841341
2917451881
2917899527
2927963231
2928676747
2930831641
2934506261
2938537493
2949260801
2952023347
2954538497
2958951691
2964816109
2973097121
2974506841
2975377429
2992394501
2995097503
2996944133
3000163993
3002816923
3004224137
3015483769
3017573953
3020299327
3021254821
3024695521
3028125781
3032084449
3042630533
3044636687
3046454533
3050790451
3053742061
3056666881
3066639817
3077122133
3078612967
3080032621
3082068013
3082673887
3092540977
3092910913
3093769801
3103545979
3105241441
3107729953
3118411501
3132519319
3137756161
3144031801
3148361231
3150590929
3154448221
3161757457
3167796241
3174542801
3174698143
3176875651
3180615461
3180981781
3181501837
3202965091
3205012963
3206203003
3212548951
3217321801
3218207917
3218622817
3221303311
3223775251
3237041537
3246715931
3269387179
3296889919
3301325317
3302851861
3304861061
3326602427
3326740201
3329737651
3335006921
3337462981
3342491639
3349997731
3355619467
3358939153
3372018439
3373242601
3374142841
3374598781
3378464209
3382983521
3393235561
3396188941
3396873691
3398078197
3404154151
3404168197
3427320937
3434575327
3436001623
3438169771
3439513441
3439846441
3441666181
3446328913
3453240551
3455515561
3462909031
3476369563
3480593953
3493204237
3493477417
3498145489
3502970551
3504132113
3504238681
3505364101
3520357417
3520884001
3520934177
3522337171
3527297311
3527860645
3532275919
3543203333
3548378341
3548607841
3553567057
3561179701
3566014861
3576804001
3577077533
3578189341
3581503817
3590558281
3594968821
3596545261
3598590817
3601083511
3612298321
3612787837
3620475679
3625193591
3628526287
3634084871
3636956611
3638653201
3640903111
3645942019
3647363009
3664814347
3665242951
3666620413
3670377131
3673496971
3674582821
3679762321
3680798701
3682604161
3684465787
3693378943
3695573729
3697282261
3697434133
3697576783
3721512097
3726384091
3728515519
3736293461
3746691191
3761091937
3762090641
3766150081
3769946473
3775351193
3778477091
3782698639
3785579401
3789787501
3789843461
3792205847
3793158601
3795206827
3798013321
3798040471
3809337971
3813283939
3815655607
3818310409
3822308461
3822556753
3828582421
3833212673
3833846641
3846823601
3856464511
3869668351
3870398009
3871924561
3876983849
3883438001
3885526261
3892928203
3895046191
3896103559
3900026461
3905583823
3905876501
3908165713
3908975761
3922366141
3926200321
3936931567
3938447311
3940463521
3952176037
3960585721
3971095301
3975757501
3984622963
3986664571
3986735257
3994507441
3995220419
4004875373
4007116621
4008224221
4030637771
4034969401
4037490451
4038242413
4045810393
4053249523
4054039841
4056432019
4057933433
4059250651
4059776533
4063351309
4064364217
4067565841
4075241633
4076419609
4082350819
4090447969
4096709209
4099980581
4103510797
4104352561
4104383851
4110855989
4111565833
4112485301
4129811501
4136773139
4151727457
4159175653
4160472121
4161973051
4167331667
4167456859
4178535769
4183664101
4188436201
4192936201
4195864261
4206723067
4206758533
4210938481
4215634699
4217739181
4219598287
4222411337
4223478751
4224851005
4225274153
4227872113
4228090903
4235818861
4243002619
4251724627
4255730701
4267640833
4270323301
4271121161
4271761519
4275941587
4285858523
4290243017
