9: 3 3
15: 3 5
45: 3 3 5
341: 11 31
721: 7 103
781: 11 71
949: 13 73
1891: 31 61
1991: 11 181
2071: 19 109
2117: 29 73
2201: 31 71
4187: 53 79
4681: 31 151
5611: 31 181
8321: 53 157
9211: 61 151
11041: 61 181
11359: 37 307
12403: 79 157
12851: 71 181
13747: 59 233
15793: 17 929
22181: 41 541
24211: 11 31 71
26677: 7 37 103
27331: 151 181
28991: 53 547
32715: 3 3 5 727
43213: 79 547
47635: 5 7 1361
47641: 11 61 71
54913: 89 617
55969: 97 577
61721: 11 31 181
63405: 3 3 5 1409
64201: 19 31 109
66397: 67 991
85609: 59 1451
85879: 157 547
88831: 211 421
96139: 127 757
106039: 19 5581
117931: 11 71 151
121153: 97 1249
126331: 19 61 109
141361: 11 71 181
209141: 41 5101
212323: 67 3169
221347: 7 103 307
226801: 337 673
229633: 277 829
238631: 71 3361
269011: 367 733
285541: 31 61 151
286903: 379 757
312721: 19 109 151
319507: 283 1129
334153: 19 43 409
338083: 233 1451
339607: 229 1483
342271: 31 61 181
365713: 229 1597
374851: 19 109 181
398381: 31 71 181
433553: 491 883
512461: 31 61 271
515201: 101 5101
520801: 241 2161
563993: 89 6337
608329: 109 5581
624493: 727 859
636641: 461 1381
655051: 661 991
657359: 53 79 157
665281: 577 1153
687241: 829 829
720673: 577 1249
722261: 491 1471
825761: 97 8513
830077: 103 8059
847261: 31 151 181
868001: 311 2791
983401: 331 2971
994729: 29 34301
1010161: 181 5581
1024343: 727 1409
1025971: 67 15313
1032533: 587 1759
1090051: 53 131 157
1128361: 13 29 41 73
1276081: 53 24077
1283311: 389 3299
1298893: 883 1471
1306199: 467 2797
1311487: 311 4217
1354477: 83 16319
1441091: 347 4153
1454861: 31 71 661
1476871: 11 31 61 71
1502257: 409 3673
1542901: 31 71 701
1617451: 11 19 71 109
1667191: 61 151 181
1757251: 251 7001
1784609: 17 113 929
1874801: 173 10837
1898401: 227 8363
1898999: 563 3373
1902083: 79 24077
1909001: 41 101 461
1983901: 601 3301
2002177: 97 20641
2008597: 709 2833
2035153: 1009 2017
2036149: 59 34511
2062727: 787 2621
2144521: 29 73 1013
2146057: 89 24113
2181121: 853 2557
2181191: 31 71 991
2182267: 739 2953
2251549: 613 3673
2290289: 53 79 547
2368351: 1483 1597
2378209: 337 7057
2441501: 751 3251
2603381: 11 311 761
2722721: 953 2857
2759641: 541 5101
2793493: 283 9871
2827843: 359 7877
2926381: 647 4523
3006877: 1097 2741
3048049: 17 193 929
3059101: 1237 2473
3065701: 601 5101
3076481: 1013 3037
3140479: 991 3169
3272611: 661 4951
3277231: 331 9901
3311461: 541 6121
3320893: 389 8537
3387781: 1063 3187
3522481: 521 6761
3634633: 853 4261
3655861: 11 31 71 151
3708871: 31 181 661
3780089: 157 24077
3797821: 53 131 547
3822337: 449 8513
3909929: 617 6337
3916261: 19 31 61 109
4023811: 11 43 47 181
4052233: 277 14629
4100801: 353 11617
4151281: 17 113 2161
4238191: 1783 2377
4258213: 653 6521
4291801: 691 6211
4327681: 281 15401
4330861: 787 5503
4382191: 11 31 71 181
4448221: 31 43 47 71
4475341: 13 344257
4499701: 1061 4241
4551587: 53 157 547
4749361: 673 7057
4761133: 13 29 73 173
4906405: 5 7 103 1361
4906441: 991 4951
4948973: 239 20707
4985857: 577 8641
5044033: 1297 3889
5164321: 31 61 2731
5194051: 1861 2791
5208121: 1021 5101
5278639: 523 10093
5292631: 1627 3253
5322241: 17 337 929
5398861: 13 73 5689
5406787: 1163 4649
5420971: 683 7937
5481451: 31 151 1171
5560501: 31 181 991
5787991: 11 71 7411
6178979: 677 9127
6186403: 1759 3517
6355651: 31 61 3361
6427045: 5 53 79 307
6594061: 971 6791
6757297: 197 34301
6784441: 79 157 547
6861223: 19 109 3313
6955087: 1319 5273
7028821: 1531 4591
7076929: 373 18973
7120513: 1009 7057
7193791: 11 61 71 151
7207201: 17 353 1201
7261141: 41 177101
7686401: 1601 4801
7710151: 211 36541
7917757: 727 10891
8041063: 233 34511
8071471: 661 12211
8180415: 3 3 5 181787
8189839: 7 37 103 307
8231653: 2029 4057
8333333: 1667 4999
8405857: 1297 6481
8623021: 11 61 71 181
8655511: 1861 4651
8792257: 277 31741
8941529: 653 13693
9008551: 71 181 701
9125059: 347 26297
9131401: 2137 4273
9178891: 2731 3361
9439201: 61 271 571
9450601: 229 41269
9487531: 1361 6971
9493903: 2179 4357
9533701: 1783 5347
9694351: 19 31 109 151
9835541: 1811 5431
9863461: 2221 4441
9963073: 1153 8641
10018807: 1583 6329
10221493: 2417 4229
10287073: 37 278029
10479195: 3 3 5 232871
10498181: 31 181 1871
10553671: 31 61 5581
10628689: 17 673 929
10743097: 1093 9829
10837601: 1901 5701
10895377: 2557 4261
10912513: 1249 8737
11047609: 1777 6217
11137237: 1669 6673
11144359: 1129 9871
11182421: 1931 5791
11407441: 1277 8933
11433991: 19 109 5521
11558251: 19 109 5581
11576471: 263 44017
11620381: 19 31 109 181
11756317: 103 157 727
11909857: 577 20641
11990809: 1549 7741
12101101: 991 12211
12127441: 829 14629
12169711: 2467 4933
12240103: 2213 5531
12318541: 1327 9283
12718081: 641 19841
12890503: 2539 5077
12980941: 2791 4651
13170119: 547 24077
13609793: 953 14281
13773061: 2143 6427
14233969: 2017 7057
14278993: 103 157 883
14312533: 2393 5981
14581501: 11 31 61 701
14632601: 461 31741
14819177: 1013 14629
14843767: 2437 6091
14875147: 7 37 79 727
14877721: 617 24113
14892541: 2441 6101
14913991: 43 127 2731
15008033: 2237 6709
15008197: 2843 5279
15175183: 991 15313
15383761: 421 36541
15489181: 31 61 8191
15576571: 2791 5581
15647297: 1319 11863
15674341: 41 73 5237
16317181: 19 271 3169
16355809: 883 18523
16786513: 1549 10837
16819489: 1237 13597
16838401: 3301 5101
16882633: 613 27541
17174561: 2393 7177
17316713: 2843 6091
17449417: 2089 8353
17557103: 383 45841
17714341: 127 139483
17887201: 101 177101
18112513: 1609 11257
18258809: 2617 6977
18260581: 31 47 83 151
18335521: 241 76081
18354421: 43 127 3361
18443701: 3037 6073
18727201: 41 73 6257
18736381: 3061 6121
18903361: 2089 9049
19075981: 19 61 109 151
19149571: 7 59 199 233
19684921: 1231 15991
19829951: 2969 6679
19946897: 59 233 1451
20236483: 1423 14221
20261251: 2251 9001
21345511: 11 71 151 181
21400481: 1889 11329
21623659: 1163 18593
21946933: 283 77551
22187791: 3331 6661
22369621: 2731 8191
22397629: 3191 7019
22865911: 19 61 109 181
22994371: 3391 6781
23057371: 631 36541
23464033: 2797 8389
24482503: 3499 6997
24550241: 2861 8581
24948811: 1621 15391
25052527: 2503 10009
25130761: 73 344257
25204609: 3889 6481
25276421: 2903 8707
25674221: 2069 12409
25780609: 1249 20641
26017291: 3607 7213
26124661: 31 151 5581
26313289: 829 31741
26694361: 2311 11551
26876411: 31 71 12211
26879549: 29 73 12697
27247333: 1471 18523
27529951: 3361 8191
27532657: 2347 11731
27780061: 31 181 4951
28016497: 1297 21601
28103041: 3061 9181
28163563: 3299 8537
28213333: 3067 9199
28451071: 11 61 109 389
28569997: 1429 19993
28914817: 2689 10753
29415871: 2971 9901
29611867: 439 67453
29878381: 13 29 41 1933
29914561: 1327 22543
30058381: 3877 7753
30202201: 1021 29581
30366881: 1061 28621
30969593: 29 73 14629
31150351: 2791 11161
31170889: 139 224251
31725649: 19 109 15319
31817633: 3257 9769
32091781: 3271 9811
32153633: 1013 31741
32154389: 5279 6091
32158621: 11 19 151 1019
32200561: 631 51031
32254039: 19 1697581
32813831: 2339 14029
33010327: 7 37 127453
33209621: 653 50857
33333091: 11 31 239 409
33395311: 109 151 2029
33498037: 4993 6709
33600533: 3347 10039
33625381: 2473 13597
33785569: 1753 19273
34084181: 3371 10111
34124641: 67 151 3373
34590403: 4159 8317
34657141: 191 421 431
34690891: 31 151 7411
34865471: 2411 14461
34977931: 2029 17239
35087377: 13 73 36973
35598529: 1009 35281
35798491: 4231 8461
36953929: 2719 13591
36958195: 5 307 24077
37173121: 3457 10753
37492141: 1021 36721
38010307: 3083 12329
38676301: 2351 16451
39154081: 3613 10837
39184651: 11 31 151 761
39545221: 3631 10891
40621591: 4507 9013
40800817: 2857 14281
41150909: 4643 8863
41317957: 1087 38011
41899981: 2447 17123
42691601: 701 60901
42702661: 4621 9241
42925637: 5981 7177
43834321: 1381 31741
43918351: 31 43 47 701
43941049: 1447 30367
43963271: 11 71 181 311
44122321: 2971 14851
44326153: 103 233 1847
44375101: 2143 20707
44404001: 5441 8161
44501185: 5 53 307 547
44736511: 2731 16381
44760581: 3863 11587
45176473: 6337 7129
45877861: 31 43 127 271
45931117: 3389 13553
46040401: 11 19 43 47 109
46095435: 3 3 5 727 1409
46153477: 487 94771
47020177: 3067 15331
47095273: 1373 34301
47589193: 103 491 941
48173555: 5 53 181787
48233149: 59 103 7937
48481679: 2843 17053
48526897: 3169 15313
48741949: 821 59369
48860401: 47 701 1483
49431313: 349 141637
49735351: 4987 9973
49865881: 13 41 93557
50075461: 1451 34511
50087467: 3539 14153
50140981: 11 19 31 71 109
50645869: 109 229 2029
50751847: 3313 15319
50906431: 181 281251
51667309: 419 123311
51682921: 31 61 151 181
52329421: 859 60919
52448371: 1811 28961
52818977: 2423 21799
52864057: 379 139483
53585299: 4483 11953
53638903: 5179 10357
53914561: 43 109 11503
54255521: 4253 12757
55343569: 953 58073
55729957: 3733 14929
56052361: 211 421 631
56124881: 1697 33073
56196901: 6121 9181
56549929: 367 154087
56581471: 199 331 859
56602501: 19 109 151 181
56719657: 1399 40543
57505699: 6151 9349
57530419: 2399 23981
60011599: 3163 18973
60456661: 4951 12211
60599489: 97 624737
60957361: 61 181 5521
61201927: 1483 41269
62289541: 5581 11161
62553599: 5273 11863
63400933: 743 85331
63745921: 3571 17851
64399001: 751 85751
64699601: 4201 15401
65906593: 1597 41269
66007061: 4691 14071
66072889: 2521 26209
66342673: 3643 18211
66595937: 719 92623
67194401: 4733 14197
67195697: 29 73 31741
67955617: 829 81973
68462551: 5851 11701
68515921: 31 181 12211
68621701: 4783 14347
68635591: 3533 19427
68837921: 1811 38011
69424981: 1229 56489
69905281: 97 577 1249
69938623: 4057 17239
70958497: 1933 36709
71161777: 2017 35281
71345633: 4877 14629
71592751: 4231 16921
72182111: 2003 36037
72543547: 4259 17033
73447039: 2143 34273
74009153: 877 84389
75606049: 3889 19441
75621281: 5021 15061
76002001: 241 315361
76232581: 1381 55201
77257783: 109 127 5581
77295961: 6217 12433
79102765: 5 7 53 42643
80207381: 5171 15511
80717131: 11 71 181 571
80918281: 6361 12721
81376903: 6379 12757
81643561: 461 177101
82138483: 7 37 103 3079
82243201: 2081 39521
82662553: 379 218107
83889217: 7741 10837
84164033: 5297 15889
84353921: 1217 69313
84718087: 1579 53653
85137151: 11 61 181 701
85354903: 307 278029
85519337: 3083 27739
86438857: 4649 18593
87555079: 1129 77551
88896781: 43 757 2731
89292053: 6521 13693
89863621: 743 120947
91647115: 5 7 547 4787
92720189: 2473 37493
92865529: 709 130981
92958881: 2273 40897
93816721: 193 241 2017
95594617: 4889 19553
95811641: 541 177101
96077101: 2801 34301
96551621: 2837 34033
96894071: 4019 24109
98664511: 11 19 61 71 109
98728033: 5737 17209
99459001: 71 251 5581
99933811: 1231 81181
100810399: 53 79 24077
101152133: 5807 17419
101158093: 3673 27541
101450161: 9661 10501
103301633: 7873 13121
105588631: 757 139483
105730801: 11 19 31 16319
105766921: 13 41 198437
106051177: 3257 32561
106113253: 1429 74257
106374071: 4211 25261
106552231: 3541 30091
106876597: 3049 35053
107322601: 103 859 1213
107575721: 11 71 181 761
107939773: 2683 40231
107997079: 4243 25453
108758677: 1789 60793
108915421: 4261 25561
109211441: 4153 26297
109403911: 43 757 3361
109541461: 6043 18127
109879837: 2707 40591
109963901: 2141 51361
110413801: 181 271 2251
111451201: 17 929 7057
112402981: 3061 36721
112499311: 61 991 1861
112702591: 7507 15013
112945771: 733 154087
113145281: 41 541 5101
113764069: 263 307 1409
114303313: 1297 88129
114305441: 6173 18517
114366313: 4783 23911
115533661: 19 47 67 1931
116045827: 3407 34061
116701003: 7639 15277
118189633: 19 991 6277
118364833: 229 516877
118370253: 3 53 547 1361
118566533: 6287 18859
119413897: 3643 32779
121381661: 4241 28621
122439673: 5779 21187
124274107: 199 727 859
124574413: 4219 29527
125686241: 6473 19417
128203381: 3581 35801
129205781: 6563 19687
129272953: 59 2191067
129357061: 277 461 1013
129762001: 19 31 151 1459
130385179: 3917 33287
132159149: 727 181787
133083889: 6427 20707
133527253: 607 219979
133746511: 181 761 971
133931233: 9781 13693
134025277: 1303 102859
134176771: 8191 16381
134237641: 19 71 151 659
135121591: 11 31 71 5581
135924601: 71 701 2731
136101661: 6581 20681
138270889: 1459 94771
139810133: 6827 20479
140123453: 1429 98057
141029869: 9199 15331
141616201: 3301 42901
142180651: 8101 17551
142335491: 4871 29221
143168581: 8461 16921
143555329: 3613 39733
143994691: 4243 33937
144477901: 1901 76001
145820503: 8539 17077
146151601: 17 113 76081
146884393: 3833 38321
149248873: 1033 144481
149532571: 8647 17293
150024253: 3163 47431
150614413: 4639 32467
150861661: 823 183307
150892681: 5101 29581
151830551: 10061 15091
152255611: 4363 34897
152804081: 6337 24113
152992995: 3 5 883 11551
153463459: 1997 76847
153584971: 67 463 4951
154384501: 2851 54151
154492231: 3931 39301
154957441: 691 224251
155860189: 6151 25339
155956621: 1231 126691
156322393: 6781 23053
157182637: 6269 25073
157287191: 5431 28961
157341931: 2371 66361
159236281: 3061 52021
160776481: 7321 21961
161006617: 839 191903
162458381: 1367 118843
162800161: 5441 29921
163970159: 8537 19207
164411041: 2161 76081
165106999: 757 218107
165914561: 2857 58073
165938653: 9109 18217
166284497: 17 929 10529
167166611: 53 131 24077
169297217: 727 232871
170173741: 4931 34511
170856533: 7547 22639
171328523: 3779 45337
171747577: 6553 26209
171850361: 11353 15137
171973201: 4957 34693
172035841: 7573 22717
173492801: 4391 39511
173678203: 9319 18637
174109391: 1307 133213
174167407: 6599 26393
174211201: 8641 20161
174307897: 3529 49393
176597821: 9397 18793
180725911: 2281 79231
180870449: 1277 141637
181869949: 2341 77689
182823541: 523 349567
182947507: 3989 45863
183484571: 11731 15641
184592521: 811 227611
185036329: 109 1697581
186054721: 5569 33409
187313821: 5101 36721
188375671: 11 19 47 127 151
188985961: 9721 19441
190212181: 7963 23887
190365757: 277 829 829
191233813: 5897 32429
191358721: 433 441937
192391321: 19 661 15319
193133557: 6949 27793
193147501: 211 915391
193374451: 12043 16057
193409701: 3191 60611
196287391: 9907 19813
197235391: 109 571 3169
200344717: 53 157 24077
200458909: 7 103 278029
201789127: 7103 28409
202984217: 11633 17449
203230501: 3271 62131
203231621: 8231 24691
204769741: 11 43 47 61 151
206437741: 5431 38011
207243601: 1021 202981
208051201: 6451 32251
209103469: 3049 68581
209266669: 9283 22543
210339397: 5689 36973
210412093: 67 991 3169
210457777: 9781 21517
210812311: 10267 20533
211709879: 107 1978597
211822183: 1783 118801
211834663: 4603 46021
218270737: 277 787981
218495479: 9349 23371
220272571: 6427 34273
220531501: 10501 21001
220762501: 19 31 71 5279
220792349: 2477 89137
220883521: 8581 25741
220988179: 1987 111217
221922829: 14419 15391
222123799: 9127 24337
222192559: 3727 59617
223007521: 11 31 61 71 151
223669139: 263 850453
224209885: 5 103 435359
224769241: 6121 36721
225651469: 6133 36793
225853633: 8677 26029
226061921: 8681 26041
226965751: 12301 18451
227418133: 8707 26119
228842209: 337 673 1009
229607731: 31 151 181 271
229915771: 61 109 151 229
230372339: 239 963901
230879041: 31 283 26317
231770221: 12541 18481
232794253: 10789 21577
232978051: 31 71 151 701
234342221: 809 289669
234356431: 19 109 113161
235319011: 3271 71941
235319699: 6263 37573
236894311: 9349 25339
237238561: 7 37 103 8893
237321727: 7703 30809
237561073: 337 704929
238057921: 2161 110161
238767661: 11 19 47 109 223
240096001: 5857 40993
241285561: 11 61 109 3299
241370179: 6343 38053
242746813: 9829 24697
243010081: 1777 136753
243687337: 569 428273
244185281: 8161 29921
244235101: 11 19 71 109 151
244576481: 1381 177101
244791671: 7243 33797
245309461: 9043 27127
247043791: 9941 24851
248033501: 13421 18481
248978017: 7057 35281
249993101: 13693 18257
250436033: 9137 27409
250564051: 4231 59221
253158751: 11251 22501
253412161: 461 549701
256137883: 1409 181787
257102309: 1637 157057
257596811: 5861 43951
258634741: 131 491 4021
259134427: 1579 164113
259141583: 7589 34147
262970101: 6361 41341
263072821: 11 71 181 1861
265687567: 13309 19963
265941451: 1759 151189
267313651: 11 31 61 71 181
269526097: 8209 32833
271450895: 5 53 727 1409
271955821: 2749 98929
272050501: 103 751 3517
272680201: 4337 62873
273112027: 1307 208961
274937851: 8291 33161
275283401: 71 701 5531
275623561: 4861 56701
277477903: 11779 23557
277771951: 71 701 5581
278776501: 3251 85751
280312003: 11839 23677
280506913: 449 624737
280839001: 2281 123121
282389977: 2377 118801
282589651: 11887 23773
286023403: 11959 23917
288086041: 7591 37951
291942271: 5861 49811
292290181: 9871 29611
292433321: 4937 59233
292538819: 6983 41893
292758631: 11 19 71 109 181
294632281: 13693 21517
295362889: 4297 68737
295419097: 7687 38431
295643089: 7 157 367 733
297728551: 6301 47251
297986701: 12541 23761
298627031: 79 157 24077
299639071: 3691 81181
299671921: 12241 24481
300157201: 3613 83077
300979369: 7759 38791
301396573: 4483 67231
303220927: 5507 55061
305464661: 10091 30271
305594101: 8741 34961
307061371: 12391 24781
307219097: 5843 52579
307262161: 181 1697581
308550061: 12421 24841
309412741: 11 109 151 1709
311202739: 43 67 109 991
312485167: 8839 35353
312798397: 4567 68491
312827911: 11 47 181 3343
312999121: 17 2609 7057
314865097: 6553 48049
314950351: 15731 20021
316583041: 10273 30817
318088409: 9769 32561
318420541: 6121 52021
318896381: 13421 23761
320394449: 353 929 977
325420597: 4139 78623
326695141: 12781 25561
326699893: 13 73 344257
328115239: 1409 232871
329153653: 12829 25657
329788981: 6421 51361
330874831: 7 37 79 103 157
331638497: 6521 50857
332680609: 97 3429697
332898271: 6151 54121
333224767: 5581 59707
336208627: 53 547 11597
337135501: 9181 36721
339033221: 10631 31891
339405361: 193 241 7297
339792571: 37 103 163 547
341223763: 7877 43319
341994131: 12329 27739
342266681: 3221 106261
342733681: 3889 88129
343051117: 14347 23911
345378331: 6571 52561
346305403: 13159 26317
347173777: 3727 93151
347347087: 9319 37273
347983681: 89 617 6337
351368497: 1213 289669
358922497: 9473 37889
359575373: 53 79 157 547
359817745: 5 7 79 179 727
359910101: 5477 65713
360493723: 587 614129
361198241: 10973 32917
362569201: 113 337 9521
362810489: 4157 87277
366333613: 6053 60521
369806743: 14537 25439
371069173: 2833 130981
371675221: 11131 33391
372048331: 12451 29881
372905677: 109 613 5581
374223697: 1607 232871
374340817: 10847 34511
374892281: 3371 111211
376460881: 3881 97001
376467253: 5233 71941
376957153: 13729 27457
380069929: 8719 43591
380137633: 11257 33769
381604843: 6907 55249
382304161: 239 409 3911
382402099: 10453 36583
382536001: 31 71 151 1151
383885339: 5333 71983
383890465: 5 7 1361 8059
385379611: 421 915391
385577617: 16033 24049
385606981: 163 811 2917
386649121: 11353 34057
390943711: 6991 55921
392113387: 18523 21169
394538551: 11 71 181 2791
395044651: 199 859 2311
395136505: 5 37 1289 1657
395343173: 13721 28813
396121529: 991 399719
396122203: 19 757 27541
396753787: 109 991 3673
399681379: 163 2452033
400253701: 11551 34651
400718347: 2437 164431
401335351: 8179 49069
401427937: 6679 60103
403015477: 12697 31741
403409407: 5417 74471
403548913: 6353 63521
407047829: 8237 49417
408590311: 2621 155891
410680357: 10133 40529
410916811: 31 109 121609
411782089: 3209 128321
413670661: 11743 35227
413689249: 6133 67453
414699001: 47 71 151 823
415108891: 14407 28813
415940641: 73 1117 5101
416143201: 20161 20641
416474137: 9127 45631
416668817: 1753 237689
416964241: 127 991 3313
419895799: 1493 281243
421942951: 10271 41081
422110171: 7 37 103 15823
422472373: 2129 198437
423547661: 4261 99401
424230241: 29 197 74257
424632913: 7789 54517
425309303: 9547 44549
427088719: 5167 82657
427691521: 7817 54713
428651011: 4483 95617
429890581: 11971 35911
430586521: 10837 39733
431149161: 3 157 915391
431275807: 47 599 15319
432472321: 1039 416239
432510097: 6577 65761
432525607: 10399 41593
433281701: 5701 76001
436566691: 11 47 61 109 127
437247841: 12073 36217
437866087: 10463 41849
438552311: 827 530293
439127041: 18481 23761
440973721: 6481 68041
444381391: 3727 119233
445404521: 3257 136753
446235373: 16363 27271
446715221: 12203 36607
447191893: 7477 59809
448158121: 2711 165311
451118981: 12263 36787
455102521: 15901 28621
455461471: 15091 30181
457157851: 61 701 10691
457320533: 12347 37039
457388581: 13 73 349 1381
457457617: 337 673 2017
459957751: 11 61 251 2731
460505053: 109 757 5581
464339089: 14629 31741
469209751: 10831 43321
470120257: 9697 48481
470634751: 3271 143881
471272299: 8863 53173
471928321: 7681 61441
473991421: 10459 45319
474417217: 673 704929
474422717: 59 233 34511
474892741: 6571 72271
475079009: 10529 45121
477527597: 16927 28211
477604801: 9181 52021
479117689: 1753 273313
481967399: 8963 53773
482164597: 17929 26893
482356387: 17707 27241
485197021: 37 883 14851
487065751: 71 151 181 251
490518181: 15661 31321
490643591: 19183 25577
490803461: 12791 38371
490894111: 15667 31333
491976931: 1663 295837
492559141: 367 733 1831
496059901: 2801 177101
497432317: 9781 50857
497679541: 61 71 151 761
500129281: 6203 80627
501068881: 8461 59221
501497569: 17 193 353 433
502389553: 6217 80809
503922277: 37 79 172399
505691551: 7951 63601
507960001: 15937 31873
509792321: 13597 37493
510518611: 233 2191067
512682509: 17539 29231
512752423: 79 157 41341
514458001: 7561 68041
517567051: 16087 32173
518752513: 8609 60257
519248341: 6871 75571
521063749: 6883 75703
522061747: 3919 133213
522655801: 7621 68581
522779611: 14461 36151
524545303: 7243 72421
525898861: 12721 41341
525928321: 641 820481
526980241: 8677 60733
527879783: 14831 35593
530714887: 11519 46073
530717833: 10303 51511
531675847: 6163 86269
531731713: 3517 151189
531845641: 31 61 281251
533484001: 15121 35281
535836263: 20047 26729
537534481: 11 109 151 2969
542352379: 229 1483 1597
542761301: 13451 40351
548263035: 3 3 5 1409 8647
550762759: 4603 119653
551672221: 229 571 4219
552163333: 13567 40699
555321007: 11783 47129
560907271: 16747 33493
561673867: 2029 276823
561723839: 53 10598563
563947141: 13711 41131
564520051: 691 816961
564651361: 43 3361 3907
565808281: 3911 144671
566272661: 5051 112111
568067449: 3769 150721
569507579: 9743 58453
570442321: 3221 177101
571164049: 6481 88129
571389001: 29 1933 10193
573181381: 7219 79399
574692161: 13841 41521
575238511: 31 3361 5521
575534093: 18583 30971
576691741: 16981 33961
577611721: 631 915391
580786331: 9839 59029
582470821: 19 109 281251
584085703: 7643 76421
586019071: 11 19 31 151 599
587444287: 12119 48473
589530001: 1033 570697
590414977: 10867 54331
590751661: 9187 64303
591043771: 17191 34381
591355411: 19 31 61 109 151
591717787: 12163 48649
593057851: 3851 154001
594032317: 29 73 277 1013
594163441: 6761 87881
595590841: 17257 34513
596938369: 18211 32779
598189741: 439 1362619
600790259: 10007 60037
607182179: 2767 219437
609137713: 6373 95581
609567241: 9811 62131
610200961: 9337 65353
610443301: 13 29 41 73 541
610658051: 1979 308569
611420041: 73 8375617
611888311: 10099 60589
612721943: 6833 89671
615363563: 3203 192121
618206051: 10151 60901
620053879: 15749 39371
620928533: 14387 43159
624761881: 5521 113161
625482001: 241 1201 2161
629723641: 6553 96097
630888481: 17761 35521
633096001: 2251 281251
635291077: 7433 85469
636111451: 12611 50441
637756463: 491 883 1471
640650931: 4219 151849
640732411: 11 109 151 3539
641814179: 10343 62053
643800821: 5981 107641
644453633: 14657 43969
647062453: 13933 46441
648263387: 20789 31183
649497967: 12743 50969
652923521: 14753 44257
653191111: 31 61 109 3169
653236249: 829 787981
654505153: 113 5792081
654857239: 20231 32369
655467739: 9349 70111
656723161: 18121 36241
657470011: 11 71 181 4651
659996911: 7 103 915391
660445651: 181 1621 2251
661426561: 9721 68041
661710841: 11 31 71 151 181
665387137: 2593 256609
671513131: 15331 43801
676273027: 13003 52009
676880821: 18397 36793
677334683: 12269 55207
677567201: 17041 39761
677842981: 5011 135271
678166831: 67 661 15313
679418977: 8689 78193
681495121: 2161 315361
686584351: 109 6298939
688600831: 19 607 59707
689409187: 6277 109831
694199537: 8783 79039
694656901: 18637 37273
695406727: 4523 153749
695755009: 53 103 233 547
696102401: 15233 45697
696384901: 13693 50857
698016307: 53 547 24077
700640019: 3 3 53 79 18593
700794361: 6421 109141
701665897: 8377 83761
705813151: 9811 71941
708843241: 19 31 61 109 181
710583719: 10883 65293
711304903: 18859 37717
711374401: 17 241 401 433
712115879: 179 3978301
712157473: 19891 35803
712595953: 17 929 45121
712799221: 3739 190639
714497071: 19 109 345001
716089879: 19 43 409 2143
717653333: 15467 46399
718092607: 13399 53593
720385903: 18979 37957
721636801: 7451 96851
722353951: 11 19 47 151 487
727001293: 5749 126457
728661473: 7393 98561
729068359: 8539 85381
729744709: 1709 427001
730162241: 5101 143141
730180261: 647 761 1483
732214211: 7411 98801
734793467: 22133 33199
739444021: 277 1381 1933
739644193: 12163 60811
743091361: 3191 232871
745708657: 9103 81919
746692057: 9109 81973
752553181: 541 1391041
754020361: 19417 38833
754874257: 17377 43441
759137081: 1381 549701
760264009: 11257 67537
760544789: 587 1295647
762239809: 7129 106921
762711931: 3691 206641
764003521: 29 26344949
765505921: 9871 77551
766528591: 1483 516877
769006153: 19609 39217
769640873: 8009 96097
770127511: 3271 235441
773131927: 13903 55609
774409231: 43 3137 5741
774693917: 7187 107791
775988033: 7193 107881
779804929: 2273 343073
779880841: 6841 114001
784349353: 17713 44281
793880371: 15061 52711
794478001: 71 109 251 409
794887591: 19 2731 15319
802897669: 7 37 103 30097
803693281: 73 2221 4957
806910833: 2297 351289
809506133: 16427 49279
811344451: 8017 101203
811440601: 7901 102701
812577121: 14887 54583
813834127: 23293 34939
814056001: 11 31 251 9511
815164333: 3413 238841
817575553: 3259 250867
818867549: 59 233 59567
822444195: 3 5 53 727 1423
822767041: 16561 49681
825452569: 1597 516877
829340513: 14281 58073
829512001: 14401 57601
831821327: 23549 35323
833342177: 9623 86599
837129313: 25057 33409
837286477: 79 10598563
841217653: 20509 41017
842042951: 181 1483 3137
843153763: 25147 33529
843293341: 11 31 61 71 571
843789601: 19 109 181 2251
848650351: 151 5620201
849879337: 10181 83477
850028939: 11903 71413
850193401: 6217 136753
851703301: 179 1069 4451
851778817: 14593 58369
851894779: 2437 349567
851947727: 4243 200789
855734401: 193 401 11057
860543797: 9277 92761
862069079: 11987 71917
863798461: 25453 33937
867022747: 14723 58889
869930731: 16361 53171
870142879: 12043 72253
873177121: 5441 160481
873631027: 14779 59113
877622593: 1933 454021
879595039: 8389 104851
885208369: 14293 61933
885608683: 14029 63127
888761771: 79 131 157 547
890909441: 3761 236881
891386929: 2017 441937
897361921: 53 131 307 421
898379357: 24473 36709
899908363: 18973 47431
900086149: 6709 134161
900305449: 10837 83077
900648631: 43 20945317
901515691: 3943 228637
902566501: 19001 47501
903392201: 5101 177101
905533487: 6143 147409
908509153: 19937 45569
909018181: 9091 99991
911484421: 17431 52291
913615201: 829 1102069
916053191: 14011 65381
918156571: 25841 35531
921358453: 3209 287117
931840531: 9421 98911
936592873: 2383 393031
937887539: 12503 75013
938030101: 17683 53047
938755841: 5281 177761
938938937: 53 79 224251
941990089: 313 3009553
943271569: 16417 57457
947485351: 15391 61561
947517791: 11 47 71 83 311
948278131: 7699 123169
949079821: 829 829 1381
949134457: 1699 558643
953576269: 8677 109897
956558387: 25253 37879
962620429: 7757 124097
962726077: 8293 116089
969528337: 15569 62273
977770531: 22111 44221
978563041: 18061 54181
986426131: 9067 108793
988624181: 29 73 461 1013
988978889: 6863 144103
989810251: 15731 62921
990884203: 29863 33181
993818981: 2843 349567
997488229: 4423 225523
997869727: 8443 118189
1001549221: 6091 164431
1002078541: 16921 59221
1004698297: 12433 80809
1005745261: 11987 83903
1007713171: 22447 44893
1007717257: 14197 70981
1014414661: 13 41 197 9661
1016737261: 67 991 15313
1017921193: 2767 367879
1018125187: 26053 39079
1019089369: 13033 78193
1019807119: 10099 100981
1023718081: 19 109 181 2731
1026587521: 9661 106261
1027561081: 281 3656801
1032101461: 22717 45433
1033501877: 26249 39373
1035156481: 12161 85121
1035406081: 5101 202981
1036562269: 5783 179243
1037165221: 3221 322001
1037560681: 22777 45553
1040357161: 7039 147799
1040439401: 79 547 24077
1040711297: 2777 374761
1040873707: 8623 120709
1041619141: 8069 129089
1043002117: 2341 445537
1050721561: 22921 45841
1052049197: 14939 70423
1052487437: 26489 39733
1063194751: 22501 47251
1065930631: 1543 690817
1067064781: 12347 86423
1067221391: 9431 113161
1072382221: 47 109 209327
1080252911: 1759 614129
1080956827: 5639 191693
1081298419: 10399 103981
1082855297: 2357 459421
1084605281: 2663 407287
1086243901: 29581 36721
1088201761: 1381 787981
1089305201: 12391 87911
1092215521: 19081 57241
1092271091: 22453 48647
1094290069: 21517 50857
1097560507: 6763 162289
1100836571: 28961 38011
1102346551: 149 1999 3701
1104254197: 21017 52541
1106576857: 16633 66529
1107584761: 7537 146953
1108567981: 53 131 159667
1111602689: 8609 129121
1117785881: 15761 70921
1120540231: 10861 103171
1121099491: 5167 216973
1122837661: 11 19 47 151 757
1123070911: 4057 276823
1124454421: 10111 111211
1128305137: 5711 197567
1130823409: 89 617 20593
1131292801: 241 4694161
1134342151: 10651 106501
1134696067: 16843 67369
1136585663: 20029 56747
1137450619: 47 1483 16319
1139434453: 23869 47737
1142910001: 11953 95617
1144852337: 11279 101503
1150097791: 14461 79531
1152088033: 19597 58789
1154551627: 30119 38333
1155256129: 97 577 20641
1163832589: 6229 186841
1170614593: 12097 96769
1179150673: 2089 564457
1189817371: 24391 48781
1196364727: 30937 38671
1196969707: 17299 69193
1197621127: 12637 94771
1202893561: 15511 77551
1206825523: 6343 190261
1210232989: 7 233 307 2417
1210562701: 13151 92051
1214998867: 31177 38971
1221828371: 10091 121081
1223008357: 10313 118589
1232062753: 5233 235441
1233274855: 5 1867 132113
1235188597: 17573 70289
1236032227: 17579 70313
1236666791: 10853 113947
1238018797: 28729 43093
1239348259: 863 1436093
1239566941: 9091 136351
1239669457: 13 277 344257
1240934371: 31 109 181 2029
1243182541: 13327 93283
1245143131: 19 43 151 10093
1246094981: 389 971 3299
1248065459: 14423 86533
1249410601: 61 181 113161
1250362109: 16987 73607
1251490813: 30637 40849
1251773353: 15823 79111
1257102001: 337 1009 3697
1257631537: 9157 137341
1257776251: 14479 86869
1259864119: 18973 66403
1259874211: 19 109 181 3361
1259899391: 10247 122953
1260309343: 22453 56131
1261066451: 34511 36541
1262377397: 7253 174049
1265243321: 8933 141637
1265826241: 3109 407149
1266003461: 20543 61627
1266989701: 20551 61651
1267133311: 25171 50341
1268920379: 14543 87253
1276378133: 20627 61879
1280257469: 9239 138571
1282411441: 19 31 151 14419
1284674899: 22669 56671
1289281621: 20731 62191
1289508679: 7369 174991
1291412431: 25411 50821
1297376827: 2903 446909
1297556023: 10399 124777
1298165371: 15991 81181
1299824761: 31 71 151 3911
1302076171: 11 61 71 151 181
1303649047: 109 2143 5581
1305602587: 14173 92119
1309382713: 16183 80911
1309685441: 8161 160481
1312775489: 7907 166027
1313428201: 18121 72481
1316535931: 31 151 281251
1320395737: 18169 72673
1322785081: 19441 68041
1323011377: 16267 81331
1324117169: 89 617 24113
1326333451: 6883 192697
1327026403: 25759 51517
1328033233: 8839 150247
1335664081: 7621 175261
1335940057: 9769 136753
1336362281: 3761 355321
1348212631: 683 1973957
1352328421: 571 1483 1597
1352453257: 16447 82231
1354866241: 13441 100801
1360291201: 71 151 181 701
1365820327: 5227 261301
1368416881: 13 29 593 6121
1368694471: 16787 81533
1372153721: 2633 521137
1373410081: 31 151 181 1621
1375019101: 18541 74161
1375119217: 7417 185401
1378203751: 26251 52501
1385627077: 9949 139273
1391450209: 1789 777781
1392822961: 6211 224251
1396183367: 30509 45763
1397678699: 15263 91573
1401897841: 31 5521 8191
1404012871: 20029 70099
1404428959: 5749 244291
1405748959: 15307 91837
1407548341: 487 1621 1783
1411616491: 9811 143881
1416529297: 1873 756289
1420995941: 5279 269179
1426068821: 21803 65407
1430874859: 20719 69061
1433640907: 8467 169321
1434917779: 4457 321947
1438213921: 1823 788927
1441767251: 31 71 661 991
1443078001: 101 2801 5101
1444886801: 12671 114031
1445531401: 3943 366607
1453548403: 26959 53917
1453672481: 22013 66037
1458051337: 17077 85381
1462964233: 1627 899179
1463938111: 2791 524521
1465217911: 27067 54133
1465307351: 33151 44201
1468713811: 7243 202777
1469320817: 28571 51427
1469753641: 21601 68041
1472954029: 6397 230257
1473048981: 3 3 53 443 6971
1474227217: 12799 115183
1475945921: 41 541 66541
1479016571: 33569 44059
1481268007: 23209 63823
1484620201: 19993 74257
1493302141: 18217 81973
1497221281: 27361 54721
1499340707: 9533 157279
1499959777: 7841 191297
1502156631: 3 547 915391
1502581277: 491 3060247
1506266335: 5 7 103 307 1361
1508063821: 11 2791 49121
1516410901: 22483 67447
1520190341: 22511 67531
1525781251: 19531 78121
1525937501: 11 701 197891
1528152193: 449 3403457
1531165021: 3907 391903
1535124403: 18973 80911
1543558661: 18521 83341
1546249951: 13903 111217
1546517935: 5 149 179 11597
1550525653: 53 79 547 677
1552494131: 34123 45497
1559625211: 13963 111697
1560731503: 5479 284857
1564278211: 27967 55933
1567763653: 4733 331241
1567977113: 521 3009553
1569661831: 5581 281251
1572777551: 32381 48571
1574362441: 28057 56113
1576995073: 6529 241537
1580819257: 26029 60733
1582547851: 19891 79561
1587577867: 32533 48799
1588247851: 211 1831 4111
1600534657: 337 673 7057
1610031151: 8191 196561
1610636273: 20959 76847
1614341431: 28411 56821
1616387653: 28429 56857
1622985571: 12391 130981
1625597569: 12157 133717
1627521769: 4483 363043
1628031697: 4177 389761
1630161541: 23311 69931
1630346593: 8609 189377
1634521549: 7019 232871
1638564181: 23371 70111
1645626841: 19 151 181 3169
1645963615: 5 307 739 1451
1648076041: 277 829 7177
1651451551: 71 701 33181
1655531291: 19181 86311
1656280033: 23497 70489
1656730279: 21757 76147
1657543021: 2591 639731
1658247053: 31543 52571
1663974391: 157 10598563
1664467561: 2521 660241
1665597781: 23563 70687
1666216697: 33329 49993
1668851161: 5231 319031
1669628131: 27241 61291
1670707613: 13147 127079
1670775751: 1051 1589701
1671603667: 20443 81769
1672044853: 15331 109063
1672477273: 4787 349379
1673812183: 3067 545749
1673977681: 31249 53569
1674578341: 12941 129401
1678759501: 12497 134333
1680205661: 3221 521641
1683343455: 3 5 59 79 24077
1686137545: 5 37 9114257
1687740991: 10271 164321
1689307831: 31 61 893341
1696994657: 3137 540961
1699093537: 5153 329729
1700250049: 12433 136753
1703866993: 15073 113041
1709881273: 18493 92461
1710036901: 13417 127453
1715427451: 29287 58573
1715720119: 13099 130981
1716765151: 31 61 109 8329
1718408641: 97 2081 8513
1722463471: 29347 58693
1730239333: 19609 88237
1731955243: 1109 1561727
1738201541: 17021 102121
1742168221: 7621 228601
1742223061: 103 1069 15823
1743498791: 71 2011 12211
1744510861: 15787 110503
1745655463: 9343 186841
1752134941: 31741 55201
1754677531: 19 31 109 151 181
1757349133: 6469 271657
1762538581: 22441 78541
1764709277: 10847 162691
1765866631: 19 71 151 8669
1771447019: 17183 103093
1773196363: 5107 347209
1775969347: 13327 133261
1777807909: 29 73 829 1013
1779246247: 6781 262387
1783238531: 36571 48761
1784455147: 26717 66791
1786378357: 5503 324619
1791426787: 21163 84649
1795682101: 19387 92623
1800021511: 103 2539 6883
1800524671: 11 31 1571 3361
1802315111: 761 1483 1597
1805555201: 24533 73597
1813675681: 12841 141241
1818271153: 11827 153739
1818827141: 24623 73867
1821738277: 829 2197513
1822479751: 30187 60373
1823721271: 4271 427001
1828682101: 9811 186391
1833567517: 1997 918161
1838362121: 4721 389401
1845364193: 5279 349567
1849983521: 15401 120121
1857945211: 2281 814531
1864723771: 36541 51031
1867906721: 24953 74857
1872831871: 9227 202973
1878810697: 21673 86689
1883509633: 25057 75169
1892481361: 17 353 315361
1900556549: 4639 409691
1903674529: 21601 88129
1904489701: 34501 55201
1904750521: 5521 345001
1907473751: 4091 466261
1910214451: 31 61 181 5581
1910263141: 36721 52021
1914031351: 43 127 463 757
1914423451: 19 61 151 10939
1926560329: 8779 219451
1930956691: 109 2029 8731
1931107681: 3931 491251
1936752767: 35933 53899
1938424729: 4003 484243
1940174209: 19699 98491
1943339917: 34147 56911
1948077001: 13 29 1013 5101
1957255297: 2273 861089
1957935541: 19 31 47 107 661
1960577189: 18077 108457
1960717477: 10159 193003
1962804565: 5 103 149 25579
1963133581: 16747 117223
1963529443: 15667 125329
1966146451: 22171 88681
1977785371: 61 181 271 661
1978935169: 577 3429697
1981902337: 32257 61441
1982131447: 7933 249859
1984474507: 36373 54559
1991082181: 11 19 71 109 1231
1991295307: 8669 229703
1994087761: 9521 209441
1994184649: 3709 537661
1995731011: 8443 236377
1995784961: 25793 77377
1996467771: 3 727 915391
1996639321: 229 8718949
2004276121: 2531 791891
2009474809: 16369 122761
2011755721: 8971 224251
2017100395: 5 1451 278029
2022022183: 373 683 7937
2025915781: 15991 126691
2028416021: 26003 78007
2032461451: 39043 52057
2033258401: 15031 135271
2042030651: 59 4931 7019
2058072041: 18521 111121
2058166993: 7057 291649
2060070211: 139 14820649
2063228203: 32119 64237
2065639843: 2143 963901
2066334463: 39367 52489
2067708683: 157 547 24077
2067887557: 367 733 7687
2068007899: 19 991 109831
2068700041: 20341 101701
2068867841: 26261 78781
2069182981: 26263 78787
2074941877: 41203 50359
2075827501: 11 19 109 91121
2082440533: 26347 79039
2082621899: 12823 162413
2084035927: 9319 223633
2092043431: 19 109 181 5581
2094437687: 83 2543 9923
2094619369: 24821 84389
2095500691: 24469 85639
2107296301: 11 61 181 17351
2115773017: 3067 689851
2116483027: 23003 92009
2119102651: 43 757 65101
2123819153: 2549 833197
2125963591: 19661 108131
2126689501: 53 131 157 1951
2126800747: 23059 92233
2127197489: 11909 178621
2127265261: 11 47 61 67453
2129212597: 6091 349567
2131620571: 32647 65293
2136140621: 18869 113209
2138192081: 10091 211891
2139648787: 1399 1529413
2141087051: 37781 56671
2141284421: 31 47 991 1483
2144961253: 32749 65497
2145194047: 12379 173293
2147601331: 19 43 409 6427
2166573599: 42491 50989
2167534783: 14723 147221
2170186021: 32941 65881
2175136133: 26927 80779
2177408293: 9949 218857
2181723751: 8011 272341
2189197501: 29 41 829 2221
2189243261: 43951 49811
2194801057: 30241 72577
2196825511: 40591 54121
2198153791: 8941 245851
2199452131: 14831 148301
2201806651: 11 31 61 151 701
2213357059: 19207 115237
2215284481: 4177 530353
2217358369: 8641 256609
2218562017: 7 1361 232871
2218939111: 19 31 61 151 409
2219008177: 21067 105331
2219615201: 40801 54401
2227002961: 17837 124853
2229468697: 23609 94433
2230500301: 17851 124951
2234392417: 109 3673 5581
2234695231: 33427 66853
2235892481: 10663 209687
2240735533: 1933 1159201
2241944317: 389 1747 3299
2242724851: 33487 66973
2251344751: 19 61 71 109 251
2252745797: 14533 155009
2254843319: 773 2917003
2256666133: 27427 82279
2267884963: 8419 269377
2271202007: 1259 1803973
2277117701: 27551 82651
2279043073: 1759 1295647
2280656953: 33769 67537
2285071933: 12343 185131
2288875249: 4909 466261
2290994083: 7 37 103 157 547
2297460691: 25621 89671
2301498361: 151 2731 5581
2305655771: 9901 232871
2307480211: 33967 67933
2308510081: 97 1153 20641
2309911651: 9811 235441
2319020651: 11351 204301
2323147201: 277 1381 6073
2323866169: 21559 107791
2326380473: 25189 92357
2332745029: 14563 160183
2333010751: 24151 96601
2335172113: 6113 382001
2335341601: 27901 83701
2335417241: 29 73 461 2393
2336075281: 17 193 353 2017
2339783233: 30593 76481
2342409691: 19759 118549
2347414609: 12113 193793
2349644449: 15329 153281
2350043767: 24239 96953
2351941201: 19 31 43 92863
2357734237: 859 2744743
2360277589: 2579 915191
2376872521: 13421 177101
2383601683: 9227 258329
2385574201: 34537 69073
2387477689: 10663 223903
2399265931: 4111 583621
2402293895: 5 157 3060247
2403969793: 35053 68581
2414673271: 34747 69493
2417408533: 28387 85159
2419919617: 14321 168977
2421159481: 13 541 344257
2433791593: 22063 110311
2435792461: 20149 120889
2444736533: 28547 85639
2446810957: 24733 98929
2447612537: 33797 72421
2451260831: 30319 80849
2454999397: 16253 151049
2455764097: 16519 148663
2462297041: 13763 178907
2465452837: 307 859 9349
2466318347: 4139 595873
2476247201: 2591 955711
2478577333: 4643 533831
2481798229: 36793 67453
2483255947: 31517 78791
2489634031: 53 1951 24077
2493698131: 35311 70621
2497638781: 11 71 1171 2731
2500719073: 97 1249 20641
2501996897: 21013 119069
2503267981: 18911 132371
2511497561: 9901 253661
2514929581: 35461 70921
2526263177: 12073 209249
2531540251: 9001 281251
2534250013: 43597 58129
2534932801: 4801 528001
2536394681: 30841 82241
2540788961: 25561 99401
2543097241: 71 181 197891
2548075363: 29989 84967
2557026451: 7 37 2719 3631
2560600351: 239 1667 6427
2564263001: 33151 77351
2565085141: 15271 167971
2565788119: 12109 211891
2569080037: 32057 80141
2574757417: 37057 69481
2579163931: 35911 71821
2582799451: 25411 101641
2585735209: 12713 203393
2594603437: 25469 101873
2600611861: 29443 88327
2602212481: 11 47 61 109 757
2605042579: 9319 279541
2605557781: 31 43 127 15391
2611424401: 73 3301 10837
2616295501: 8191 319411
2619875393: 4673 560641
2621977627: 25603 102409
2623495291: 83 151 209327
2623985407: 45817 57271
2626783921: 36241 72481
2627169121: 19 31 109 151 271
2629245841: 19381 135661
2639712841: 47 61 109 8447
2644366861: 10723 246607
2645947823: 48497 54559
2657314351: 36451 72901
2660783591: 21059 126349
2667946817: 13337 200041
2670102541: 19531 136711
2672605657: 25849 103393
2678234567: 7043 380269
2681359489: 59 1451 31321
2683025627: 42293 63439
2687629801: 3449 779249
2688831751: 3631 740521
2690531171: 47351 56821
2692079167: 25943 103769
2693195569: 23209 116041
2693739751: 25951 103801
2701920341: 30011 90031
2702198101: 883 3060247
2704788991: 24517 110323
2709673121: 17921 151201
2709995839: 36433 74383
2712724291: 32941 82351
2713126321: 6961 389761
2721256777: 17389 156493
2722044931: 31 71 661 1871
2727351061: 4091 666671
2728102651: 71 4691 8191
2731791001: 4021 679381
2733750301: 35251 77551
2736066667: 42709 64063
2738053141: 30211 90631
2739277843: 11159 245477
2739606451: 26171 104681
2742518161: 16561 165601
2743738003: 37039 74077
2748826651: 15461 177791
2749430413: 19819 138727
2750231017: 7417 370801
2765751931: 16631 166301
2774153251: 71 5581 7001
2775980593: 23563 117811
2783492237: 40867 68111
2787580417: 40897 68161
2814177901: 20051 140351
2823326269: 1933 1460593
2826128971: 37591 75181
2832384133: 30727 92179
2832418891: 151 3361 5581
2837917633: 30757 92269
2848698451: 17317 164503
2849658241: 20177 141233
2850235439: 587 4855597
2850244069: 40189 70921
2852510041: 47 3299 18397
2852595517: 43609 65413
2853424741: 46261 61681
2854281673: 67 1783 23893
2855210723: 11831 241333
2855736217: 43633 65449
2863187521: 35393 80897
2870118421: 30931 92791
2871974561: 30941 92821
2873339569: 10513 273313
2875125181: 36151 79531
2879271641: 29 99285229
2888783521: 13 73 3044029
2889079201: 31033 93097
2889567991: 1423 2030617
2894667781: 31063 93187
2903608621: 7621 381001
2910614527: 9613 302779
2912575321: 33049 88129
2916391501: 47 83 151 4951
2922518411: 2423 1206157
2925029287: 3253 899179
2927351701: 5581 524521
2928461433: 3 24077 40543
2928676747: 27059 108233
2933588503: 38299 76597
2934896977: 5743 511039
2942093611: 1531 1921681
2943765631: 19183 153457
2953051697: 7253 407149
2954452199: 59 1451 34511
2954487551: 44381 66571
2958394339: 48649 60811
2961583501: 29 73 1013 1381
2969175061: 61 151 322351
2970228199: 34469 86171
2975096953: 38569 77137
2975272613: 443 6716191
2985699601: 1801 1657801
2985813031: 10061 296771
2987852251: 151 181 109321
2991834737: 18233 164089
2995781143: 43271 69233
3003640051: 6551 458501
3008333333: 31667 94999
3023423537: 18329 164953
3037464691: 25981 116911
3039603577: 11027 275651
3042763501: 27581 110321
3044636687: 45053 67579
3045763111: 22531 135181
3046841113: 23537 129449
3048363361: 20161 151201
3049386451: 27611 110441
3050529941: 3229 944729
3055593881: 16481 185401
3057111721: 39097 78193
3058599841: 11 19 31 61 71 109
3059251301: 45161 67741
3068534701: 421 631 11551
3070404541: 19 109 181 8191
3076092361: 15383 199967
3077122133: 32027 96079
3077771497: 18493 166429
3081847501: 271 11372131
3101942299: 19 43 409 9283
3105534251: 22751 136501
3112723351: 39451 78901
3116439929: 37217 83737
3118538471: 13163 236917
3135040133: 32327 96979
3136523833: 5113 613441
3139608361: 15541 202021
3143112547: 5783 543509
3148403959: 44017 71527
3148806403: 39679 79357
3149560693: 47431 66403
3153853597: 283 1129 9871
3157579861: 32443 97327
3158131411: 37 307 278029
3165007429: 16963 186583
3169830751: 28151 112601
3171373297: 35617 89041
3172658653: 39829 79657
3173641171: 26557 119503
3175526971: 39847 79693
3175904033: 32537 97609
3177544393: 1361 1409 1657
3177858847: 17827 178261
3179238217: 1451 2191067
3182945221: 17011 187111
3187421077: 28229 112913
3195537623: 16319 195817
3196681601: 29527 108263
3197941979: 23087 138517
3199588253: 7127 448939
3200985217: 28289 113153
3201021497: 37039 86423
3206203003: 40039 80077
3210125671: 31 61 1697581
3217744531: 40111 80221
3219336751: 409 2143 3673
3219865741: 16381 196561
3224109701: 32783 98347
3226135859: 9467 340777
3228488869: 23197 139177
3228492961: 25411 127051
3228738589: 107 30175127
3243157501: 661 991 4951
3245973571: 211 421 36541
3246715931: 26861 120871
3249731551: 11 151 701 2791
3251302099: 67 3169 15313
3256011001: 2971 1095931
3256291391: 18679 174329
3256366051: 40351 80701
3259595539: 36109 90271
3261194581: 32971 98911
3262083967: 6827 477821
3263097641: 23321 139921
3264296449: 3457 944257
3267221801: 29851 109451
3270403681: 5807 563183
3271076771: 49531 66041
3273003581: 18481 177101
3273514201: 331 1409 7019
3274264033: 33037 99109
3275092913: 11831 276823
3281593591: 40507 81013
3283107829: 6007 546547
3295769527: 11719 281233
3300548473: 25693 128461
3300898441: 39733 83077
3306393751: 28751 115001
3311236741: 33223 99667
3311872219: 18199 181981
3332226493: 5923 562591
3332340703: 40819 81637
3332800021: 33331 99991
3337013881: 14011 238171
3340984501: 28901 115601
3343776433: 35099 95267
3349997731: 40927 81853
3358551043: 36653 91631
3359301157: 277 829 14629
3362950807: 36677 91691
3364070533: 33487 100459
3367177717: 9781 344257
3372738337: 9817 343561
3376020077: 45007 75011
3380740301: 191 1901 9311
3382983521: 33581 100741
3387014401: 33601 100801
3391122061: 181 18735481
3404527201: 271 2251 5581
3409181407: 223 15287809
3411085889: 28057 121577
3413054251: 47701 71551
3418991551: 44201 77351
3419164271: 797 4290043
3421597147: 727 859 5479
3425005091: 50683 67577
3429457921: 337 673 15121
3432872011: 12941 265271
3433578461: 5981 574081
3441611557: 29333 117329
3442964671: 41491 82981
3452752561: 19 61 109 151 181
3460390429: 39217 88237
3467855201: 71 181 269851
3469828477: 29453 117809
3480120871: 10771 323101
3485894371: 18671 186701
3490569391: 4621 755371
3496558301: 48281 72421
3496754917: 7699 454183
3500689501: 18481 189421
3501949301: 6701 522601
3502373581: 7 103 307 15823
3515690251: 19 109 1697581
3526757917: 991 1123 3169
3528179731: 10093 349567
3528532261: 23761 148501
3529510093: 17713 199261
3532685941: 19 31 43 139483
3536634781: 307 11519983
3549437281: 13 29 41 277 829
3561462601: 3877 918613
3577256233: 18371 194723
3581831761: 22621 158341
3581868193: 17 337 673 929
3589937261: 46411 77351
3598284493: 7877 456809
3599858687: 48989 73483
3603030637: 30013 120049
3603870757: 25219 142903
3608207951: 16349 220699
3611117357: 9623 375259
3612070747: 16063 224869
3612805681: 353 881 11617
3627432121: 52973 68477
3637831753: 42649 85297
3643737431: 19759 184409
3649357609: 13183 276823
3656012491: 61 109 271 2029
3656110921: 9941 367781
3665242951: 30271 121081
3665407517: 49433 74149
3673744903: 42859 85717
3675491161: 31 181 661 991
3678934981: 19181 191801
3679333121: 15233 241537
3679886761: 47 67 71 109 151
3685598557: 53813 68489
3692283211: 42967 85933
3696422101: 55501 66601
3697278427: 30403 121609
3698276741: 35111 105331
3710057689: 13 829 344257
3710946097: 11617 319441
3713998933: 28729 129277
3729097633: 35257 105769
3735318511: 4159 898129
3751554581: 35363 106087
3759934291: 71 2731 19391
3771868297: 3307 1140571
3775352101: 10313 366077
3782896111: 631 5995081
3785940199: 13759 275161
3789787501: 30781 123121
3789967195: 5 7 53 2043109
3795267037: 15907 238591
3798636031: 52561 72271
3800306971: 43591 87181
3807044251: 30851 123401
3809156041: 61 181 345001
3821259331: 43711 87421
3826645891: 71 1861 28961
3830787817: 40519 94543
3842267401: 7 103 811 6571
3844988551: 21269 180779
3846785911: 19141 200971
3854780623: 43 47 311 6133
3859546687: 31063 124249
3872894143: 24103 160681
3878450413: 23539 164767
3891236663: 8707 446909
3895046191: 44131 88261
3905686529: 48409 80681
3905876501: 36083 108247
3908908033: 36097 108289
3909730483: 109 5581 6427
3916195603: 727 859 6271
3917450353: 19793 197921
3921752521: 43 47 71 151 181
3924969689: 25577 153457
3925310581: 52951 74131
3926149939: 33493 117223
3926933557: 31333 125329
3928038913: 23689 165817
3928277281: 41 541 177101
3929293061: 36191 108571
3930606451: 13367 294053
3937526911: 44371 88741
3939760901: 701 5620201
3953821751: 11 7001 51341
3955572001: 251 2251 7001
3956565523: 37591 105253
3961215217: 127 757 41203
3962786213: 54517 72689
3971095301: 36383 109147
3977530577: 21023 189199
3977907953: 56747 70099
3985423009: 21187 188107
3986664571: 44647 89293
3995437601: 35521 112481
3997740319: 39989 99971
3999438199: 18181 219979
4006159691: 9767 410173
4007116621: 22381 179041
4015029061: 19 109 181 10711
4025474641: 23981 167861
4029341947: 51829 77743
4036198541: 10589 381169
4048203031: 1867 2168293
4063732063: 55207 73609
4115891893: 48497 84869
4134189937: 21433 192889
4134319093: 13709 301577
4137877381: 11 181 761 2731
4145359093: 29 73 1013 1933
4149986891: 6791 611101
4150492921: 3761 1103561
4162325831: 26339 158029
4167848221: 18637 223633
4168008001: 31 5581 24091
4172804707: 32299 129193
4175048359: 11503 362953
4179008347: 32323 129289
4181787923: 3467 1206169
4182189103: 883 4736341
4190042123: 239 17531557
4198889701: 73 6121 9397
4199640727: 10247 409841
4200253513: 11833 354961
4201794451: 32411 129641
4207156873: 12973 324301
4208096861: 23761 177101
4210095667: 32443 129769
4237885111: 3919 1081369
4244707297: 29137 145681
4246330141: 3847 1103803
4251975121: 9721 437401
4252412503: 30187 140869
4252803769: 1069 3978301
4255766969: 26633 159793
4264392103: 11923 357661
4275227851: 59 1451 49939
4282600561: 14281 299881
4283445403: 46279 92557
4283691553: 1249 3429697
4285901707: 283 15144529
4289393281: 37813 113437
4292302577: 21839 196543
