259
289
339
1241
1355
1897
2981
3133
3281
4859
8401
8695
10027
13019
14089
21097
27613
28741
32551
48709
49051
55777
56033
58969
70189
84241
94831
100101
134413
145351
171601
187591
188191
191407
198709
239513
290629
294079
310993
339607
340033
341497
382123
421301
442711
445777
470017
510133
597871
708401
721801
747601
805141
840781
841901
877969
938503
1000729
1046989
1050319
1050613
1083487
1157545
1268551
1293337
1371889
1382941
1529551
1551941
1584133
1671013
1683401
1690501
1694953
1717633
1720727
1727083
1733189
1735147
1755001
1772611
1833361
1869211
1907851
1963501
2029609
2030341
2035153
2126983
2284453
2344057
2408515
2466133
2563903
2630071
2670361
3013291
3059101
3076481
3128561
3255907
3364001
3568661
3593521
3627049
3822607
3831631
3870151
4014361
4071721
4137841
4265257
4314967
4499701
4722937
4966921
4985857
5134141
5148001
5181931
5378641
5406787
5431177
5481451
5502061
5674087
5689093
5711641
5979247
6008245
6073411
6157601
6195331
6214561
6330721
6539527
6544837
6594901
6634057
6862153
6926581
7028821
7163083
7232321
7352233
7553701
7668487
7686647
7692877
8203609
8271401
8460847
8559787
8829451
8864017
8964343
9006401
9062047
9457081
9494101
10193401
10267951
10301833
10402237
10403641
10565803
10821451
10837601
10912513
10991521
11137237
11243123
11328409
11762461
11840869
12032021
12183601
12322133
12498061
12541873
12608137
12724969
12958081
13012651
13621897
13683913
14062291
14165113
14312533
14407615
14685179
14712337
14794081
14925817
15008033
15070481
15099787
15159583
15187045
15504301
15673337
15908381
15958009
16287701
16339321
16343251
16818877
16935493
17164913
17812033
17825413
17851429
18469937
18612289
18663751
18865837
19140031
19529401
19582837
19630333
20045033
20172673
20310751
20539681
20567581
20770621
21007081
21229381
21359521
21366199
21947239
22137809
22902941
23346509
23577497
23669101
24236461
24352541
24374521
24602881
24652361
24737987
24767291
24834613
25275511
25326001
25640473
25873381
26082431
27129887
27191011
27199423
27236353
27625261
28764073
29440801
30675241
30735959
30782273
30971711
31040833
31118081
31153123
32312463
33063967
33495871
33520261
34078673
34429399
34486891
34570537
34590403
35186581
35351047
35367221
35467711
35642389
35798491
35847089
36037327
36209633
36222317
36919681
37469701
38248981
38526571
38714237
39547171
39957761
40323817
40783969
41242847
41558161
41593351
41662297
41710411
41798401
42413953
42494341
42679981
42697873
42702661
43248871
43326991
43520681
45055849
45466513
46094401
46529803
46728533
47695891
47771893
48049579
48475073
48690721
50249761
51008921
51719149
51898351
52519291
52705997
53590769
53638903
53850139
54511021
54814393
55384033
56026777
56322961
56933801
57632527
57699739
57772807
58157779
58187489
58534477
58814839
58986091
59022781
59385047
59659921
59823553
60104981
60355549
60854473
61078931
61422187
61604981
62248649
62289541
62423551
63001801
64051483
64269739
64343659
65304289
65429569
66804481
67303153
67761121
67932001
68178001
68195161
68462551
69612061
70190251
71318371
71676331
73036081
73500481
73721539
73777927
74068723
74874869
75320341
75469519
75606049
75663451
75823457
75909901
77295961
77439521
77635069
78324709
78784063
79398901
79403113
79469281
80130691
80258851
81456901
81459883
81926461
82606231
82995421
84354821
85897351
86671441
86682571
87594497
89774161
90178901
90341441
90550139
91051501
92303857
92596351
94347289
94512337
94620241
95451361
96878101
96894071
97168391
97253539
97796953
98128693
98275069
98585131
99751747
100337501
100801135
100836473
100943201
101256577
102469469
102693697
102865891
103042241
103983907
104032111
104663089
105304291
105885037
106573871
106941451
108306043
109427291
109437751
110659801
111187507
112761017
112800235
113607721
114305441
114382951
114384799
116443213
117129421
118054721
118846151
119974681
120460033
121374241
122258281
122942053
123771511
124640377
125213359
125276251
125387737
127011457
127535651
128072161
128608741
129729727
130761793
130944133
131391193
133391611
134176771
135594721
135945343
136545067
136554661
136991221
137813129
138174529
138609847
138880501
139319293
140365801
140709281
145251091
148002037
148392781
149389633
149954071
150155039
150224777
150665201
150960239
151197355
151830551
152368133
153890227
156045709
158175343
159104129
160877989
161216021
161304001
162057001
162960361
163886351
164111281
164411911
165100771
165747851
167186801
169396921
169771541
170446249
170947105
171557101
171787177
172116181
172964741
173401621
177254533
177455701
179083601
179970481
180336781
181647497
182506561
182686753
184228591
184353001
184749877
184993121
185389891
186125633
187895401
189657271
189686503
189941761
193100641
193374451
194159203
194389903
195106237
197991109
198044257
198073951
198601369
199108081
200083333
200629619
200766541
203208589
203269177
203528033
203707261
204300541
206006533
206665201
208309861
210688031
212456161
213516073
215505091
215612401
216173387
218440753
218535643
221445197
221497303
221671927
222065021
222354721
223735133
223999891
224294533
226366003
226791685
228274381
229124087
231405701
232771501
232883393
233232221
233394367
234005857
236372989
236502313
237550717
238001653
238247461
238622413
238690801
239173681
240329209
240785047
241715053
242851501
244397203
246015181
248302949
249310591
249421481
249718951
250436033
251255729
252853921
253559857
253613587
256830941
257760343
257850613
258610453
259901101
260176153
261062143
261430237
261856261
262870961
262916161
264774577
265576081
266416255
267152033
267200767
268626181
272061973
276868609
277485589
277500383
277704013
277997833
278732737
279085717
279599113
282589651
283154257
283734019
283913137
284447441
284636449
284842819
287586007
288120421
289988609
290938363
292100491
294139441
294323437
294842329
295419097
295770151
296979161
297243631
297526487
297910337
298192753
300131833
301974947
303651041
306191621
307061371
307357951
307400141
308877757
310693633
310962361
311213701
311671361
313192657
313338061
314283601
314393623
314736661
315351521
316315117
316349281
316804867
317722861
319167157
320639965
321202051
322280047
324766063
325141001
325479001
326931601
327936601
329153653
329228131
330034249
330804251
331848091
332862571
333916399
334928837
338253401
338396257
339309811
340464001
345952369
346305403
346517653
348177971
348945481
349470703
350299811
352171741
352337371
355766041
355877941
363276299
363667267
366310369
366663937
368113411
368476501
368551243
370740833
371376631
372207361
372383857
374135689
374777011
376096033
377649427
378040309
381116881
384588271
384979213
385220881
385897741
390569609
390612221
394689371
395044651
395858159
396106261
396475921
400142167
400253701
400520653
401016221
402752533
402814241
403888915
404263861
404621353
404864701
405496561
406696951
407323837
410060809
410613809
413429801
414477961
414724861
414741961
416168461
417256577
417883237
419184481
421708369
421927271
423614311
424027711
425624011
425870257
427580227
428781277
429360361
430802101
432343523
432926839
435860497
440437957
441770689
442209013
445288537
448267177
449886257
451185643
451579501
453557287
454827559
455461471
456089771
456969241
458869951
459334801
460585861
460643179
462604789
462862801
464305843
470000833
470644021
470752133
475969231
477875231
478927901
481135021
484209073
484275079
485935399
486048281
486722497
487890703
487920187
488388841
488656981
490518181
490630933
490693897
490700341
491891819
493253641
495244577
495416503
496034053
496182751
498016009
498207373
499217833
502663537
502877761
502992241
504623557
505982501
507960001
517567051
517887631
518504533
520571881
520924141
521011009
523478981
524151253
525735289
527018101
527097169
527626639
529169005
532758241
535566721
539968423
541394389
541575217
543730181
545622401
546580117
547147511
548885401
550052137
551672221
552573793
552894301
559536721
563975029
566410891
566530849
569507579
569784403
570214891
571681639
572567353
575133131
576325751
577352641
579606301
580747883
582529627
583149991
583286017
584392801
584868181
585281791
587159497
587422141
587902841
589106233
589918321
590337089
590473801
591043771
591994313
592769633
593128771
594480277
595590841
597064141
597583111
598371107
599403421
604636033
605341837
606789097
607276931
608560661
609244501
609361567
611168783
611948551
613594703
613958707
615760133
617167501
617657503
618599801
619045201
619830469
620715499
620802601
620928533
622998427
623662903
626548597
630888481
631656901
631839521
634743931
635753581
636442003
637592957
637641371
639364937
641291041
641874169
643093201
645771127
646233751
647817913
648321451
649511887
652969351
654564457
655219207
655452241
656600351
657033841
657434233
663301657
666950161
667619839
668304001
669549409
671499757
671932801
673457201
673778827
675291709
677567201
678407557
679975003
680609551
680680171
680872651
683856811
684634133
685472761
685667317
687344197
688285459
688778653
689427617
690035713
693614137
694656901
697791403
703724941
705883951
710644537
713070469
714264127
715040569
715427861
719241169
723813589
725649167
725770429
726846401
728851507
730012837
730704133
732384181
732384313
732494761
735432773
740862211
741135851
742284943
744676171
745008931
745191253
750631033
752122229
753233717
756194587
758353597
758744801
759085273
759638881
761932033
762719689
763895647
764806309
765378241
770909107
771662893
772049797
772837073
773131927
774027781
774899191
775468121
779653111
780178001
781571461
783628847
784349353
784946017
784966297
785511217
785728651
786299083
787540879
787899817
790299511
794042701
799408201
799863595
801392593
803266939
805859617
810243757
810455101
815430533
816337273
817196491
820367881
820712609
822150751
822531841
826511887
830664451
833091631
833286253
837193193
837799271
838227001
841006729
841478041
842220289
842960981
845241377
845951767
847210015
847745179
849199627
850318093
850561307
852081121
853246453
854581807
858687103
858725869
859393891
863984881
865020631
866163299
867519577
868724041
869068573
872630221
879226651
884584891
885117841
885617401
886180429
887141971
887297083
887783779
887795221
890763817
893377633
894840151
896773333
899566885
909018181
909552659
913286771
913297123
915833227
919748131
921134551
922284353
924335371
925492511
925522681
929559403
930061133
936438247
938443213
939964117
940738135
941548753
947475091
949962313
951232133
956427481
971995201
972207013
973368481
973606321
973897849
975765787
976396961
977770531
981484561
984008089
986815831
987635881
987842101
989810251
990698881
996785813
997051771
997869727
1000864531
1004781295
1010624689
1012289923
1017905527
1018568521
1021281301
1027050499
1027729357
1030652771
1030751951
1033501877
1033994089
1034935273
1037296681
1038372001
1041513661
1043231941
1044064519
1045649953
1048217161
1049144801
1049584313
1050216481
1053631801
1054501141
1058277151
1058816533
1058989231
1059362729
1063955713
1064563501
1067802667
1076271379
1081830361
1086477809
1091327579
1091990521
1093916341
1095798289
1105388719
1105782913
1106580817
1108973251
1111114663
1112525731
1119550381
1121354911
1122929641
1126262173
1127825581
1129390421
1129716811
1130274881
1134798499
1137752887
1138853281
1142307671
1147962217
1150516687
1151365483
1152793621
1155474409
1157839381
1160358359
1163174951
1166240833
1171035251
1176248701
1176957751
1180064101
1181783153
1182385121
1183978823
1185605209
1188057823
1188221201
1191751849
1192948597
1197991261
1199029651
1199350681
1200456577
1201006501
1202085067
1202893561
1204059841
1205606533
1207791313
1210477501
1212639017
1214351221
1214513621
1225835821
1227141007
1228229143
1235368669
1237644307
1242116527
1249785941
1250362109
1253575069
1257102001
1261099531
1264649761
1266645493
1267133311
1268946253
1274674123
1280169193
1284375349
1286081851
1286407711
1296056449
1306742221
1308374761
1308544903
1314243841
1315040101
1317912541
1319070671
1320142351
1320327391
1322013881
1323086563
1324344341
1327026403
1331413333
1332521065
1332633277
1336468801
1340661409
1341127747
1344420013
1345514101
1345523401
1347387361
1348114069
1350685001
1352265949
1356784393
1363200833
1365419113
1366489081
1367913331
1368769681
1372681861
1375684831
1376331833
1376346691
1376505481
1377890483
1381917109
1384131457
1384589359
1384887529
1385123249
1386883937
1390644901
1394632891
1397357851
1398747931
1399919605
1405902961
1408610503
1410486113
1412679055
1421189551
1421475031
1426735501
1427876839
1429974109
1430446951
1432940671
1433928581
1435085083
1436444929
1452364081
1452754837
1453053197
1456901419
1461392659
1462393201
1462540487
1463030101
1468713811
1471579597
1471820689
1475261693
1475521777
1477422187
1478932093
1480849831
1489506481
1489963777
1490131609
1496247127
1500892273
1501116049
1504832033
1514301179
1516410901
1519811863
1523816257
1523862209
1528254817
1528632271
1528936501
1533555271
1535020133
1543229161
1547125507
1547543161
1551656377
1552668979
1556329633
1563954541
1564278211
1567720631
1569202181
1570997431
1571014603
1572279791
1587218491
1587385297
1588614913
1588624699
1589082881
1589853281
1591484207
1592225449
1592595703
1592676559
1594661417
1596935971
1602177851
1602738073
1603538609
1603810561
1603832231
1606097953
1611615151
1614381133
1617586471
1623493609
1625925121
1628692201
1630161541
1632031829
1632785701
1634861971
1636185601
1638865699
1642736519
1642868137
1644435937
1646311507
1654694935
1659222577
1659230401
1661878657
1664283865
1671875041
1674658133
1676763991
1678151707
1682842921
1683174533
1687740991
1695419041
1699397929
1701596821
1706757047
1707421633
1708297039
1708549501
1709762311
1712392321
1713319453
1715427451
1721001521
1722679537
1723490357
1724060911
1735390081
1735670161
1735674361
1736402671
1740378583
1743657931
1745655463
1746543401
1751277451
1752172003
1755707563
1757376919
1760013487
1760706811
1765145881
1765462843
1765705987
1769797201
1775502121
1776450565
1785055889
1786703497
1791307961
1796170351
1798181401
1807964819
1809786749
1813114841
1815519427
1817612833
1819677883
1820445103
1822479751
1827702101
1829245091
1833328621
1836291101
1840840321
1840909051
1844028961
1853845309
1857957979
1862829169
1868597923
1868679599
1878810697
1879962001
1880880431
1885292137
1900823653
1904524903
1909759051
1911739439
1912142233
1916937289
1917397637
1918052065
1923204473
1926717209
1930403333
1933001207
1936031341
1938569491
1939808261
1940174209
1945350259
1946799889
1950464401
1951469101
1955219311
1956695851
1960021351
1962730531
1962955177
1963133581
1969032781
1969698371
1971314281
1973561377
1976327011
1976956759
1978925521
1982255311
1985348527
1988253769
1989628327
1989665497
1990108909
1992148759
1992455143
1994203213
1995972031
1998063409
2003561051
2004924673
2008184641
2010711523
2018378641
2020170601
2021764601
2023998181
2024869991
2028631361
2035057949
2036224321
2037328973
2047551227
2063260321
2065193989
2065938841
2072488771
2075668057
2082273301
2082337073
2083335601
2086356763
2096781409
2099750977
2099787301
2103327847
2114735401
2115480553
2116483027
2117576707
2119102651
2123112967
2123520001
2130417451
2134964171
2140015693
2144548033
2147452451
2156767003
2157486049
2169646561
2173172017
2184744451
2188555297
2188728341
2194422751
2194911391
2195386001
2197423729
2203649197
2210434411
2210789671
2211011623
2221466851
2223471251
2230219795
2233431637
2234695231
2237180431
2241982009
2242724851
2248354153
2256666133
2260585651
2261372143
2263411351
2266334533
2267521477
2269959067
2271764291
2277024473
2286485983
2287452067
2289085651
2291686141
2302755589
2304710123
2312617819
2317403089
2321300833
2322097597
2331499843
2332261801
2332321993
2341336859
2350238441
2353406441
2354453561
2355230749
2358164701
2360673437
2362345261
2371348549
2379233293
2379610351
2380085989
2380603501
2382033133
2382133123
2387525141
2391143581
2399506283
2408300137
2417408533
2417735581
2428547131
2428870753
2429064961
2436927907
2439743489
2452528261
2460222001
2460649363
2462440753
2463796987
2467519541
2470214251
2470869253
2471986831
2472907141
2475131293
2478112279
2479141729
2480147521
2483123011
2484548947
2487882601
2489494841
2493307909
2493918721
2496613211
2504278097
2504516761
2506616869
2507224441
2511886681
2513157193
2513210239
2521832377
2522371057
2526182933
2526489067
2526523291
2529965929
2539213031
2541781189
2544804811
2545934077
2552569111
2553225247
2555016481
2560600351
2561654099
2562814621
2563295621
2563596751
2564076061
2567605877
2575572551
2576007461
2577852829
2589648013
2593833373
2595330641
2595764557
2597294701
2597625031
2600258669
2600983571
2603336929
2604431881
2613934009
2616180821
2620964501
2625047521
2626838281
2631959821
2646547201
2650180649
2651251651
2652086953
2659939453
2660227957
2662405201
2669234917
2670130009
2672605657
2672989051
2677147201
2683456777
2687198581
2690408533
2693229805
2697374737
2699333071
2701545221
2705647141
2707125721
2716344661
2719076621
2719975501
2724126967
2727014851
2737916641
2753416541
2754547987
2756101147
2763271369
2766006253
2769194611
2769253169
2786995051
2787833863
2798376937
2804470327
2804827411
2805410723
2810206747
2816398441
2817882607
2817904541
2820853921
2825721193
2827538771
2832735121
2835768041
2844272309
2844725941
2850812749
2855661121
2858414987
2858583961
2861616811
2866872781
2867266901
2871974561
2874211129
2878610957
2893139701
2893953313
2895140767
2901453791
2901514531
2906057183
2906356573
2909943041
2913401611
2915276141
2919405337
2922510961
2922989455
2930831641
2932556717
2933588503
2936247841
2937852451
2944969297
2945208001
2951238883
2954462509
2960409997
2970799567
2970804061
2977229737
2978804467
2979898783
2983079101
3002684617
3020423491
3023049727
3026876161
3029004721
3032802001
3033844153
3037001873
3047896621
3048467381
3071892217
3076056001
3077024413
3077161127
3078113977
3081070423
3085388821
3099959963
3105241441
3110830003
3115882999
3124828477
3128899393
3129030587
3130773661
3131411779
3135283957
3135890647
3137621771
3137756161
3148795021
3149622811
3150352213
3157282273
3161145523
3165007429
3172036897
3174167027
3175204531
3184058957
3184139701
3189732781
3191378231
3192323681
3200145301
3205663921
3206203003
3206415001
3208983649
3214666249
3215031751
3228044821
3238977031
3241593109
3244258231
3245090977
3252687787
3254796403
3255246091
3257334541
3261194581
3265825369
3272030401
3273396239
3280215151
3287168431
3299942017
3306393751
3307433263
3318115201
3323829169
3336815633
3337013881
3341744683
3347214421
3350915723
3352026133
3355619467
3355690769
3368686483
3372738337
3380228251
3398681393
3402758647
3403280791
3404051983
3415379701
3422137801
3426793567
3430091491
3432307201
3441666181
3445470001
3447533191
3452303221
3453864329
3456011131
3466191961
3467821087
3471848461
3472715497
3479738509
3480120871
3480908203
3484351081
3497134301
3497214337
3499119031
3503841139
3512656009
3512847869
3518343973
3532233937
3535099261
3540119087
3540654239
3542303047
3543203333
3550127813
3554429371
3569494897
3570928927
3571173691
3575749537
3578987245
3580867909
3581831761
3588524501
3597270517
3606338191
3606649741
3609395011
3609494533
3613506821
3614389561
3616070737
3625328981
3628031639
3630596257
3631377719
3637547801
3637831753
3639986767
3642034261
3647915347
3651150331
3661380361
3663084541
3666242467
3670189073
3670423747
3684465787
3685656577
3685991041
3688301921
3689867341
3695127217
3696718699
3699826591
3702277801
3708327937
3711593341
3712507741
3718877497
3725016749
3728463481
3729166513
3731618911
3740406301
3743135281
3743798011
3743963221
3746184433
3747280321
3751554581
3759187051
3760896133
3761082697
3775385011
3775394701
3776019979
3786262241
3788665651
3791619047
3793403413
3795206827
3797146321
3797234443
3797957857
3800306971
3815086867
3829656403
3831343021
3832322341
3856863947
3861146287
3872902051
3874186471
3876550021
3877846459
3881445751
3885438871
3887627593
3887635753
3892217401
3892244491
3894748001
3895924033
3905876501
3929293061
3938250163
3942332501
3950057281
3951382753
3954623081
3959115581
3960653029
3960752371
3961559911
3968654171
3969927977
3970573951
3976326901
3979234351
3985950181
3988288279
4005840541
4020832891
4026355393
4034352031
4036196221
4037490451
4045222081
4046045257
4050838837
4053742219
4054585081
4057765111
4059250651
4059776533
4068671881
4072142257
4086437587
4099200689
4101544189
4106260033
4108457341
4108717711
4109404289
4110425299
4111819171
4120093331
4123735279
4124841673
4127050621
4149101017
4164191203
4171540729
4173866413
4175289271
4183664101
4203244711
4206758533
4207191577
4210095667
4213118701
4225123981
4227093553
4234009397
4240777201
4244598091
4250507431
4250911061
4251644491
4259764531
4280905831
4287612127
4291402651
