25
125
325
327
763
1111
2071
4699
8911
11041
12403
13747
20017
31609
34165
34441
46625
47125
54913
62177
68251
68707
75851
79003
88831
113401
118301
125563
143783
146611
148417
170825
188191
188501
197633
198157
218791
246025
250717
265771
296161
317683
365713
385003
396271
407809
429787
444145
491063
560041
565001
567821
568981
627463
671977
709171
736291
736751
792961
849577
854125
886411
905633
912241
935713
1018249
1036309
1056331
1074529
1097821
1123525
1148929
1194337
1269841
1414981
1441091
1624897
1625261
1661761
1690501
1709557
1735841
1756681
1768621
1773289
1810745
1834837
1869211
2032279
2075125
2191591
2205967
2281049
2284453
2295871
2337301
2371321
2378053
2440261
2457577
2519521
2542159
2566973
2616949
2746477
2885401
3042217
3093697
3116107
3167539
3206125
3282631
3369925
3387781
3456391
3513751
3524743
3537667
3640687
3725191
3741553
3828001
3836539
4181921
4188925
4225033
4229551
4255903
4333825
4384693
4410797
4469551
4490461
4543621
4577857
4615207
4716619
4816753
4935701
5080791
5095177
5753101
5853871
6330721
6393271
6539527
6594901
6896401
7004869
7624501
8036033
8070217
8086231
8137321
8376031
8417281
8421121
8560207
8650951
8725753
8859847
8902741
9219901
9321337
9341263
9434611
9493579
9493903
9777127
10403641
10657459
10753345
10810639
10930459
11103625
11298337
11367137
11441977
11677597
11686141
12014179
12578689
12890503
12958081
12975691
13423141
13478239
13555567
13697191
13713409
13773061
13927681
14009761
14119561
14402473
14555221
14632537
14725099
14887267
14913991
15247621
15881125
15888313
15979081
16042027
16410241
16477891
16605121
16719127
17316679
17760601
17870561
18225703
18632923
18673201
18736801
19005551
19103809
19563571
19578847
19800551
21179551
21281801
21521941
22214725
22369621
22549577
22715911
22921237
23464033
24002651
24102325
24482503
25174141
25184989
25204609
25311791
25330469
25888033
25984661
26102147
26243491
26305951
26309867
26474581
26513101
27409861
27441577
28103041
28379737
28637521
28907851
29559601
30165409
30389743
31037827
31315573
31405501
31434817
31942801
32559859
32817151
32831177
32920817
33474229
33501439
33567451
33785569
34570537
34657141
34901461
35764201
35798491
35981713
36714487
38084317
38712571
38971661
39016741
39036929
39423931
39545221
40062413
40584259
40621591
40629601
40863061
40898617
41027227
41099231
41701157
42040021
42396871
42422629
42516263
42528809
42536099
42788989
43614019
43786289
44080213
45173281
45877861
46456763
46542061
46549777
46633861
46728533
47234093
47253781
47887663
49019851
49484933
49523371
50102551
50523661
50589451
50693761
51104881
51425011
51627817
51876301
52493647
52528123
52557853
52575121
52824127
52882513
53173957
53182009
53542147
53638903
53797091
54026029
54255521
54335707
54398791
55056541
55296541
56001817
56160133
58363313
58947407
59050421
59218513
59309251
60146371
60229121
60957361
61241057
61587397
61621561
61805801
62018929
62176661
62423551
63002501
63167743
63278881
64042903
64175113
64377991
65135911
66778909
66893311
68088637
68816581
69176647
70055281
71079661
71558101
72286501
72415531
72526049
73002637
73193849
74039761
76129987
76164013
76364473
76970119
77009419
77178049
77322529
77439521
78183487
78484853
78795181
79411201
79539197
80918281
81376903
81405553
81406753
82357021
82606231
83248513
83900017
85190801
86024431
86776471
87073309
87358825
87471121
87505651
87998881
88227811
89381791
90129311
90231901
90758701
90970133
91367431
91912321
91935947
93105893
94025023
94259881
94760137
95340169
95451361
96028001
96814181
97211341
97747051
98034751
98757427
101367421
101503099
101709205
101780201
102294427
102659657
102921197
103448809
104524421
104569501
105158101
106327567
106778671
106941451
107047981
107486413
107772211
107882125
107946697
108002161
108589825
108596953
108615337
108654481
108943141
109521457
109606771
109838431
110490311
111636781
113492101
113605201
114329881
116701003
117771551
118172251
118802125
119184451
119194601
119204809
119693267
120183361
121959757
123157747
123771511
124865137
125050537
125659031
125686241
127121731
128237713
129099127
129963121
130743271
130775929
131334851
131553073
131631641
131989733
132186757
132379921
132683347
132814823
133157701
133751983
134295061
134589001
134636125
134696801
135864691
137766163
137932321
138828821
139592101
139952671
140309947
142922413
143382149
143782111
143964991
145410931
145736879
145820503
146053267
146481193
147654053
150265117
151264513
151275259
152308031
152670437
153550339
155161843
156313721
157368661
159781981
160139729
161604073
162051313
162243091
162395521
163839391
163903039
164711681
165178441
165747851
166805633
167579497
168566501
169700081
173678203
174307897
174325649
174831427
175068293
175414051
176052691
176057603
176597821
176609441
176977921
177167233
177850037
177992761
178416127
178806349
180252797
180264709
180299233
181934759
182565073
183524111
184993121
185189401
185274289
185389891
187001761
187190473
187820701
188516329
188575669
191098537
191233813
191648161
192874751
192946631
193557547
193564757
194389903
194556451
196035001
196049701
196318387
196959361
197239591
197422471
200893141
201573737
202951981
202960561
206006533
206796701
206894161
207638545
209301121
209972689
212075821
213875251
215297389
215988769
216642721
219669451
219751159
219919831
221006801
221847931
223078051
223839001
224582221
225426989
226061921
227564767
227598733
227614213
230035501
231606373
231779659
233988721
234717913
238110553
238517569
238622413
238771321
238940771
239541001
245159911
246265021
246447709
247043791
247588963
247912897
249102811
250463143
251997841
252722557
252853921
254830987
264633601
264806701
265390189
265456801
266051431
266925601
267152033
267233899
268505551
268626181
269702539
271160371
271873801
272615201
275491063
278943061
280283401
281357753
282471853
283082027
283628251
287897569
288120421
288324091
288357301
289151741
289499761
291904859
293786137
294203141
295057949
298362241
298560991
300931541
301157767
302409007
307061371
307092241
308570347
308933497
309283409
311671361
312773141
313192657
313605121
314917783
314971621
318461089
318465703
318614227
319375225
319403731
321848911
323041027
323634653
324033949
325300009
326695141
328302791
330354361
332457121
333009601
333067151
336208297
340660951
342974521
343857973
344338741
346009393
346795639
351058753
351381889
352094881
352395601
352735351
354749951
355117153
356604421
356960731
357458401
357777421
359914231
360145633
361173691
361198241
362013979
362406511
363371161
367328977
368113411
368133481
368515327
369033601
369667561
369806743
372383857
373179031
373669453
377975881
378112477
383793541
384256231
384961123
386925551
386932501
391930003
395086567
395996437
396120901
400253701
401498249
403095967
404522161
405801091
406054409
406682641
411391801
412067501
414832969
416964241
417027451
417779909
424315751
424814447
428407093
430131781
430646401
430733701
430833313
430869421
432525607
434971177
435611261
435860497
437136131
437597101
437866087
439309261
439689823
439884901
440352685
440796131
444030043
446144161
447191893
449501761
449774431
450133921
450866021
451389139
452168291
453274249
454099171
454474679
455072419
459387451
463702279
465505633
466263421
466328171
467083399
468029693
469209751
469328203
470000833
473813771
474892741
475461659
481782289
482447111
482789971
482823469
483815401
484816769
490363309
490378981
490500121
490876667
493522381
493857517
495814051
496193581
496758593
499411981
499553797
500520833
501134563
502686713
503024897
505313441
509497237
511463701
512706121
513346891
516764063
517374625
517456337
517951921
523479727
526193203
526911601
528315751
532094413
532800133
533913491
534997159
539860361
540654409
542889901
544222621
544833433
545738203
546159511
547019443
547642591
549714721
552237373
553384651
554118661
554599051
555102871
555196951
555893677
556450777
559017397
559143883
565753151
566389801
568254187
568267207
569327351
569332177
570214891
570316345
573435133
573584761
574428947
574589527
574806341
575624071
578866663
579189361
579956653
581055623
584570491
584868181
588604873
590414977
593921161
594971407
595378141
596698169
597250081
600507277
600673991
603415933
606401303
606681811
608719321
609125749
609678401
611812321
611852671
612816751
615532717
618284941
620843833
620928533
621012547
623662903
624638251
625647241
625791289
629507101
632512369
645093109
648819151
649293503
652171843
653887651
654143491
656824033
657067951
661310731
662853151
665342267
668028245
669916099
670987021
672498751
676178011
677727181
679975003
680860351
680872141
682460501
683064631
685797841
685903681
689548201
690907771
693278461
694822753
701581193
702729625
703995733
708836561
709299565
709912657
710695333
713383171
715427861
717096641
718944227
720068161
722374399
724218625
728458501
730169659
734205949
738501625
739643491
739644193
744652187
747236233
750035651
750645757
754874257
757158533
757221977
759638881
760692661
766174001
768046339
771562681
774366953
775136251
778176205
778559281
779846159
780036451
781420081
788046901
788940833
792145729
794334001
795269021
802171921
803026489
805499209
810104761
816002419
818041967
820543693
821376533
826760413
826914433
830572921
832033373
833888057
838357141
839776211
839844007
840749761
845376533
848810437
850508425
853221877
853877641
855015877
855050701
855442097
866916877
867323521
868373797
870117601
870559777
871589891
873631027
875062183
877532671
878940833
879312829
880951717
881691911
881824291
882465193
882981991
883526401
883880329
884715331
885946657
886922851
889103251
891593227
899600833
901346713
902378569
904699951
907514561
909903853
915743251
918661501
924940801
925352863
927141601
928587661
928742413
929087551
929559403
930053569
931284901
932793401
934132627
934739863
935558893
936088031
937359701
943251961
943271569
946034057
948551059
950211217
952281683
952893881
955861129
956427481
959108207
961208473
964163201
964255321
968488921
972486469
977755351
979736941
981553039
982650943
986569111
990595921
994453525
995705831
997460617
1000482517
1006833673
1007713171
1010009911
1010461121
1010847151
1015339441
1023685349
1024605121
1028579371
1030607951
1030857571
1031026481
1033600307
1037544061
1041112297
1043789809
1044473977
1051631425
1055512369
1055765281
1058989231
1059224657
1067802667
1068761027
1069146733
1074617287
1076638321
1082302993
1082755477
1086444001
1086477809
1096312253
1096360687
1098352837
1101623381
1105742731
1105782913
1108973251
1113798181
1113949825
1116197449
1117004257
1118019631
1118937625
1119282859
1124518501
1124592431
1124785243
1126587151
1127880571
1127993861
1128563143
1129390421
1130081989
1130147107
1130893999
1132685737
1132690561
1136940031
1142023507
1144704031
1151246497
1154334677
1155408409
1155690451
1157839381
1158364033
1159265353
1159357301
1160933203
1167684751
1168924303
1172817151
1176476467
1176681667
1177673647
1178359651
1194419113
1198880261
1205606533
1213347691
1215354241
1215896141
1219611079
1224610207
1231595839
1232006539
1235009359
1235884847
1240628407
1242227647
1244074051
1244612641
1246270409
1250914537
1251000671
1256780071
1256808611
1265248073
1266989701
1268469781
1268946253
1277131651
1280782511
1283370211
1289281621
1289789593
1291412431
1291620331
1292326741
1293469519
1295074171
1296365201
1296852901
1297565123
1299017431
1299784141
1302328009
1303910581
1306563301
1312845661
1319332561
1319978701
1320181201
1321058213
1325576701
1325802559
1325857541
1329662179
1330309243
1332597631
1333905751
1334146453
1334148481
1334349901
1341620281
1343093053
1343939809
1346624533
1347141907
1347179527
1348964401
1348995187
1353558301
1353948103
1361407951
1363037873
1363565089
1365860233
1368060961
1371418231
1375684831
1376799577
1377008287
1377162001
1382105297
1385519689
1385534201
1385537401
1387742749
1395564127
1396597861
1396711573
1398393949
1399619131
1401429137
1401840833
1406826241
1410521941
1410810787
1414623521
1414938377
1420187501
1420804981
1432548937
1432924151
1434147901
1437866561
1438052801
1446812641
1449058381
1452194257
1453848301
1455140611
1456844033
1462540487
1463008951
1464568381
1465031107
1465454101
1467817471
1468713811
1469128051
1473460777
1476728389
1477422187
1479006721
1489022263
1489587997
1489976797
1490670091
1490930669
1493832817
1496303551
1497426529
1501839683
1502740513
1504832033
1505393941
1505432881
1507105651
1507746241
1508392441
1511042851
1516410901
1516938323
1521221473
1521616429
1525781251
1527763333
1529705629
1533555271
1533782713
1538012449
1543845881
1544380261
1547529901
1550562553
1552778501
1552891201
1557142099
1567636021
1572069643
1575242059
1580456341
1588247851
1588472341
1591079491
1591121041
1600376321
1605826501
1609138081
1618435171
1619680147
1622399839
1629280441
1632150451
1633374077
1635548221
1636046389
1637436457
1638294661
1642157641
1645859251
1646337379
1648444519
1648633471
1649430889
1657119223
1660392343
1663436617
1665335587
1669893661
1673056111
1674503821
1680685441
1691320457
1692555427
1694368963
1695419041
1697217877
1700399549
1701443017
1701760373
1702269229
1703130133
1706966281
1708954001
1709207011
1713319453
1715427451
1715959601
1720994833
1730705707
1731264079
1739695721
1752049531
1765270963
1777164793
1780074871
1780581433
1783334719
1787011553
1792013491
1798180441
1802348257
1805947313
1813638997
1815110263
1815470581
1820733331
1821196147
1827606589
1828830529
1829365561
1833328621
1847811673
1847814025
1856455823
1858197961
1862102783
1864009153
1865880361
1868076451
1870007609
1870396861
1873517641
1874363791
1875289441
1889554951
1890851257
1892594401
1894432879
1900687381
1901367001
1903315129
1912983367
1917399521
1921309633
1923000473
1924975879
1927872077
1928556181
1938945289
1949646601
1955219311
1962955177
1964757169
1971422069
1975636279
1978139089
1987883041
1988672533
1999054681
2004299641
2006394779
2009621503
2011297009
2016660433
2017852201
2018378641
2021826577
2025055033
2026200871
2026816663
2030871041
2032585531
2032949881
2034986417
2038845001
2042467741
2044446361
2046969179
2051419609
2057406625
2063228203
2068867841
2069182981
2073912961
2081808611
2095002631
2098847521
2101008647
2102670961
2108764481
2117185051
2117555641
2120898361
2123320321
2123792551
2130363223
2134081321
2139637831
2146939939
2150489251
2152627801
2156767003
2157441301
2158817123
2161874233
2162461663
2166249691
2170127893
2170153021
2172055997
2172838141
2177645557
2181903151
2182284449
2183263831
2183618221
2188080133
2194422751
2196952957
2197813333
2197944451
2199931651
2200115713
2201659969
2202205897
2203663621
2204338501
2218980089
2223669001
2224278253
2224506541
2226537799
2227278043
2229852307
2233247677
2237928337
2244074801
2244795499
2262543121
2264745313
2267805893
2269261051
2272413529
2274862591
2279751181
2279812397
2280603697
2292749581
2300056117
2300319061
2301745249
2301828211
2305459003
2306430941
2307480211
2320126885
2334460285
2337670031
2341325507
2343617893
2351705749
2351920801
2356731703
2361684151
2375894809
2376769741
2386005649
2401493557
2406862361
2407398757
2407921651
2409021721
2412172153
2415999361
2417432599
2422241291
2426903917
2427686977
2428648967
2428870753
2448374689
2448848981
2449492273
2449575001
2452359457
2453539621
2455024133
2461410073
2462440753
2463641489
2464892821
2470214251
2486831491
2495002031
2502525637
2502910747
2509878961
2522045917
2523611941
2531385001
2532630787
2533710565
2539736257
2544329101
2547796681
2550780277
2553133441
2557319641
2561761981
2562814621
2563994413
2566732411
2569327129
2577274081
2579043091
2580055123
2587166011
2590281019
2594603437
2604133921
2604315457
2605476511
2605557781
2607804013
2616048241
2616180821
2622124597
2630256169
2630374741
2636360191
2642558797
2644366861
2648214601
2648684957
2652736651
2656269641
2658630913
2659058767
2659235041
2662805599
2667435653
2668246153
2673898151
2677890367
2686453817
2693739751
2697117781
2701301341
2705647141
2712597113
2712726073
2713227571
2715246463
2715365971
2722642849
2723051521
2724555671
2725357249
2727639199
2728102651
2729621233
2730570529
2733494401
2734201121
2742119407
2750435651
2752336201
2752534271
2764360513
2765751931
2766403333
2776874941
2778469129
2780617963
2782170851
2786227261
2789751763
2801847761
2802534877
2806985161
2809689601
2813164441
2819680861
2822411329
2825315851
2826985153
2827604341
2847894377
2851854769
2855794321
2857361021
2860581025
2874828751
2877469141
2884081897
2884465729
2890316801
2910599269
2918288053
2929062533
2939384029
2944756811
2946187801
2951996209
2953329331
2953374271
2956674509
2956943281
2957320351
2965154479
2969042473
2979208567
2979227371
2986006861
2990872513
2992394501
2994941933
2995781143
3019916381
3027515401
3048467381
3049647301
3056165857
3057666809
3072094201
3075032731
3077122133
3078612967
3081070423
3083826623
3091010833
3096821249
3099454793
3105241441
3111552361
3114068431
3114680323
3116834401
3128899393
3133972297
3151437617
3153458897
3154371361
3165007429
3166944211
3169830751
3175526971
3176875651
3189888001
3194182081
3199231729
3206475331
3214356373
3214638001
3215031751
3216762067
3217744531
3228044821
3228809401
3231485951
3232912621
3233558021
3237992101
3247187131
3253543207
3257334541
3259838479
3260095957
3263568901
3265122451
3272824673
3274065163
3274926197
3275218171
3275633401
3276075709
3277079191
3281279821
3282575129
3285513841
3287687581
3291421069
3306393751
3307251221
3308744077
3312150529
3322551403
3322614571
3323468539
3328224001
3332340703
3351020663
3356828747
3358680601
3366070273
3366634321
3372018439
3381862597
3383477191
3386371861
3395120977
3399831361
3404168197
3408814039
3413255071
3414771697
3423084673
3423764569
3429982081
3436070779
3440486827
3442964671
3443019667
3464097121
3479969593
3482137231
3493069141
3495943153
3497214337
3502404577
3502998451
3504570301
3504936907
3527015461
3533856913
3534966401
3535358863
3537283681
3553174069
3555320497
3568588817
3573458761
3573938083
3575397911
3582244307
3594968821
3595831207
3599103691
3601806251
3610062739
3612825221
3629871451
3630434051
3631543357
3631661801
3632452741
3636763501
3637110091
3638987857
3644028001
3647236501
3656070811
3661137481
3667852873
3671190121
3672033223
3672977101
3682024561
3684306973
3684465787
3684873251
3692149847
3695313337
3695488291
3696368141
3696718699
3697434133
3723082003
3723104797
3729097633
3733423849
3741921625
3751751449
3753702721
3756206213
3764466553
3768056731
3775193089
3776907643
3784195633
3787284821
3795267037
3800306971
3803614651
3807645859
3814925519
3822229507
3822308461
3831539251
3834786401
3855931003
3860781299
3866675737
3869347439
3869964913
3874471147
3878450413
3882174649
3882346903
3886035871
3887683021
3887746339
3890736481
3890921317
3899087851
3907763287
3911482849
3911901661
3924721729
3925701313
3927374257
3930291361
3937526911
3937735777
3937994413
3942600481
3954403153
3956081053
3963173761
3963533491
3967856281
3973938541
3974609731
3976544461
3977644303
3987794201
3993905623
4000480553
4005660961
4023311231
4028995297
4028998321
4032434181
4035028861
4042077257
4042538497
4042578403
4043321977
4046203921
4047536539
4052080891
4052317531
4055746861
4071442597
4079877037
4081299589
4088459071
4088827657
4088940601
4093609829
4099620691
4100510719
4103697841
4112558413
4120176481
4137010513
4139171221
4140507853
4168649633
4169765101
4170387493
4173838327
4174050637
4190508001
4191066361
4208198851
4231512709
4251724627
4255202953
4255766969
4256861071
4263014701
4268294609
4282671721
4282863751
4283445403
4285548541
4290881729
