9
111
121
259
333
553
703
793
1331
2923
3751
8911
9253
13333
14351
18019
20461
21781
23953
28991
29911
34861
36741
38599
49051
55611
57889
65281
66061
67861
76867
90973
94501
96049
110001
132193
147187
158101
171601
211411
226801
227767
241001
242881
254221
257851
275887
291201
328021
337567
342361
382093
382123
407611
459709
479119
497503
514447
530611
586249
653521
663181
667153
672211
677051
682823
701521
716141
741751
753251
793761
876961
1051867
1082401
1106707
1127251
1302907
1370887
1420579
1433407
1496881
1563151
1584133
1600951
1659757
1669531
1702997
1728301
1756351
1773289
1869211
1904101
2011969
2030341
2035153
2284453
2288413
2323441
2362969
2366981
2378209
2550841
2670361
2722721
2748023
2802691
2818831
2944369
2944901
2948947
2977217
3059101
3375041
3542533
3545785
3563561
3585781
3608647
3721187
3797821
3895837
3897737
3911839
3913003
3957721
4007197
4071739
4143371
4175347
4234969
4255903
4480939
4653637
4671577
4673203
4687411
4749361
4871287
4906441
5030365
5153051
5173601
5256091
5378641
5479261
5603333
5624641
5701697
5880001
6056161
6121291
6242333
6309901
6539527
6569911
6590761
6671413
6696097
6711041
6749021
6772591
6787327
6993193
7028821
7086641
7120513
7223437
7641271
7673563
7759937
7993381
8095447
8333333
8647057
8829451
8830801
9000001
9338323
9493903
9577261
9863461
10023617
10060051
10267951
10320047
10751291
10837601
10951487
11104861
11135263
11256751
11634271
11888621
11957041
12296663
12407011
12489979
12890503
13135459
13628401
13747361
14118259
14187997
14233969
14420657
14729101
14762861
14799937
14842301
14871263
15008033
15014503
15157661
15442961
15576571
15720013
15834787
16120369
16259387
16284403
16403509
16494143
16697539
16717061
17250481
17357341
17532487
17803759
17812033
17902531
18049207
18158251
18239131
18518683
19175131
19436441
19578847
20036881
20234341
20276851
20633167
20649511
20722111
20770621
20911901
21007081
21415297
21813661
21997291
22187791
22591301
22935217
23314201
23731489
23822329
23873251
23976941
24002651
24482503
24735061
25275511
25562143
26556389
27161717
27663087
27876839
27974533
28177213
28187251
29607937
29898331
30219757
30272005
30374159
30437551
30824399
30881551
30900451
30970171
31165417
31838929
32267461
32397613
32683201
32703371
33120341
33177953
33600533
33717991
33796531
34084181
34225661
34293793
34590403
34752673
35705233
35851037
36410331
36638911
37439201
38010307
38202571
39547171
39595961
39784987
40062413
40102063
40863061
41603921
42149971
42266251
42329659
42718033
43510321
43523707
43893937
43911001
44118361
44222179
44363827
44404001
44755579
44896411
45175201
45186409
45411241
45851893
46094401
46095205
46399991
46517857
46671031
47248961
47452087
47460799
47706283
48191653
48719779
49594183
49991663
50540431
51489829
51593641
51644833
51660337
51733921
52002049
52448371
52502581
52565059
52916509
52921601
53115097
53145919
53638903
55986001
57106651
58216609
59208293
59630131
59647771
59662901
60288551
60553021
61100551
61363541
61539239
61657009
62399041
63592387
65171437
65272241
65783221
65994083
66131191
66231481
66998317
67496711
67979731
67996567
68421151
68462551
68621701
68633443
69877621
69949447
70811701
72281401
72286501
72498253
72604561
73346807
73721341
73902403
75320341
75642157
76581451
76636733
76950457
77518981
78265361
78399289
78644611
79310897
79398901
80142761
80176351
80207381
80255659
81376903
81926461
84350561
85146973
85393729
85666151
87155713
87429853
88020833
88893169
90522689
91808263
92625121
92645437
92654983
93049969
93637253
93953989
94775927
94899817
95593751
97219361
98828923
99320551
99945007
100402681
100958509
101082661
101270251
101607193
103351831
104220703
104857391
105494201
105875641
106298821
106941451
107905961
108079313
108325577
108451649
109489801
110283151
111357349
112382791
112470493
113005873
114192841
114305441
114557297
115363711
116151661
116816803
117447331
117733969
117771553
118113473
118172251
121085063
121820887
122180449
122684161
123771511
124671541
124968583
125213359
125307421
125433793
125649451
126179401
126428851
126745891
128422387
130228291
132332201
133391611
134630459
135969401
136777201
137340451
138345401
145160191
145186291
145736821
145863911
146451691
147019843
148910653
149532571
149915011
150091709
150308789
152716537
153109081
153110413
153631993
153665209
155474051
155781571
156871309
157182637
157478017
157542533
158862601
160438441
160567309
160815521
161421121
161423377
163140847
164578051
166339057
166827943
167596051
167872069
169234003
169376101
170361829
170446249
171454321
171515719
171557101
172409581
176597821
176734273
177349147
179539921
180089251
181444517
183228347
183524111
183525409
184931167
185274289
185371597
185640071
186280303
187176601
187608541
188376973
188985961
190212181
190622623
192280951
192800833
193081001
195538531
196035001
196072801
196287391
196796263
197227021
197255171
197649313
199104533
199789441
200137001
203294269
203647049
204757039
207132481
207345601
207606277
208051201
208125901
209213929
210812311
212227867
212973751
213978161
214305337
216292885
216708301
217123069
218495479
218947121
220081097
221794061
223815103
223999891
225651469
225926329
228652201
228742141
228842209
228887377
230195341
230229121
230794013
231405701
231945121
232233607
232319953
232554037
232661521
234715021
234870301
235319699
235906819
236994259
237216871
237321727
238001653
238247461
240585463
241374797
242052631
242095981
242650717
244154947
244685773
245001001
245842147
246412057
246560651
246997801
249183271
255879773
257202541
258634741
258842305
261703417
261856261
262734891
264401569
264924451
266147857
266277971
266769611
269547739
270374981
270868561
271862551
272615201
272806513
275101373
277477903
277558117
277669421
283543123
283817683
285838147
286231279
288194581
289051393
291351331
293942657
296838973
298362241
298741801
298772209
299939203
300046391
301443091
303651041
305464661
305889931
306191621
308870269
309136777
309666361
311076001
311206351
311213701
311233693
311403061
312107251
312703093
312999121
313346221
314184487
315351521
315909001
320782991
320845801
320865107
326996981
331658081
333067151
334356023
335812381
336100213
336270017
336273211
337383421
337783981
339033221
339152581
341564269
341886661
342232871
343477681
345684769
346080391
346305403
346827889
348829633
349470703
350743213
355888963
356795461
358922497
359384089
359499781
359757061
364376531
364456699
364600333
368140631
370170373
370187819
371299897
373332751
374346361
374392531
374703127
375441247
376957153
377622881
377980681
380846467
382649251
383885339
384472481
386668063
387855361
391864111
393871633
394365241
394913641
395014201
395044651
395264101
396225923
396504881
396864469
396934021
397221527
400505449
400723331
402569047
405047251
406134793
407174791
408213349
410222821
410588053
412371751
412995731
413689249
415547729
418226581
418942693
421178761
426061201
428399161
428457251
435790661
437581871
438247427
439309261
441259891
441758461
443471419
450101719
452115161
453919201
455712913
456808691
457320533
457431437
457457617
457611391
457767671
458138557
459778177
465041611
465249901
468500033
469209751
470063791
475320619
475969231
475992397
481089467
481239361
481637381
482164597
482314801
483459181
484884541
486483521
486677291
487855681
489273401
490802131
493733527
497952901
497968693
502858201
503367089
503865727
505314829
505691551
506455093
507960001
509551201
511203551
511408171
513352891
515029121
515749963
520427101
523703179
525127777
528255073
529532893
531681281
536003333
538086301
539213851
542530241
542648929
546698681
549453367
549582169
550762759
551672221
552573793
555212251
555849451
556685191
558977761
562800757
563431511
563545081
563947141
566328937
566689927
567799633
568967221
569030731
573435133
574870753
577254679
577352641
578560861
581055623
582003731
582799951
587336401
588021349
590106733
590932373
591043771
591648221
599097931
599570077
599645047
600053411
600893921
601020313
606243457
608607583
608917753
609404101
611852671
612502801
612790921
615581063
618599801
619469761
620928533
621346801
622519129
623241271
625536071
626516881
626741501
627817457
629130449
634022023
636005239
636442003
636859339
638626369
641167297
642001699
643911301
644917729
645578197
648263387
650730319
651001189
651423601
651514753
652969351
655523311
656713391
656958061
661652993
663414313
663699961
665743429
667091153
667578871
670208533
670567301
672579671
674194207
674968911
676243261
676750651
678055811
679308883
680609551
682170191
682528687
685408769
685578623
685667317
685870333
686850571
687474187
688301569
688791709
689055841
691205761
695327821
695986609
696061939
696302657
698186959
700622381
704934361
705883951
712766503
713197939
714619277
717909211
718092607
720385903
720440033
723914897
725841691
727459921
728162761
728458501
732167899
732736621
733577993
734793467
735228451
737187157
740201491
744420601
745344751
745964371
748528453
750263401
750810001
752186593
752550913
754353113
755979599
756632101
756647719
757158533
757639387
757670293
758056531
758687581
759731761
764675749
768185867
768844231
774074071
774409231
775993651
776324473
780178001
782187061
782999617
784042309
784169101
786157087
786617151
787410721
787540879
788156513
788246341
788940833
791411377
799055629
799104721
800049511
800411701
801903169
805679161
806284273
807218413
808562791
812706197
813924673
814878541
816428471
817120921
822220771
825899873
826510231
827980471
828157639
833610751
834445789
835935361
839116237
849002081
850141207
851026261
851624437
855050701
857100421
858402193
858419011
859481921
859769191
864165457
867022747
867308527
867496969
869561281
870559777
872380321
874048501
877532671
877963969
877974337
879226651
881824291
882361681
884584891
885493927
887717671
888700681
892188221
892543963
892938619
893109361
895922677
896855191
897756751
901848301
907807651
909753781
911366167
914205661
915743251
916428067
922767913
924690181
925126567
925625341
927636139
939947009
941056273
944973353
946002373
946374497
947535601
949778911
951941161
952683911
953302201
955088011
956558387
956627011
960946321
962518933
962694769
964363219
969161161
969528337
970560533
971454193
972486469
982686169
991609921
992641651
1003103011
1005347537
1011319501
1015531001
1016441329
1016989889
1018125187
1020808669
1024289281
1028598601
1030082803
1030336651
1030960981
1037414281
1039480129
1047183817
1049144801
1050179107
1053376741
1053541189
1057317733
1058635711
1063801909
1067285701
1069049251
1072074529
1075100041
1083105001
1084087073
1087139839
1093916341
1097580997
1099140683
1099186817
1104947641
1108567981
1108706857
1117547201
1119010861
1124690113
1127993861
1130893999
1135428031
1135577953
1136021363
1137752887
1137810511
1138471951
1141201001
1141653871
1145632333
1147710211
1147907941
1150765903
1152232841
1153260343
1154987209
1159896277
1161531601
1165363201
1165956121
1166240833
1166248849
1168003201
1176075457
1179189701
1184554801
1184556673
1186460729
1187037181
1190330387
1192815779
1198469281
1198880261
1200456577
1200647701
1201657141
1209221731
1212237001
1213558081
1221226351
1221654211
1222568707
1222787359
1224610207
1227080441
1233278671
1233509903
1237661803
1238846407
1247373271
1247875903
1255663267
1257102001
1257216577
1258773671
1260062303
1263293281
1267893251
1280718401
1281765967
1284674969
1285560641
1291412431
1291773451
1295005291
1298258413
1300837249
1302145267
1302594841
1303010561
1307562421
1310671111
1312328611
1314817687
1317357553
1319765617
1322727407
1324045817
1324344341
1325857541
1327026403
1327747087
1328623463
1333215703
1336100959
1336725001
1342481407
1342595083
1343597401
1346333509
1346624533
1347948001
1348897591
1352453257
1362355303
1364108461
1365270817
1368560719
1368769681
1370154691
1371838631
1372088323
1372325861
1372681861
1373452033
1378812097
1379932093
1389353941
1393680751
1394640941
1406989477
1411272949
1412262847
1412437501
1412638489
1413741841
1414154827
1418003263
1419459121
1422991597
1425860101
1433928581
1435077601
1435738201
1436131621
1437717847
1438648993
1442017807
1444441861
1450792891
1451755649
1451908121
1452194257
1459248857
1460148269
1465945417
1467566101
1469268961
1471541143
1472461693
1475016313
1476980881
1478491537
1478602441
1483755769
1486312301
1488302401
1493987041
1496207809
1496538001
1497221281
1499467841
1506462343
1513474327
1516062001
1516410901
1519061263
1524708013
1527188461
1527763333
1530159247
1530655057
1537134061
1539620941
1543776301
1544599061
1545049381
1547543161
1548282751
1550788019
1552494131
1552631653
1553479621
1558328257
1558913203
1560400139
1561306249
1563675793
1570997431
1575825689
1582013959
1587764251
1588247851
1588472341
1591655347
1595228863
1600534657
1603810561
1604133631
1609253311
1616387653
1623605149
1625604781
1630062253
1630161541
1631932381
1642610413
1642748593
1645859251
1653321793
1659363413
1661167207
1663832801
1665180091
1665597781
1668055091
1668203293
1669903951
1669944911
1671132331
1671276601
1673513731
1674091141
1678670053
1684281821
1685070091
1688482643
1690380901
1690986601
1695329749
1696259137
1697213407
1701760373
1707704461
1709127811
1711232251
1712640511
1722384301
1722685777
1730239333
1731573829
1733080501
1739428331
1743186241
1743478981
1746543401
1746640171
1746692641
1748736289
1750312691
1751504581
1760013487
1764313651
1767510271
1767803047
1771447019
1773498097
1774096969
1777496401
1778682361
1785414061
1803183647
1803418051
1804972339
1805153683
1806471001
1816853581
1816992761
1833328621
1835114401
1840755841
1841870449
1842254737
1844279011
1847312677
1852869061
1857221281
1863332659
1871052697
1871501633
1872472001
1875441871
1876485691
1880005051
1882634821
1886412991
1887862073
1888961257
1897712857
1899769889
1901906827
1902303721
1912724353
1912950241
1914034501
1914303841
1920301951
1930534453
1930675627
1931519917
1933098481
1934350351
1935322657
1937817121
1937902909
1940174209
1947434107
1947652711
1950575551
1952015641
1955563523
1959594019
1963712713
1968451327
1970256151
1972529651
1977257441
1981560337
1984298317
1986101573
1988672533
2000241751
2006495837
2006703931
2006967901
2011926031
2015015551
2016710851
2021875201
2026633951
2028416021
2029830409
2032102847
2034039871
2034146171
2034348961
2047234801
2048123791
2049842203
2059739221
2060979803
2065946821
2070087281
2073202561
2074993201
2091729641
2094177403
2094737503
2095002631
2113112857
2113483165
2122086293
2122506901
2139191701
2139282073
2140784761
2142442861
2143198997
2144961253
2145126061
2146038157
2146939939
2150466571
2152343827
2153447227
2156567291
2162366251
2169646561
2171631617
2173540951
2177085241
2183240177
2183513729
2185248913
2187720451
2189700833
2191002997
2194422751
2201351221
2203663621
2205388351
2208388429
2216267467
2218473373
2219517901
2222145761
2225587777
2228487601
2229468697
2230305949
2234003857
2242724851
2242883957
2243273761
2246725469
2248354153
2248735123
2251494589
2254796281
2255968331
2259202031
2260585651
2267429599
2270096011
2270214127
2272413529
2279052749
2280105367
2283040759
2290361221
2298373153
2299451111
2300319061
2302591591
2308848361
2315367991
2319891307
2325588229
2330762519
2331181621
2331286189
2336879297
2340456319
2341980499
2344351969
2345678171
2350043767
2360225737
2367267701
2374684813
2375590699
2377173833
2382297283
2388410749
2393924791
2395940401
2397472001
2398220329
2403802133
2404900499
2411193019
2412172153
2414074627
2421049753
2421722297
2422433851
2427448141
2427845551
2433614569
2435792461
2437000919
2451476161
2454971917
2456536681
2458231903
2472646801
2473347839
2477788051
2478066553
2479607591
2480483669
2481403601
2481798229
2485090261
2491651153
2493698131
2497638781
2506874021
2507171801
2514929581
2516684801
2519230141
2520596233
2523611941
2529444149
2550780277
2552735639
2552806213
2553775051
2557026451
2561392189
2564594059
2566732411
2566804501
2579163931
2583322381
2585217601
2598464521
2605108531
2609944381
2613959591
2616180821
2622947131
2624513401
2625047521
2627251741
2628662401
2631959821
2638067881
2642737051
2644235941
2648600677
2649418241
2649744257
2649907201
2656452023
2656494271
2668632121
2676053333
2677193401
2692079167
2693185507
2693638501
2695951457
2698659361
2700900091
2704067497
2705912357
2708960101
2709218401
2712997561
2715246463
2715365971
2715684481
2716344661
2722849291
2728624939
2730384451
2730595501
2730871937
2731874071
2732475241
2737519751
2738053141
2745675589
2747319583
2761993259
2762761921
2765751931
2776874941
2778423901
2778517681
2783370661
2785754233
2788398413
2795883479
2800048717
2801719279
2804278951
2807249551
2811807505
2820853921
2820987289
2822521411
2824992451
2825682553
2827538771
2832384133
2843200387
2849642687
2855047651
2855290901
2857385719
2864461513
2864687951
2874116801
2878862113
2885972701
2895140767
2897736661
2906024311
2909392501
2916266497
2927266123
2931144841
2932327549
2933588503
2947686409
2962591381
2969807233
2970868321
2973569581
2974506841
2978270461
2979009457
2984031679
2986528151
2992394501
2997223121
2999492761
3007539851
3013708057
3028798891
3037464691
3039603577
3042327991
3042763501
3045689443
3047241553
3054297403
3060537511
3076572409
3077170351
3088373443
3094759477
3105542683
3109183841
3116538091
3120056497
3120684071
3131076931
3136852501
3142095661
3148806403
3152711161
3158228701
3162840727
3168831503
3175526971
3184139701
3185299861
3189888001
3194382787
3196681601
3199027393
3205663921
3207635597
3215031751
3215953163
3217744531
3220593823
3221811709
3224109701
3228225589
3240358111
3249335941
3255203269
3258425633
3259249841
3262732201
3264651511
3271809577
3293467321
3302244401
3306393751
3315387133
3316485421
3318645853
3321387649
3322130111
3322810261
3324006533
3349137763
3359213257
3360013081
3364070533
3364355791
3373354279
3381195199
3386720761
3392394721
3393454627
3394190857
3394456381
3397207129
3412861057
3413656441
3417778669
3429457921
3444119407
3446328913
3455803993
3458341657
3462909031
3463907761
3466495957
3471402199
3471641371
3477468961
3480908203
3482153731
3483352297
3485894371
3487902083
3493948609
3494479771
3499299301
3499680913
3502970551
3503825947
3504434431
3519273367
3521383951
3532275919
3533166271
3543203333
3548430887
3549988261
3553508971
3554383141
3563340457
3565699237
3569494897
3573195097
3580768981
3593201011
3595831207
3596312521
3597270517
3601454401
3604813153
3616868623
3625328981
3631504001
3636204109
3636492751
3637239589
3641696501
3643480501
3643888249
3659702911
3668999801
3670404301
3673725151
3673744903
3685046401
3687945199
3695117893
3701890081
3725427091
3729097633
3736293461
3751864061
3759781369
3761743231
3769760281
3775385011
3785056549
3800306971
3803679181
3804483433
3826119911
3832807681
3835882597
3844952329
3848011873
3848844553
3850261967
3850728505
3850782031
3852800033
3869891719
3870787363
3872902051
3874893361
3875965417
3881412433
3881445751
3882188171
3894053311
3903525163
3904816231
3919159553
3920177773
3923743951
3925688941
3928291121
3936931567
3937024981
3937994413
3943958897
3948922951
3950494201
3955340591
3956561701
3960155531
3960653029
3964677001
3965737051
3967486339
3967625663
3969470647
3971677951
3979485931
3979841461
3985375897
3986664571
3987225793
3992486389
3995826847
4010572543
4012161151
4012299493
4034761603
4045723457
4046045257
4046203921
4051338409
4054039841
4062381571
4065336991
4070475137
4079665633
4080054833
4088337107
4103206609
4115106451
4121286907
4124960893
4129258069
4134298897
4140553477
4142295851
4144945351
4145880961
4146254113
4160203213
4166998939
4168649633
4171818211
4200231361
4207191577
4218900001
4220681471
4233982369
4234224601
4238331689
4239174661
4243716313
4246655341
4251724627
4255597831
4257780001
4259808781
4273717093
4276814683
4286028577
4294855699
