15
91
121
129
133
215
247
323
645
1729
2047
3751
7957
8911
9031
15181
16589
22181
22681
24661
26359
28939
33001
34997
38081
39001
40501
43213
49321
63139
83287
88831
90751
97921
99341
118957
126829
128107
129559
132193
139693
147911
153401
184939
188191
192221
192511
209161
222529
237913
242321
256543
279961
289787
291919
304057
310993
330929
347719
360533
437251
456961
463079
476269
512177
513247
515593
520033
555991
561601
579481
604117
627203
633907
638611
653333
665281
708709
722261
729061
749009
763309
817513
831405
833341
840781
867043
876961
928327
994507
1024651
1152271
1209031
1251643
1280527
1298813
1374251
1379863
1527571
1530787
1551061
1557697
1564021
1597321
1600951
1663213
1665391
1717633
1767601
1771001
1773289
1869211
1902691
1905541
1942957
2038609
2058511
2076497
2085301
2091181
2091673
2110159
2324641
2358533
2434033
2466133
2487941
2508419
2517497
2520541
2563903
2570551
2757673
2763451
2880487
2949541
2962387
3075001
3094771
3106843
3153979
3167539
3285361
3383353
3443497
3456577
3465289
3465643
3604201
3697003
3733643
3802051
3816631
4046791
4152127
4224533
4411681
4480477
4517801
4520347
4533257
4588033
4674781
4719121
4729253
4730617
4804601
4865911
4907137
4924217
5090821
5119349
5262241
5902849
5938141
6048151
6123157
6135403
6330731
6577121
6594901
6744821
6774499
6924737
7117993
7151971
7214969
7267051
7396201
7844873
7992913
8097251
8227241
8293381
8417281
8534233
8583169
8773627
8830801
9027569
9035237
9040069
9073513
9425901
9493903
9497197
9552469
9780409
9835541
10018807
10021057
10165751
10205851
10267951
10276309
10445741
10467341
10577449
10998901
11222891
11268251
11339137
11366011
11771431
11811571
11811907
12032021
12065201
12110743
12270721
12336221
12544351
12711007
12724903
12942823
13073941
13256971
13261201
13341841
13628401
13670141
13694761
13757299
14007061
14311711
14368321
14417281
14529397
14555221
14575091
14630201
14843767
14913991
14933755
15098429
15247621
15327841
15378353
15542351
15559961
15943411
16463821
16524985
16535023
16621697
16682953
16786513
16867957
16879501
16884181
16991911
17235721
17265145
17444041
17564401
17752453
18034381
18112513
18212977
18214069
18274411
18391517
18394291
18498251
18937489
19004371
19143359
19212821
19328653
19503691
19781763
20310751
20413993
20521993
20541991
20632051
21001111
21681677
21933605
22259989
22287151
22372423
22536281
22696213
22697281
22994371
23907613
23915893
23999681
24550241
24558997
24904153
25118293
25420669
25493293
25601281
25696133
25810027
26311897
26563447
26886817
26947523
27100273
27248111
27525433
27993187
28130761
28187251
28213333
28406953
28527049
28850719
28855793
29598151
30353149
30567277
30726263
31150351
31194451
31277017
31314193
31388501
31393601
31571443
31642429
31735621
32065681
32817151
33014081
33069907
33420661
33796531
33908981
34166981
34519211
34544731
34932767
35145119
35507749
36675451
36952969
37481401
37510019
37769887
38383867
38423111
38516451
38818597
38825227
38903287
38904329
39096235
39272833
39411131
39469519
39697477
39818761
40182781
40266731
40529091
40543369
40863061
41533201
41572345
41710411
41770009
41899981
43694111
43838341
43893937
44122321
44482901
45670171
45769249
46017757
46104697
46597951
46728533
46780169
47131657
47252089
48690721
49318291
49664341
49679881
49994179
50465321
50833801
51054931
51302353
51803821
51876301
52599259
52955761
53390611
53574481
54459841
54637831
55057621
55533277
56052361
56439001
56479897
57312923
57833861
58638637
59218513
59788837
59953741
60011599
60104981
60398801
60446413
60703651
60885401
61100551
61542001
61565251
61816561
62165839
62383459
62441749
62985391
63318169
63737857
64597387
65565457
65902771
66386881
67274911
67334197
67916287
68088031
68154001
68165761
68182003
68224913
68573869
69745799
70577119
70771307
71006077
71079661
71150341
72286501
72877591
72939569
73254127
73443551
73859731
73945171
73948169
73981657
74473543
74927161
77222179
77999401
78091201
78234133
78835633
79417801
80104033
80375707
81065359
81276211
81926461
82126483
82243201
82353421
82606231
84303001
84401251
84499871
84911401
85769251
85852577
86056657
86100405
86854721
86911283
87465137
87556321
88206409
88324237
89915365
90178901
91017853
91164529
91167751
91880731
91935947
92037749
92131771
92143657
92158441
92354909
92572517
94407811
94534009
94612771
94620241
94775521
96418771
96742273
96894071
97211341
99971821
100016089
100337491
101161633
101195137
102229921
102544465
102603007
103007921
103466107
104220703
104663089
105919633
106664881
106667101
106933349
107936551
108742271
109069153
109533709
109879837
110022383
110135821
110198509
110663351
111021571
111080191
111370561
112723007
112835729
113634307
113901509
114329881
114382951
114668191
115238971
115329439
116151661
116353163
116701003
117022753
117717893
117868819
117987841
119413897
120236707
121485367
122180449
123513601
125122099
126440731
126788257
127258921
127728811
127811833
128215693
129540557
129975901
130343617
130876751
131819101
131980591
132004797
132570439
133328641
133391611
133697851
133800661
134274017
134696801
134746921
134777221
135054401
136021183
136217251
136716889
137181409
137316901
137433751
137824831
138276139
138736153
138828821
139027201
139133611
139810133
139952671
140228443
140661067
142137019
142217071
143797741
144977281
145410931
146292751
147111859
148284193
148359509
148652767
148809421
149195593
149447761
149636497
149806213
149827807
151919251
151931833
152499859
152833897
153750907
154287451
154895833
155715481
156126421
157368661
157803521
158437801
158867083
158945401
159874021
161184013
161216021
162755029
162756551
162861931
163120717
164069551
164411911
164424781
164436553
164458757
164861551
165051457
165213049
165283471
166339057
167472451
167786401
168659569
169448959
170173741
172116181
172947529
173021851
173218501
173678203
175687069
176237513
176387921
176609441
176627419
177254533
177439061
177455701
178482151
179137873
179820257
179992261
180941047
181112461
182253523
182448757
182683351
183939151
184945097
185131483
186125633
188985961
189109621
189686503
190164769
190212181
191127613
191364443
191648161
191808211
192380581
192482291
192946681
193283581
193296517
193475701
195218167
198163993
199104533
199609147
200214757
201261061
201576523
201915937
201949471
202610311
202932991
203231621
203432689
203528033
203687203
204491041
204582457
205747457
207132481
210572821
212589577
214110541
214404751
215310551
217312201
217396481
217625339
217805281
218642029
220012591
220370437
221793391
222631009
224698123
224917669
226366003
226518827
227676073
228194851
228274381
229426303
229772971
230122657
230392441
230879041
231621031
232319953
232743529
232794253
235483889
235950041
236372989
236617261
238622473
238719559
240464837
240493441
240571693
240577541
240785047
241080913
242239321
244157671
245309461
249532921
249707921
250216801
251753441
252876871
252943651
254405713
254719501
255401389
255866131
256245991
258503701
258574783
259116631
259506677
259585693
259773421
262739161
262972711
266051431
268626181
268855231
270984001
271134997
271512301
272615201
273328903
273645221
274144693
275284481
277210081
278192509
279637249
281648641
282589651
283764097
284336809
285129391
288120421
288630343
292538819
292961183
293387777
295168493
295560757
296481259
297888163
299680081
300003181
301413001
302204033
302560501
302630527
303026761
303285119
303639337
304080001
304403281
304642823
307225171
307227601
307534753
307775821
308538007
310575871
310774337
311624389
312773141
313153177
313380971
314154937
314507801
315689977
317188099
318158041
318603097
319167157
321324589
323984179
327553921
328098601
329228131
332407909
333040691
333265459
333826637
334680223
336392341
337783981
338046481
338455153
338753227
340741441
342614533
343079551
343708741
344119021
345197137
345674071
346189939
346305403
347173777
352218031
354506281
356604421
359910101
360018361
360666263
360999991
362276251
363245581
366652201
368419591
372378871
374369221
374993071
375518011
380026147
381116881
381427201
385858381
387503957
387663823
390612221
390943711
392398861
393010939
396518389
396982081
397316137
397602371
397608751
399310661
400253701
400374253
401000401
401945881
402752533
403423801
405683191
406858999
407282851
410238091
410330227
412272901
412402631
413986921
414014221
415800703
416168461
416242927
416818321
417767201
418667401
419507713
421793503
424035541
425848781
427580227
428989751
429629471
431395441
432523051
432525607
433342261
434644033
435022831
436119773
438259933
438306553
439714133
443129311
443353633
446690263
446715221
448158121
448563127
450640667
450837481
450953537
452040751
452115161
460625281
461137363
463125937
465658903
466306231
468950021
469209751
470821411
471928321
472610321
474468229
474970501
475468927
475992397
476599531
478116001
478614067
478784381
481828177
482120827
485197021
485849701
489994201
490566311
491280379
494449489
495159757
495411859
495732649
496177751
497582713
498788401
499199821
500520833
501831721
503255297
504070771
504571891
507079093
507219211
507877147
508606771
513445109
513690607
513921493
514098577
516666585
516775361
519167617
519248341
521063749
521256891
522218231
522417439
523436411
524690041
524854991
526220137
528199897
529774669
531628351
533797597
537242899
537298201
537926899
539019361
539537941
541139321
542761301
544981801
544983883
547652161
547805611
551313001
551490949
552726481
552839431
553093399
553651913
554595229
555321007
557876479
558035713
558162199
561817589
563230907
564842107
566689927
568898551
571559551
571823533
573183451
576973801
577254679
578376415
578560861
579250657
579856993
581331241
582799951
584121407
587159497
588278191
589251961
595483073
598682335
599433459
600790259
602428591
603783391
604581451
605026801
608016599
608781031
610234285
617591611
617706001
620072251
620399791
621361237
622229609
624764071
624787489
625064441
626036041
630496621
635201029
636363547
636602653
636786793
637928677
638502913
639345601
639429319
640325711
640919515
641161687
641601871
642522091
642795427
646191851
648300841
649297585
651514753
652996681
656723161
657031201
659846021
661839823
667563487
669039757
672283681
673218817
674194207
674207873
674382151
674482801
675084073
676273027
677217761
677841851
679905073
679975003
680044697
681303241
682276993
682912777
683581471
685797841
686999401
688640149
690244441
696032791
696085721
696102401
696447181
698035933
705270737
706363093
711867529
715266161
716169301
716959279
717278113
720440033
724568833
724747717
727083001
727785371
729090001
736108601
741214237
741981871
743375271
743404663
744118657
744478901
745462279
745493761
747283951
748528453
753022201
755304541
755662951
756265033
764089201
764923477
765186581
765494401
769580821
770127481
770909107
771888601
773385149
774109627
776081503
776249251
779281123
779502457
779862061
782130553
783393701
785190451
786011281
788236471
788940833
789375511
793252441
793813333
796353391
802232761
803453641
805338641
806754061
807176431
807857389
810866551
811396727
811478533
812260573
813077179
813605917
815430533
815758337
816024161
821696371
830664451
831859313
834296737
837005641
837289051
837920453
839146771
840261997
841592657
842960981
843218443
844893901
845213443
846135361
846961321
850141207
850841161
852888961
853246561
853555177
855288391
856416553
857448467
858268321
858687103
861090413
863746897
867528281
870142879
873571459
874193891
875014487
876289501
876503953
877532671
877595401
878437501
881780381
883490677
884584891
885608683
886922851
887838197
889255423
891122161
891151579
893377633
893604013
894791077
895273201
895544317
896773333
897692209
897916207
901540657
902307199
905655661
905731921
906130261
907074433
908442401
908996245
911363857
918968989
923145931
927629221
929559403
930662111
931483153
932098133
933184801
935008523
935042029
937103561
941058889
943795201
946323841
947922713
949324951
949900513
953379127
955050241
966526201
971163901
971747281
973518001
977983477
978719491
979267423
979736941
979869211
980780347
982055509
985490941
985709773
986380801
986599969
987912361
989810251
992986597
995734531
1000717423
1003062061
1005402133
1005752581
1009178353
1012267657
1012823839
1014119947
1015429141
1019797761
1022193121
1022259169
1022388641
1026101737
1031359331
1032170041
1032685289
1033184629
1034307001
1035156481
1037627051
1039247719
1040295691
1040840863
1041457801
1047088573
1047877069
1050721561
1052294653
1055659411
1056888641
1057979071
1061169139
1062660943
1065413753
1070063191
1070865673
1070941987
1076241367
1077808513
1084952881
1085509151
1088416421
1090469993
1092215521
1092310759
1092902533
1094042321
1094705821
1098177851
1098433051
1101823381
1103102191
1103948353
1104254197
1105281857
1107080677
1107200719
1107379681
1111833169
1116880913
1117547201
1119068893
1120297697
1120981021
1121896109
1123459657
1129716811
1132002847
1133222353
1135301887
1136940031
1137370291
1138777361
1139595631
1141153651
1142300503
1145834471
1148063573
1148701117
1152166681
1157445451
1157575777
1157839381
1158080377
1164015241
1164701521
1165956121
1167035657
1168256953
1169805091
1177753105
1178332387
1182385121
1183978823
1186915861
1189817371
1190480281
1191412421
1191770977
1192363537
1195524181
1196969707
1197621127
1197687151
1198486381
1201773689
1204778779
1207252621
1209610081
1213558081
1216843601
1217181061
1217260153
1217744753
1221226351
1224572161
1224601181
1226855293
1230117197
1234646533
1238737121
1238989751
1241935001
1243898273
1246608443
1247842301
1254200357
1254948337
1256887171
1261410721
1265353501
1268469781
1269295201
1272435181
1272894349
1276279057
1276901531
1277592061
1279206307
1280837381
1287302611
1305150113
1308998741
1309747141
1311701513
1312573123
1313172481
1317011221
1317912541
1318402691
1319265301
1321058213
1321210045
1323086563
1323136501
1327026403
1331413333
1333215703
1335784241
1339487821
1341620281
1343575381
1351423651
1355646961
1365694903
1366451521
1368783569
1374303407
1382453333
1382700211
1387690921
1390161709
1394632891
1397169091
1400651983
1401247189
1403400151
1407531061
1411578781
1412756801
1414154827
1415440699
1418350753
1419575167
1421475031
1424435689
1426319563
1427900833
1431044161
1432354901
1433301473
1433397001
1433533267
1437866561
1442017807
1442044217
1443069901
1445598761
1449623701
1450964851
1451523761
1451635201
1452194257
1452363931
1453053121
1454310701
1456951783
1460437177
1461324841
1463251561
1464442651
1467403213
1467441061
1469279087
1472221921
1472818379
1473460777
1473762551
1473825061
1480258291
1481585701
1482068743
1484742533
1485276781
1486078903
1487387611
1487418031
1491041371
1500924521
1507434391
1508642701
1509065881
1511042851
1512395389
1514138641
1515986137
1516964177
1519313797
1520026397
1521485659
1521530239
1524120079
1526885561
1533343261
1537855961
1540117801
1541050013
1543237921
1547125507
1547543161
1548553609
1555806337
1557142099
1557167497
1562337071
1571111587
1573677991
1576233541
1579579501
1579813381
1581865787
1582791937
1582928821
1585920001
1587473281
1587858301
1588247851
1589766931
1592595703
1593706201
1594069489
1597184761
1597736141
1600243099
1606225951
1606749061
1607307769
1611615151
1613765791
1614341431
1627172929
1627515667
1630568689
1637797663
1641618001
1642868137
1645011831
1645859251
1646710099
1649253763
1651215617
1651518551
1651973941
1653058877
1659087769
1660834051
1663266151
1663628957
1663788251
1664466751
1666216697
1672845571
1683174533
1685100691
1685364601
1689038401
1689957383
1690914781
1696969441
1699076629
1700915827
1701129281
1706302153
1707022711
1707576977
1707863683
1709207011
1709251741
1711676791
1712291311
1715427451
1718050243
1718759743
1719035251
1720112941
1720348903
1721176507
1722463471
1724582611
1727781571
1731573829
1734387227
1735947851
1736186497
1741080661
1742815621
1749321811
1750412161
1751165131
1751506093
1751550221
1757148121
1757585563
1757627617
1764992107
1769039251
1770371551
1772003521
1774403087
1779631981
1784333153
1786504501
1791674221
1794456091
1794772669
1803201751
1807751977
1808304401
1808754781
1809249653
1813073653
1813378051
1816405391
1818271153
1821051191
1822602673
1839201391
1841744777
1844028961
1845051469
1845337231
1848719701
1850863801
1853659697
1854960073
1856009377
1856114371
1864009153
1866409861
1868076451
1872831871
1878054949
1881355519
1882413649
1883785681
1884179273
1892737441
1893873367
1894885649
1894909141
1896944509
1898139707
1900850821
1904524903
1907221681
1908522781
1909085531
1910673067
1912983367
1913296951
1913712751
1914394021
1920301951
1921064147
1943339917
1943366041
1945042181
1946714551
1950645187
1952968753
1961208853
1963181081
1963529443
1963936573
1966146451
1966715537
1969242871
1970068193
1971492601
1972522861
1977147019
1981477411
1983865649
1986749941
1988672533
1995401357
1996404301
1998637609
2001635143
2002199221
2004250141
2008232851
2008585897
2014775911
2017509601
2032608293
2033258401
2034039871
2034368491
2037110689
2042507251
2042985901
2045584711
2058347761
2063338327
2064232813
2065040353
2069182981
2070609301
2077585849
2079090019
2082146617
2085522241
2086236181
2087033551
2088768533
2089320157
2090066947
2094619369
2103239563
2104489741
2109573283
2110728961
2112013531
2112140161
2116483027
2117185051
2117955451
2118881701
2122765453
2122773101
2123792551
2124239521
2126151977
2142302741
2144351287
2145152197
2148615271
2148788881
2159475319
2162366251
2166106567
2166133001
2166825961
2167455691
2168993809
2174790619
2175136133
2175842657
2183757409
2186135089
2187580487
2187614899
2188836413
2196487021
2201347513
2206889301
2207401237
2216011961
2218240291
2219517901
2219615201
2219671417
2227207399
2228389321
2231794681
2233247677
2233868851
2237991643
2239679287
2243691341
2246438701
2248354153
2252775097
2252818457
2256748777
2257069201
2263420459
2269856077
2271447223
2274973709
2283040759
2285914621
2290316377
2290361221
2294187773
2294455411
2295686839
2296094737
2297434921
2298727121
2299876417
2307480211
2313963991
2314433593
2317579951
2318055793
2320640011
2323147201
2323526701
2331181621
2335706909
2337063019
2339921449
2340771431
2342289601
2342756881
2357505121
2369332577
2377011841
2379302101
2381758831
2390720641
2397204001
2398945891
2399094181
2401922881
2405631853
2418196051
2418818923
2419188817
2429657533
2437837967
2441279947
2443725241
2443913911
2445293269
2445498451
2447557597
2448848981
2452476301
2452528261
2454603869
2455764097
2455840141
2456525563
2462190963
2464950979
2466462961
2468922091
2470896793
2471572913
2479691579
2480483669
2485027297
2485230751
2487937813
2489275121
2494128451
2501960501
2502525637
2502826831
2502910747
2503327549
2511776821
2514936079
2518528717
2519230141
2523628033
2530278757
2530611901
2542929691
2545656301
2545660981
2550584671
2553272929
2555016481
2560600351
2560891327
2561654099
2564530321
2570429071
2572534147
2573033357
2580707299
2593490153
2597953639
2605557781
2609527861
2613382201
2616773693
2622242521
2625617023
2648676757
2651251651
2657909269
2658582193
2659939453
2664841411
2666107981
2667765781
2674839511
2682270949
2684067487
2690531171
2690955481
2695366129
2696851441
2699507251
2701920341
2703618997
2705647141
2705760829
2709394507
2710193201
2710627765
2712456601
2723328301
2728668797
2728730287
2730097933
2735823511
2735861347
2738036401
2738053141
2741228209
2745342331
2748174479
2749430413
2750854051
2753284777
2753392555
2754634447
2760438751
2762701507
2764337599
2766403333
2766575197
2775739261
2781169777
2787580417
2787847987
2799428347
2803437781
2803452499
2804783533
2805930949
2810349379
2810365921
2814414331
2815816033
2821637477
2840871041
2847078133
2847436879
2852346841
2857385719
2858583961
2863043041
2867266901
2872829521
2874571741
2875975409
2880814861
2884789153
2890655423
2892431701
2894667781
2895004927
2899765697
2911965493
2916175721
2919254963
2922816971
2924783051
2927963231
2931708097
2932611397
2938386481
2940608441
2947521721
2950786021
2984431339
2986528151
2990274541
2998269433
3000571921
3007658671
3009756751
3009886897
3010979791
3029346229
3042763501
3043064773
3049647301
3052404389
3068534701
3070208261
3077802001
3091144981
3102259031
3109766797
3112723351
3112854851
3128899393
3132201377
3136014001
3139608361
3142095661
3148806403
3154371361
3159917581
3172658653
3172947229
3175526971
3175904033
3177665149
3177814681
3181020697
3182247793
3194076301
3197620441
3205663921
3211997891
3213956351
3215031751
3216060259
3218685311
3219865741
3228044821
3229979653
3243537751
3244049201
3246833767
3250770041
3251586241
3252715567
3255266629
3256366051
3265122451
3268531837
3273820903
3274264033
3276041833
3276109237
3280717837
3295449901
3297659221
3298700737
3308022271
3314111123
3315139717
3326087273
3330853793
3335899927
3338888811
3345593833
3346430497
3348969121
3349859701
3358551043
3359120311
3360028751
3361517371
3362615407
3365177329
3367360903
3371350501
3374598781
3379319101
3383477191
3389409871
3398362291
3409782241
3412575097
3413054251
3416715583
3417451363
3423580481
3426484993
3428973001
3434453569
3435462601
3436450951
3440006659
3441666181
3442565537
3443019667
3460065541
3466158361
3472062053
3474542497
3476820673
3480387041
3485247793
3489367813
3489596849
3491799709
3496558301
3498475549
3501932933
3508999651
3513604657
3514590239
3517040701
3521137951
3523435681
3523820917
3528411457
3533874891
3535499017
3542087209
3542471221
3543772681
3556169821
3563340457
3572982557
3574087859
3574726021
3583581511
3585952243
3588937501
3589884131
3595831207
3611757253
3613663441
3617272783
3620127871
3621992533
3625062673
3626973589
3627376201
3630596257
3631019389
3631880971
3632611621
3637386763
3642436321
3643586131
3648491551
3651150331
3656511073
3661441261
3665242951
3672754633
3673744903
3676859453
3680455117
3686019793
3696437831
3699020257
3704116219
3723447997
3724447483
3725499263
3731194807
3733722301
3736293461
3747084769
3756668401
3771099383
3774090241
3779624707
3785056549
3801668011
3806051719
3806780755
3809838101
3810778337
3813919453
3838174661
3850547401
3859546687
3860626861
3863775137
3867183937
3869668351
3872013751
3874270321
3886515361
3887683021
3888499861
3888868751
3893239261
3896343661
3897911689
3900163213
3900314251
3903028183
3904734601
3908413559
3915262171
3924892921
3928076101
3937024981
3942175969
3942387415
3944598491
3947434681
3953949421
3964220371
3965737051
3965807791
3971095301
3974938493
3978869851
3985914529
3992486389
3999372433
4005883571
4011996871
4032895609
4034063899
4035498409
4055746861
4057769041
4058772577
4066007107
4076515171
4080054833
4082576387
4091153431
4099572973
4103745689
4106003617
4108235773
4111674323
4113742057
4119971521
4121347231
4126814791
4127655001
4130257249
4132720909
4133048921
4135285369
4144821157
4147525429
4147913641
4158560953
4160411251
4164208753
4173791077
4174459483
4175289271
4183465301
4187906581
4190411041
4199803861
4237802713
4241317571
4251405781
4260500201
4260868861
4271832671
4273042379
4277526901
4278370699
4280905831
4287246601
4288457561
4294416583
