65
159
553
703
1891
3421
3865
4097
5713
6001
6533
8149
10049
10585
11449
18721
26281
28873
32551
37291
38503
49141
49241
49601
50245
55357
74089
74593
79381
85073
93521
96641
100807
102565
106051
112085
113527
121801
136681
139231
148417
208681
226801
250717
328001
336169
360533
378319
382123
432821
446431
497377
545761
551051
561601
597871
608203
622703
634429
636641
642001
650203
669061
669761
670213
694153
721801
722261
728641
761405
763693
769841
775297
786601
796111
878461
916327
954271
1000729
1003213
1024651
1085471
1086065
1101601
1123201
1127611
1137679
1180763
1235467
1278663
1304311
1333603
1446241
1462121
1567543
1603213
1605353
1707001
1735841
1777793
1809811
1841611
1953391
1984009
2050501
2084377
2107729
2181121
2207659
2253751
2284453
2288413
2337301
2406401
2520541
2575501
2640133
2724931
2739481
2804279
2895121
3032911
3054481
3076481
3100417
3204085
3309967
3375041
3400013
3506977
3600271
3660781
3669973
3818413
3822337
3955381
4071101
4240657
4335241
4480477
4484401
4496321
4543621
4767211
4874071
4966921
4981145
5206001
5237551
5292631
5409601
5558873
5601421
5627953
5987329
6043771
6056161
6157601
6278533
6365941
6402811
6420481
6469111
6478321
6503321
6566671
6642217
6955541
7020217
7045501
7344947
7532713
7564253
7759937
7963753
8139687
8167361
8333333
8465203
8584165
8883811
8902741
8952763
9338323
9399457
9607601
10008307
10024561
10403641
10642339
10810201
11446597
11578169
11612371
11648779
11789117
11811907
11915191
12032021
12147389
12343321
12407011
12676483
12875311
13193273
13220681
13359397
13694761
13703971
13807957
13821193
14126401
14396449
14685179
14852017
14892541
15135451
15431791
15495041
15604321
15884821
16064821
16166899
16346899
16484869
16808801
16898251
17202337
17429861
18212977
18303319
18507809
18605665
18809911
19212821
19305217
19397449
19473001
19732897
19981081
20518651
20576089
20633167
20770621
21069721
21400481
21654533
22047931
22080745
22170751
22187791
22259869
22342861
22649161
22721791
22984631
22994371
23287153
23292361
23367371
23382529
23473873
24399649
24482503
24511549
25052527
25055101
25162741
25462501
25474069
25609277
26053483
26566273
26782957
27188929
27232291
27664033
27716593
27816391
27956503
28096351
28103041
28107169
28593811
28805713
29097953
29194453
29411201
29426513
29771299
30013829
31181581
31201801
31405501
31495885
31563481
31838929
32091781
32251979
32572331
33717991
34211101
34398787
34516561
34546123
34817353
34840087
35213459
35340769
36053333
36198073
36532147
36952969
37192321
37354465
37467151
38120041
38826391
38913601
39545221
39957373
40433551
42266251
42516263
44647471
44736511
44760581
45504343
45786133
46580719
47925121
48191653
49030381
49105387
49265821
49573627
49923721
49931461
50649751
50672701
51430381
51685889
52775101
53638903
53675623
53802673
53949761
55982191
56085373
56160133
56423599
56583199
57192469
57544111
57833861
58449847
58624039
58756057
58920541
58986091
59105449
59321753
59856193
59946961
60981971
61201009
61553941
61840651
61957249
62289541
62426677
62441749
63193393
63553621
64036831
64042903
64377991
64383341
64951501
64974643
65184661
66007061
66582793
66755711
67525501
67900033
68066753
68621701
68666291
68770873
69376661
70018561
70020367
71035901
72115831
72286501
72847639
72993601
73289861
73705633
73906681
74591089
74976091
75823457
76307617
76462771
76906551
78861311
80009141
80108653
81002809
81676081
82828021
83870851
83904913
84350561
85572631
86067367
86555717
87285421
87854761
87968857
88367351
88385977
88908331
89273881
89532271
89782877
89816411
90014653
90970133
91116439
91319581
91514543
91794751
92267341
92625121
92779831
94684261
95024863
95277421
95594617
95831929
96242147
96708643
97444657
97796953
98340089
99091081
99625351
100227781
100590463
101724197
102670657
102678769
104220703
104569501
105746873
106216771
106319359
106485121
107047981
107520533
108217381
108906901
109437751
109507663
111291181
111459601
111594145
111991777
112318721
112402981
112828801
115351933
116473589
116613641
117925291
118172251
119601847
119962621
119990627
120870781
122384527
124340221
124574413
125490061
125686241
126428851
126440731
127535651
127758529
128088547
128631427
129225097
130271329
130693393
130863373
130876751
131496371
131528401
133800661
134204071
135433057
135829601
136545067
136790161
137079991
137340451
137401591
138828821
139551301
139810133
139888651
139952671
141282181
142036471
142930657
143520833
143971777
144369373
145251091
145504237
145517677
146053267
146156617
146171119
146272901
146613689
147436001
147663001
147920821
148344881
149532571
150454081
150841213
150988753
151264513
151412993
152309917
152472601
152797927
153589801
155239979
156458881
156463159
156691291
156840905
156864601
159872641
159909499
160866001
160940251
161312881
162230401
162395521
163266017
163441171
163484101
163759753
165525377
165938653
167028731
167372437
167472451
168069661
169086341
169234003
170782921
171141807
171515719
171915859
172035841
173021851
173218501
173260551
173401621
176592883
176977921
178482151
178691197
179560963
179593501
180460849
180628381
181861879
182440499
183902981
186125633
187736671
188143049
188184151
188985961
191321407
191648161
191901711
192059891
192888901
193330237
194175049
194389903
196035001
196075949
198326521
198336529
199292183
200479301
201246139
201466501
201576523
206006533
206623873
206905501
208464887
209301121
209802581
209990881
210062681
210683593
210982619
211794001
212698711
213035761
213954805
215185741
215377933
217396481
217517653
217888477
218206081
219621781
220531501
220670011
221368153
223018489
224138449
224294533
225822601
226359547
228663793
228883789
229278253
229742461
230247841
230508937
231621031
232680871
233636827
233804341
234005857
236142479
236502313
237162437
237687851
239636323
239806561
241094491
242435549
242447441
242650717
242863219
243855397
245309461
248409883
248604019
249183271
250016159
250171001
251045371
254405531
254433691
255522889
256471349
256665571
257757151
257850613
258503701
258507817
258877721
260768527
261353177
261504673
261856261
264492559
265012723
265083013
265638409
268207409
268253831
268579057
269143051
269526097
269731841
270342581
270343471
270433801
271092553
271550143
271763467
273480637
274090097
275101373
276620089
276751201
277477903
277997833
279229331
280512581
283464001
285111667
286023403
288630343
289105741
290919043
291102689
291641401
292141999
292961183
293123359
293987233
295826581
298362241
298533871
298811017
299960839
300979369
301413001
303651041
304097353
305464661
308483821
308538007
309255301
309748937
310425205
310693633
311213701
312789493
313212511
313338061
313346221
313502191
315689977
316070173
317548837
317688251
318465703
321850849
323634653
327252619
329682149
331603201
335304691
335903419
336098957
336273211
337135501
342567361
345579067
345620059
346305403
347982109
348945481
350454479
351910021
355297301
357241361
357782311
358770959
359112857
359956981
364857751
368721601
371376631
372179677
372671041
372810719
373491473
373906513
374325841
375874561
376396021
378682537
378734203
379363267
381116881
381587471
382293559
383407741
383740561
384199559
384415981
384656791
384770017
385038721
387555737
390057997
391416301
392275381
392881721
394689371
400844107
401186839
402863221
403548913
409448503
410044951
410060809
411589417
411988207
412151381
412402631
413028265
414058417
414109697
414688619
415108891
415800703
416463013
419615173
420595471
424814447
427356439
430532717
431245621
431721271
432846031
432896761
435022831
438247427
439212841
440990009
441607393
443129311
443230651
443353633
444247651
447346369
448563127
450242099
452330413
454398193
454480517
455376001
455461471
456567151
460585861
461235061
461329601
462867319
464816461
464911633
465009661
465505633
465658903
467135281
469767691
470120257
471272299
473170801
473764127
474246271
475992397
476189437
476304991
478614067
481831681
486648961
487560043
488695351
490234951
490803461
492203671
493021831
494739697
495416503
496416871
498059647
498529081
499020007
499409483
499664131
500983627
502029313
503935921
504287911
505226767
506370439
506883529
507520133
510126247
511324273
511395739
511773499
512027933
512330281
517100981
517448077
517567051
518810491
519923321
520307101
520331953
522655801
524151253
524801551
525129601
525255197
525957697
527264281
527711863
529493131
532859801
534412171
535776691
536003333
536373703
536479687
537898123
538412033
539233069
544005697
544618801
546322201
549114931
549162511
551856551
555245947
555319311
555321007
556056601
556117433
556268497
557160241
557678881
560484307
563499847
565743817
566820013
568339069
569561779
569852557
570425329
570605713
571812433
573136513
576691741
576925057
577232657
577521001
577685533
578560861
579606301
579942641
580770913
581008457
581603933
582182257
584570491
585168193
585264577
587336401
588881473
589013119
591698911
591826327
592020969
592240249
595590841
606595939
607538621
607745377
608647051
609181393
613840489
616521211
617718193
620994817
622456759
622998427
623332529
625371083
625842713
626644045
626645611
630520921
630918367
633595201
635689633
635923513
636111451
642254901
647190253
647246041
647265907
649235341
651075241
651895009
652737871
652969351
654143491
655219207
656723161
657465391
659253085
661321511
661426561
663352549
664180381
666353143
670567301
670987021
671768641
673798819
676839529
676936751
678935893
679975003
680672149
684634133
685073341
685129141
686211397
687776311
688119247
688176001
692178049
693730357
694580351
695290829
696447181
697209091
697791403
705883951
708477997
709046269
711027073
711304903
711374401
714942121
716136721
721828661
722339623
724463359
724941559
725368471
727459921
730704133
735287221
739182291
739643491
743233537
743404663
745165477
749339641
751632151
753143761
753260971
754069039
755554981
755914681
758026751
758246833
758855791
759190087
760131139
760241089
760264009
765186581
765275221
765535117
765743233
766737217
768254521
769041281
769877707
770992813
775136251
775368901
775527169
777316601
779571571
782330231
783189457
785418247
787085857
789376927
789707707
793291573
794168317
794348419
796784773
797481301
801866647
804978721
807857389
809068321
809607637
811359649
814056001
814606831
817178107
817601353
820266559
821735461
822819341
828201961
831339601
833408131
838357141
839300611
839853109
840399589
841082161
845569591
846649957
846963053
847816861
851530681
853033105
855063551
855073301
857100421
857450287
858687103
862473691
865746281
868113937
872311441
874193891
880065037
881573051
881613061
882383041
886338487
886837069
887141971
888903121
893398411
895349029
896231953
896263705
896448211
897756751
897916207
900546167
902133961
902351521
905144041
909521911
914533201
914628719
916428547
918661501
918730801
920908631
922026877
922816633
924775699
925749079
926503231
927881089
930595697
931184201
931869553
933814351
934186861
934571041
935018701
935227591
935373151
935673985
936662687
938030101
944039611
944832533
944919141
948337111
949344637
951097841
954439999
954785791
957236743
962375941
965501857
968214421
971245729
971661133
972471151
973368481
974256571
977463631
978864511
979543937
980957071
982129951
982169277
982312907
985075681
989768893
993885751
995405863
1001338771
1001979019
1005347537
1012371319
1016664139
1020442537
1024605121
1024966801
1027018207
1027744453
1030336651
1030402681
1031268961
1032997789
1035046141
1036850131
1041953641
1045186691
1048385671
1049917867
1050535501
1050721561
1057952501
1059193297
1059738301
1061935393
1064519011
1065602281
1070618401
1073729801
1076867977
1085708651
1086444001
1093870387
1093916341
1094778241
1101731401
1103948353
1104698389
1110148033
1115131681
1120299769
1123099651
1123819951
1126917241
1127152049
1128775033
1133110837
1135103867
1142408257
1145170153
1146209689
1149544481
1151134081
1152088033
1154078033
1155554497
1155751031
1159896277
1160358359
1160446981
1173008131
1177673647
1179336439
1180970407
1184554801
1184556673
1188562541
1188646903
1189817371
1196239521
1197621127
1197822751
1200659401
1202294941
1202893561
1207034851
1207443511
1207527931
1214292433
1218710791
1219349041
1221978503
1223326721
1223398981
1226676631
1229956003
1231340779
1236313501
1243540877
1244963413
1246448909
1251447553
1260257329
1261005377
1261099531
1266003461
1268018093
1268946253
1269616609
1272866167
1275188773
1276581307
1277310731
1277446591
1281957751
1282875397
1287089701
1288449541
1290307861
1290697087
1291412431
1291778041
1291933501
1292037877
1297712641
1300609729
1301204087
1304746483
1307004641
1307129977
1309723213
1310935591
1312229161
1312845661
1313306399
1314941389
1315737067
1318514833
1319315713
1322785081
1325746927
1326160291
1326974897
1330187101
1333215703
1333881641
1340589911
1343214661
1345042469
1346624533
1347387361
1349579701
1351345057
1351605509
1352165101
1352581201
1359085033
1367925787
1370135521
1375684831
1381243709
1384878793
1386121871
1387360321
1387953289
1391207581
1393340041
1394482003
1399230289
1399938097
1401547687
1403644951
1404253369
1405891171
1406835613
1406851249
1411040359
1413652171
1415814409
1419459121
1431044161
1440752827
1443742273
1444590859
1449748441
1451472553
1453543621
1456527461
1462540487
1467817471
1468824787
1469268961
1470916261
1472221921
1474872001
1480849831
1481990773
1483463623
1484377651
1484981851
1486078903
1489949803
1492762133
1495132417
1498180591
1499467841
1501194397
1502434501
1503570611
1504832033
1504915611
1506428491
1506818881
1508953447
1511751601
1515103591
1515664153
1519129081
1522669051
1526597353
1527240451
1528091837
1530159247
1533555271
1534832149
1537561741
1541828569
1544903011
1545552961
1546508057
1549308001
1564278211
1564355857
1564383089
1569202181
1573936939
1581889069
1589853281
1590564601
1592595703
1597080391
1603597171
1604234413
1605057793
1607530051
1607753629
1609913341
1612023817
1615468039
1616634581
1617012277
1617938009
1620688891
1620742223
1625075321
1629562513
1630062253
1630161541
1631363251
1631978771
1633688129
1637436457
1638564181
1642588273
1644637051
1645859251
1650287083
1656537421
1659062401
1664113987
1664752883
1664934001
1666077601
1682675353
1684257049
1685100691
1685112829
1686298447
1687929781
1688983957
1689093677
1689502691
1700327353
1705344253
1706454829
1709259553
1712079181
1712392321
1714935377
1715198197
1718747857
1720090289
1723787353
1725773281
1726372441
1728960133
1741436533
1745705977
1747678927
1749731609
1752304321
1754152177
1755172945
1756007321
1756607473
1757055847
1757585563
1760014561
1761725869
1763702533
1768279081
1769091241
1769371189
1775902213
1776399059
1777368013
1786169431
1787068819
1787148023
1787371813
1792331861
1796645341
1798244801
1802873041
1805153683
1806241337
1808131111
1814832463
1818097201
1818827141
1819812737
1820428993
1826632081
1827702101
1828887061
1831947001
1836484651
1837537651
1838453203
1840512787
1841840461
1844279011
1849791373
1852817293
1852869061
1856009377
1858197961
1858435451
1863332659
1864009153
1866409861
1869875281
1879111697
1894909141
1897321619
1897712857
1898575499
1906646977
1911197947
1911334231
1913653351
1914997141
1917024271
1917083449
1922905837
1924810291
1933740491
1934350351
1935444281
1935976789
1941094123
1945042181
1949835221
1952417461
1962058697
1962285799
1968334001
1970097001
1973590117
1978301557
1984474507
1994901151
1997844157
2014562527
2017797497
2018753801
2029409449
2033927309
2034315553
2034348961
2042467741
2042880181
2044309249
2046528013
2047848839
2050011157
2052500347
2056400731
2057703649
2058751477
2060547061
2062897607
2065751047
2069182981
2069490277
2075939191
2076192007
2078948233
2082273301
2084840551
2088126151
2088768533
2094437687
2097290467
2100558799
2100641761
2101524673
2113112857
2113899553
2115769633
2118895241
2120568673
2123241451
2126842321
2130134533
2131620571
2133676693
2134223081
2136400813
2141033203
2142302741
2142871459
2143267211
2143585621
2146888351
2160859849
2164957957
2173540951
2185496881
2185721539
2192257009
2194422751
2197142113
2203663621
2204022991
2207140921
2209025881
2217839131
2218416619
2219008177
2221524433
2223471251
2224183501
2232378019
2234695231
2239755841
2240089951
2241265951
2249447761
2250292687
2253693641
2256821027
2257572013
2262751681
2263411351
2276606503
2278963051
2280743011
2284824719
2286489397
2290361221
2297777593
2297978413
2298732481
2298773143
2301316033
2301980801
2304344813
2317403089
2319891307
2324525501
2325792751
2327340601
2328772231
2329906921
2332308469
2335341601
2336184913
2336355841
2341948303
2356227361
2356388221
2363582891
2365443001
2375286031
2379503947
2380085989
2380603501
2383164577
2383788691
2385076987
2392315969
2398278541
2399022077
2399802877
2413359313
2414983169
2418501541
2422548451
2422879807
2430279001
2432768573
2440888381
2441279947
2441381381
2446205797
2450887057
2458231903
2466452101
2466498497
2466602737
2470869253
2473520197
2477857201
2487604351
2494128451
2494425571
2500535269
2503327549
2512962079
2517714091
2520644879
2520722485
2523736531
2525436161
2529475537
2532630787
2538009601
2542958377
2548776871
2555391481
2555954977
2558669557
2562814621
2563596751
2564263001
2573635501
2579163931
2581982989
2592616387
2596097911
2597204989
2597602351
2611610129
2626769521
2631711283
2632626901
2650162267
2654851387
2659265701
2660726881
2668734199
2671565177
2681218321
2689670881
2693185507
2699471503
2700456001
2700768689
2712597113
2715365971
2723453701
2726395393
2726677261
2740766059
2750435651
2757034061
2764761361
2770820641
2774083831
2774577031
2778453001
2788694749
2788958827
2793293689
2795883479
2798644423
2809600697
2814177901
2817882607
2819579747
2826369457
2845140481
2855661121
2858583961
2859283321
2866203073
2867145373
2871787783
2875793537
2885816431
2891484383
2896057313
2898812211
2899638523
2903729051
2908648009
2915953633
2917899527
2923467751
2944076111
2944080133
2945960033
2948673901
2951905027
2959832737
2960416561
2964206221
2970486251
2978650819
2981000177
2984431339
2984440961
2995097503
3000864403
3004318153
3005131889
3005215081
3005429197
3011242001
3014899273
3015197827
3021242347
3024242731
3028013389
3029147137
3044238121
3047241553
3047897089
3049803811
3054297403
3056770921
3058670677
3060537511
3066946469
3068748337
3072497671
3077161127
3088745479
3095872807
3098430737
3101057137
3102055391
3113223037
3132891829
3142749457
3148473043
3154132801
3157579861
3164917411
3166658713
3167734417
3169830751
3172658653
3175904033
3180098881
3180818401
3189691891
3189888001
3190667089
3191296499
3200822851
3200985217
3203509327
3211036165
3214329049
3221099911
3223328863
3224026681
3225766801
3231081169
3235016737
3250501147
3263639419
3269381611
3273820903
3275111761
3277480627
3279052817
3282974857
3286184287
3287063113
3288497923
3290222179
3307890623
3311236741
3315054601
3315207197
3316485421
3321026569
3327889561
3331422343
3332340703
3335166977
3335246503
3336877387
3340318801
3349753843
3349859701
3349997731
3353152321
3362215561
3363763231
3374564051
3378687817
3380478391
3388238101
3399901517
3400300801
3407609221
3407952169
3409527857
3420522289
3420524467
3423587873
3425644927
3437677111
3439750501
3441666181
3450410261
3450935503
3451053343
3452066101
3455792357
3458954071
3459071017
3460366001
3462909031
3465373759
3480908203
3482137231
3504714571
3505364101
3512291021
3518807791
3532263169
3541895177
3545311183
3548128501
3555423083
3565255451
3574500703
3583581511
3586298717
3586592953
3586833253
3589884131
3591719377
3591808921
3596724479
3599942113
3600712303
3605151241
3611325727
3612422881
3621045451
3637884673
3638653201
3640078333
3643737431
3645846221
3649145701
3650459077
3651766633
3653266681
3659258219
3659477977
3664814347
3676117651
3676937903
3679657997
3679947751
3697148251
3697434133
3703178881
3704116219
3704558369
3709857757
3713396291
3713875831
3731584429
3732311969
3742646601
3743816491
3744500131
3747084769
3754390741
3758368307
3759324691
3765418333
3780837649
3780883123
3780964657
3786784093
3788030251
3790780057
3792106931
3796103677
3797969297
3803435137
3803999113
3825160033
3827199269
3828335557
3831903011
3832620529
3843692971
3845485513
3848234513
3848303521
3852262831
3852648001
3855125017
3855932281
3870685321
3871476001
3875294249
3878450413
3879540817
3880249927
3891367747
3892217401
3908908033
3917450353
3917848663
3924477901
3929293061
3930606451
3942600481
3944757419
3949375949
3954851557
3957330341
3962810881
3962944529
3965123551
3965914801
3979894069
3983221783
3986664571
3994291921
4005319771
4005840541
4021752001
4023311231
4027212499
4029270841
4030783637
4036569359
4041838117
4043080207
4054268071
4059776533
4081806919
4084172761
4099441303
4100934241
4103491631
4104383851
4106003617
4106260033
4106442751
4116314539
4120750261
4135285369
4144680541
4144945351
4167331667
4168649633
4169525681
4170474577
4171552001
4171781461
4175289271
4181322809
4187360341
4191454411
4195630171
4202817481
4207016893
4214321521
4231565311
4232518291
4233038779
4242354731
4243733363
4262849551
4283417191
4289393281
