9
25
27
33
65
99
297
325
511
703
1603
2201
2705
2871
3097
3537
6031
7033
7543
8371
13525
14689
14981
16589
16717
17767
23377
23843
24727
25351
28991
33001
34133
35165
41059
43213
44287
44801
48133
52633
64711
66991
68251
71107
76627
79381
79957
90751
97921
99499
114589
117019
118301
130561
133141
139231
162401
171211
175825
186961
187525
212101
218791
222301
235549
255403
269011
279091
302177
312157
317683
352243
385003
389281
396047
434531
457561
458403
475337
489997
497503
552451
554041
561601
575801
631177
653333
718537
718831
753667
818119
822251
857917
871893
905633
948025
1010161
1056331
1080997
1118057
1146401
1200967
1229509
1251643
1282777
1357441
1430951
1433407
1463749
1519183
1530787
1566891
1578097
1601101
1627921
1656001
1690501
1711711
1735147
1813825
1902751
1950257
2008597
2030341
2032097
2075701
2104873
2163001
2169611
2205967
2211241
2253751
2268541
2298523
2394307
2630071
2664425
2703751
2741311
2741359
2792889
2872321
2926503
2944901
3011479
3019321
3204481
3220237
3383353
3568823
3580741
3727517
3796747
3887323
3913003
4038361
4090501
4145131
4150387
4177507
4224533
4277581
4504501
4509523
4588033
4727521
4756321
4851551
4858801
4863127
4935701
4941553
4981145
5044033
5058901
5122133
5371577
5465689
5603333
5701697
5730859
5770301
5964859
5992561
6089071
6233977
6314879
6514223
6692617
6755251
6835441
7086017
7434541
7566183
7573201
7624501
7686401
7758601
7777433
7840273
8067523
8086231
8417251
8437339
8648725
8688737
8818883
8902741
8917969
8983673
9074183
9085303
9353761
9433601
9453011
9973693
10141837
10238425
10679131
10702501
10982329
11384901
11921001
12128341
12194905
12318541
12490201
12547901
12832951
12890503
13012651
13032991
13042121
13313897
13324411
13338371
13499191
13525669
13747361
13888513
13914181
14118571
14135101
14334739
14913991
14919757
15038497
15059171
15247621
15371201
15471667
15647297
16162457
16300423
16452901
16666651
16904773
17079619
17083441
17108701
17661403
17878621
18235351
18453821
18491987
18520141
18535177
18736381
18740971
18862511
18929291
19071397
19103809
19117687
19538221
19609633
19732897
19893469
20106381
20117467
21236993
21397381
22191553
22781861
23286781
23363461
23686951
23868781
24250651
24311101
24490201
24735061
24904153
25284897
25360819
25618387
25620467
25629913
25700221
25869037
26197925
26378623
26470501
26886817
26989979
27217477
27492581
27509653
27527141
27788833
27956503
28785907
29258269
30332803
30709831
31040833
31120099
31334881
31742929
31989109
32079001
32196649
32436181
32653363
32817151
33281159
33366841
33476633
33796531
34097467
34129321
34225661
34840087
34865471
35179117
35213459
35677981
36120901
36709999
36758933
37093607
37115707
37193249
37317349
37649503
37869607
37962541
38394487
38714237
38725849
38933521
38967291
39371141
39547171
39676033
39834061
40782589
40821551
40916591
41995153
42149971
42271321
42536099
42652429
42709591
42767251
43036003
43248301
43672609
43753301
43903651
44628673
44671001
44753311
44885761
45383911
45491833
46094401
46122259
46183801
46209101
47953621
48304481
48327427
48949561
49598209
49832749
49862983
51546067
52267861
52493647
52494541
53728921
55431023
55797551
56160133
56322961
56472431
56715301
57065101
57530419
57609397
58675459
59379013
59606719
59840537
60446413
60957361
61092481
61300121
61621561
61832377
62176661
62399041
63065281
63096151
63320161
63397751
63606563
63818101
63935821
64349011
64377991
64548001
65886481
66345221
66540701
67065571
67902031
68133469
68245909
68765167
69274591
69382951
69742289
69747113
71478037
71871931
71908849
71960743
72182111
72541681
72611701
72721097
74011169
74011537
74608507
75013889
75070141
75401461
76078351
76479397
77146831
77349559
77594653
77622533
77637463
77790371
78167701
78235499
78727261
79624621
79732153
79828531
80993781
81244951
81376903
81954133
82452061
82606231
82818541
82929001
84172339
84288551
84701371
85296251
85400701
87466843
87573331
88005961
88495111
88903649
89067031
89517299
89599273
90238831
90660881
91291537
92572517
93284671
93591721
94107763
94116401
94653997
94792951
95445925
95594617
95829131
96013279
96215533
96337613
96411793
96797737
96905551
97871699
99701281
99830641
101340877
101451025
101547217
103901113
104083351
104220703
105042809
106315063
106556971
107478451
108165329
108467209
108733451
108804271
109231229
109541461
109838431
110043119
110631841
111080191
111189001
112465831
112828801
113197061
113406481
114712363
114849901
115447351
116631331
117145981
117308977
117662981
118387447
118737901
118846151
119413897
119710951
120942317
122180449
122259769
122505571
122720833
122839417
123647173
123771511
124038337
124141447
124766101
125997121
126132553
126994021
127219457
129505807
130207309
130569781
131208029
131391193
132858001
133157701
133467517
133835731
134295061
134859709
135969401
136469477
136625941
136962151
137340451
138336661
138736153
139840471
140397139
141069067
141894871
141952639
143078869
143145157
143356897
143520833
144526051
144728887
145410931
145820503
146053267
146919421
147042631
148359509
149941837
151488451
152791099
153484637
154287451
154626187
154834177
155449243
156043049
157451963
158068153
160563313
161216021
161304001
162859351
163039501
163759753
164279569
164292577
165283471
165590947
165938653
166444181
166805633
167286913
167692141
168624379
168873127
170449249
170596201
171328523
172018667
172035841
172404637
173806733
174429127
174722941
176106421
178228801
178482151
178918741
179363147
180533053
181120993
181290323
181503691
183189397
184071581
184228591
185040703
185389891
186393481
187137451
187159501
187637071
188043913
188516329
188985961
189482107
191533141
191763041
191981609
192518173
192800833
193133557
193475701
194389903
196049701
196075949
196100623
197239591
197558401
199410553
200962213
202130197
202382629
202419151
205368451
205528389
205893577
206623873
207132481
207685567
207939301
208125901
208929283
213011371
213264973
214110541
215310551
215436241
216445741
216821881
218603617
220531501
220883521
221160151
221445197
221817961
222524347
222918151
223018489
225499957
225504311
226061921
226359547
226366003
227564767
228000197
228125341
229671451
230689369
231058241
232460821
234763337
235928071
238001653
238571503
239012929
239291599
239395349
241370179
242225551
242229149
243957949
244061371
244175779
244240237
247540501
247626829
248152843
248454277
248863231
250216801
250671217
252260083
252268981
252552301
252627991
252888781
255858881
257223331
257460851
259141583
260583529
260649901
260979463
263607191
264129809
264418753
265418401
265685509
265751389
265893601
270435673
270939703
272436949
273922243
276638321
279591149
285542711
286283219
286412881
287762509
287810041
287925023
288630343
288997633
291021121
292409651
293209531
298643329
299013343
299569051
299736181
300866581
300979369
302784751
303012121
303737347
304092361
304384117
304642823
304807051
304858171
305513371
305703427
305739901
307849741
308538007
308550061
310067101
311431583
311671361
312773141
312940801
314283601
316525483
319353943
322857073
323006809
323673239
325834309
325938251
325939771
326695141
327448553
328830917
329153653
329769721
331744051
333842383
334291981
337160227
337598731
339033221
342653949
343460461
345253819
345674071
345753097
346305403
346510501
346976257
347325301
348177971
348998917
349470703
350502121
358098841
358416577
359887711
360018361
360770983
361014949
361277101
361433581
366487201
367307461
368436823
368476501
368721601
369463387
371376631
372167101
372432451
372718711
374745551
375321643
377459263
378089599
379270651
380135481
385065391
385319089
386925551
387311107
389064589
389347291
390507325
390609941
390914431
391663273
392113387
395044651
396588853
397847899
398754667
402698539
404022721
404667649
404913461
406751407
407234425
407282851
408966533
411589417
415066393
415930061
418685761
421138801
422012609
423722593
424410433
426681313
428457251
430802101
430833313
432457723
432525607
433379101
434932961
435408619
437297801
438111463
440663077
443384023
444869713
445229233
446235373
446715221
448047181
448470419
450808381
453919201
456423151
458102821
460908317
465335459
468594569
472057633
473750371
474970501
479059069
479090665
479792597
481637381
482164597
483175351
485328187
488175601
489255271
489912961
491545881
491646403
494099597
495648451
496982501
497285713
498059647
499411981
499445041
500399551
500747293
504623557
505678301
510285907
511694429
512881525
514185857
516058201
518548801
519167617
519276757
523964059
527466241
527631553
536120933
539019361
539537941
542485651
542571053
543444487
543730181
545738203
546497101
546744487
552573793
554565961
556265131
556450777
557548801
558771931
558977761
560907271
562467361
564070417
565285939
565769251
566689927
568739557
570491461
572496523
573435133
577352641
579245653
580186133
580215637
587444287
587561311
591698911
592315613
593174773
594163441
594996877
596467971
596995747
599374441
601568881
603115651
603526897
605990911
606886561
609137713
609491009
611359951
612816751
613544611
613965041
615032437
615540251
615542299
616944641
617424001
619886023
620966413
621127937
625060801
625167901
625536071
626741501
628785365
630404053
633072133
633289807
634727773
635147101
636763843
638874241
640325711
641069729
641391769
643332187
643552909
645862561
647190253
647679397
653352031
656723161
656824033
661234391
664574653
667125301
667280989
668211601
669045001
670223773
671663701
672514741
674631277
680609551
680860351
681855301
682243543
682528687
685923757
689327731
691507501
693475399
694473721
695319719
696447181
697451327
699239003
699322423
699579817
706319191
707345341
708247411
710822251
711675667
716169301
716271121
717258697
717424867
717654925
719744821
720184001
721833433
725997721
727449187
727824481
728792677
730920037
731544841
736507729
736668013
737366401
737772673
739120411
739643491
741981871
742272961
742304839
743404663
744257981
744889181
746132011
747083891
748419127
748604033
749894041
751705597
753574537
754020361
756271909
759991699
763813847
764779501
772841161
775136251
779566211
780484751
783326377
783953441
784531051
789375511
791951707
803014241
811629281
812165005
814441633
815791901
816917707
821376533
822531841
823407799
828175357
828781231
829978381
830857021
831821327
835935361
837571879
841217653
841741237
841943521
842216041
845043481
845376533
848517499
849047321
849245167
852081121
857538991
861954811
866991901
867213901
867323521
869109281
882133001
889011229
891052507
896051839
897756751
899142553
899600833
899944543
902501629
902566501
906130261
906326077
908607151
912621601
915641821
915743251
918757127
920099629
923992807
926005081
929106601
931970449
934968217
938443213
939369001
941060609
941575597
942520597
943320817
944832533
946963333
949172803
949324951
949544623
950371003
953370133
953475401
953497117
953535061
957765607
958940321
960485107
962375941
962442001
969597721
970005781
970355431
970361089
973203409
975135451
975976381
979363153
980557327
980957071
981279325
984008089
985075681
991169973
1001101313
1003103011
1004209411
1004752181
1007323357
1012505845
1014292945
1027744453
1027868887
1031093317
1036995919
1039740833
1042277279
1046577025
1048385671
1049584313
1053732751
1055009117
1056335671
1056481469
1058384081
1059193297
1059249361
1060794769
1062281413
1065508321
1065586939
1067802667
1069100101
1073496997
1078161001
1078837817
1081953101
1082228863
1093870387
1110306019
1112103541
1114037101
1114598413
1115580481
1117132273
1120871371
1122631747
1123073137
1127993861
1128713923
1129146481
1132002847
1134367777
1142300503
1143553351
1144442987
1144775521
1145956789
1152088033
1152325633
1154960731
1157562853
1159202773
1162196671
1163832589
1166779981
1167370073
1167762871
1168091201
1176331001
1177300951
1183338241
1185160819
1186915861
1189168129
1197998101
1198880261
1203308569
1205572843
1213248737
1216423531
1217181061
1217744753
1225377451
1232097751
1238847881
1239236017
1239927193
1243506139
1243567201
1246270409
1246605473
1249364371
1252608337
1253632837
1257360391
1257930761
1258065073
1261099531
1262348401
1263293281
1264145401
1264887007
1266025351
1267133311
1267338001
1270877557
1272578297
1272866167
1275130525
1276581307
1279938001
1293475177
1294187119
1294890031
1299323131
1300036201
1300683151
1301666107
1302594841
1303021471
1309382713
1309886551
1313428201
1314817687
1315831211
1317157217
1323303983
1324656127
1325857541
1327026403
1332633277
1333215703
1333842607
1339505663
1342481407
1344228797
1347452551
1347743671
1352200469
1352421163
1358142823
1362070711
1364378203
1368927691
1371031481
1372038361
1378868941
1380112621
1381048021
1388013589
1396267937
1400594221
1404228421
1405369225
1405748959
1414648801
1415814409
1415838529
1419575167
1419993973
1420804981
1425860101
1426068821
1426743211
1433928581
1436549071
1440231941
1440250309
1448814061
1449438131
1454860691
1455161611
1462220659
1462925179
1464568381
1465454101
1468824787
1479714109
1481096961
1486078903
1487387611
1489949803
1491607849
1493350513
1494538559
1495170073
1498776101
1504136677
1504832033
1506990871
1507586611
1515785041
1517814097
1518290707
1518875983
1521598057
1527763333
1530898111
1533555271
1534689187
1535315701
1539043433
1540117801
1543397551
1543776301
1546894171
1549410409
1549603213
1550759569
1552535129
1552668979
1552778501
1555914599
1556118481
1557513281
1563371713
1563607081
1563824861
1570997431
1577121547
1582277201
1583230241
1585620793
1589307919
1597184761
1599282889
1599352267
1603108361
1607530051
1608935239
1609921171
1613621377
1618505773
1630062253
1631682001
1633061753
1641086371
1642868137
1648236871
1649797417
1650682153
1657727479
1657905451
1659856969
1663266151
1668378871
1669354441
1669931281
1671603667
1673513731
1674626147
1680943531
1683174533
1687374697
1690914781
1693449889
1693692001
1695801977
1697213407
1700710831
1702532567
1706066881
1706690101
1708435261
1713040453
1717634425
1719857129
1720153957
1731264079
1732436551
1738190981
1741080661
1742148217
1742896213
1744444339
1744590131
1745286731
1745816647
1746721681
1753593031
1754128069
1756310587
1757055847
1760746501
1763702533
1769160821
1771649119
1773725851
1783592497
1784411651
1788432193
1790899601
1793479805
1796734241
1798176997
1798491091
1799582401
1800860401
1804182257
1808205701
1809075673
1812063151
1818522049
1820116561
1823915273
1824444001
1825143013
1825378831
1826230051
1827260641
1838494297
1840864741
1852496761
1853926777
1856009377
1856828647
1859013781
1859787187
1859900569
1863369217
1864274917
1864629271
1865243113
1867329073
1870488001
1873767025
1874363791
1876485691
1876900481
1883047141
1884992653
1888344259
1899768763
1900823653
1902077761
1909566073
1910499781
1920608593
1924031233
1925428961
1930534453
1933161407
1934221921
1934297011
1940174209
1945042181
1946295325
1948803097
1949377891
1958400133
1964569573
1966375381
1969124593
1970097001
1971407281
1971610387
1972073161
1974056491
1986496651
1998804523
2000436751
2001784429
2003099671
2005360351
2006309311
2013917377
2016508001
2019286561
2020124107
2024869991
2028502303
2028519019
2028668797
2030516251
2038951799
2049611019
2054711381
2062074431
2062505593
2063228203
2064668201
2065040353
2073912961
2074923013
2075116527
2089560061
2093336851
2093459023
2096510417
2096692033
2103643361
2106785137
2115769633
2117555641
2118415027
2123005111
2126773741
2131875901
2133797569
2135138611
2138091763
2140082101
2141862157
2143585621
2143705411
2145698171
2147944811
2151068725
2151933701
2153447227
2156767003
2162323351
2162366251
2162518273
2172280867
2173371461
2173406821
2173907821
2174166881
2174349029
2178678431
2178712531
2179425593
2180026861
2182247117
2185248913
2192740411
2201218573
2205568481
2206952129
2213109361
2214795101
2217586681
2218908253
2218993291
2224708531
2230370561
2233031701
2234003857
2234685643
2238280147
2244461041
2246553847
2249257537
2254796281
2260784321
2262861901
2263964249
2266101311
2275124017
2276774273
2277117701
2280256513
2290361221
2291737633
2300083609
2300841401
2301016561
2301901957
2304156469
2308966661
2310142321
2310348721
2317498451
2319280441
2321300833
2327478337
2328781393
2335235251
2337670031
2344178689
2349294193
2361316621
2374437421
2385574201
2387194951
2388339103
2392366637
2401861951
2407191181
2409801143
2414243593
2428870753
2430590131
2430987931
2433943891
2435792461
2436691321
2448374689
2448848981
2455024133
2456066251
2457214537
2457822223
2458466869
2461743311
2469678901
2475048073
2476970521
2481828421
2484548947
2484724483
2504559709
2507395279
2510886301
2511341113
2515723151
2516896691
2519186671
2520596233
2521128527
2524299313
2532453661
2537726491
2538655241
2539839727
2541642889
2544909121
2549110901
2553647941
2557027531
2558726017
2560600351
2561793361
2564053867
2564482471
2568819601
2572432801
2573033357
2575071001
2576363725
2577345541
2578735351
2579283631
2586934477
2594820901
2595101941
2600611861
2605656461
2616974837
2623637941
2625912901
2626783921
2626838281
2627375329
2628358913
2632005181
2633188559
2634284801
2634837787
2640208609
2649423481
2652883381
2655596521
2656968949
2657314351
2659939453
2671407701
2673138001
2674839511
2676053333
2677402421
2686816133
2689306511
2693193301
2716157989
2716921261
2718994513
2722084619
2723453701
2724552907
2724560551
2728298717
2733911227
2735798941
2738021293
2743994023
2746197151
2758527361
2769194611
2771981323
2772198001
2775980593
2776024291
2778813041
2784469609
2786672761
2787543851
2787689473
2788694749
2788970881
2789751763
2790642583
2812644739
2815816033
2818090001
2824256377
2825939801
2830767061
2834229313
2840715511
2841642301
2848514527
2853118847
2855613931
2870118421
2878823963
2881429741
2892431701
2900875037
2909599621
2911557013
2915953633
2921688001
2928676747
2937456811
2951238883
2954121787
2964847679
2969052829
2977335301
2978188141
2978766341
2988134717
2996944133
3008012701
3009756751
3011067541
3012498941
3014101261
3020940521
3024869221
3028125781
3038883751
3053348327
3056165857
3057111721
3059193391
3070805725
3078612967
3092102821
3094770257
3095948857
3110830003
3111148097
3111449923
3113094913
3116834401
3121094887
3121309801
3122248273
3123893683
3131582581
3137244767
3143282221
3144031801
3144195533
3146902111
3149523151
3155689811
3156420079
3161556137
3168011551
3169878949
3174163561
3177485081
3181621633
3190706923
3192166531
3192820651
3196600903
3205012963
3213497251
3215620801
3216762067
3217665961
3224109701
3226864033
3247318717
3247489477
3252770779
3255786451
3263568901
3265122451
3266205391
3266552701
3267127531
3273820903
3277037479
3279878369
3280593611
3282974857
3285899299
3290279521
3304861061
3326606011
3327304501
3329433377
3331415467
3332800021
3337776883
3339981877
3344191241
3347214421
3348855557
3349997731
3350993969
3352091557
3369711691
3371012143
3380668679
3388857319
3394046797
3400181633
3421044901
3421450033
3422679943
3425005091
3425856799
3431863177
3434453569
3434559731
3434789983
3442061339
3442964671
3446341627
3452090203
3457896259
3459825251
3459979261
3460153247
3464369581
3485607139
3491163259
3499030081
3500620451
3502814401
3504570301
3509361301
3511030933
3511920127
3526139431
3531033487
3541642597
3552388001
3558100591
3561179701
3565170477
3569494897
3569694103
3570912931
3580867909
3584241151
3586747187
3589937261
3601897703
3602454241
3602550451
3605024201
3606377149
3611117357
3620756251
3625924901
3634084871
3636971153
3640903111
3658255525
3661441261
3665242951
3666242467
3667747561
3675723481
3678020377
3679113199
3685999511
3689127773
3696896011
3705536251
3708366301
3713521033
3714045481
3720728873
3722427001
3733056211
3735788489
3747435737
3754069621
3754390741
3767166817
3768578041
3778417633
3781038853
3786744079
3790718501
3795275251
3804599839
3811952779
3821951909
3830049631
3835715969
3836526709
3844952329
3847881619
3857965021
3863759657
3876859351
3878450413
3882188171
3882346903
3885662383
3887965831
3890736481
3892722523
3906480961
3917450353
3928653581
3940139641
3951382753
3955054027
3956657737
3956796491
3965813359
3972016189
3972326051
3973938541
3976946161
3979122373
3980267771
3993276673
3993401411
3995674171
3998620117
4007365741
4012771271
4019803981
4025474641
4027385953
4036071673
4041356801
4042608067
4044534881
4052233793
4055705501
4059250651
4062108961
4068671881
4070629709
4078414661
4085069851
4085894671
4092338017
4095650791
4098208297
4098739649
4107824821
4110711751
4116631501
4119368941
4121286907
4141185211
4141560361
4144516951
4154329957
4156580741
4174728949
4175289271
4183069511
4185873553
4187318719
4189104001
4201794451
4203266017
4204313541
4206758533
4210095667
4214623001
4217739181
4218069049
4219341991
4227243337
4227636337
4228090903
4234941001
4235887891
4239174661
4240339951
4247819777
4255597831
4256352907
4257003353
4258854451
4269571951
4270833703
4271333837
4283445403
4284625591
