15
69
115
345
435
671
1369
1649
1891
2185
2509
3165
6119
11521
13747
15251
16081
30567
31021
34289
48133
50653
75241
75343
83161
83333
91785
104833
109061
122461
147187
159391
188191
188501
195649
204263
211069
211411
219781
222121
226801
227767
238741
253021
259081
269011
292741
293281
297541
339607
342271
399001
410041
443719
449065
461035
476791
497503
502251
512177
519949
531931
535441
582341
679729
701521
764941
821339
827113
860851
909781
916327
964735
976873
996073
1004329
1050943
1082401
1163809
1169101
1190281
1192981
1195195
1216405
1234621
1298761
1317331
1325843
1327845
1342671
1357441
1374895
1378873
1393309
1424505
1493857
1584133
1598871
1603213
1690501
1703677
1755001
1834837
1907173
1963501
2008597
2035153
2042279
2051089
2207659
2265781
2284453
2395331
2487941
2510569
2520181
2525563
2563903
2567167
2724931
2770601
2776561
2853901
2915197
2924377
2944261
3059101
3075491
3076481
3103633
3243593
3270403
3309967
3326033
3422533
3573235
3751513
3862207
3905581
3913003
3942271
3985921
4014361
4105501
4119301
4150387
4209943
4583609
4686391
4767211
4779139
4782541
4839697
4931359
4941121
5058901
5102959
5131573
5148001
5194051
5292631
5444489
5722289
5775647
5818453
5864341
5903497
5914441
5934391
5967235
6117211
6140161
6186403
6402811
6432931
6594901
6770101
6955541
7160911
7196977
7207201
7323177
7344947
7371079
7398151
7405201
7423817
7519441
7606761
7648033
7686647
7813601
7853161
7884001
7913089
8033131
8110351
8263165
8264461
8534233
8540641
8662721
8838041
8959039
8959567
8969161
9064549
9079365
9254521
9328679
9521089
9664681
9722851
9847247
10031653
10402237
10476247
10666613
10679197
10792981
10813321
10841209
11137237
11268251
11736211
11809051
12038321
12163817
12181453
12255571
12273769
12958081
13094353
13324411
13344841
13390081
13683913
13749571
13773061
13966057
14009761
14388661
14497267
14671801
14725099
14972959
15008033
15223001
15444917
15631153
15909951
15995449
16014601
16050073
16149169
16161833
16324001
16585099
16613521
16914301
17116837
17327773
17449057
17449417
17554919
17777117
18152161
18274411
18329965
18678353
18745147
18809911
18865837
19070533
19090345
19197487
19209601
19414331
19954397
20117467
20199371
20451913
20540311
20862623
21076777
21504211
21925063
21979543
22081335
22112911
22266487
22369621
22992661
22994371
23464033
23478223
23766913
23860747
24179347
24488773
24975809
25025281
25404121
25620467
25696133
25810027
26332181
26719701
26944721
27012001
27331921
27492581
28358287
28362637
28758601
28849771
29581501
30153281
30202201
30223463
30301441
30513169
31033549
31040833
31159243
31531207
31545697
31555333
31715713
31718809
31899943
31916821
32091781
32284121
32357161
33014917
33033001
33051959
33120341
33631501
34082701
34100821
34170661
34590403
34751041
34751999
34836583
34952149
34993583
35010781
35186581
35639773
35798491
36841663
36865981
37093607
37366897
37439201
37577539
38078947
38239741
38270377
38347921
38507505
38722301
39314337
39820597
40728463
41291893
41384561
41517631
41662721
41826943
42149971
42563333
42623017
42702661
42709591
42986927
43834321
43843411
44465221
44990101
45100177
45447501
45644281
46094401
46376341
46672291
46879561
46912051
47725801
48191653
48438951
48544021
49184171
49402543
49573627
49931461
49979761
50087467
50249761
51038749
51056497
51065081
51191191
51552433
51623501
51735421
51803761
53020817
53390611
53638903
54255521
54350801
54400457
54799807
54816059
54969421
55702459
55830251
56423599
56999377
57096883
57295921
57329119
57370273
57631543
57682507
58239067
58279677
59135671
59242901
60033403
60446629
60996097
61100551
61192513
61196227
61363541
61432701
61451219
61539239
61910971
62293129
62875555
62952877
63002501
63721897
63749953
64661701
64902601
65483611
65908987
66131257
66273949
66345221
67194401
67406149
67706501
67902031
68562577
69139201
69176647
69517155
69917371
70012181
70360729
70645121
70688857
71345633
71995441
72604561
73101557
73798033
73893007
73945171
74108001
74563831
74622913
75221023
75621281
75663451
76479397
76657477
78644611
79277563
79854409
80104033
80524537
80918281
82274317
82452061
82958821
82963087
83850649
84164033
84792811
85019681
85898905
88741171
89532271
90009541
90970133
91043401
91419329
91695701
92384491
92397191
92645437
93046351
93246697
95042851
95136735
95761081
96925921
97071211
97621651
97796953
99432023
99609161
99722729
100509961
100743967
100897681
102870157
102901633
102957157
103469851
103649041
103781429
103983907
105507037
105919633
106374841
106485121
106804043
107216801
107363803
108662893
109487971
110059601
110157349
111878929
112828801
113605201
114305441
114405301
114671701
114849901
114954773
116617289
116799301
117445987
117771551
118509931
118576657
118720339
118954441
119096461
120162841
120453761
120704561
121128361
121238641
122089843
122581801
123522535
123771511
124428097
125152201
125977741
126035911
126307451
126493249
126540709
126983321
127310737
128585881
128934287
129205781
130794337
130861537
130942111
131745557
132449791
132610981
133121017
134295061
134954161
135308881
135326161
135969401
136175747
136704061
136962151
137763037
137776717
137814211
138264001
138336661
138403981
138901937
139561901
139796401
139810133
141387527
142164301
143483341
143890501
144386581
145161787
146021633
146237953
147215755
147354413
149196079
149447761
150164191
151820011
151830551
151913251
152016493
152124701
152716537
152794531
153890227
154944533
154988251
155313601
155859241
155979991
157182637
157461649
157834891
157956481
158139433
159874021
160017307
162026869
162243091
162387821
162776041
162905761
162960361
163441171
163529549
164322397
165722831
166442251
168476491
169500833
172002029
172758239
174058831
174435697
174701411
174920311
174963961
176597821
176950243
177287311
178001773
178230751
178482151
178806349
178996093
179166931
179320873
179710921
179975041
180140131
181112461
181934759
182026081
182202697
182547301
184259623
184829581
185040703
185499943
187116197
188030641
189335491
190458503
191085889
191211451
191371987
191555295
191948209
191951761
193918187
194532691
194679901
195106237
195317149
196287391
196728181
196939663
197239591
200629619
202565651
202984217
203330401
203432689
204491041
205766201
207210121
208595461
209213929
209332631
209751361
210517709
211185659
211879949
212256301
213503671
214038533
214110541
214159709
217517653
217535459
218025481
220883521
221415781
221475739
221580001
221817961
222425081
223541011
223570573
223646977
224294533
225468277
225584453
225853633
226371319
227418133
228483377
228842209
231322513
231509041
232173941
233670881
233787919
233988721
237126779
238253415
238625347
240340361
240841451
244154219
246570721
247935817
249901627
250216801
252409439
253613587
254459983
254835601
256661455
257282801
259141583
259756297
261524317
261945721
262480501
263165761
263428181
265229641
265687567
267254711
268422881
268570051
270808201
273599971
274288801
274395727
277210081
277704013
278274781
278943061
279159337
280175295
280283401
282066181
282754001
283303581
286785713
286854947
287364351
288467257
290706781
291461633
291691135
292175083
292290181
293095711
294807661
297245477
297728551
298564381
298863181
301196359
301408381
302204033
303639337
303791041
303817411
306095651
306120871
306576073
306918109
308448649
308639761
309755393
310152961
311621347
312485167
314154937
316804867
316894033
319169761
319287151
326409301
327774721
328187723
328402181
329701321
332927851
336045013
336119327
336273211
338523721
338878513
342664081
343477681
343932359
344263921
345362671
346009393
346963651
348424501
349270849
349470703
350765983
351910021
352066027
352459697
352735351
353234491
354824521
355345357
356604421
358124449
358416577
359696431
359859809
360364171
360365563
361173691
361307521
366992711
369463387
369667561
372671041
373706251
378111241
379732501
381553873
382527643
382709263
384286981
386649121
386677501
386925551
391172959
391323431
391930003
392113009
394980643
395896681
396106261
399238813
400723331
401002603
401824711
403095421
404929337
405143861
407282851
407438849
407889161
409927057
410746051
411988207
412402631
417268333
418192133
419350051
421923751
423294151
424279621
427663279
430737607
431731991
434363179
434644033
435166441
435840901
436369987
439309261
439877215
441825187
442134619
442387843
446392729
446715221
449501761
449705611
450016901
450242099
451118981
453268147
453800761
455397673
457274161
457320533
457457617
457565023
459290969
459838867
460486921
460585861
460922831
461486353
463126343
463264003
464921983
465658903
466246747
466290949
466758181
467491753
468500033
469791561
470000833
471535373
471812701
471836311
472126381
473550661
474468229
475969231
476059523
481166731
482155957
484070467
484127321
484282261
488104681
489770863
490664221
490803461
490876667
491080753
493510219
494000629
495573121
496128001
498442951
503929297
506137633
507520133
510155473
510165503
511408171
513428677
515919301
516453577
517937581
518288929
518504533
519775441
521573941
523162823
523680301
523703179
525476311
526125763
526570201
526926553
527954017
528062383
528064111
529113553
530630701
533600033
534250393
536106901
536922079
539839441
539883583
541672237
542993669
543183661
543478433
545016721
545738203
546683539
546778381
547281851
547683133
549557251
553737637
554118661
554658751
554817667
555196951
556685191
557372513
557876479
560335231
562467361
564258451
566689927
566820013
570307807
570455521
571363783
572105621
572567353
573136513
574950643
575898859
577352641
578185301
579606301
580730053
581618143
581926651
584085703
584406451
585281791
593579251
593973493
602168869
605482021
606833053
607421431
609451151
610522903
611812321
612816751
613686607
614454961
614851957
615760133
615895897
616238407
616681291
620715499
620928533
621269101
622821821
625419997
625765831
627139801
635165701
635689633
636691817
638418199
641490697
643831189
647190253
647265907
649493251
655194541
657357101
663018277
663642509
663997181
667619839
668147509
668880631
676273027
678218311
680524069
680998501
682969051
683801347
684640867
685903681
687344197
690444529
691324433
697821857
700794361
701359561
701908549
702568351
702683101
705883951
710490067
711290917
711304903
713750951
717266881
720452701
722238983
724938241
727665951
732123281
732736621
734614303
739444021
739452511
742007221
744312367
744440363
748585321
749973511
754214567
756194587
757158533
757272707
759716821
762278161
768490801
770017921
770746451
771171077
771629321
774027781
782445529
783382579
784966297
785299901
787085857
789445691
789937969
791941207
793813333
793842541
793868041
796120935
799162561
805859617
811891747
816024161
816454649
819449731
819743233
821376533
822390229
823239929
827980471
828000031
829737221
830256643
830268271
831859313
831989371
833342177
835000121
840749761
841741237
846133153
849606031
851703301
852854791
855073301
855295603
855318641
857100421
857294813
859787011
861837617
882879121
884584891
885156121
889597729
891052507
893377633
896901461
898471127
901848301
905627941
909389287
910853633
911641903
912478831
914628719
915330001
916438381
917117689
919916479
922661297
925749079
927220823
929116441
934739863
938325337
938376181
938451207
941276197
943597381
943697413
943795201
947485351
947608201
948393601
949186567
949358801
950371003
951941161
953300221
953370133
953529193
956631217
956808581
970355431
974703017
976382509
977770531
979363153
980957071
981016177
984640651
987250501
989034061
991491373
991609921
993040687
993127273
995890081
996196741
998033401
998504011
999540961
1002728761
1003622563
1005347537
1005745261
1005881521
1005901009
1008636301
1012756573
1015164685
1016553217
1020307333
1021281301
1022910659
1027744453
1032149831
1032503977
1033539211
1036207387
1036689737
1037560681
1037759929
1043231941
1045829809
1048186441
1048849903
1050721561
1054617197
1056665179
1060148233
1065840101
1068355441
1073306821
1073729801
1076383729
1079465401
1080786143
1081176601
1081298419
1085532757
1085836273
1091486197
1095486181
1095522361
1098317611
1099085791
1100927281
1102550131
1109788681
1111114663
1112671603
1113419953
1114504621
1116236449
1117270001
1117587031
1121116861
1123942387
1129769101
1131445597
1132571809
1134193561
1134696067
1135103867
1137752887
1138289041
1139137057
1140880261
1141003729
1146283363
1146825343
1146946109
1147225927
1147689817
1154180341
1154233361
1157028571
1159869391
1159896277
1160920129
1161306721
1163103145
1172378593
1172737147
1175122961
1176668263
1176965333
1182665993
1186538497
1188221201
1188646903
1188723553
1190753407
1196338423
1196969707
1212753703
1213558081
1213914391
1214394001
1215492067
1219630903
1221023539
1221044653
1221560833
1224393409
1228957003
1231252751
1232097751
1234646533
1238914441
1240751201
1242227647
1243182541
1250485237
1251483553
1251604873
1257102001
1262026921
1263001673
1264887007
1265099617
1265696251
1266225071
1269335341
1269426001
1270667353
1273242043
1273345091
1290307861
1292216833
1296018197
1296742621
1297166977
1298090431
1298123971
1300490071
1301041621
1302145267
1302265361
1306287529
1306864043
1310386015
1311255661
1313022881
1313708603
1317437731
1320327391
1324783079
1325562631
1325857541
1327026403
1331413333
1333449067
1333842607
1336791913
1337434561
1338605713
1344350921
1350045721
1350732901
1358639081
1359481589
1362810433
1363838587
1364378203
1367734001
1370154691
1371762001
1374303407
1376483627
1378231999
1380780937
1381325009
1381911301
1382381365
1382453333
1383320149
1387746551
1390738009
1390850491
1398837623
1400397701
1401479581
1403871533
1404228421
1405902961
1412638489
1414444789
1416144133
1421683741
1422529033
1423246771
1424207071
1424435689
1426793385
1427164051
1427325173
1427900833
1440250309
1443299617
1448355637
1449023701
1455068017
1456571481
1461354497
1463858509
1463992661
1466892373
1467817471
1470616291
1472412943
1478636609
1486042373
1486078903
1487387611
1489174681
1489681201
1497965713
1500523763
1502674399
1502682721
1503210829
1509885877
1511042851
1513888157
1516747651
1521530239
1523652509
1523848129
1525753153
1527226177
1530326381
1533366841
1536694933
1538071061
1539876451
1542673711
1545387481
1547543161
1548474379
1548686081
1549308001
1552103821
1553233481
1558328257
1563371713
1569202181
1571111587
1573689151
1574842501
1581576641
1586613491
1589165161
1590945469
1591487731
1591770217
1596190801
1607455331
1610656895
1614423661
1616387653
1618435171
1619328481
1619680147
1620189001
1627644961
1628692201
1631904913
1637436457
1639559069
1640882801
1642199833
1642925467
1644045521
1644082111
1647654121
1649863717
1650187993
1659849731
1660452751
1663306291
1673513731
1673533513
1679540591
1682420323
1683174533
1690380901
1693807417
1699279441
1701129281
1709765713
1710918421
1711331701
1715352073
1718090221
1720259279
1721857021
1730012131
1735874513
1735927381
1738190981
1740420037
1743358231
1744510861
1753593031
1756323917
1760536993
1760549761
1760706811
1762335901
1762538581
1766011591
1767803047
1770051211
1770888313
1776450565
1785414061
1786485361
1787127817
1803142511
1803308057
1808205701
1811977561
1812322231
1817023231
1820782351
1823413831
1828182427
1831947001
1836527681
1838453203
1841125441
1844266733
1847706589
1850863801
1852496761
1852893547
1860241171
1864009153
1866409861
1867949953
1870165573
1871482321
1876900481
1885915841
1901264641
1903394191
1907221681
1907440021
1908088001
1911924211
1918389901
1921870393
1928377369
1928736881
1930403333
1936129751
1940044217
1942191301
1946799889
1947028297
1949203609
1950782777
1951469101
1955219311
1955950129
1959839197
1960239401
1966715537
1969032781
1969429531
1970224153
1970256151
1976950537
1981681153
1989947527
1998520273
2001576569
2003569501
2007860171
2009286181
2014458713
2015633401
2021923489
2024157697
2026233163
2029529521
2034039871
2037233839
2038345579
2043866791
2046408787
2046790513
2047596391
2049539071
2055126331
2058163561
2065542821
2066571253
2067887557
2070082081
2073912961
2080484929
2081578753
2084875813
2085073033
2093336851
2093747801
2094177403
2095978351
2100132673
2101470541
2107449271
2108044093
2111636287
2114102593
2123321565
2123792551
2137654091
2139462991
2141087051
2148788881
2149573441
2151693241
2152459081
2155655767
2162518273
2163951217
2166133001
2169323861
2174667169
2176728193
2177475241
2188728341
2192019751
2199452131
2199931651
2201642801
2201924341
2203787237
2206345681
2206738241
2209009921
2210621797
2217756271
2218908253
2223367681
2224183501
2229038131
2232267749
2234298221
2234685643
2236983877
2238280147
2241076441
2253176951
2260550797
2261295361
2263594717
2266114621
2289594523
2290316377
2297149453
2301512891
2301980801
2304120001
2304216685
2305838101
2307480211
2312963333
2314513711
2325161129
2331439657
2335066777
2335640077
2343617953
2348045239
2349450181
2354023127
2355622721
2359757611
2361190273
2361232477
2361316621
2363295361
2365443001
2366765851
2383905037
2385716761
2387477689
2395044161
2397183601
2399022077
2399802877
2401464451
2403321157
2408300137
2421069001
2423104727
2435644027
2438080849
2438403661
2441273437
2442660481
2443761121
2451476161
2455840141
2464695559
2465312221
2466980473
2470046801
2471759041
2473272343
2477922691
2487733333
2491580389
2494984321
2495080129
2496614033
2498018689
2505837673
2506529257
2519186671
2519854741
2523694501
2529410281
2532630787
2534676913
2536555701
2544804811
2545660981
2550584671
2558559511
2558978731
2564831249
2564931241
2565983617
2569327129
2571098905
2577083279
2577770561
2590281019
2593710277
2597294701
2600611861
2600705017
2605267747
2609385001
2612497873
2613382201
2617882807
2620964501
2622380483
2623100899
2624797477
2626783921
2629051459
2629820731
2637357427
2638535329
2639674351
2647851781
2649744257
2651150503
2653430077
2659477789
2659939453
2660275171
2660839091
2662805599
2663326163
2668015981
2677147201
2686453817
2689509901
2693185507
2693739751
2697374737
2697529873
2700818017
2705647141
2705786119
2711051821
2713562867
2716344661
2720566549
2726095681
2727058951
2728298717
2732693371
2743738003
2748678193
2750435651
2753275801
2754364643
2759943377
2760009781
2766006253
2766403333
2778517681
2780617963
2782754353
2794635901
2795992777
2796910321
2798992811
2804988349
2807354881
2816769829
2819292851
2822521411
2824256377
2824854913
2848295227
2848452361
2850812749
2854821133
2855736217
2858583961
2862659717
2862876637
2863912321
2864687951
2867266901
2869247933
2870118421
2873094001
2874368821
2876295493
2884091239
2887413601
2890247761
2894667781
2904375811
2908180129
2911680001
2926524407
2928676747
2932242211
2933563781
2949244957
2951131951
2955621997
2957286781
2957320351
2961300421
2968071583
2976208177
2988976101
2989979149
2996755061
3001561441
3006285829
3014101261
3017887471
3018922215
3019916461
3020239741
3025248451
3026724405
3038786101
3039829651
3042630533
3042763501
3049386451
3058507513
3062335249
3066946469
3068436893
3077122133
3080375761
3083053387
3085908851
3094759477
3097382681
3104700107
3107881219
3113094913
3113757481
3122198731
3132109861
3137756161
3142656469
3146137843
3148806403
3158465767
3168847441
3169830751
3173641171
3175526707
3175526971
3181356263
3191296499
3199362941
3208476221
3209160289
3211569259
3214883933
3215584609
3217604521
3221534521
3223773499
3233798821
3251660161
3256570271
3258269101
3259762561
3261194581
3264077545
3269558569
3276121381
3281593591
3291557851
3292227149
3292900183
3298453619
3299047651
3300253657
3304849087
3306393751
3314605771
3315207197
3321387649
3331422343
3331963199
3332800021
3335899927
3337201121
3340984501
3348060811
3349997731
3350103301
3353152321
3357567841
3358551043
3358738321
3362615407
3362948821
3364559491
3366497311
3373684081
3375204379
3380958939
3384616021
3384768293
3389409871
3391261477
3392547313
3401585051
3402234749
3407380211
3419053541
3426330571
3429457921
3430848583
3442964671
3446190401
3450127789
3452731987
3462909031
3464236901
3474985541
3479377357
3486766441
3488911219
3493069141
3495943153
3507623351
3509345701
3513049871
3515122717
3521344321
3526249141
3527544301
3529118821
3533662129
3542402029
3543203333
3547777349
3557645551
3573005701
3582244307
3589315337
3594968821
3602006101
3612825221
3616574081
3619046569
3621992533
3629866501
3630596257
3644112487
3649107463
3651572609
3661780487
3661931071
3666546277
3671088013
3672033223
3672857299
3673021327
3673744903
3677741519
3679811587
3682328807
3682604161
3683834041
3692283211
3696368141
3697434133
3705534757
3711745181
3713097235
3714026401
3714039281
3720155011
3724939553
3727957487
3729097633
3743569231
3749780509
3750337709
3751218641
3756668401
3764713369
3767348881
3769364299
3775939781
3782494477
3785486293
3792682321
3804328529
3807044251
3807432001
3821259331
3824339819
3825958033
3829656403
3835050913
3836565241
3839143333
3843918901
3848564287
3852262831
3859546687
3866008961
3868476571
3869668351
3870685321
3871730451
3878888863
3880112651
3886515361
3886660031
3890736481
3892503691
3894125401
3904063873
3905876501
3908998273
3913973263
3924477901
3928038913
3930606451
3940711079
3942547039
3948653521
3951893881
3952856701
3954027763
3959974657
3960752371
3971095301
3973938541
3975740047
3982264199
3986664571
3995826847
3998714617
4001921491
4023311231
4025612581
4029376699
4029869101
4030332133
4034208301
4043209717
4046045257
4059179461
4059250651
4065336991
4066722727
4067734399
4068830701
4070033537
4088040641
4099765699
4116631501
4121286907
4125787121
4129234019
4142068261
4142995639
4143005549
4144945351
4148035057
4151245871
4151938597
4156580741
4156652389
4160927761
4162939705
4168649633
4175289271
4175952001
4176385921
4177915501
4180114559
4189909501
4195326913
4201660153
4210785013
4215117281
4217739181
4228090903
4228174591
4233223501
4238706767
4239174661
4244707297
4244986831
4252674703
4253334691
4262849551
4265045797
4267280021
4274245793
4274270051
4277526901
4277829511
4282033687
