9
25
133
217
249
325
545
589
747
793
1417
1525
2045
2611
2725
3787
4033
4123
4187
5071
5317
6649
7087
8911
9881
10225
10279
11563
12025
16771
17461
19825
20417
22177
24949
25327
29341
34861
35425
35881
38503
44023
44581
48133
49141
49609
53483
59305
71953
80941
86437
93031
97921
115231
115669
117397
127611
132239
132925
141471
146611
166225
173881
181369
188191
195113
199423
201793
205465
219697
222905
229633
233543
235549
237817
255581
269011
286903
311461
314821
318649
320167
324337
331717
341531
360031
378325
385003
435501
437251
472591
473023
497179
497503
513629
549061
579553
587861
599185
601441
623725
630565
631351
658483
661651
679729
702325
710533
718537
765703
812177
828507
896017
916327
923113
954311
955459
985249
1022081
1024651
1029961
1032533
1056511
1061341
1074613
1077805
1082401
1114525
1149751
1197761
1297741
1310725
1410751
1412551
1519489
1537879
1543153
1559083
1584133
1590751
1618511
1623541
1626041
1638781
1640329
1663213
1735841
1753327
1773289
1817743
1841981
1857241
1898999
1904033
2035153
2062279
2160925
2230543
2242501
2399509
2487941
2504237
2508013
2604331
2627549
2719441
2741311
2834599
2836051
2948947
2949541
2984983
3058771
3076477
3160441
3167539
3198169
3229489
3249569
3272329
3520259
3542533
3584885
3602509
3789037
3816751
3834067
3902599
3993463
4090633
4091437
4159261
4181921
4219129
4255903
4413223
4469471
4567837
4649725
4686853
4708837
4736629
4799887
4843847
4906441
5017597
5039791
5148001
5160013
5161201
5176153
5245381
5489641
5621641
5646061
5774801
5818025
6054161
6151949
6255583
6469471
6540271
6599531
6610007
6749021
6754301
6884851
6955087
7177105
7272389
7299139
7355671
7412131
7553701
7636877
7652653
7781401
7810993
7835611
7891657
7920441
8036033
8086231
8108425
8333333
8655001
8725753
8830801
8842111
9040069
9227417
9282727
9353761
9446401
9493903
9543701
9585541
9835541
9904753
10018807
10461329
11334127
11434697
11473885
11532151
11677597
11736211
11768527
11771431
12207361
12322133
12895871
13012501
13131721
13188319
13261991
13265407
13342225
13348297
13402357
13404751
13574633
13609591
13628401
13894849
14435891
14488825
14497267
14608133
14687681
14769281
14842301
14887489
15188557
15595259
16790677
16853077
17013289
17324443
17457653
17506261
17692183
17745913
17870561
18067501
18225703
18340657
18342241
18348101
18520141
18599701
18674713
18740807
18790021
18901213
19115771
19554701
19578847
19609801
19629541
19645921
19838545
20072641
20234341
20622031
20958751
21181447
21215801
21343741
21349483
21397381
21492719
21953593
22059371
22111519
22284901
22302411
22765759
22820785
22876153
23091421
23110039
23201425
23553397
23628331
23731489
24122077
24242261
24691969
25172033
25249649
25909453
25936201
26145325
26474581
26611573
26838469
26886817
26953417
27217477
27872443
28527049
28606021
28772641
29183743
29240053
29358457
29414611
30017293
30023891
30178891
30329651
30388753
30439825
30453121
30504367
30753097
30824399
30838601
31037827
31199923
31762441
31918987
32091781
32154389
32505949
32681017
32692801
32720221
32978909
33120341
33365791
33509131
33664651
34136441
34400731
35327053
35340769
35352733
35510383
35798491
36092431
36435389
36510641
36561103
37241473
37495429
38124703
38188051
38624041
38956993
39221129
39912265
40076549
40717447
41237425
41710411
41905321
42333001
42635737
42638863
42851749
42933841
43036003
43060091
43248871
43789081
43893937
44118361
44403857
44465221
44519119
44760581
45175393
45213643
45590671
45752191
46144801
46633861
46709321
46724131
47452087
47953621
48771031
48860561
49401601
49484933
50329771
51851251
52448309
52575121
52714729
52771225
53121491
53154337
53390611
53655551
53880121
53914789
54943781
55318957
56002321
56028967
56032159
56110633
56336977
56512381
57068701
57192649
57520711
58003213
58115569
58172101
58357531
58376477
58677601
58720681
58947407
59226841
59495437
59631211
59746021
60033139
60239331
60453261
61201009
61241057
61363541
61719949
61770041
61832377
62289541
63214097
63388033
63810653
64377991
64618191
65221381
65435017
66124001
66608461
66998317
67902031
67986025
67996567
68269463
68967389
69020473
69832001
70200325
70557847
70674111
70905097
71480449
72259777
72614881
72624301
72721097
72821719
72917101
73346807
74217487
74879179
74905447
74927161
75221023
75332977
76307617
76553425
76885733
76950457
76966991
77177689
78012991
78435317
78671651
79624621
80863597
80890633
81040177
81571001
81816547
81954133
82346551
82597831
84186901
84223325
86833825
87291649
87942559
88026751
88070293
88256449
88368853
88908331
89349893
90141923
90823279
90970133
91074205
92478233
92575243
93605401
93657901
93827353
94116401
94299913
94774699
95283337
96545719
96904081
97071211
97319881
98532871
98938621
99749179
99851131
99945007
100444051
100619317
100943201
101004751
101590081
102243689
102358747
102925243
103253333
103264461
103788301
103869823
103999393
104158993
104610025
104936581
105277097
105455923
105472819
106538161
106928743
107486413
107887843
107895023
108943141
109475785
109541461
109798327
109879837
111022897
111338497
111596131
112066039
112074171
112723007
112798579
113016751
113193613
113376881
113605201
113719789
115725291
116701003
116799301
118856077
118901521
119170261
119194601
120460033
120486861
121343293
121727341
122089843
123346009
123771511
124038337
124640377
125210273
125780167
125997121
126035911
126904051
128181281
128502893
129084331
130685725
130693393
131090231
131663593
132565633
133158961
133467517
133697851
133981621
134272777
135114107
135308881
136211269
137147161
137200981
137340451
137342041
137550167
138277945
138403981
140709281
142164301
144202931
145006117
145143923
145167751
145187671
145603333
146256529
147039751
147223303
147959467
149068949
149140681
149248873
149389633
149447761
149848201
150457819
152451991
153067433
154250881
154271629
154626187
155449243
155642257
158361319
160556761
161199319
161865481
163140847
163667467
163759753
164411911
165291001
166099105
167472451
169771541
171147601
171515719
172202329
173021851
174167407
174989701
176591885
176609441
177144031
178503967
179792911
180115489
181934759
181952551
181992961
183607139
187277837
188184151
190430561
191475751
191524393
191637949
192726577
192946681
194511871
194753521
195106237
195991951
196510109
196796263
196841213
197691649
197789797
201261061
203732993
204491041
205178887
205828291
207408001
207500833
208096681
208586533
209337877
209749271
209802581
209898763
210083381
211823531
212473801
213835861
214604261
215612401
216126751
216852001
217062913
217805281
217957873
218112133
222814901
224973029
226366003
226965751
228000197
228405953
232319953
234437401
234843841
235240601
235928071
236025721
237691441
238625347
239495761
241094491
241771339
242126173
242182783
242366419
242424197
242647921
242867311
242903941
243314641
243937825
245413463
246573751
247001437
247318957
248220601
249255553
250334305
251284153
251648959
252031733
254405713
254534101
254682191
255671731
255866131
256228897
256262971
257281681
258634741
259824839
260736341
262163081
262262113
262733221
262979501
264098341
264265429
264540037
265665397
265893601
267152033
267464809
267559627
268430191
268626181
269147341
271763467
274840021
275283401
275619961
276492421
277477903
281068019
281288801
281414701
281530943
282237331
282589651
282707461
283020013
283336439
283400551
284225057
288117721
288120421
288452393
288997633
289975291
290698321
290958157
291185767
292776751
294648901
295057949
295192621
296213503
297791209
298204831
298713053
299160973
299671921
300011725
300548917
301396573
303164317
303639337
303640787
304916317
305986097
306638413
307061371
308562283
309917705
310543501
311206351
311609059
311955071
312485167
313192657
314393623
314454193
315151433
315535991
316227833
316659583
316975597
317770729
318465703
321324589
321428647
321468931
321707331
321807523
321888451
322451401
322662913
324171541
324305567
325116289
326469137
326636341
329119237
329542111
330470053
331286041
332790089
333067151
333873473
334963333
335904031
339336311
340157179
342614533
342859843
343051117
344889601
344909801
345132481
345478381
346859521
348505641
350053597
351843049
351910021
352928801
352976417
353932801
354486007
355337581
356515909
356648391
357167593
359499781
359696431
361198241
361363391
362202621
362937961
363050731
364043539
366652201
366821183
368476501
369486121
370516981
371898727
372383857
374325841
376096033
378010513
378815611
380142757
382101683
384365827
385684471
385934069
386357301
386407477
391250857
391431941
391774961
392113009
396274503
400723331
401273581
402364471
404191231
404546561
405541891
406303561
407907611
409081037
410044951
410835739
412114501
413677321
414832969
415108891
415383649
415800703
418196489
419184481
420383251
422589025
422834425
423414091
424065409
424411501
424852237
426333601
430112989
430860841
431114113
432942511
434063557
434343601
435408619
437361163
438181327
439469811
441139051
445644551
447246181
447514543
449555311
450741121
451999153
457274161
457320533
457462531
458820961
459248641
459838867
460259713
462587329
464307449
465808501
466675973
467491753
468566701
469328203
470000833
470063791
473581057
473590081
473592667
475544041
475600951
481239361
482434063
483006889
483576697
486913681
489290551
491152531
491280379
491646403
493917211
493982581
495159757
495416503
495630073
495966469
498442951
506359879
507581011
507694669
510166273
512184037
512682509
514139191
514178227
514454011
520277287
520399381
520809451
520983739
521170849
524418761
528013333
532258271
532303991
532477639
534293761
534997159
536342419
537616729
539245801
540355313
545738203
546352159
546575131
547055227
548721541
549308761
550132741
552163333
553737637
553865857
557163157
558522229
564770081
567483313
569332177
569720321
571460977
572914021
572981291
574998841
576295591
576691741
576865807
578191849
581354881
591043771
591778501
593128771
594082273
595616227
600507277
602241319
603415933
607662091
610324219
611852671
612025241
612816751
614768617
615916577
616026811
618045391
620072251
620109889
620169409
621787951
624787489
625606021
626644901
627702697
627886657
633368707
633801071
634467461
634895101
636859339
637242247
643316461
645259201
645556481
647413001
649410763
652969351
653260633
654288031
655219207
656793899
660262753
660884899
661426561
663086449
664384681
665462081
665916481
666640801
670567301
670688443
672396721
673294733
676880821
677851241
678248647
679975003
684633461
687104741
687251137
689515513
691225543
692881333
696447181
699498757
706415453
707941417
709393483
709879301
710741953
711370837
711397333
711968599
713197939
713958241
715180211
715427861
716169301
717542101
719818321
720385903
723354493
723901537
723914897
725384161
725492881
725997721
730629593
730920037
734907889
738272429
740291443
746133571
750313021
751632151
752565331
752607809
753594001
753663497
754020361
754502167
756194587
756205633
758687581
761932033
762057913
762425203
763162217
763240417
764675749
765378241
765406153
769877707
772091791
772482049
772897381
773424793
774044641
775866001
776324473
779505013
779566211
779858281
782720929
782837483
783109489
783995101
784810297
785695789
786185611
791063341
792684467
797219821
797252681
797563229
798976193
801866647
805142959
805334461
807218413
809072569
809506133
810455101
810464111
810635801
810737461
814441633
815791901
817560325
817624963
818426071
820281491
822531841
823617673
826380991
826399777
826945621
828781231
829744327
831258601
831992539
835671409
835935361
839342467
839915737
841341901
841587349
843765781
845535925
846963053
851783921
851803289
852112081
852332869
854196043
860334301
860422273
860524393
862582843
866008153
866908657
867032651
867323521
868134721
868410577
870142879
870993553
873610151
874718521
876745153
877604071
881202169
881214067
882133001
883818325
884584891
885918619
887297083
887405065
887570599
889220291
896240641
897957919
907170589
907514561
909788947
910873861
911484421
914527741
918400033
918573503
923539553
927628417
930076225
933379525
933868981
934290251
938376181
941060609
945656281
948323069
949317217
949324951
949681801
953046067
955609903
956775799
957688201
959798321
959900989
960595561
961473371
961504589
968791321
970560533
972416317
973518001
974099389
979363153
982680637
982950541
983714005
986816377
990726851
998437001
998713189
1000785013
1000893187
1004521337
1006050943
1007141959
1012710571
1012846537
1015269391
1017935213
1018125187
1019089369
1021937041
1025101463
1025542171
1027744453
1028494429
1029381391
1029550861
1030001527
1031178751
1032101461
1033501877
1034958601
1035128701
1038405223
1040295691
1041984487
1045511353
1045760101
1050371305
1052330971
1055512369
1059852133
1060097221
1061059651
1063398043
1064180107
1066107089
1067437801
1067748739
1067802667
1068761027
1068873121
1069979689
1070063191
1072839941
1073729801
1073755327
1078636369
1078720529
1084444481
1084952881
1086773689
1091674393
1095225301
1095321043
1099195147
1099394941
1102550131
1103102191
1112823979
1115637601
1115692939
1119915421
1120819393
1121676013
1124970883
1129235647
1130399719
1131069473
1132343983
1133818561
1135428031
1139434453
1144662929
1145170153
1147710211
1148416513
1148422157
1152793621
1154764997
1156344841
1158248449
1159421509
1159896277
1163190601
1164015241
1166240833
1168284631
1173436153
1179860257
1180970407
1181794483
1183175951
1186871941
1189817371
1190875321
1191318871
1193229577
1197060271
1202085067
1207179973
1208388301
1218710791
1218924023
1226271961
1229956003
1232020417
1233350113
1236313501
1236475021
1238807227
1242841693
1246829791
1247155463
1247875903
1250429671
1251306977
1254074201
1255215259
1258903981
1259432101
1261949539
1268946253
1269687401
1270946099
1272435181
1272527257
1278655771
1284188963
1286124061
1286622793
1287736061
1287799061
1291821199
1293469519
1294478833
1295074171
1296018197
1297092721
1298134369
1299784141
1301342725
1305614743
1306061401
1309723213
1310353849
1311616153
1312538551
1313022881
1313428201
1313476561
1318126321
1320327391
1321056013
1323928729
1325857541
1327026403
1328233451
1328256247
1331574553
1333128031
1337433109
1338605713
1341578977
1341745619
1347800353
1352945231
1353332417
1357763389
1359525889
1362062059
1365264631
1367104639
1375684831
1376799577
1377352351
1378384907
1381243709
1382117881
1382700211
1393426789
1398368737
1398762199
1404228421
1404758437
1408610503
1415323999
1415813751
1418365873
1418650069
1420608337
1422471667
1428580729
1429204043
1430362319
1437177941
1438620691
1440231941
1440827053
1441791061
1446367231
1450271143
1450792891
1452759401
1455060097
1458352699
1459165183
1464968641
1466685793
1469768653
1473331081
1474280111
1479085021
1480849831
1482133441
1486693657
1487387611
1487669411
1494317057
1496233003
1497426529
1502124859
1502682721
1506405889
1507105651
1508953447
1509898711
1511819641
1519181953
1523672281
1525710763
1526216509
1527631281
1530687583
1532419099
1533232369
1540208251
1542774383
1545742213
1552103821
1552636807
1552891201
1556329633
1561306249
1562826457
1565740597
1567955629
1572777551
1574362441
1577194561
1577631199
1579217641
1582307989
1583146927
1583230241
1584070783
1587455939
1587738601
1588003751
1588074751
1588472341
1589749801
1595933197
1597184761
1600102697
1606749061
1606998511
1607530051
1613144879
1613534737
1618022161
1619680147
1620435241
1628024149
1628692201
1632370081
1633240001
1643601961
1644177883
1645859251
1648633471
1649325889
1650517591
1651267291
1651972477
1652521501
1659180151
1659856969
1665052621
1666245001
1667552305
1674091141
1683174533
1684118251
1685300489
1690278143
1693368451
1693549341
1695786863
1700694301
1701219241
1704340051
1706302153
1707313469
1707922687
1709259553
1709798581
1711948225
1716830971
1720788379
1720994833
1722463471
1722703501
1726372441
1726924949
1728190171
1729884511
1730226613
1730409913
1736122513
1738769281
1741080661
1741436533
1742288881
1743657931
1746721681
1750675019
1754271553
1757148121
1758646177
1760434771
1760746501
1773096931
1773599521
1773867151
1776820033
1779544531
1779954023
1781084161
1781335001
1782513481
1786058509
1788686513
1792442737
1793147513
1793523439
1795711553
1796170351
1807922491
1808043283
1808131111
1813493761
1814018389
1818827141
1820306953
1821051191
1822916551
1823845267
1827084253
1827702101
1828593583
1828887061
1839568981
1840525831
1850207129
1852356281
1852460281
1859320219
1871890399
1874439001
1879828501
1887446161
1894909141
1894955311
1895234401
1895463961
1897321619
1898589925
1900104383
1900664461
1900823653
1901906827
1904748301
1910889247
1911859951
1914303841
1920301951
1923958037
1930534453
1931085433
1931880133
1934685793
1936466533
1939808261
1941985753
1947686761
1949023099
1953286003
1955771767
1958704177
1960481331
1960577189
1962955177
1963133581
1965826045
1975247539
1975331581
1977039811
1981581809
1985614651
1989628327
2004080941
2013655645
2019522457
2019805261
2025983545
2027819389
2038093597
2045807821
2047861171
2049869017
2051965081
2054711381
2054735899
2058751477
2060818201
2064862291
2070082081
2077766623
2079463049
2083048927
2086236181
2090066947
2093747801
2094737503
2095009281
2101744837
2102740889
2105755061
2108428141
2108568827
2109240013
2109248551
2113608631
2115354841
2115480553
2119549441
2122209181
2125213201
2132208331
2139462991
2146428621
2149255487
2149815781
2151663589
2153607941
2154420997
2164829701
2166580201
2167455691
2172131641
2176084037
2177822761
2184132653
2185248913
2186527523
2197944451
2200195187
2202802537
2205481807
2207281051
2216093707
2216123671
2217879901
2218908253
2224278253
2231332357
2234003857
2236198693
2237576251
2239405541
2239701517
2239815901
2241880033
2256289369
2256666133
2257069201
2257572013
2262861901
2264617261
2274169561
2275006371
2277536761
2286976957
2290361221
2296094737
2296837133
2303386597
2303921629
2306716021
2306748331
2309615197
2314044721
2318964821
2325965713
2332195633
2333010751
2340456319
2341538001
2341936873
2342756881
2346685489
2347414609
2348618977
2359020061
2360909101
2367986531
2375590699
2375894809
2379890921
2381650459
2381778673
2383472057
2385622639
2386537861
2394838321
2394910183
2409113407
2409382837
2417592421
2418928409
2421633761
2423090851
2423385847
2434869949
2436691321
2436927907
2445124969
2448374689
2456536681
2461533229
2462280277
2462440753
2468592127
2472907141
2479087297
2480343553
2483253781
2488824757
2492905033
2494984321
2497330117
2499853333
2501832601
2509893541
2516234251
2517601663
2517714091
2520917821
2520953689
2521630081
2522403991
2523611941
2525268061
2526566041
2528955325
2529410281
2531385001
2532621041
2540094481
2540567053
2542342447
2543704483
2545215109
2546423881
2549110901
2551837441
2554606871
2558321431
2560176001
2561745311
2563255213
2567056213
2570087521
2571180247
2571812741
2573347771
2582246701
2588685881
2592946819
2595053401
2597294701
2598933481
2601838861
2602022551
2604731481
2609153317
2609471341
2621986753
2625135787
2629051459
2629254601
2633650081
2634284801
2638067881
2646147001
2653192279
2657260321
2658416113
2663531027
2673898151
2674839511
2694553273
2695064653
2705647141
2710143151
2713562867
2715139261
2718158357
2720566549
2727778481
2729221111
2733156029
2739277843
2742410521
2742520889
2746021741
2746197151
2752131409
2766983551
2767579907
2774755999
2777780149
2788958827
2790856751
2792190325
2793388369
2795304097
2798511643
2804783533
2822521411
2832000949
2834229313
2835192889
2842653969
2845161199
2852423491
2855579761
2857385719
2858356741
2862066481
2862635653
2864630851
2869376819
2873094001
2874684251
2889079201
2889311797
2892431701
2895362849
2898522271
2912876821
2916811591
2918295451
2930453773
2930831641
2931182963
2949436801
2949721633
2956724317
2958453401
2965538431
2973097121
2978650819
2988419281
2996276869
2999794627
3006442429
3008325883
3008733781
3011012401
3016784161
3022923151
3023160493
3023629561
3028125781
3028958899
3030106105
3033389731
3044238121
3044456299
3045150217
3054519001
3064147633
3066324559
3068534701
3072497671
3078612967
3079819051
3081070423
3082584217
3083053387
3086250187
3089568749
3102304507
3106952647
3112918321
3116834401
3127775509
3132357001
3135914893
3142656469
3142863751
3145292821
3149733107
3151977753
3172658653
3175391647
3183057629
3188031211
3189888001
3204225301
3205663921
3206203003
3206569969
3213770269
3217744531
3220593025
3221034643
3221811709
3224109701
3228044821
3231006991
3234984217
3235126501
3235798363
3241489651
3242286403
3243153691
3253255783
3255458221
3258425633
3263360563
3273778327
3273820903
3275763211
3275834101
3305541151
3316361791
3320283961
3323590463
3324006533
3326717353
3327046471
3337462981
3342193069
3349218881
3350872009
3352026133
3374360965
3374582311
3376562543
3383477191
3403953463
3407380211
3410137193
3414771697
3416715583
3421915823
3432872011
3438861301
3443489101
3445223921
3446986271
3448620793
3449074357
3453396871
3459071017
3462909031
3474851041
3477120141
3482877943
3487895905
3491799709
3492258901
3496458247
3512847869
3523416749
3529344607
3534420583
3534735349
3539578501
3541642597
3546090721
3546341761
3550505251
3556778257
3563340457
3568926709
3569494897
3574087859
3579165229
3586646113
3591052009
3598107121
3603253633
3604885483
3605151241
3605157817
3609395011
3613601473
3614083747
3616098557
3625193591
3637831753
3637884673
3640903111
3642034261
3643480501
3652775041
3656150681
3663427249
3667342603
3672977101
3673058773
3677739521
3691554517
3692074453
3702280801
3706376801
3708119167
3714018851
3717260737
3720728873
3722134549
3725696141
3733646491
3734017561
3734611081
3740785777
3743307181
3744716491
3760983029
3764708873
3780320329
3784123501
3784485451
3795743533
3801299251
3807645859
3808820377
3809018947
3810511279
3812314819
3814925519
3817721767
3817794137
3819612809
3821259331
3827652991
3832807681
3836292001
3843559301
3844074781
3846532801
3852800033
3858771641
3861362551
3869668351
3869854129
3880578917
3881445751
3886515361
3886607083
3887423437
3891090817
3895924033
3896343661
3896963857
3903182981
3905583823
3906472321
3908413559
3914134771
3916900261
3917319841
3919055851
3923579083
3924658591
3936899605
3937542337
3942189523
3947434681
3947560525
3964220371
3967649501
3976891513
3982456171
3991532161
3995940983
3997486249
4002249901
4003592737
4005432371
4011582781
4021176463
4027868101
4035028861
4036169381
4040636491
4040772133
4042578403
4045222081
4059250651
4060287793
4078542241
4080622201
4088575921
4109179141
4115791961
4134189937
4135506103
4140610013
4149101017
4151727457
4152597409
4157577733
4160411251
4163492701
4169092201
4173866413
4178016961
4179585383
4183664101
4186561633
4196524741
4206103525
4207156873
4214029201
4215107953
4219963603
4233759601
4233832961
4234224601
4239065551
4250507431
4252995601
4255894651
4256352907
4260734083
4263630211
4271121161
4282671721
4283157583
4283445403
4294897751
