49
133
301
817
931
1137
1849
1891
2071
2107
2653
2911
3439
4489
4681
5719
6191
6817
7201
8321
9211
10721
12943
14089
16297
18571
19729
24301
35131
38503
40033
41311
45527
48133
49051
50407
50737
55969
68599
80081
86731
90241
90601
98671
104689
111841
114079
134863
136729
137761
139231
139411
146611
161701
166453
166499
172063
177571
200431
208339
209587
211721
223343
229663
231499
240577
245917
254689
256159
257041
285541
293281
295331
307363
308341
309643
312793
328021
341531
343441
352849
360533
374851
381367
385201
399001
435671
439561
460507
470017
484741
535949
539431
561241
565001
578771
583489
597871
638731
665281
690691
700771
741751
752221
753667
764443
784909
798553
856087
873181
917701
954271
955921
976873
1024651
1041977
1061341
1061461
1069993
1076791
1088891
1090051
1095641
1121563
1139893
1167685
1200967
1239811
1250827
1303381
1306199
1373653
1376413
1410787
1537381
1542623
1542649
1703677
1721419
1755001
1951471
2091181
2167501
2244817
2250767
2291191
2342683
2577151
2583265
2627551
2631643
2648809
2694853
2746477
2826581
2848217
2924377
2975743
3046843
3059101
3089683
3093697
3119273
3237569
3240541
3313597
3338221
3488717
3595979
3607891
3715897
3729433
3815011
3930697
3961063
4061743
4074907
4111381
4119301
4128961
4178539
4216601
4273039
4299023
4330081
4363597
4398481
4411681
4570529
4713361
4729253
4905397
4935701
4997461
5045401
5073199
5081497
5102959
5111501
5160013
5252171
5398273
5481451
5489641
5504701
5709529
5902849
5906689
6009511
6175639
6554131
6555001
6585571
6671611
6680209
6733693
6955541
6969511
7052731
7127209
7147739
7245973
7361201
7477291
7624501
7759937
7780501
7809631
7894765
8016841
8036033
8233633
8282881
8351929
8401163
8761553
8864017
9028771
9049153
9174829
9210079
9213361
9273547
9288101
9729721
9835541
9849831
9895217
10099121
10389809
10505701
10607617
10932001
10951627
11195281
11728981
11767001
11834587
11946691
12035233
12240103
12338471
12347551
12608137
12682477
12854437
12862981
12932609
13003981
13146841
13167923
13314649
13460179
13626391
13773061
13909559
13996951
14203561
14265811
14384179
14632537
14746501
14794081
14806511
14970889
15093349
15172507
15217577
15455633
16253551
16434991
16449343
16462297
16520533
16521601
16554097
16684501
16719127
16933801
17098369
17198039
17732053
18112513
18189761
18212977
18225703
18342241
18457957
18519463
18733271
18999361
19258529
19442119
19622791
19644241
19915021
20118457
20168461
20177701
20195191
20310751
20590441
20904799
21359521
21479641
21559931
21578377
21666499
21810359
21814261
22111519
22349251
22806811
22884379
22935217
23296183
24033973
24213911
24573331
24673373
24941281
24966379
24966913
25065353
25233391
25415941
25526729
25629499
25670233
25909453
26332181
26671951
26804953
26813221
26886817
27012001
27374239
27509653
27722857
27808463
27832657
28360603
28452601
28700047
28727353
28868051
28879597
29042633
29076401
29173247
29266361
29893249
29913079
30075481
30295721
30542131
31129309
31201801
31918987
32092259
32322067
32813831
32871049
32905291
32982359
32995621
33554629
33582445
33734263
33893341
34003061
34043101
34240537
34337779
34733021
35018777
35956369
36291193
36448387
36803201
37108243
37664641
37734337
37780381
37804633
37964809
38744449
38894689
39251269
39447181
40084471
40102063
40210591
40315861
40521301
41069047
41195701
41569003
41710411
41798401
41899981
42998901
43363601
44306329
44389951
44482901
44510977
44784037
44823661
45330337
45696223
45851893
46069321
46094401
46549777
46590601
46992859
47606077
47903701
48071761
48633271
48671443
48691231
48937483
49322387
49409977
49472281
49573627
50040541
50157823
50654311
51202207
51283501
51627817
51803821
52836769
53390611
53542147
53907121
54149041
54289393
54292501
54334321
54637831
54777721
55610837
55681291
55809721
56326801
56479897
57177781
57339913
57699739
57997381
58465933
58725703
59195631
59647771
59953741
61770041
61907461
61946881
62289541
62551637
62690497
63001423
63038201
63247141
63358159
63388033
63388133
63799471
64532257
64855201
65254393
65408203
66007061
66069433
66124297
66166801
66489751
68102641
68182003
68512867
68768569
68939971
70592419
70620041
70780777
71667121
71768143
71959651
72115831
72425221
72717817
72884701
73289861
73527301
73770061
73981657
74506051
75035897
75126641
75320341
76055809
76167733
76583473
76648081
77146831
77529817
78795181
79289591
80207381
81074449
81376903
81454081
81775981
81816547
82149601
82274317
82452061
83403041
83560411
84247963
84661351
84826603
85305767
85337641
85400701
85907917
86301217
86850173
86854721
86926247
87042277
87056941
87111469
87385523
87738121
89696081
91154281
91935947
92143657
92810641
93202543
93460771
93494017
94037287
94069171
94864837
95594617
95652481
95700991
95829131
96028001
96527131
97071211
97084261
97182301
97196161
97255801
98025121
98444881
99489541
100581859
101146261
101584621
102193177
102294427
103906501
104524421
106169761
107672689
108019073
108056719
108324701
108615337
108905231
108999301
109064341
110465261
110881651
111346453
111387121
111970801
112307329
112499311
112613377
112702591
112939831
113264009
113352401
113605201
114329881
114560161
114895219
114910489
115079257
116282113
116701003
117522367
118236259
118306021
118337101
118737901
119553589
119761579
121152961
123874651
124910371
126102659
126211307
126323699
126550831
126564043
126620033
126747271
126940901
127534243
127535651
127560439
127581301
129200801
131364811
131508301
131514281
133462561
133800661
134396191
134539753
134777221
136708513
136716889
137033359
137340451
137449621
137518597
137763037
138158411
138336661
142068529
142922413
143168581
143213203
143379521
143500681
143682241
144538093
145377277
145494691
145759051
145966021
146021633
147405259
147683593
150255323
153393637
153494191
154011467
154157599
154626187
154799797
154889057
155840777
155918731
157309453
157803521
157875037
158068153
159472867
159722821
160280611
160602751
160952101
161158601
161216021
162537103
162817747
163039501
163759753
163903039
164058157
164411911
165938653
166595131
166662641
166812481
166849561
168399001
168586111
168726631
170491777
170492449
172116181
174445603
176609441
176825401
177337513
178482151
178660873
178918741
178963201
179101261
179124013
180115489
180252797
180497633
180778349
181550851
182333251
182532593
183333277
183484571
183782479
184746889
184758127
187176601
187642711
189426901
189658801
189739285
190154251
190212181
190561711
191321407
192726577
193139341
193661281
193763233
193829693
194848109
196862401
197991109
198434941
199020733
199334539
199789441
200001829
201257269
202036501
202565651
203231621
203262641
207088561
207899797
211848641
212006647
212941513
213940553
215150711
216267851
217472501
217517653
219367019
220261861
220471841
221006801
221257609
221846623
222671473
225312019
226858201
228515797
230357761
231800671
232103887
234610291
234715021
235171927
236530981
237087481
237719311
237762361
238517569
238671187
240096001
243254797
244047109
246035089
246560651
246570721
246865537
247588963
248502997
249563581
249932801
249934301
253158751
253446799
254974417
255160621
255352447
255866131
255873671
260736341
261774163
261962317
263132911
263428181
264350521
266547841
266589649
268424803
268505551
269977817
270130589
273177001
273637027
273823507
274385077
274518677
275712533
277119253
277787141
278388881
279085717
280395649
281763901
283007563
284363083
285091759
286019281
287065471
287671259
288460217
290375801
291236977
292180633
292381301
292538819
292845001
293738977
294560873
296457191
296794037
296798527
298822501
300527731
300696251
302560501
303458321
303639337
303651041
304788013
305483977
306191621
306859861
309591307
310962361
312223213
312773141
313314211
314527843
315838711
316896581
316975751
317539105
317571301
318144487
319554379
321489379
322145377
322498501
323901007
325004833
325867921
327774721
327880369
330808801
330993433
333916399
334793551
334963333
337096889
338753227
339246043
339276653
340010611
341216053
342265951
343666181
344461349
344776301
345701731
346859521
347295481
350237977
353216251
354904741
356066497
356534641
356604421
358223989
359961691
361267111
361307521
362944987
363941467
369346771
372038627
372810719
373416881
375184261
375881761
377979169
379270651
380137633
381382783
381857329
383985821
387346189
388573501
394365241
394677473
395164151
395264101
397637593
400270807
401635909
402752533
404375593
407282851
410210659
412081259
413181497
413670661
414948661
415098161
415141651
418192133
418226581
418617281
419894021
421150801
421637639
422389073
422519189
424632517
424632913
426431377
427429939
428378729
429595039
431945623
433271581
434827849
434974411
435137101
435604951
436196573
437136391
437250577
438247427
438470011
441592633
441947221
445806271
448592365
449241763
449604001
450773443
451118981
453919201
454766287
454841971
455347489
455712913
458102233
461329601
462849931
463264003
465658903
467135281
467321089
469767691
473205409
473667721
473750371
474321763
474651451
475165021
478614067
479434429
479489557
479586301
481565267
482527219
482745721
483310231
483384007
484662529
486722497
487768393
488840041
490518181
490894111
491646403
498662561
500056481
500095993
506306479
507726901
507960001
511121161
512330281
513368857
513707713
514185857
514458001
515581249
516259657
516764063
518820101
520809451
520924141
523703179
523978817
524151253
527341519
527954017
528013333
530630701
533775001
534052457
534688273
536484031
537926899
540505141
543178693
544952341
545738203
545918627
547608289
548940127
551313001
551672221
551856551
552777611
554118661
555465601
557163157
559547773
559702153
560346587
560612167
563947141
566938441
567871571
568314187
568339069
568506511
569332177
569596513
571904173
572766251
573896881
575834173
576691741
580686881
582243341
584085703
585430873
586862737
586922051
588872839
590990453
591043771
592467451
592807517
595616227
596714509
596995747
598371107
601015429
601568881
601675813
604437679
604986787
611852671
611888311
612109207
612790921
613471657
616015469
621030301
621716881
630022069
630943441
633289807
633417137
633595201
636005239
636599521
638574211
638874241
639946267
641358961
641368729
642060541
642322801
643074409
643580033
644908531
646175713
647190253
649761589
651740311
652171843
652417801
654101551
654352417
660986327
663311041
665443351
667081801
667261871
667563487
678055811
678168401
679975003
680569889
682029181
683581471
685085959
688436893
689327731
691003621
691999117
692327039
692748721
697791403
699629813
700627591
702683101
704415343
707170697
708161767
708995071
709468897
709825409
710538973
713383171
713437817
713870827
713946133
715503037
716485231
719837761
723253507
724301623
726569551
728458501
729094843
730619407
731738941
732525553
733038681
736510321
739286731
741181547
741529421
746849929
747870779
748419127
749678491
749800921
751705597
753233717
756074467
757834531
758687581
758798185
762133751
765896701
770909107
776249251
777190471
779335831
780380569
780413911
783393701
786333241
787028593
788046901
789811057
792342569
792954947
795490747
795636041
800055367
802073989
803264281
805470307
809790881
812036461
817519861
818135963
820009079
823154461
825210433
825639511
827980471
830022211
831116917
831209851
834206071
834448051
835000121
839208439
840749761
842824981
843450313
846695851
850334761
856425571
857448467
858660631
859481921
861246361
864165457
867032651
872380321
873471661
880951717
884584891
887570599
887876857
889686469
891943727
899600833
901422713
901502143
902238949
903660341
908219251
909651767
910020833
912380743
914102311
914523121
915330001
917880413
918400033
920375821
923992807
925625341
927106561
929478401
929559403
933433201
934186861
934631101
935405281
937887539
939448693
941276569
946323841
947300089
949324951
950500741
951599251
951849151
957479993
958208833
958952611
961473523
965725853
968283247
970274581
973368481
973393093
976332449
976396961
983080561
993307309
993885751
994885141
998914561
1003898611
1006356583
1009365121
1016250247
1018878001
1021349287
1022088889
1022193121
1022398531
1024018561
1024568581
1028847961
1029440707
1034608981
1037750617
1039379041
1042277279
1044719761
1045983401
1047394357
1055982313
1060827577
1065553573
1068013451
1071698401
1077439969
1078256137
1079063371
1081298419
1082836351
1092874897
1092902533
1097102353
1098000091
1099049491
1100829221
1103436881
1105322653
1108496341
1109389333
1111198681
1112103541
1114563007
1115910727
1116100441
1117200931
1117547201
1120531609
1121196781
1123406047
1123817941
1124454421
1126587151
1128217091
1128822541
1129390421
1132516243
1139401033
1142300503
1142910001
1142953153
1151800721
1153053431
1159020097
1164015241
1177300951
1181267641
1185813547
1187373001
1188646903
1189817371
1191251881
1191988351
1192492801
1198880261
1199065489
1201773689
1202893561
1207438357
1209229477
1210562701
1213347691
1215795421
1216204169
1219858921
1229918257
1232097751
1234374793
1234646533
1234887673
1235156941
1238517649
1238846407
1245989471
1247804713
1247875903
1248660979
1249576301
1253091181
1255637261
1257216577
1260309343
1260888157
1261099531
1261570133
1261805971
1263343817
1264658221
1266482017
1272866167
1275037457
1277461693
1280319841
1280837381
1281683131
1282402549
1291412431
1291854881
1292888611
1293469519
1295074171
1297450201
1299415729
1299824761
1300490071
1301698927
1303799743
1305469177
1305832289
1307887351
1309523081
1311846091
1313022881
1314512531
1314918199
1324344341
1325576701
1328623463
1329142609
1332804013
1333215703
1335105703
1336100959
1341245231
1341620281
1346624533
1347591247
1348105391
1350031957
1353332417
1356520241
1358425741
1361705929
1364378203
1368769681
1369343977
1371720013
1375019101
1375684831
1376799577
1380639313
1384617307
1387360321
1387654303
1388949641
1389675541
1391991551
1393006463
1394632891
1395564127
1397169091
1400832187
1412853619
1413455107
1414154827
1429786441
1432852711
1433850809
1434464461
1440610381
1443652033
1443742273
1444633681
1444694213
1453219717
1453548403
1454860691
1455172547
1459668853
1459775857
1460027969
1461769129
1464177691
1464953527
1466031223
1469741761
1470774061
1471557973
1472674573
1484742533
1487245501
1502434501
1502682721
1503240559
1504164001
1505442901
1506331273
1509885877
1513701071
1513888157
1516981231
1517229757
1521221473
1521724289
1527763333
1529705629
1532419099
1532964271
1533555271
1539583921
1540208251
1544599061
1547512723
1547609851
1549018297
1549023071
1552636807
1552742641
1558736911
1558913203
1563607081
1564278211
1565740597
1565893201
1570283641
1576232081
1578611501
1579079503
1580591011
1588472341
1591484207
1595398501
1598966563
1604586241
1606158457
1607530051
1608311681
1610013697
1610264413
1614341431
1614423661
1618070737
1621089121
1628692201
1632785701
1641812017
1645229197
1645859251
1646590843
1646710099
1653803263
1656917377
1658155901
1663725919
1665597781
1667024299
1667370893
1669922983
1670826061
1673824951
1674091141
1675681039
1680901381
1684418401
1686354757
1694484013
1694598061
1697558501
1698022201
1701129281
1702111921
1703644801
1709127811
1709718341
1709881273
1715427451
1718090221
1721573569
1725073633
1728137857
1731327121
1731474379
1731971699
1738275001
1739057633
1741264001
1742114221
1748100181
1751506093
1757055847
1757514781
1764424099
1767417121
1768213009
1772142529
1773916033
1774088521
1775619871
1776548437
1779007361
1780074871
1790995051
1792442737
1795844417
1796734241
1799483947
1803419557
1804396573
1806844537
1810934821
1818638581
1822657981
1826718361
1827702101
1839568981
1840512787
1844279011
1858723049
1858763201
1864009153
1864274917
1867714759
1868076451
1868077313
1869092161
1869189409
1869875281
1871052697
1873650901
1876581721
1876833253
1878261841
1878691753
1879597693
1883509633
1884145451
1887326431
1893427981
1907221681
1909759051
1918198801
1930913801
1931758921
1939369531
1944156007
1952968753
1957537051
1958033911
1962749521
1962813845
1966370561
1967594491
1971085741
1976295241
1977257441
1978417057
1986220787
1990866901
1990986559
1994106241
1995784961
1998757583
2000436751
2003220161
2004567239
2008184641
2015263801
2017269511
2021046073
2026345861
2026633951
2028685753
2031881281
2034089047
2034348961
2034707281
2035642183
2036224321
2037732451
2041265041
2045796761
2046408787
2051034353
2052203251
2057665741
2062074431
2062247851
2065840171
2071973119
2077280731
2077323697
2090913437
2094172081
2096692033
2096758123
2096944957
2097580697
2101799071
2107653439
2108275489
2108761201
2113244101
2114102593
2115393347
2116483027
2122872031
2124004411
2126151977
2126390029
2126689501
2126800747
2129841919
2131620571
2131822801
2133505333
2134588681
2135210491
2135722681
2136458179
2140699681
2141449303
2144548033
2145211097
2145850513
2148788881
2152037971
2159996617
2162461663
2163198151
2173406821
2174671721
2175136133
2184744451
2185248913
2194422751
2195936501
2199931651
2201364313
2203525045
2203649197
2204338501
2208676471
2209340597
2211719551
2219057173
2220242473
2220363541
2223065567
2230160479
2231332357
2231794681
2233031701
2234202049
2236009441
2239679287
2241309199
2242724851
2250357679
2250585241
2253176951
2253376133
2256387751
2267429599
2274200441
2275099751
2285660833
2288259283
2292728131
2294455411
2300356301
2300901443
2301828211
2305067801
2312963333
2317579951
2320640011
2321251129
2323866169
2327826421
2331181621
2335341601
2336355841
2337472051
2347597981
2351920801
2353683329
2355320101
2363133241
2364200329
2373147943
2373304319
2382412339
2384515201
2385076987
2387525141
2391373001
2411062921
2413973071
2419194433
2421393409
2421859357
2423119217
2430632101
2444062237
2444736533
2446348393
2447287361
2452168781
2458231903
2459217349
2469082969
2480147521
2483760371
2484548947
2488464001
2500092013
2502992179
2506799329
2510941969
2511257041
2512719661
2514437599
2516136449
2518368701
2518922029
2524460209
2537738963
2541169177
2543704483
2544326929
2545961041
2558892293
2560600351
2564952421
2566305991
2574211669
2576890621
2578132561
2579163931
2582246701
2582524319
2582799451
2584216981
2585737591
2610936451
2617075189
2631141001
2631711283
2643895487
2644262821
2650440241
2654851387
2676365161
2680883617
2686388989
2686816133
2693939401
2697374737
2701021027
2702470861
2704546027
2709376001
2711073817
2713785853
2716157989
2722576501
2738053141
2742496771
2742851021
2743426027
2746223767
2746882669
2751528889
2752534271
2757689101
2758172737
2759376911
2763949033
2769443821
2770560241
2771478637
2775739261
2776751821
2783071565
2784163951
2787493333
2787998641
2788970881
2791053541
2801594797
2809587691
2813512591
2817144049
2821817071
2823662473
2829140893
2841190381
2842384231
2848722131
2849642687
2852183101
2853861571
2855290901
2872327321
2874627649
2880138601
2880632179
2881429741
2884502099
2885594497
2887274353
2889439027
2896672153
2898023521
2900875037
2903327617
2911911913
2913206999
2916085597
2929612687
2936613821
2936966621
2943403453
2949048649
2951136343
2958611251
2962000003
2975096953
2975506639
2977368487
2977516537
2986740901
2992195571
2992394501
2996291557
2996498881
2996944133
3000849589
3006444173
3008333333
3010303801
3017051371
3019916461
3022921207
3037426003
3038361217
3044238121
3045948277
3049564561
3059123521
3063683503
3077602481
3078537031
3078612967
3087486361
3089781961
3089912971
3090303091
3097132897
3099935521
3110711077
3115120321
3130386821
3132738797
3135342031
3137756161
3142433971
3143653111
3144362167
3148224353
3151353941
3152169439
3162838051
3163106953
3167801617
3173313547
3181341239
3185165791
3185355281
3187327873
3189623737
3201001721
3204640657
3205657489
3210223249
3211109839
3217744531
3228488869
3229992977
3237992101
3240057913
3249335941
3252010217
3259543813
3262395841
3268212421
3270933121
3277104991
3285725701
3290720681
3294726877
3295217971
3298453619
3300548473
3304446191
3308592361
3314667421
3314727281
3315696401
3318444031
3322551403
3324006533
3325719259
3328600577
3331258039
3332340703
3337201121
3339277327
3342280663
3347062801
3349997731
3351561553
3352091557
3358366001
3358680277
3396946807
3398699851
3399901517
3406773703
3407772817
3411250081
3432881233
3435495841
3436070779
3437519941
3450935503
3454497721
3456197581
3457384561
3464236901
3469254571
3476360053
3481538581
3481760311
3484736677
3496210513
3497607433
3502404577
3503841139
3504434431
3531927211
3543203333
3546080533
3549286001
3562793911
3563340457
3569326561
3578705131
3581831761
3582754501
3584686357
3591633281
3594968821
3597270517
3599802541
3610235269
3613663441
3619857697
3625328981
3631504001
3634084871
3637851211
3640903111
3644042041
3651150331
3652672789
3655148323
3659890961
3664814347
3667912171
3693935849
3695441941
3696159151
3697814401
3704621671
3714045481
3725696141
3727828501
3733056211
3733646491
3737346049
3747084769
3752984839
3754832371
3761091937
3783681227
3787717001
3789843461
3792753361
3795448889
3803999113
3819612809
3820239481
3821259331
3821276737
3827947333
3829165159
3834297193
3848645501
3852557039
3863129689
3866820907
3869668351
3874471147
3879268901
3882188171
3883439647
3886643801
3887196913
3894053311
3895046191
3895924033
3898001381
3901882447
3903465961
3906380107
3908975761
3909594967
3916971701
3917848663
3919048057
3923171803
3923437501
3925205101
3928801391
3930767513
3937818691
3939466051
3939555601
3955054027
3956902801
3957981301
3959921521
3971677951
3980558401
3982264199
3986664571
3988028371
3988410541
3993401411
4001498491
4004016721
4007299801
4015029061
4018933249
4021176463
4024269901
4026822577
4027487851
4034969401
4038105779
4038242413
4039033153
4039299227
4041605713
4044237271
4045853557
4050134141
4059776533
4063069697
4069030879
4073878309
4083065003
4085069851
4086816311
4093292077
4098369049
4099811591
4099980581
4105691393
4106260033
4114542361
4116631501
4117746319
4130743517
4149623497
4150666633
4156880029
4167331667
4167456859
4180154791
4192060699
4193509321
4200339791
4217739181
4233808153
4237721357
4238341691
4251724627
4252802893
4256316013
4263447899
4263507091
4265651617
4268420833
4270339207
4277526901
4283919851
4286980277
4294897751
