33
85
91
121
363
1891
2465
2701
3751
6205
6461
7381
9073
10585
12209
12403
15545
17593
20485
21361
27007
31417
31753
34861
34945
35785
49051
52853
67159
90161
125563
128627
147967
157091
166499
166513
173413
193885
194221
206981
216457
226801
226957
228811
264265
282133
294061
315283
318361
327781
342271
360361
360533
365713
434531
442711
463241
470017
508153
510533
512461
522349
549721
565001
566401
578771
583883
587861
591685
626179
657393
660313
708709
710533
721801
749269
757945
871141
873181
901801
966461
994843
1009345
1024651
1037765
1082401
1152271
1159511
1169101
1179487
1268551
1308889
1314631
1335961
1406989
1408447
1429297
1454933
1461241
1466737
1495405
1677601
1690501
1728001
1779229
1828087
1870237
1891121
1905763
2000251
2003779
2062279
2073805
2118577
2163001
2181121
2181961
2284453
2387797
2448209
2489791
2553941
2817001
2858257
2944261
2977217
3013201
3112711
3117547
3186821
3307051
3351961
3363121
3539101
3609341
3621985
3642757
3647621
3689231
3694621
3802121
4012961
4082653
4225033
4255903
4360621
4456285
4567837
4665641
4863127
4916821
4935701
4964851
5049971
5095777
5134151
5194051
5292631
5365067
5419751
5610691
5777773
5836861
6049681
6178279
6218131
6469789
6505591
6577121
6578941
6861439
6868261
6969511
7028821
7048045
7085129
7091629
7160911
7175785
7200831
7355671
7360417
7588967
7663685
7808611
7995169
8233229
8307119
8443501
8968259
9041131
9131401
9195481
9337357
9516977
9694351
10066129
10161217
10176433
10360321
10386241
10505065
10614481
10813321
11210431
11299261
11736211
11830969
11866229
11972017
12034387
12119101
12295801
12958081
13313897
13773061
13821193
13861189
13909559
13936981
14019193
14153605
14430871
14441305
14580563
14633771
14652991
14698993
14711845
14749285
14783203
14794081
14843767
15142531
15203647
15253057
15257089
15286051
15348997
15480841
15576571
15586871
15642991
15878041
16004221
16057765
16476149
16735489
16802683
16945633
17019001
17094871
17170171
18067501
18520351
18657013
18850981
19182151
19229671
19291345
19384289
19578847
19645921
20339677
20530949
20541991
20709049
21328637
21346699
21483989
21623659
21641749
21654533
21864211
21967501
22549577
22778599
22947181
22994371
23230819
23234569
23363401
24016231
24648493
24717113
24832823
24855881
24983947
25259329
25389841
25514507
25528123
25620467
25810027
26293541
27005371
27236311
27331921
27392593
27492581
27722953
27956503
28037899
28213333
28505203
28830985
29414611
30724229
30955783
31040833
31082981
31215673
31282581
31880577
31912739
31977341
32429431
32817151
32908765
32935771
33168347
33333091
33552553
33564257
33790681
34003061
34127731
34498759
34566841
34865471
35107381
35362801
35541241
36307981
36504199
36511861
36672121
36797597
36974341
37270231
37392577
37469701
37492141
37736533
37738751
37957781
37964809
38194885
38251333
38425601
38676301
40129633
40424161
40621591
40677073
40994341
41027227
41607721
41993251
42152701
42709591
43193005
43694111
43838341
43893937
44043637
44482901
45400531
45880213
46209101
46672291
46726285
47131657
48030073
48064021
48400753
48551161
48722477
49416643
49677913
49923661
50754779
50821681
50997451
51038749
52109569
52493647
52792831
52864057
53150581
53293771
53568031
53638903
54368273
54696637
54875287
55329985
55996123
56282101
58485337
58980637
59318533
60033403
60155929
60552161
61362731
61404409
61474513
61602557
61754941
62071237
62399041
62549619
62553599
62566093
62610281
63318169
63687865
64833827
65530849
65564071
65831473
65844001
66342673
66932851
66998317
67025009
67928221
68165761
68512867
68682511
68939971
69176647
69187411
70688857
71128591
71345633
71592751
71612521
72418951
73031837
73289861
73407601
74698345
75320341
75928861
76075849
76536251
76577981
77439521
77526049
77622533
77940773
78167701
78234133
78408217
78795181
78892141
79411201
79540001
80130691
80153389
80728369
82653763
83920561
84247963
84354821
84651869
84842941
85226689
85535263
85852577
85916053
86243701
86268781
86410297
86927677
88026751
88132169
90865273
91561559
91990583
92024641
92376607
92755441
96630829
97796953
97924217
99851753
103428137
104178961
105408061
105638789
106485121
106798801
106941451
107854561
108002161
108132127
108461809
108644005
108758677
108943141
109231229
109720501
110302741
110434789
111187751
111255565
111267313
111291181
111340153
112492381
112695353
113120713
113202181
114208231
114305441
114336901
115228801
116028361
116217529
116385751
116895871
117129421
117662981
118566533
119693267
119974681
120058093
121032577
121466453
121494619
121745053
122154671
122180449
122464873
124611917
125560261
126359269
127207433
127534243
127535651
129205781
129762001
130660561
134029981
134176771
134229151
134987711
135261197
135360217
135517181
137200981
137763037
138112573
138158411
139196269
139592101
139892065
141233111
142445101
142596085
143075809
143271941
143520833
143886619
144905417
145377277
145736879
146226191
147124193
147807559
149065489
149915011
152111681
153843341
154944533
156052651
157803521
157992607
158147047
159104129
159160751
159874021
161216021
161318401
161936357
165443617
166406561
166827943
168058045
169396921
169500833
169625587
170446249
170584961
171328523
172035841
174167407
175591471
175944961
176442961
177167233
177389323
177479011
180573823
180870449
182289643
184746889
184993381
185274289
185841611
186359377
186494881
186846301
187190347
187573481
188516329
189541069
190053781
190375921
190824817
192236953
192953965
193638337
193918187
194071417
194127799
196421809
196905601
197422291
199674721
200721793
201307283
201576523
202565651
202620043
203505697
203657977
204020641
205251031
206372377
206472961
206893069
207132481
207487561
207551711
208097765
209802581
209990111
210461959
210812311
210982045
213503671
215461411
215552359
217472501
217548745
219384397
220280845
220471841
222342737
222524347
222551543
224073865
224129431
224703421
225324607
226982209
228094777
228114433
228644021
228750881
228842209
229595089
230419381
232577647
232944601
233940433
234742597
234870301
235476697
235978441
236605381
238001653
238622413
238625347
242035441
242650717
244396583
246048241
246180019
247135841
248550971
250873261
250907581
251753441
257283251
257352637
257395321
258660169
258757201
260107993
260928151
262464889
263128951
264350521
266046577
266051431
266255701
266918359
267846793
268430191
270263761
270343471
270467929
271976167
272003941
273599971
273894997
274214557
274954993
275101373
276213403
277136471
277477903
277650839
277880401
284994343
286412881
288389701
288841645
290408581
291461633
293035291
294072637
294108697
295560757
296633741
297399061
298383751
300164287
300984121
301173013
301429045
302380219
303651041
305889931
306103643
306785051
307280801
307367171
307629401
308550061
309148153
309816557
309881879
311206351
311955071
312058843
312768181
312940519
315351521
315851561
317684413
320555233
323901007
324399013
326254897
327774721
329153653
329682149
330257761
331623307
331760101
332233441
332809271
332976961
334564959
334963333
335119931
335337619
335480759
336100213
337135501
338160383
340155649
340184251
340642411
342052751
343445311
345127021
347010553
347173777
348177971
348485761
348849703
349154137
350626459
351954541
352735351
352876301
355738685
356707877
357541291
357927331
359238751
361458505
362045431
365858011
366551539
367322777
367588261
367678981
370166281
371376631
371611153
372038627
374325841
374703127
375102941
376014127
379145801
379254499
380137633
382304161
382709263
383977045
384417001
386711077
387188561
387509981
387695491
388000381
390489121
390609941
393611653
393716701
394544161
395900557
396135001
399302581
400698523
401466703
402752533
404840833
407282851
409654477
410048245
410613809
410746051
411988207
412358741
413670661
414087631
414547201
419184481
419538211
419894021
422103133
423302657
423489361
424934245
425309303
426448411
427165601
431945623
433728251
434063557
434101361
434644033
437029477
438393751
439116427
439455169
443940589
445887553
446414621
450953537
453457441
453800761
455902777
455992501
456161707
457320533
459349201
459442801
460756957
461329601
461417251
461956045
462743971
464583781
468288271
468431791
469081411
470063791
471901501
475969231
475992397
476698477
477320537
478302841
478784381
481239361
482120827
483029821
483500761
484481089
484488541
487578397
487874341
488328913
488731349
489726401
490876667
497521741
498659879
498780481
499280905
500863771
500985941
501134563
504458893
505716751
508113817
508214053
509551201
511714271
514614223
516502561
517259851
517617871
517688917
518706721
518820101
524896633
525067813
530558891
530714887
530787931
532005013
533856727
540880477
542497201
543473341
543730181
544035311
545304241
545738203
545823617
552871981
554118661
554599051
556105691
557053093
559536721
559547773
559702153
561156289
561233537
562882441
563947141
564084841
567658939
568254187
569311471
569507579
570123041
571125967
571765393
572604509
572766251
573707779
573896881
582353041
583149991
584570491
586197361
586730761
589987751
593404961
594722731
599137949
600429619
600605147
602788465
606704941
606807181
608917753
610802977
610884247
611463169
616881901
618524581
619107553
620928533
622137601
624732421
627146521
627169141
628157905
628903213
629397589
631219409
633944033
635165701
636056851
639070309
644317171
644453633
647190253
648746281
651861761
655185019
660238153
661509181
663337067
664156093
667563487
670567301
678407557
680064001
681492841
682716967
685903681
692153113
696102401
696447181
701259751
703787551
706728217
706925591
706952401
707934301
710583719
711397333
713946133
714506521
724558447
724938241
726181441
726683161
727083001
728493061
731569639
732616561
734166217
735023551
736281739
739636579
741181547
742415311
746331041
746692057
748685881
750631033
754190977
756194587
756205633
757158533
762133751
762278161
764923477
765186581
765764777
769006153
774812741
776081503
776249251
779819587
780018091
780458101
785965889
786474571
791063341
793246141
793813333
798527341
800055367
801141121
801803839
804958831
805134877
806457601
806817673
808562791
815791901
817076611
818951017
821376533
824405041
826860961
827980471
830664451
830906899
832288759
832870891
833810473
834191353
837386227
840749761
842220289
842960981
843218443
843465481
845376533
845951767
849172169
850182209
851026261
852112081
857372803
857413105
858236743
863481139
868316467
873953869
874193891
874837633
876054391
876097459
877532671
881214067
881708829
882096049
882494861
885357757
886695109
887888293
892650067
893596285
895594085
897167309
897756751
899600833
902355229
903108821
907495021
907514561
908381431
910949177
914461129
916411663
919078889
921858631
923417431
924171301
924528061
925934683
926903099
927317681
929159941
929559403
930940165
932098133
932148253
943312393
946495369
948278131
949904173
951941161
955609903
958581817
959382467
970355431
971719841
974239597
975817987
977649041
982456193
984897911
989034061
990194437
990653707
990943633
991977017
997695661
1002834271
1003502743
1005402133
1005833971
1006361819
1006800829
1008793699
1012846537
1015872061
1019049445
1019089369
1022388641
1027744453
1028858261
1029790477
1029890077
1030695989
1033197551
1034283421
1034845351
1038901837
1039480129
1039552777
1043052011
1048385671
1049144801
1049244601
1052494657
1054740191
1058989231
1059419297
1061715251
1067802667
1069145533
1069703551
1070448121
1071806401
1072839941
1073803879
1077506137
1081423201
1082302993
1083390281
1088416421
1090583449
1091327579
1093637491
1099407457
1102342001
1104829363
1105038871
1105545871
1107792113
1108973251
1110891601
1112396611
1113088453
1119010861
1121176981
1126562669
1128420481
1129235647
1132441931
1135407191
1142953153
1144704031
1147834153
1149709601
1155967723
1157627353
1157839381
1159096993
1159357301
1159411009
1160358359
1161521681
1166086819
1177874587
1179818177
1184073061
1186460729
1186915861
1187947081
1189434847
1192948597
1193005477
1196200039
1201812769
1202142061
1202842513
1206353497
1217107079
1217181061
1218159199
1219909501
1221049387
1225650451
1228201657
1229180437
1229866087
1237119313
1238063909
1240879879
1243122661
1250428411
1251633241
1252236421
1252737553
1253554147
1254277909
1255663267
1256780071
1257102001
1266054193
1269639361
1269852193
1270667353
1273061341
1274291963
1276378133
1276581307
1277310731
1277413723
1277523787
1281050467
1291412431
1293442907
1295674711
1297728751
1298515721
1299963601
1302145267
1307582641
1311004813
1312328611
1313428201
1319992181
1322202691
1323086563
1325857541
1327411957
1328001397
1332736231
1332804013
1336210313
1341010577
1349633485
1355932531
1360314577
1361843341
1364132867
1364378203
1366394891
1374644107
1374671671
1378203751
1380151991
1381436491
1389653401
1392881599
1393687801
1394632891
1395564127
1395826111
1396758569
1398016423
1408399367
1409792801
1412651017
1412756801
1415814409
1416144133
1420057633
1425524563
1426068821
1427845987
1428966001
1429354585
1432548937
1437953581
1448954137
1449058381
1449805249
1450104401
1451475937
1453133221
1456844033
1458704521
1459656199
1460048311
1462663987
1468824787
1469268961
1473708151
1477776557
1484796421
1485666493
1486704673
1490858461
1499881447
1501194397
1502682721
1505851927
1506757177
1509322987
1511042851
1516410901
1521834511
1523848129
1528102801
1528632271
1533512371
1538012449
1539334541
1540117801
1540208251
1542037799
1542638701
1544599061
1556033221
1560400139
1563607081
1563799981
1564419583
1564700593
1565138611
1571111587
1579079503
1579847677
1593706201
1594058857
1596969721
1602357139
1607530051
1610176213
1611353977
1615803253
1619328481
1622037967
1623595051
1624486967
1625353679
1625925121
1626024181
1630062253
1630141741
1631526247
1633452319
1637181571
1638294661
1641017993
1641971701
1649006701
1650136139
1655890021
1659849731
1663436617
1665450221
1667989217
1671574183
1671603667
1676082517
1678413311
1678479445
1686354757
1702532567
1703293327
1706302123
1707421633
1708497407
1709082589
1719533773
1723086227
1731474379
1742288881
1743861151
1743887869
1746803761
1747678927
1749686401
1750528931
1751028821
1752702053
1754576617
1757148121
1762308623
1764418951
1764424099
1767126913
1773900833
1781824801
1786703497
1789509961
1790991221
1795992841
1796497033
1797104597
1801635265
1802510669
1805153683
1807261093
1811444461
1813809313
1815224017
1816408273
1820843071
1822722787
1823766557
1828182427
1828887061
1831426361
1839548665
1848754909
1850233897
1854940231
1861876801
1866841411
1871501633
1882775467
1885783747
1890694873
1893427981
1900385497
1904524903
1905261121
1906161289
1913070967
1913422591
1915795781
1916523181
1919558917
1921159021
1924928011
1930403333
1932670081
1937105941
1940224513
1945406347
1948791961
1960019843
1963024559
1969343083
1971610387
1972522861
1973864257
1977257441
1977961277
1981681153
1982993209
1985348527
1992148759
1993574507
1999891337
2000436751
2006500651
2007299549
2008477729
2010003013
2011945409
2023775569
2024009761
2028685753
2034348961
2036628553
2038345579
2040054017
2040739273
2053035953
2056270187
2062868081
2063942857
2064180205
2065040353
2069169649
2069670961
2071973119
2073957827
2076192007
2077181761
2077513021
2082440533
2086618571
2091327751
2093747801
2094644557
2098908073
2106029269
2110233671
2112013531
2116483027
2122800439
2123112967
2125963591
2126386811
2134020781
2142240565
2144548033
2144961253
2145271231
2153520487
2159249221
2163769841
2168887381
2169323861
2170185517
2172286001
2188940869
2188955501
2195075803
2196701851
2197813333
2199210553
2203663621
2209471489
2216110921
2216267467
2219529901
2224278253
2230500301
2232710057
2234695231
2238133831
2254469101
2254796281
2257309531
2258940421
2260550797
2261372143
2269307587
2272413529
2272726279
2276082537
2277246991
2286921113
2287447111
2293820371
2294539391
2300841401
2301316033
2302419601
2302804489
2306623001
2317129723
2317189247
2317403089
2317790821
2320640011
2327027929
2328917291
2332461949
2349498499
2353639681
2363582891
2370075521
2382921139
2387228941
2387477689
2402002927
2404056817
2407127159
2412172153
2414003411
2421700381
2421859357
2435308919
2437927001
2438403661
2444736533
2446112791
2452221017
2455024133
2455764097
2458231903
2462297041
2463735349
2470214251
2473189441
2480483669
2480707189
2487733333
2505301789
2512672091
2516452021
2516684801
2540549881
2563412797
2569098029
2579163931
2579748289
2593773001
2594985737
2595209041
2597294701
2608574411
2614765721
2615491451
2619893473
2620215865
2624797477
2626987277
2628703213
2631959821
2634641951
2638021231
2640443917
2645935489
2646596857
2648671957
2650180649
2650497961
2659303133
2660895889
2663321071
2668738481
2669296501
2674839511
2685277181
2685320317
2686816133
2690867401
2692079167
2692600129
2699471503
2701920341
2704535651
2706134281
2719674043
2720840053
2725357249
2730595501
2737789441
2748131551
2749430413
2749585177
2751987841
2761545403
2779477741
2788465291
2789751763
2791630801
2797709833
2801847761
2806589017
2807354881
2807504791
2813512591
2824713427
2845140481
2858511547
2867781001
2870118421
2876972561
2877191965
2877875911
2882370481
2884465729
2886131249
2889079201
2892252889
2892385351
2892483521
2894603611
2894667781
2898023521
2901880801
2903161801
2905870309
2921899069
2927412541
2938934251
2944080133
2949436801
2950091845
2954465953
2954764289
2957697551
2962830589
2965782601
2966881039
2971664921
2975377429
2978188141
2981959117
2984835391
2992394501
3008333333
3012642277
3014101261
3015247951
3017855479
3021005485
3021976441
3022959367
3034949149
3037315447
3037781251
3038852251
3044636687
3048698683
3054297403
3057111721
3058604839
3063683503
3074457331
3086803243
3092652961
3117119023
3117526057
3117922567
3128899393
3130386821
3133557601
3138053605
3148806403
3150972917
3157741801
3172279133
3173641171
3177858847
3178441297
3182357713
3187035113
3188031211
3196027201
3204735031
3205012963
3215031751
3226411385
3228422063
3236522305
3247473349
3248106863
3249575701
3251659141
3256366051
3258425633
3259495801
3261552967
3266092801
3267649891
3268990561
3274264033
3282974857
3284060977
3293992381
3295189769
3295217971
3297604327
3300801241
3322551403
3324006533
3326087273
3326123971
3328729603
3330096001
3338861629
3349859701
3349997731
3363763231
3364070533
3364824065
3374598781
3386499521
3387683017
3403593901
3404574871
3407609221
3411018805
3411250081
3412575097
3420522289
3429457921
3436018939
3436070779
3437891777
3440006659
3442157321
3458341657
3460153247
3462909031
3469031851
3473369857
3477762289
3481538581
3484107841
3486568961
3494221921
3504570301
3504653401
3506003467
3512797201
3523039129
3523473721
3532275919
3539578501
3541895177
3543203333
3550552801
3554383141
3556538707
3557838259
3559066513
3565326493
3578189341
3581503817
3581831761
3586004173
3598057681
3598286561
3602550451
3605208361
3606132601
3611163467
3612833281
3616171651
3620019943
3628336573
3628910993
3630596257
3631721333
3640031081
3653628247
3659890961
3662878591
3669316801
3673744903
3675737089
3680948981
3693874117
3711143341
3724447483
3727828501
3733525141
3750270721
3751961263
3754244131
3761602001
3765959471
3768245149
3778809607
3782870081
3799111681
3800358151
3802283311
3816081361
3820724767
3826607881
3829053313
3835457341
3842470817
3848844553
3849519961
3869364097
3871297501
3871727063
3872282497
3874135651
3874471147
3879268901
3881445751
3884909491
3886850563
3889730251
3889818451
3890921317
3891892421
3892928203
3896842381
3897207217
3901121941
3908975761
3908998273
3909660473
3911482849
3916720573
3920071471
3926344073
3927935623
3928653581
3937994413
3939909839
3959921521
3965270401
3968253953
3971394127
3972016189
3988014667
4004875373
4012569991
4015029061
4019330113
4029341947
4030140827
4031605841
4034969401
4035028861
4039033153
4054039841
4058441537
4060942381
4063732063
4065457447
4078542241
4081696273
4086816311
4087098973
4096028551
4103407921
4105124173
4107711193
4111149169
4113742057
4116631501
4118355473
4121286907
4122089281
4122190321
4126689041
4130060383
4131868591
4142519821
4150829593
4156580741
4160825551
4166441897
4171662811
4173866413
4177630531
4180819441
4187360341
4192423561
4194858991
4200339791
4201003633
4212105409
4215857077
4216262707
4229227333
4241715389
4243017937
4247896153
4257214963
4258293001
4267640833
4275011401
4277790931
4278550957
4280970241
4283444731
4283445403
4293088801
