21
87
203
445
609
861
1219
1281
1649
1849
1891
2501
5785
6533
6943
7033
8023
8321
8911
13747
14191
14521
16297
20017
20567
22049
22177
22591
28939
30383
31021
31417
32131
33227
33365
35371
41329
48133
52417
52521
58969
61579
68401
71921
74563
86549
86749
92509
97921
113401
125563
125809
130759
137747
139751
153253
194221
213151
213781
236611
240745
255067
282041
284027
287197
297733
344989
358559
379303
398413
416641
462001
470009
497065
502701
577729
593897
604297
665281
667871
700771
722261
731011
738311
741751
741937
753667
765703
783511
790765
815057
820387
848233
868001
876961
878219
954271
1018501
1090051
1118657
1120267
1152271
1193221
1244377
1254121
1258093
1336105
1371889
1436791
1438441
1530787
1533601
1537381
1563151
1590751
1648681
1676209
1682221
1735147
1773289
1831285
1861231
1864193
1878703
1888261
1947793
2083093
2091181
2096557
2138753
2163001
2207659
2253931
2284453
2337301
2409721
2531341
2560001
2566103
2574001
2628451
2666437
2727649
2830213
2929291
2947421
2951791
2969485
3040717
3052831
3059101
3129685
3313651
3336061
3343159
3443497
3471071
3490741
3556885
3589921
3610093
3645991
3656449
3716861
3748339
3768451
3815011
3876157
3890461
3928861
3964501
4123141
4177507
4224533
4255903
4413223
4494967
4635053
4687411
4767211
4907701
4941553
4975961
5176153
5189671
5259061
5314681
5399479
5454681
5467201
5481451
5483011
5603333
5764837
5936533
5945101
5968873
6042583
6157601
6175639
6186403
6209171
6219159
6278533
6461845
6542761
6544561
6594771
6622351
6627889
6642217
6656959
6779137
6851521
6881431
6963481
7028821
7066489
7166017
7268413
7271941
7284737
7306561
7396057
7453741
7624501
7648033
7689991
7693561
7855861
7879681
8056951
8134859
8141701
8163167
8449501
8472601
8707501
9040069
9069229
9165493
9328573
9456451
9493903
9598381
9622111
9717001
9780037
9821813
9863461
10008307
10238999
10267951
10303151
10505701
10509751
10620331
10659941
10679131
10702501
10752799
10813321
10967881
11250151
11367137
11418949
11972017
12254221
12349471
12374069
12472549
12539507
12878309
13012651
13048729
13265071
13622629
13757299
13863283
14203561
14742847
14808883
14834527
14911681
14913991
15576571
15604321
15631153
15757741
15771751
15888313
16042027
16158101
16310029
16394461
16735489
16757593
16786513
16848329
17354111
17480033
17535671
17609041
18034381
18063559
18111773
18124177
18219601
18331793
18443701
18673201
18746311
18790021
18944641
18961741
18985627
19097101
19212821
19320073
19712239
19866043
19988585
20177701
20261251
20350021
20722561
21099013
21415297
21479383
21578377
21654533
22055881
22187791
22202881
22266487
22358989
22591801
22817611
23913319
24227311
24412337
24847873
24904153
24980821
25056697
25174351
25386481
25390765
25697303
25759801
26442631
26824547
26932081
27530341
27852301
27906643
28320553
28418209
28593811
28637701
28685881
30071071
30497347
31150351
31199923
31201997
31286053
31504141
31535617
31560701
31630327
32683201
32795401
32813831
32817151
32996305
33107803
33309431
33599173
34171817
34480321
34745047
35129329
35183767
35276641
35294953
36053333
36255451
36307981
36765901
37577539
37628911
37736533
37856449
37962541
38603305
38758501
39371141
39490741
39540961
39669841
39770011
39982097
40272013
40717447
40800817
40863061
40990681
41529865
41672161
42120379
42719581
43367479
43414507
43725697
43813603
44068001
44318977
44368507
44591671
44639533
44795957
44852039
44974861
45100177
45107791
45319051
45576121
45740101
45794161
46017049
46078849
46672291
46931209
47253781
47388889
47587663
47728501
47898203
47918581
48064021
49192561
49610497
49767901
50111059
50368649
50492321
51302353
52287181
52489201
52523501
52748827
53363269
53390611
53400733
53452631
53489357
53543771
53585617
53638903
54637831
54672781
55204003
55706333
55893601
56160133
56675701
57063049
57172501
57291781
58157779
58367569
58756057
58915459
58986091
59318533
59599921
60398801
61078931
61829741
61840651
62289541
62437261
62500673
63001801
63300173
63350299
63553621
63605431
64042903
64271351
64377991
64531951
64939645
64967401
66097417
66341441
66410569
67321231
67932001
68314357
68819653
69128641
69382951
70232443
70376251
70688857
70770883
71181881
71345633
71415947
72543547
72660841
72727201
73217431
73232857
73234177
73289861
73580077
73902403
73945171
73981657
73982501
74822801
74985607
75606049
75663451
75726601
76164013
76426021
76685401
76923461
77439521
77781241
79464533
79923313
80784229
81633511
82139471
82597831
83656885
84631513
85073041
85181401
85226689
86610071
87155713
87558127
88256449
88495399
90273751
90698401
91428157
91808263
91935947
92520611
92942491
93591569
93599227
93827353
93851299
93947101
94168951
94536001
95002849
95270869
96367321
96878101
96894071
96898633
96916279
96990541
97211341
97482211
98153089
99560473
99732509
99751747
100655927
100836473
101152133
101791471
101954077
102901633
103007921
103042241
103448809
103983907
104189149
104220703
105107333
105941851
106019653
106485121
106629799
107520533
108251893
108620219
108802541
108847663
109838431
111291181
112702591
113197061
113492941
114388093
114713281
115191553
115264271
115288759
115383451
117018037
117038801
117987841
118172251
118493101
119184451
119194601
119585269
119907751
120288001
120453761
120994111
122439673
124671541
124818601
127534243
128027201
128322923
129456361
130072027
130506931
130693393
130750831
130876751
131762773
133594399
133696679
133800661
134261051
134384069
135518701
135694001
135813511
135864691
136716889
137732719
137769451
138264001
138336661
140309947
140929081
141825239
143271941
143450623
143614381
143755837
143772421
144905417
145279097
146000849
146856893
147294481
147405259
147476449
147513421
147862681
148386169
149226079
149412583
150255323
150587771
151600541
152240581
152797927
152985211
153843341
153927961
154492231
154902113
155239979
157104091
157803521
158035879
158938951
159081841
159531121
159874021
160114781
160338001
160459601
161216021
163576687
163610677
163786393
164436553
164974531
165112399
165913177
165949141
166123081
166394031
166849561
167808191
169234003
169817581
172018667
174286729
174307897
174330001
176237513
176734273
178385729
179124013
179544329
181060741
182243965
182708611
183846787
185268301
185301757
186750779
187134301
187546133
187637071
188830601
190614691
193283581
194389903
195769009
196287391
197239591
198073951
198278917
198601369
199047889
200083333
200801089
201230483
201600871
203285497
203628121
203707261
204826753
205044379
206878351
207800341
207945113
208062721
209144563
210402277
211555345
211918417
212146507
213285997
214050467
214162159
214316833
215831491
216313751
216762671
216816973
217128731
217517653
218310571
219367019
220687531
225651469
226061921
226366003
227864599
229386709
232177597
232794253
233148889
233481473
234013501
235257661
235319011
236282251
237321727
238199941
238608661
239802091
239905909
240096001
241508359
242225551
242649761
242810219
244061371
244493573
244762057
246300499
246570721
246759211
249369793
250436033
251858809
252888781
253380289
254119321
254781451
255270919
255346093
257105521
257346163
259602571
259765747
259831069
261033697
261125747
261162589
262116893
264619531
265057801
265487713
265731931
267180817
268138687
268505551
268912165
269865901
272615671
273250099
273480637
275829961
277495571
278485841
279065377
279096001
279531379
281412221
282776201
283427551
285588577
285984731
286532731
289979677
292016323
295419097
296237239
298269217
299285251
299736181
300602791
301000363
303651041
305381891
305734549
306120871
306524441
307893853
307907429
308550061
309742841
309881879
310701119
310926673
311425381
313207357
313906321
314827381
315351521
316349281
316659583
317684413
318088409
318465703
319053281
319159987
319160437
319261727
320160367
320203223
321480307
323982751
324429361
324808529
325547245
325711693
328402181
328765101
329788981
331990381
332011291
332212519
333619357
334291981
334678751
334793551
335538283
335547799
337160227
338348251
338455153
340213609
343921969
345701731
346827889
348566401
350093143
350452721
350765983
351058753
351283369
352178083
353395897
357330167
357458401
358363079
359957291
360018361
360974881
361307521
362474209
363245581
364652381
365269519
365354713
368133481
368700001
372378871
374346361
378129001
380142757
380268521
386932501
390609941
391431941
393819271
394961491
394962257
397460911
397602371
398922299
399765031
400395997
400943401
402360421
403095421
405042457
406652569
406858999
407041071
410044951
413183539
415638061
415800703
417438961
417746629
418192133
419666833
420541591
423448651
424581193
428042239
433385965
434104417
434343601
437297801
438247427
438249907
440437957
441139051
441758461
443283233
443345701
446715221
447426803
448237661
448537307
450016901
450640667
450820483
452666873
453659683
454064131
454454713
454615069
456206257
457452829
460275103
461199971
461907031
462370357
464126653
465658903
467931241
468511229
469177903
470000833
470063791
471618883
472091497
474970501
475579441
476338057
476657257
481637381
481967399
482164597
490378981
490894111
491646403
492956731
493349293
494657791
496758593
498059647
498662561
500747293
507532609
507960001
509302873
511714271
514185857
515689717
516765583
517319461
518362297
522859669
528013333
528951823
529327219
532110613
532718371
532870183
534112951
535150289
535836263
536003333
542761301
544294081
544638331
544952341
545823617
549132871
552768079
554118661
557876479
560907271
561475081
566904001
568861471
569366299
569720321
575133131
578185301
579758011
579956653
586509481
586862737
587444287
587529317
590356357
590799763
591043771
592672957
592953901
596481553
596704897
601771699
604685209
606789097
607540351
608560661
609361567
609451151
610511617
612025241
615764207
616000271
619851511
620628919
625014391
625060801
627007259
629130449
630509587
631148813
631799605
633289807
635147101
636111451
636432427
640325711
641814179
642216961
650471329
651014989
652248097
655185019
656824033
663484501
664272577
664303621
664692601
666353143
667081801
671351617
676801951
677953669
678055811
678168401
680937511
681004801
681846887
682528687
682577281
685733833
686191423
686211397
688086127
688360333
688626311
689606641
690035713
690899233
691096613
693170941
694107451
697791403
700247117
702683101
703908871
705037097
705883951
706915009
706960819
707701171
709223941
713400829
714539701
716367877
720068161
720206017
721155751
724728271
727988797
729525161
730492309
741784429
742284943
743404663
745919461
745931101
748332691
748419127
749172821
749894041
750391331
754550539
755304541
756847141
757834531
760487113
763929079
765186581
766292239
766506469
767408041
769301401
772392259
773638379
775468121
776342533
776504191
784814473
786432109
789445691
795490747
796925251
799419481
800714503
801093011
802229321
802477453
805198049
807289099
808562791
809068321
809506133
810455101
811064741
811110301
811440601
812036461
814441633
815020201
819322849
820009079
820905461
821615077
821671789
822531841
822547345
827531771
827980471
828071089
832048447
839717803
840749761
842960981
843218443
843470497
846649957
846975361
847691461
853799059
854239849
857294813
857633317
868088341
869223697
869982751
870559777
870692743
872380321
872386621
874264843
879706741
879924961
881507569
882352957
884304037
884641201
884858881
885493927
886599631
887838197
889249285
889421581
889464073
890037481
893496913
894325441
895151539
895447351
897813083
898737841
901568179
902645857
903326689
903614041
907795351
908540011
911484421
911552887
912601691
914857945
914897023
916472897
922224367
922845241
924183361
924775699
929106601
929238913
929531989
931644583
933554551
935129879
935229271
937540381
938376181
939011023
944500519
944657443
944832533
950371003
951055271
951599251
954412969
955050241
955938901
959956021
962535619
966580861
970355431
973368481
978105493
979615297
982474201
984357361
986426131
987077563
987842101
988813999
991115371
995490077
998596741
999260501
1001338771
1002201817
1002779201
1008889669
1009248293
1009925941
1010740993
1011364559
1017671101
1018381681
1023896527
1026239911
1032034501
1034252929
1034283421
1034916301
1035159049
1035785287
1036350265
1038998969
1045983401
1047688501
1053036013
1053275147
1056335671
1060905151
1060976721
1061234893
1062615643
1064369447
1067221391
1067684311
1070410867
1076666713
1079293321
1086005341
1086555919
1088284921
1090185623
1091327579
1096814021
1098433051
1099783067
1100315299
1102728901
1105322653
1106400553
1108706857
1109120461
1111114663
1120419301
1120460881
1125544127
1126998913
1129235647
1129809427
1131208691
1132987591
1133867789
1135103867
1135685633
1135791691
1137226651
1140573601
1140584143
1141153651
1144272641
1145437751
1148701117
1151527301
1153164097
1159661581
1161306721
1162163689
1164017611
1166017861
1167458041
1168876741
1172584351
1172737147
1173799201
1183572919
1184554801
1184556673
1185173863
1192905661
1194765211
1198707469
1202842513
1207435357
1210562701
1213347691
1213558081
1215795421
1219858921
1226319277
1231331011
1236032227
1237687849
1238118421
1242227647
1242693121
1246605473
1247784331
1250676967
1256643953
1256824561
1257631537
1259899391
1260332137
1264367119
1267730773
1269295201
1272645991
1272823441
1280486131
1283634643
1284238169
1285459993
1289281621
1292925421
1293469519
1296607699
1297450201
1298179351
1298302741
1301856601
1304104541
1304882911
1308758533
1312431553
1312845661
1313428201
1321545961
1324081721
1327026403
1328392693
1329451931
1329677809
1330342619
1330912001
1332159637
1332912169
1333215703
1334096689
1335274081
1336100959
1337765419
1338247681
1341539713
1341620281
1342235341
1349579701
1352453257
1353332417
1355932531
1360467331
1362796481
1365270817
1365637483
1373452033
1376524171
1378524317
1378873819
1378928513
1379253981
1392534541
1395564127
1402886269
1404909691
1405180921
1408153951
1410521941
1411438537
1411667177
1411921921
1412437501
1416144133
1417958891
1418365873
1423635529
1424287099
1424435689
1425109243
1425684601
1427543041
1428322285
1436675041
1437127649
1442061041
1444886801
1448544371
1450979471
1453548403
1454180899
1462684081
1465217911
1467925229
1468003153
1469320817
1470167623
1470966841
1483954111
1487387611
1489458521
1489806181
1491886909
1494595801
1498310641
1502604901
1504980761
1509828001
1510860121
1511042851
1513701071
1513891351
1515103591
1515664153
1516895563
1517122331
1517437001
1518290707
1518452383
1518738157
1520617897
1522198651
1526075461
1526311081
1527412891
1528461793
1529648231
1532755369
1540208251
1542194053
1543350187
1544599061
1549208233
1552494131
1556040091
1559744803
1564278211
1564579061
1570732477
1573316167
1577521177
1579718017
1587089783
1588247851
1602535901
1603770319
1606491385
1606861651
1607530051
1608683707
1610232823
1610975371
1621636699
1622695873
1627278281
1631894431
1632452141
1633843457
1636435201
1638571531
1640662021
1645261157
1645377337
1645859251
1646311507
1646491937
1649253763
1649618017
1650490129
1650682153
1651655399
1657985363
1661807071
1663451551
1673857739
1676311151
1680631159
1684257049
1685433413
1686584551
1687491931
1690574887
1700718121
1703592493
1706272849
1706690761
1710110473
1710796033
1712076967
1713292417
1715427451
1717898911
1721768023
1726401601
1731573829
1743101209
1744262081
1746609481
1748720513
1750770739
1751506093
1752172003
1753593031
1758089341
1758524821
1760549761
1760864431
1761086449
1761614461
1762342657
1763702533
1764709277
1769602561
1769900551
1772101241
1775969347
1777190651
1779544531
1780425049
1782992401
1784333153
1784865337
1784941489
1787934881
1791992773
1792587233
1795502393
1797960061
1799674471
1803016261
1805536399
1807751977
1813582891
1814018389
1817763319
1820306953
1823174413
1827405311
1828182427
1831812841
1838739523
1845429733
1846755289
1851118501
1852666901
1856386027
1860117829
1861482043
1867134751
1870674037
1871052697
1876485691
1876900481
1878810697
1880204971
1882775467
1885762201
1886526721
1887974089
1889528033
1890851257
1891995001
1893583519
1894909141
1897712857
1898575499
1899768763
1900823653
1908612217
1909222727
1913422591
1915017193
1920394081
1921462159
1923311317
1925122603
1926226063
1931085433
1936979857
1939808261
1940174209
1940866201
1953141601
1954239211
1955944033
1973864257
1978226251
1983184253
1986701543
1988857201
1991666587
1997966785
1998520273
2007567937
2014058281
2017283311
2018362363
2025015431
2034039871
2034348961
2042467741
2045121457
2045305789
2046402541
2046408787
2049191761
2055396211
2055771287
2062838221
2069182981
2074941877
2075529569
2077778707
2080891801
2083340491
2084523157
2086356763
2089402477
2090066947
2090376263
2096688049
2097000937
2099716849
2101470541
2102670961
2108440621
2115274141
2116483027
2123112967
2123792551
2125449721
2126689501
2128497191
2133188773
2134360121
2134504679
2134906621
2139039769
2139768541
2140130819
2142302741
2148418273
2149824601
2160199261
2163652969
2169323861
2177645557
2187544531
2188080133
2191305733
2196343601
2200838311
2201924341
2202205897
2206489867
2206733761
2206759229
2208586381
2211713479
2217879901
2217929851
2219517901
2225383441
2227103929
2229995671
2234695231
2236873921
2238980129
2247900145
2249946007
2250030043
2253176951
2254329001
2254796281
2257421311
2260369081
2260585651
2273778391
2273812201
2274373141
2280883229
2285720521
2287979383
2288898247
2290138957
2293014533
2294455411
2296055861
2298773143
2302706551
2304181531
2304710123
2305594513
2311558021
2313385537
2314222891
2317579951
2318964821
2326319101
2328399287
2335341601
2336667071
2340456319
2342844401
2348229001
2349498499
2352371251
2354332289
2354777641
2362280537
2362421953
2369012651
2379503947
2379610351
2385076987
2387194951
2391495163
2400732181
2401922881
2410245473
2412445141
2414673271
2416513657
2420406487
2428988833
2431144801
2431820701
2435840497
2437039361
2441432503
2443646651
2445337831
2446615001
2452221017
2461436713
2461635191
2462440753
2462997551
2468135489
2473802101
2477102581
2483253781
2486831491
2488591117
2489187421
2490533977
2494128451
2499183763
2501234011
2504146717
2506140859
2511146401
2515992013
2519230141
2522987461
2523809191
2526006467
2532630787
2533364737
2534660663
2550974161
2552418761
2552735639
2554606871
2560502731
2565186137
2566305991
2566804501
2571146551
2572534147
2585634409
2592372917
2593833373
2600611861
2604342913
2605738381
2614765721
2617244033
2617882807
2618704243
2623206697
2627154821
2630272949
2637688891
2640582751
2653053751
2654346241
2661777581
2670102541
2672378417
2674854733
2676053333
2680883617
2691018787
2693195569
2701920341
2710713853
2714115821
2717617717
2719113451
2723910103
2726770229
2736291421
2743738003
2749558369
2750276981
2754781121
2760009781
2772531301
2778076421
2787993121
2791053541
2805181051
2809830823
2812050757
2816932141
2823391639
2826993661
2832003851
2841986603
2847423001
2848531729
2850189949
2862940345
2869144141
2870118421
2871974561
2874386737
2876163841
2878610957
2881293449
2883410461
2886462811
2904056821
2910702731
2910935201
2914194931
2916901585
2918169721
2926644293
2926753831
2929521013
2931734569
2936428741
2937117817
2938824841
2940427001
2944812319
2946016891
2953278751
2957102129
2974766173
2978188141
2979544751
2979921421
2981605771
2991417409
2992807201
2995521901
2998056773
2998981639
3005851031
3008110141
3010148569
3010345633
3014101261
3016428013
3020423491
3021123043
3022921207
3028264513
3033944101
3037464691
3043147969
3043325531
3057654931
3060643541
3062972441
3077122133
3085704679
3097132897
3122163751
3123604381
3124042021
3128707969
3130268821
3130386821
3135040133
3138024961
3149218381
3150764803
3159316801
3161708353
3162286201
3163106953
3165966343
3175526971
3176875651
3180981781
3185944273
3187421077
3191292457
3194182081
3205012963
3205657489
3207395461
3208453687
3211260001
3221811709
3222223063
3227277523
3233558021
3235126501
3237070409
3242042893
3242286403
3243550831
3247029787
3252165793
3253162921
3256366051
3257717101
3258292753
3258464689
3263097641
3268990561
3270755701
3277415861
3282158419
3284904811
3285725701
3286254721
3295217971
3296531881
3306393751
3311636831
3314806681
3316914745
3323138443
3326893571
3328354801
3337760779
3347353681
3350993969
3362600309
3363755977
3368823121
3371840929
3371852501
3374142841
3374598781
3383477191
3393139987
3395447101
3397422541
3397718545
3401510113
3402049171
3404560051
3406924771
3407380211
3412575097
3417120673
3420524467
3421176877
3421181129
3432307201
3432997537
3437318249
3437436511
3440473261
3442964671
3445470001
3456552457
3459730201
3462909031
3471308501
3472765189
3473721847
3474397681
3480387041
3480908203
3483650743
3484413199
3485865847
3495858145
3495943153
3501194797
3504515041
3504653401
3507623351
3512369857
3512847869
3516352153
3516852961
3518080981
3521593021
3527801047
3529432603
3530988289
3532170097
3535358863
3536279209
3539624173
3541312087
3549920851
3557350441
3562795861
3563206489
3575224669
3579165229
3584910841
3585003053
3585031937
3586004173
3597507607
3599858687
3601552249
3603030637
3606845089
3611280749
3621992533
3626144077
3646314673
3648049259
3654072787
3661159081
3662503093
3670423747
3672754633
3677410861
3679113199
3684400001
3691695547
3692283211
3702089449
3704514857
3706634023
3716602633
3718062559
3718252609
3721486081
3721884013
3722761729
3727828501
3729097633
3733056211
3734017561
3741041561
3741975631
3742971121
3743072341
3745938239
3746551129
3753135331
3753671329
3758960141
3760365769
3769241653
3785356387
3790489817
3791014141
3799307153
3800306971
3806332471
3808113913
3822308461
3829656403
3829740913
3832807681
3836255963
3838115161
3838221649
3841324339
3860047721
3860781299
3871476001
3874135651
3874226357
3878586001
3882346903
3885662383
3892217401
3895046191
3900970477
3905938063
3911926241
3917814697
3920805901
3925972801
3929142281
3933472141
3934797241
3944913953
3953949421
3959983099
3961243441
3966350203
3968871469
3974546143
3984235561
3987598201
3991164857
3995566621
3997020553
4002592133
4008788237
4011001741
4019236321
4023376897
4028974841
4032473881
4034926057
4035028861
4042578403
4053249523
4056480127
4061009971
4062489421
4066658359
4070033537
4071442597
4075310821
4076107811
4078593377
4079665633
4080565273
4080999761
4081806919
4088827657
4091041501
4098281617
4101114613
4107537541
4113586837
4120791671
4121286907
4127050621
4133579851
4135285369
4146051421
4147129841
4147919821
4150666633
4168649633
4176385921
4181546951
4183069511
4193357629
4196837089
4200339791
4204413061
4207156873
4207177229
4207760245
4209281077
4215286351
4215885697
4216256713
4217739181
4218093773
4219516417
4223711269
4226150081
4226322871
4227636337
4228090903
4233147733
4247502601
4247685597
4248354601
4248771337
4250911061
4257780001
4259605789
4267640833
4270688173
4274270051
4279519333
4280392201
4282033687
4283445403
4290881729
