9
21
63
69
161
207
259
483
781
841
1449
1991
2071
2413
2981
3439
5611
8401
9881
10585
12851
13333
13843
17767
18721
19241
19729
22987
24211
30891
37249
40501
44643
48133
49051
68143
70801
73441
81541
83333
90751
102311
113401
115393
119341
133141
141361
146257
146791
164737
195649
211651
219781
236831
249841
263017
263467
274231
281101
287809
311461
326233
354061
360533
374851
389281
390937
436753
438509
451351
497503
514447
514753
529081
539561
550597
555397
556417
561241
589541
598273
633313
650729
653333
705091
711491
722261
807851
814507
885781
892953
954271
1024651
1151281
1152271
1164513
1222201
1260097
1285579
1289089
1361881
1368457
1432027
1463437
1520317
1520581
1523731
1603213
1608361
1679581
1696337
1772611
1815049
1911397
1940681
1943581
2003779
2016307
2091181
2195371
2276671
2281049
2358533
2375017
2487941
2505583
2520571
2525881
2550841
2566973
2582449
2624139
2639737
2796571
2807281
2944901
2951791
3062347
3093697
3232577
3270403
3285829
3338221
3363121
3482621
3613153
3768451
3771601
3846079
3913003
4196305
4224533
4278583
4318861
4371187
4382191
4499701
4537009
4571701
4576513
4671577
4729253
4852501
5122133
5131573
5148001
5158159
5160541
5214311
5292631
5301031
5346019
5371577
5530583
5603333
5766001
5871097
5903497
5906413
5906689
5971057
6072949
6192721
6321187
6365941
6459781
6494801
6544561
6561181
6569911
6671611
6673045
6733693
6881557
6969511
7153543
7210501
7285249
7344947
7405201
7423771
7434541
7519441
7553701
7561159
7686401
7747583
8011897
8163167
8221613
8231653
8333333
8362201
8395507
8482801
8602513
9040069
9273547
9395041
9564169
9739491
9781921
9802253
9864941
9865369
10599821
10703801
10813321
10894913
11104861
11135263
11303909
11456491
11677597
11717491
11793211
11897689
12716761
13168993
13292821
13359397
13404751
13512851
13696481
13701871
13861189
13870001
13941163
14019391
14167663
14212721
14558221
14608133
14687681
14725099
14742847
14844199
14913991
15070481
15269857
15276097
15327577
15402841
15514969
15538069
15621409
15752101
16186451
16236967
16873941
17116837
17449591
17460503
17528551
17622529
17851429
17896243
17973013
18158251
18179803
18342241
18360279
18414601
18429289
18674713
19097821
19175131
19451251
19575997
19635121
19776849
20590441
20633167
20728351
21179551
22028203
22778501
22876153
22935217
22947181
22964761
23017429
23129633
23163229
23430169
24242261
24768061
25326001
25379719
25675387
25887489
26480287
26597227
26989201
26999951
27409861
28213333
28391201
29716409
30301441
31317749
31388281
31571443
32053871
32253751
32554261
32628889
32683201
32755699
32817151
32907151
33168029
33931423
34539041
34541431
34556059
34890481
35266729
35296411
35406023
35407711
35845633
36053333
36484471
37081123
37377253
37467151
37663963
37760257
37962541
38081671
38308831
38387737
38684159
39154081
39264319
39465091
39780361
39818761
39978191
40703821
41499901
41509141
42026419
42182479
42275567
42421331
42734261
43963271
44561453
44665421
44736511
45186709
45330685
45444881
45786133
45877861
45880213
45890209
46369513
46584037
47221721
47606077
47660419
48465301
48983293
49751971
50087467
50102551
50105441
50140981
50215231
50759141
50818721
51088133
51110569
51856201
52493647
53303261
53373497
53390611
53514641
54551965
54571969
55441387
55610413
55619719
57112441
57202601
57329119
57357421
58001497
58758407
58947407
59309251
59560651
59780729
60033403
60155929
60369709
62289541
63817889
64110649
64216381
65043283
65257403
66257461
67184701
68032843
68154001
68476591
69352051
69460777
71190739
72721097
72884701
73292551
73527301
73966913
74698345
74826779
74927161
74943601
75131233
75140137
75298141
75632233
77940773
78560701
78574519
78827533
79464533
79786523
80142761
80207381
81438481
82155481
83105419
83441131
83861551
84350561
84405137
84562321
84765361
85609729
85979893
86067367
87009551
87219311
87558127
87948901
88035445
88656023
88741171
89048611
89784581
90970133
91387081
91534249
91585201
92572561
92625121
93205321
93473953
93568609
94406203
94685077
95393801
95914711
96662953
96742771
96906169
97047301
97071211
97339819
98034751
99062269
99971821
100298641
100568371
101493211
101584621
102163757
107738963
109838431
111611801
111808321
112438171
112723007
112729571
112939831
113893669
114080401
114275701
115079257
115804501
117129421
117321821
117425485
118780201
119184451
120628111
121692845
122229409
123393139
123434929
123671671
123709121
125135767
125761357
125780167
125997121
126132553
126428851
127183909
128124851
128536561
129623917
132186757
132858001
133093687
133178167
133467517
134295061
134314891
135031541
136545067
136828171
137157511
138276139
139748311
139810133
140201569
140213233
140384161
140866001
141069067
142068529
143028443
143106133
143749253
145410931
146021633
146221031
146272901
147020189
148151051
149848201
150155039
150415987
151445251
152096311
155926297
156701179
157082923
157368661
158036293
159514633
160025659
160055785
160086781
160348189
161199991
161459713
161632531
161742701
161801039
162084047
162755029
163293161
163729483
164578051
166719169
167523761
167695069
167978903
169086341
170189417
171147601
171482221
171915859
172424737
172537291
172738201
173218501
173678203
176023579
176939803
177287311
177349147
177439061
178482151
178503967
179673881
181112461
181462681
181781881
182565073
182681717
183778607
184896133
185856499
187823179
188382487
188419771
189941761
190934371
191763041
191981609
192135301
193230577
193661873
195043213
195547813
196287391
196562137
197239591
197991109
199131401
199444519
200754361
201261061
203330401
203592907
203793559
204250001
206472961
206812117
209227441
209990881
210519331
210812311
213737239
213835861
213891019
215328481
216474259
217517653
218112133
218624033
218642029
219029329
220081097
220481047
221257609
221793391
221817961
222347821
222524347
222571231
222791329
222941401
223018489
223841089
224809813
225859573
225901171
226720777
229059577
231405701
231779521
232834291
233394367
233631269
234823051
235319011
235460629
236530981
238032001
238940771
239594941
239802091
239983153
240091183
240096001
240687739
240938629
241370179
241587431
242126173
243198721
243714421
245413463
245755777
248290927
251515417
251753441
252460777
253613587
254433691
254781451
255196801
255733651
255866131
255927181
256665571
257850613
258434749
258503701
258870451
259031777
259051699
261462041
261856261
262503047
263555551
264384469
264456739
264719041
264882097
265685509
265731931
267954877
271724623
273083887
273480637
273818113
276668371
277210081
278234633
278763181
279783451
280340287
283141993
283628251
284641837
286023403
287208497
287762509
292016323
292467001
292533931
292538819
292627501
292805281
294064651
296902861
298192753
298362241
298714921
299587201
299671921
300394381
300580237
302780563
302818001
303651041
304004161
305174479
305728139
306330265
306513721
306652767
307521563
307996723
308387881
309186131
311214601
311609059
313153177
315255139
316349281
317498609
318465703
319053281
321905473
325531081
326695141
326931601
328050451
328130947
329542111
330159061
331528627
331848091
332401477
332907511
334660411
336098957
336273211
336951523
337135501
339307669
341848729
342055369
342212041
348849703
349470703
350968801
351146281
351921337
353343409
353829059
355206637
355297301
356039209
356534641
359283937
360213797
361006801
364021549
367452553
367634569
368113411
371283067
371376631
372383857
375321643
380305213
382457671
383425351
384314131
387311107
388695301
390507001
390544421
391068673
392404213
393965419
394440301
395044651
397333351
397460911
398724701
398738701
399323611
400253701
401939981
409474711
409822051
410628961
412077451
413983657
414043303
415108891
415573021
417002897
417767201
419006251
419902649
420383251
422209981
422426269
422449801
423448651
423476929
423580991
424279621
424814447
429790057
434124811
434644033
435358657
435389111
435611261
436198687
437066059
437247841
438153367
440702371
442160011
442298191
442979581
443338417
443407469
445887553
446984407
448232419
449025391
450853019
450872573
450873757
451118981
453625771
454668131
455166451
457431437
458869951
464126653
465704929
468950021
469074883
469683061
469784561
470120257
471168253
473694943
473995061
474663887
475706107
475992397
476135353
476775697
481049137
481135021
481239361
481637381
481734401
482120827
482155957
482314801
483351217
485317939
485771941
487236117
487890703
488585521
488708257
489994201
490102601
490703617
492202531
495029881
495814051
497521741
501341041
501543121
502674577
503869441
504870241
505381861
507525409
518820101
524709901
528446339
529258601
529596401
530560549
530717833
530787931
532094413
532391521
534521131
536265997
537242899
539548021
542271731
544861633
547180273
552163333
555016771
555321007
556450777
557548801
557840359
558296257
559059019
560319607
568902001
569720321
571526321
573435133
573862021
573896881
576200143
579075481
582707311
582799951
583478677
588321961
590751661
593579251
594945541
594957793
596534989
599135767
603423991
608764231
609361567
620561057
620928533
622157779
625528303
627337261
628884577
629907841
629960101
631767943
633156781
633944033
636442003
639331705
641814179
646443337
646908001
649350703
652969351
655467739
656021323
657323203
660257863
663509251
665443351
675628543
681859459
682695697
684634133
686059921
694800101
696102401
697397149
700321121
702683101
705037097
705127441
706991113
710617861
711367763
712766503
713070469
713151281
713535301
713953441
713966779
717096641
717653333
719538431
720385903
725754179
726386667
726565891
727060651
727083001
728851507
733361501
734793467
738372727
739644193
744360451
745556501
748285771
755247167
756255001
757834531
760264009
760382911
763239821
763316087
764923477
773003431
774027781
774296251
774895493
775460973
776646797
778278151
780178001
787152913
787209277
790468141
792447521
795082471
795655183
797367061
798290533
802229321
802477453
803305693
804427861
810066901
810097601
811147481
812036461
812093257
814441633
816002419
816315683
817707781
818388253
821376533
824384719
824405041
830664451
830668081
833267737
833342177
834066137
839776211
840564077
842579011
842824981
845951767
848231947
849172169
851026261
853105321
853477049
856762901
857185489
857448467
861782209
866527303
868166951
875442871
876099331
876657781
877532671
881575087
889011229
889249285
890535197
892171663
892777577
896901461
897087361
897676501
899150461
901747309
901778491
905729203
906078673
907139089
907670501
911313001
914823073
923992807
925584631
930032941
930952441
932148253
933184801
933673441
934707901
935264093
937703383
938376181
938443213
941337517
941548753
941630359
943790291
944832533
946963333
950252447
950853889
957990457
959412421
960527189
962468911
962518933
963191527
963336001
968324881
970628671
972311281
975765787
977046533
979027237
979466221
981357703
981877997
981941509
982979089
987367111
987635881
989678089
995890081
998614037
1002467017
1003304611
1003994881
1006347541
1007695963
1007713171
1008201637
1010702551
1014446371
1016250247
1017194011
1017735181
1026947659
1028101321
1028579371
1031598761
1034775523
1035988087
1037627051
1038024703
1040234231
1041820867
1043594593
1043938369
1044043801
1045649971
1049917867
1052494657
1054740191
1054884601
1055156033
1058816533
1059485131
1059815611
1059819881
1064857411
1066229389
1070941987
1072839941
1073109361
1074570113
1075554061
1076271379
1079063371
1083507181
1085719181
1091327579
1094189221
1100510413
1100829221
1101623381
1106044801
1109758081
1110054331
1115416633
1118517541
1120215643
1121452021
1123433977
1128420481
1128924941
1129363507
1129390421
1133406041
1133818561
1135428031
1137320581
1137732451
1141201001
1142910001
1142953153
1145170153
1148140501
1148416513
1151396401
1152339607
1157704489
1159421509
1162376485
1166975473
1167034873
1170387641
1172737147
1177008809
1177046641
1178812177
1179103213
1181865301
1182385121
1184264881
1184554801
1187573761
1191216133
1192607389
1193888851
1195067611
1200456577
1202050873
1206353497
1210562701
1211738741
1212639017
1213729057
1215354241
1219064491
1221828371
1222328017
1222568707
1226271961
1230581953
1231389961
1231995403
1242227647
1243182541
1243506139
1245092353
1246830829
1250488153
1252236421
1253215321
1254036317
1261805971
1262024521
1263188683
1264145401
1265694967
1265740717
1269751183
1270681231
1272789733
1277392321
1280837381
1282875397
1283223211
1284251977
1284370891
1288326001
1289281621
1290999529
1294587901
1296293221
1296945157
1300229377
1300756297
1302145267
1302594841
1302975337
1305208297
1305910699
1306563301
1307004641
1309436041
1313514563
1318394269
1318664537
1325697199
1326448621
1327745989
1328033233
1330603003
1331631109
1333905751
1334349901
1340628199
1340984101
1348150051
1351662787
1352453257
1352980157
1353332417
1360853341
1361705929
1364032801
1367270893
1373680513
1375684831
1377352351
1377724519
1380749569
1381647439
1392943889
1394632891
1396409041
1397169091
1400575177
1400723977
1402248403
1404228421
1404566521
1405027777
1408222423
1408610503
1412395627
1412900707
1414125451
1417637251
1419323447
1419575167
1419703321
1420057633
1427432491
1431044161
1432548937
1436623501
1439640889
1441459321
1441865881
1446127651
1450779457
1451378461
1453548403
1453672481
1455172547
1456844033
1457824549
1464139561
1464615937
1465307351
1465749451
1467403213
1469241121
1471541143
1478636609
1483836703
1486078903
1489954329
1495696901
1497695431
1498776101
1500060871
1502124427
1506462343
1508313671
1511042851
1519586767
1520190341
1520335307
1521641707
1525447361
1525753153
1527276241
1527763333
1528936501
1530275671
1530516013
1533555271
1538710141
1538794297
1539620941
1547821889
1553065831
1554643121
1560400139
1563371713
1563501493
1564310677
1565138611
1565411461
1570193101
1571754241
1577004661
1578035161
1578611501
1579079503
1581576641
1583578221
1586176519
1586548531
1590564601
1592595703
1593830911
1594301491
1598982533
1603642171
1606749061
1616935321
1619200969
1619949631
1621283981
1622402213
1623528007
1625002441
1625631673
1627644961
1627647751
1634861971
1635573901
1637354401
1638564181
1644256321
1659222577
1659653521
1660392343
1668926629
1668983581
1671479551
1671679439
1671854029
1672358231
1672785631
1673513731
1674658133
1688684617
1693302409
1693733059
1694484013
1694998831
1701005489
1701129281
1703130133
1708549501
1709881273
1719924347
1721661503
1722703501
1726734313
1729369651
1732991017
1736159671
1737132961
1740947171
1741080661
1747895507
1749212011
1751506093
1756772029
1757235061
1758524821
1760536993
1765678337
1768468081
1770183481
1770527701
1777509427
1778080051
1778090221
1778233969
1780445881
1781374069
1784975941
1785981649
1791067981
1791918241
1792331861
1793639537
1805306609
1805947313
1812151069
1813771081
1817619805
1818240481
1818382073
1818827141
1820374861
1827236039
1830299629
1833064339
1838145401
1842234707
1844028961
1846587793
1856157409
1859474233
1859985199
1860373241
1866409861
1866957457
1869092161
1875796561
1878691753
1878810697
1882427779
1883785681
1885021777
1885915841
1894909141
1898575499
1905427621
1909759051
1909760417
1911153091
1911859951
1912315177
1920005461
1924304141
1925421851
1932430561
1936459123
1936943233
1937105941
1942089601
1943396491
1951469101
1962730531
1966629101
1967702101
1970256151
1972073161
1973163791
1973745071
1975080619
1976945501
1982876941
1986220787
2006145745
2006338937
2007229771
2007567937
2009413781
2014397661
2014848265
2018378641
2021066321
2023246501
2025401011
2026345861
2030928733
2034348961
2037732451
2041842541
2042150419
2044637377
2059434001
2066363389
2070303709
2071973119
2075827501
2086236181
2088768533
2090439361
2094177403
2095720301
2099373589
2107306693
2107535221
2108049841
2108761201
2110495393
2115084133
2123792551
2127197489
2138715781
2141640001
2142324367
2143351501
2143585621
2148892903
2151247729
2151933701
2162501083
2170186021
2177085241
2178082901
2180509987
2181897329
2182600513
2185948201
2194422751
2195893129
2197944451
2199931651
2205388351
2207124529
2209340597
2210376251
2213288557
2216093707
2216267467
2217879901
2218416619
2225234573
2230305949
2231602759
2233031701
2240255197
2246149231
2251732033
2260550797
2261416771
2262861901
2264039317
2264480417
2264745313
2268261001
2268928751
2269454207
2274354991
2277246991
2279128129
2279187241
2280656953
2283430117
2285267671
2293498351
2293820371
2294455411
2296240181
2299605573
2306909593
2312963333
2314044721
2314710019
2314788103
2317403089
2318055793
2318730091
2323256251
2343807881
2351733931
2351920801
2355376193
2360428513
2360923321
2365608961
2373443749
2380347841
2382191599
2383716607
2388884747
2401922881
2403001049
2412172153
2414673271
2417408533
2425477237
2427160789
2428870753
2429365447
2431894207
2431930651
2433019541
2434439611
2436783997
2436927907
2442915701
2444497273
2444668227
2445826031
2448848981
2452359457
2456536681
2458231903
2461177951
2462297041
2467726021
2470298461
2478845569
2478997531
2487542401
2497638781
2499040361
2499764851
2499853333
2515992013
2522794093
2522849057
2528867713
2533465661
2533550707
2536067917
2537726491
2538287473
2540567053
2540972071
2541615649
2544329101
2544804811
2548381613
2549110901
2554606871
2562305461
2564346791
2564530321
2568560051
2569327129
2575558171
2576581481
2578605041
2579400199
2590836151
2592943453
2605557781
2605659247
2609294101
2614765721
2635266601
2640854701
2643796651
2644262821
2650900591
2656755889
2657314351
2659939453
2663200537
2665585649
2666730361
2683328581
2687732713
2699471503
2701920341
2702363077
2704284157
2712655993
2715365971
2716344661
2721137329
2721256777
2734877401
2743738003
2758897681
2761545403
2769942241
2773243399
2773825741
2776611199
2778813041
2780673589
2781528377
2791744489
2798113471
2811425629
2815652953
2815816033
2824066649
2826128971
2830413697
2830780633
2831130901
2843249011
2843435381
2843447881
2845397809
2853659953
2854859431
2856596801
2860590877
2861051341
2862763703
2870194321
2878599601
2878975829
2891756473
2896906069
2897736661
2905612441
2914194931
2922192439
2926524407
2928721561
2931135397
2932696073
2933345983
2936209331
2937200111
2940991961
2941635313
2944756811
2956929949
2957740501
2958061541
2959628671
2960470801
2963188901
2966328401
2976622849
2978766341
2986522309
2993116801
2994939613
2997128209
3004306853
3007658671
3011232379
3014193001
3019916461
3032134387
3040245253
3044238121
3045341521
3046165501
3047796961
3050274751
3054001441
3056100623
3066639817
3066754241
3072727201
3073207933
3074083651
3076572409
3079684693
3087396223
3090046229
3094153921
3104700107
3105534251
3106702273
3112723351
3112810957
3113599561
3113695691
3120756097
3121450417
3121855153
3126019271
3126148531
3128197099
3133153657
3135040133
3136605361
3142274437
3146902111
3148806403
3150568873
3151353941
3152169439
3157579861
3158140861
3164394101
3165201521
3166332553
3167134813
3168254321
3168847441
3169419229
3172327849
3175526971
3178441297
3181824857
3181897153
3188163421
3190277143
3190706923
3193749721
3195537623
3206203003
3207079591
3210223249
3213895051
3214399717
3215031751
3217744531
3218552611
3220709669
3229317529
3230354249
3232894529
3243737729
3248561821
3255246091
3255266629
3256570981
3258332821
3261970769
3261979801
3262834639
3266168179
3267184801
3269732491
3272000629
3272024491
3273820903
3274133729
3287046751
3291421069
3293769779
3306560671
3316241311
3320669437
3324006533
3330000761
3332303099
3332594071
3334973669
3337462981
3339981877
3340984501
3347078617
3349455101
3360859237
3361838453
3371024521
3375949001
3387014401
3391034011
3398327941
3399831361
3400182431
3401603201
3406188787
3411338491
3414548051
3415379701
3416063509
3418074721
3418686781
3423443563
3425005091
3426204601
3434698177
3437416501
3441611557
3441666181
3442660051
3443704261
3446601523
3453111643
3453525451
3454790347
3462909031
3478736845
3480908203
3482395009
3510577309
3514993921
3517984513
3520934177
3529026511
3529092505
3530745529
3531794351
3532275919
3538545539
3542303047
3543672793
3547080781
3553956901
3554817481
3561604667
3562712467
3569326561
3580692751
3584800801
3602006101
3603870757
3606854791
3611636821
3613601473
3622506091
3628336573
3631504001
3631721333
3632162101
3635236711
3638653201
3640903111
3659890961
3660449311
3661441261
3661982621
3669312529
3670572517
3675122501
3677779673
3679113199
3681587659
3686019793
3688357877
3689288581
3689583943
3692283211
3698276741
3698677261
3715430413
3716044333
3718428121
3724666331
3725016749
3732063739
3737123567
3751554581
3753796599
3766153843
3768803849
3786784093
3789843461
3792338411
3793239913
3804037777
3806233471
3806732051
3807044251
3814811701
3818330941
3825269281
3826119911
3838062691
3844622921
3848461891
3853584967
3859546687
3859600249
3860781299
3862064551
3892461931
3895074991
3906920551
3908413559
3923437501
3925029767
3937526911
3950795521
3951472961
3954925441
3955054027
3957981301
3959921521
3966321511
3966690649
3968339527
3971095301
3971677951
3971866081
3976790791
3977260813
3984235561
3993749083
4006641721
4012786081
4015029061
4015863559
4024609003
4026762721
4031225273
4042147591
4042500001
4046989561
4058433931
4059776533
4066901521
4079547253
4083973181
4090203001
4091505601
4111600111
4113369457
4113460693
4113755941
4121286907
4121854001
4121946553
4122849683
4127362163
4155375349
4167456859
4170511997
4173603481
4173838327
4174050637
4176385921
4181815067
4196497777
4199995297
4200395641
4210849297
4214321521
4217502449
4220677481
4220681471
4227243337
4231931521
4253530051
4255806721
4265185279
4275227851
4277278141
4280905831
4284425521
4284950233
