291
581
703
1541
2977
3201
5461
8149
8911
12319
12403
13747
17169
17767
18011
20329
29891
34861
35371
38503
42121
42127
60685
67803
67861
68251
70193
76627
79381
114589
119341
134413
134863
146611
152551
178709
188191
196981
206711
218791
255581
267859
287951
302177
306931
317953
344059
354817
408851
410041
416641
422143
450469
474631
475471
579151
597871
615851
651511
676285
722261
741751
742813
756757
769567
840577
841249
859951
916327
950797
1016471
1110421
1152271
1205641
1261879
1314631
1361837
1420579
1530787
1543861
1561921
1590751
1626041
1695649
1777361
1801721
1898999
2035153
2050651
2194431
2235073
2303341
2314201
2337301
2409721
2413447
2524801
2549663
2683171
2821129
2843231
2926381
2936779
3126241
3218801
3273913
3325309
3375487
3383353
3389611
3536821
3568661
3582619
3644161
3913003
4000377
4027531
4112257
4119301
4150387
4163981
4177507
4205963
4255903
4499701
4509767
4543621
4652437
4797253
4799887
5021971
5042951
5090821
5095177
5122133
5419751
5562379
5660251
5712449
5903497
6015241
6089071
6122551
6231331
6233977
6342701
6733693
6759271
6787327
6868261
6969511
7120961
7232321
7525551
7546573
7712629
7910893
8231653
8267183
8318053
8337793
8507731
8515333
8540641
8582911
8615681
8625371
8708353
8725753
8791705
8830801
8864017
8889791
8902741
9131401
9476131
9493903
9527387
9533701
9585541
9622111
9633229
9811891
10256641
10445671
10479787
10654177
11046449
11169797
11170931
11268251
11415301
11456491
11519011
11541307
11564897
11830051
12169711
12257939
12407011
12490201
12507067
12801491
13012651
13023571
13157653
13188319
13234001
13773061
13797941
13829401
13996951
14324473
14343947
14676481
14813251
15099787
15188557
15408097
15491969
15604321
15902551
16339321
16435747
16534643
16756433
16808741
17070751
17471147
17502661
17645689
17946091
18021221
18238393
18361939
18679879
19135711
19209601
19320073
19328653
19340749
19612265
19941613
20081953
20098961
20310751
20351563
20647859
21129389
21179551
22028203
22349251
22384181
22669501
22713181
22803769
23056001
23088003
23281429
23440831
23951251
24242261
24852097
25026997
25149937
25438465
25971691
26122979
26360869
26424311
26474581
26511787
26845303
26886817
27180661
27409861
27506683
27607771
27832657
28184857
28227751
28677641
30615047
30770767
31118081
31199923
31470211
31513501
32915221
33171191
33476633
33600533
33643171
33842071
33895681
33908981
34013701
34590403
34657141
34745047
34870837
34993583
35213459
35344999
35355581
35706991
35874793
35891311
36307981
36504199
36740377
37044361
37232401
37317349
37480411
37647917
37964809
38010307
38714237
39258577
39467377
39469519
39547171
40313323
40674841
40842141
40961537
41341321
41584969
41710411
41784541
42788989
42790567
42851749
42879097
43695493
43881289
43882313
43911001
43969661
45110413
45752521
46094401
46672291
47059783
47938021
48125437
48612527
49150651
49735351
50131441
50213089
50215231
50554093
50714863
50759141
50821681
50839447
50919733
51021631
51283501
51803821
51826339
52031263
52204237
52493647
53949011
54017263
55633667
55726441
55830251
56399491
56420033
56937119
57068701
57336001
57530419
57677051
58725703
59712931
60033403
60314971
60592897
61078931
61300121
61821371
62176661
62861413
63002501
63903029
64042903
65301013
66850031
67184701
67642513
67680491
67900033
67916287
67996567
68102641
68324257
68621701
68894981
68995801
69300271
69382951
71454707
72884701
72993601
73289861
73407601
73568881
73951939
74454229
76275109
76686091
77146831
77177689
77439521
78498361
78644611
78763609
79210063
79442239
79762471
81979873
82452061
82530091
82626853
82875101
83280007
84164033
85019681
85719871
86052403
86665841
87056941
87155713
87485833
87558127
87676681
87880651
87933647
88227811
88340323
88631497
89105251
89450521
89517299
89532271
89782877
89784581
90278161
91023481
91758829
92037749
92500487
92779831
93980251
94175521
95095001
96108139
96468817
96630829
97219361
97253539
97796953
97999201
98629633
98728033
99246757
100402681
100907047
100953761
101447711
101547217
102358747
102924109
103042241
103448809
104524421
104573629
105927191
106079761
106298821
106999201
107330887
108264031
108467209
108628391
109437751
109838431
110142547
112066039
112750903
113370181
113492101
113901509
114141241
115789339
115942597
116332351
116617859
116712487
116799301
116891321
116933611
117447331
117959221
119602031
120024271
120356839
120715811
120988423
121128361
121152961
121528351
121820887
121970611
127664461
128852641
129762883
131661661
132396811
132537961
132540679
133157701
133467517
133800661
134182231
135263269
135694001
137154839
137301233
137518597
137766163
139363927
140022847
142335491
142659169
142774399
143358247
143898821
145377277
145820503
145949509
146156617
148204631
148857427
149490769
150295193
150414211
150578269
151058587
153691807
154492231
154869265
154936937
156463159
159874021
160248217
161297137
162010721
162096901
164677213
165283471
165985931
167160013
167692141
168399001
170916481
171068893
171147601
171177667
172140641
172272187
173021851
173686651
174684457
175385953
175536991
176449861
176679901
177148297
177190583
177349147
177582851
178482151
178776151
180115489
181225903
182547301
183037051
184520857
185157253
186018481
186904073
187248307
187546133
188043913
189941761
190036085
190144351
190212181
190901573
191279089
192763929
193230577
194389903
194913217
195429079
196287391
197239591
197805043
198044257
200369651
201319039
205828291
206304961
206648843
208330627
210741961
210935041
211707109
211794181
212220199
213011371
215069441
216204977
217396481
218258401
218947121
219045193
219556621
220471841
220611161
221817961
221884001
223520959
224856301
226061921
226853801
227229241
230035501
230300857
230794013
231554377
232578529
232834291
233394367
234315541
234691381
234892351
236025721
236213057
236643371
236863057
237570191
237791143
238001653
239290679
239756041
239806561
243346153
243733537
243887617
244400257
249969539
250334761
250436033
251556787
252685057
253158751
253413221
254405713
255464987
255709057
257229811
257658319
259859233
264350521
264551827
264633601
264817841
264869767
265630171
265687567
265731931
266197933
267653611
268424803
269526097
270385851
270692101
270750229
271260593
271481329
273480637
275161573
275444419
276525911
279783451
280890391
280937101
281477701
282379897
283239421
284301751
284565553
285250519
286412881
287338787
287485031
288997633
290020061
292100377
293760061
294948541
295057949
295419097
295546681
296237239
296723681
298589521
298765741
300013481
300979369
301687579
301737671
305464661
305516657
306524441
306649801
307061371
308538007
309959497
310770739
311076001
311609059
311671361
312090703
312214157
313409251
314970451
315554581
316289161
318476881
321807523
321827959
323746177
324038251
325270369
326931601
327754321
328792543
329599339
329965201
330257761
330377683
333880951
334256113
334872721
335583949
339195097
339743561
341207413
341564269
341848729
342023683
342579007
343928701
344532651
348829633
349056533
350378491
351058753
352932337
354390037
354870431
358416577
359416201
362124577
362474209
363881057
365243341
366194641
366487201
368081911
368133481
368660161
369058471
369733337
369787321
370871491
371154961
371376631
372463261
372718711
373299841
373669453
374195473
374409361
374624251
377458849
378992357
379165177
380997457
384314131
385282459
385801813
387031261
389583449
390609941
391930003
395044651
398043883
398216461
398773673
399336601
399424301
400374253
400458631
400779601
402497551
402769441
406457563
408212281
409820701
410317601
412058791
412432651
413142437
413670661
415108891
415800703
417124663
418044563
418196489
418260481
419431093
422594201
424714753
426985021
432495881
434181529
434644033
436897819
438101047
439714133
444688441
448936069
449263551
450640667
452040751
454945501
455430713
455461471
456201781
458784503
459237241
459838867
460816957
460894501
469328203
469436131
469600601
470063791
470752133
471059621
472708321
473625623
474075785
474314933
474447133
475227661
475760449
476059523
479586301
481984049
482164597
483029821
486711259
488524921
490894111
493898549
495062443
498238201
499160401
500747293
505008109
506359879
506568043
507237569
511024313
511121161
511739801
512027933
513167311
517887631
517937581
519365941
520399381
522009853
522173809
524151253
524545303
525127777
525129601
526300951
526980241
527212321
527606561
529214311
532800133
533860309
534713411
537242899
537361921
538576657
539537941
540621181
540654409
541158853
541297027
541554553
542180539
542761301
543730181
544112197
546117301
547075777
548832793
551034541
555726421
557293801
557314129
561439657
562641661
565043473
566888869
567262931
567815617
568470577
569784403
570605713
571488961
571632499
572766251
572865049
573136513
573435133
574692161
574950643
575331481
577895077
580686881
582243341
587528807
588808711
590356357
590733133
593513467
598293931
599135767
600893921
601121701
601334611
602360251
604398029
605374771
607662091
608560661
611852671
611928901
612816751
612988841
613457197
614815111
615440641
616015469
616238407
619830469
620072251
620162971
621435277
621581929
624105553
632357161
634743931
636111451
636442003
640325711
642290027
644240741
645925281
648268405
651539791
655327177
655452241
658165621
666668131
668216431
668432161
670208533
671932801
674256145
674555521
676229317
676620649
678452923
679959001
679975003
680100913
680471041
680983817
682528687
690602851
690789199
691366909
694271791
694688971
695116411
696447181
697650409
698977427
700706371
703733911
704415343
704811841
707170697
710108407
710617861
711304903
715237157
715427861
716550001
717915631
720385903
723112001
723914897
728366149
729090001
731564159
733013341
734793467
736486843
737375539
738602641
741852271
743282689
743404663
744118657
745766911
747210241
749495119
750094151
750837809
754726337
755168569
764896213
767553151
767575771
771630011
775135201
775368901
776728661
777196729
777399289
779427361
779566211
780588771
783734401
786969343
787209277
794437831
797668301
797693317
804565279
806733253
808562791
809177251
809506133
811110301
813487783
813654217
814388929
817832329
819153557
819480751
820182511
821272273
822531841
826236491
829154587
829737221
832048447
832870891
833342177
833880149
834365017
839208439
847634201
852077537
852081121
854187181
854697901
856513909
856585801
857100421
858040471
867284551
868576463
871385491
873301001
873438931
875389897
875598721
875888941
880554547
880922657
882117271
884715331
891305689
892938619
894082001
897319081
898241737
901135901
901844617
903704491
906471301
906667777
907900001
909116641
909505543
913483981
914059271
914386969
916767217
918514801
918590821
920120881
921066859
921188251
923437213
923992807
926005081
928921561
930032941
930099941
934290251
937675393
941363281
948845377
949200793
952689377
955609903
956637221
957600541
958463741
958760401
967714291
974099389
977770531
979736941
982249789
982748929
983582881
985709773
985973689
988390177
990901891
991115371
991977017
993809441
998598961
1011284819
1011364559
1016250247
1017496261
1020530773
1021281301
1022388641
1023226177
1024409629
1025098777
1026239911
1028872513
1031961379
1032685289
1037560681
1039247719
1041292909
1041946849
1042727299
1044242911
1053899749
1054740191
1063332733
1064519011
1067323951
1067802667
1067896103
1074718783
1080956827
1081447291
1082502781
1084242361
1084568609
1085447149
1087714841
1093916341
1098433051
1099140337
1101893563
1104194521
1109304913
1109402191
1110159229
1113203521
1113419953
1114598413
1115580481
1120539701
1121544841
1121676013
1123625501
1125743887
1126674739
1126998913
1129716811
1129923601
1133110837
1133818561
1134342151
1138975441
1143080821
1144111361
1145170153
1146920321
1151917111
1152793621
1155751031
1157115511
1159031821
1161728287
1167331681
1172378593
1172737147
1173008131
1179142489
1179901901
1182799801
1184162801
1184554801
1185495599
1186500473
1186915861
1188627931
1188646903
1200387137
1202683373
1203919159
1208107891
1208230003
1212297847
1213558081
1219347361
1221229829
1222568707
1227573271
1229377433
1229751667
1232516171
1235344771
1236032227
1236313501
1236691021
1238846407
1240340257
1240932841
1241553601
1242841693
1243506139
1245203501
1246608443
1247875903
1250700907
1251741781
1252071271
1254255661
1256967823
1257102001
1259859259
1259899391
1260332137
1263773039
1264562381
1266003461
1269639361
1272831409
1276378133
1286298133
1287091961
1289475559
1291412431
1292407117
1292552761
1293231301
1293469519
1295074171
1298899801
1302525011
1307520469
1313396221
1313547519
1315612607
1316003851
1317912541
1319521069
1323086563
1323254393
1329174601
1329909131
1330876621
1333215703
1336757731
1339871491
1345625381
1346326243
1347387361
1347440341
1353440233
1353853981
1353968251
1356241321
1360838977
1367270893
1372140251
1375019101
1378203751
1382700211
1388431801
1389699109
1397169091
1397678699
1399430059
1407090889
1408706209
1412756801
1414490113
1419575167
1422388489
1422724073
1422799673
1425109243
1425373951
1425524563
1427026231
1428864031
1429803521
1434882481
1442229031
1445213953
1446024637
1446089083
1450189963
1452759401
1461392659
1464003323
1465945417
1466207029
1467488111
1468003153
1477007101
1481323351
1482174383
1482891301
1490375921
1495696901
1497262321
1502171117
1505442901
1510407451
1513336177
1516971301
1521485659
1522669051
1526219623
1526732803
1527188461
1527449617
1532723617
1536388001
1543558661
1544149417
1545387481
1546162759
1547719153
1548553609
1552731751
1552980881
1560824647
1561232611
1563607081
1566612379
1567830241
1573689151
1581426541
1588472341
1590144547
1591484207
1592595703
1603409809
1605057793
1605218611
1606005503
1608738301
1611615151
1616387653
1618435171
1621292059
1623696793
1624486967
1625925121
1626609727
1632785701
1633802479
1641614209
1642241539
1644689597
1647328181
1651267291
1660521721
1660780273
1664299001
1665164801
1666216697
1667412631
1671603667
1674091141
1674658133
1675130029
1676995321
1677436993
1683878689
1689982381
1690914781
1691804417
1693080901
1699279441
1703068229
1706908751
1709740049
1711326061
1712985121
1713319453
1714495193
1715051053
1715427451
1716663781
1717305877
1723086227
1723302109
1727781571
1729316359
1729633751
1730086541
1731681953
1733654131
1734254593
1734686801
1740420037
1742226679
1748984077
1749806281
1750978001
1752172003
1753593031
1757148121
1760107441
1760434771
1763693677
1765893637
1769534023
1769797201
1773806413
1774403087
1776139201
1778653661
1790267051
1796484691
1802011681
1804954201
1805017501
1807530271
1812063151
1813073653
1822479751
1831947001
1836467473
1838075809
1838145401
1838453203
1838745541
1839860713
1840512787
1843588801
1854357529
1856872057
1857940561
1859985199
1866409861
1869043051
1869875281
1871486387
1875011261
1877445571
1878978977
1882690081
1882775467
1882819901
1883509633
1889892937
1902303721
1903315753
1906722439
1909759051
1914031351
1917051013
1918534901
1920594079
1920840391
1921309633
1922599603
1923863873
1930403333
1930812283
1934350351
1935322657
1944026839
1949272321
1950378527
1951469101
1955323091
1957908877
1960899953
1967602267
1969084417
1970097001
1970256151
1971099239
1971268987
1974943489
1975011037
1976640967
1977257441
1984104721
1986550867
1996410001
2001707569
2001814669
2003135779
2003561051
2005360351
2012298971
2013300445
2027306107
2028685753
2030600833
2032618283
2036318941
2038093597
2042467741
2046462211
2048520007
2048879743
2051965081
2053986139
2059972021
2064373921
2066493481
2067834679
2083020437
2087605969
2093843371
2095002631
2095875121
2097296923
2098343651
2100304879
2104475437
2122609061
2124274981
2130428891
2139462991
2146939939
2149129027
2155742401
2156767003
2159249221
2163018101
2168431201
2170185517
2171469331
2173406821
2178678431
2183000227
2197944451
2199931651
2201659969
2201769901
2206936363
2209340597
2211685471
2216267467
2217415117
2219072017
2230974793
2231734051
2238133831
2238280147
2241698383
2245519981
2253376133
2257703491
2262474241
2269307587
2277800897
2278714447
2279438449
2284507781
2286431551
2291006381
2293014533
2296894753
2300503151
2308966661
2310391639
2314044721
2314710019
2314817191
2317403089
2327658901
2329230329
2329858801
2330485121
2330675551
2351321981
2356765951
2357405569
2360261989
2362421953
2365782961
2366765851
2371908961
2373811831
2380368229
2385059041
2387525141
2388606949
2391373001
2399668051
2402706151
2405914759
2416897957
2420406487
2421372451
2424553051
2425221151
2429935741
2433791593
2434031581
2440646443
2441432503
2451751961
2453858551
2454143413
2455825121
2461871497
2464177951
2471005441
2473189441
2474659771
2479670899
2484548947
2494120049
2494128451
2494615399
2496613211
2501632537
2502598681
2509878961
2509890697
2512807981
2514637309
2519186671
2532854197
2538446761
2538675001
2539839727
2547585769
2558297353
2561546989
2562814621
2564536201
2565891701
2566454311
2569098029
2569777867
2574127999
2581993373
2582524319
2582799451
2593182901
2600611861
2600705017
2607584401
2613018151
2618525647
2631959821
2636360191
2638535329
2639326973
2642159809
2657314351
2657418139
2659050061
2659920607
2664705331
2666554801
2670972949
2671746793
2674321577
2675285593
2680439161
2685338569
2690408533
2704383551
2712724291
2712726073
2722642849
2723932801
2725357249
2727237559
2728558867
2728932677
2733632329
2734170067
2739606451
2746982801
2747973481
2753302051
2753599447
2754696073
2755294501
2755443511
2766006253
2766403333
2786995051
2789751763
2792583553
2793293689
2796631813
2798351389
2806589017
2812050757
2813512591
2814254101
2819680861
2820853921
2822862109
2825682553
2832384133
2836811693
2837917633
2841541069
2843178031
2843447881
2851522741
2864096047
2865483601
2866872781
2870980561
2871232033
2875726897
2877477571
2883547151
2885952493
2888372657
2893588111
2895561673
2912712013
2913401611
2913526321
2929612687
2932327711
2933267371
2933563781
2934791947
2944756811
2949587801
2970533231
2972278081
2976930001
2978188141
2978492353
2978766341
2978768989
2979522001
2992013641
2998202353
3004106951
3005812309
3007658671
3008029331
3009756751
3020299327
3022633051
3023009809
3023049727
3023094619
3023530093
3024774901
3028125781
3030393901
3033691651
3036079729
3042763501
3053183869
3054297403
3060693217
3064828411
3066736465
3066929809
3068534701
3073693153
3076617637
3082054697
3089981977
3094700341
3102259031
3105241441
3110949811
3113052281
3121477633
3128048353
3130386821
3135350641
3137756161
3148269359
3148806403
3152729581
3157252957
3158709709
3159498961
3160519991
3162325633
3168847441
3172405991
3175526971
3178441297
3189732781
3190706923
3202626169
3205943821
3209135863
3215031751
3216504721
3219551563
3221202841
3224109701
3256318411
3256366051
3258425633
3260938627
3261194581
3264228311
3265122451
3281900441
3285725701
3286184287
3292165297
3295191643
3296558777
3304307341
3304861061
3316133377
3317880001
3323590463
3324168583
3347214421
3348640343
3349997731
3350872009
3352485511
3353002781
3354470659
3359352961
3380740301
3382983521
3384844471
3388612501
3399484901
3400182431
3403593901
3404168197
3407609221
3415900681
3418234177
3428526817
3434575327
3436450951
3441666181
3442964671
3446334767
3446341627
3449792971
3450935503
3457896259
3458216917
3462285401
3464040131
3464369581
3475330699
3485147569
3493949267
3497085583
3497607433
3500590073
3510577309
3511012201
3512997541
3514600051
3517701601
3532646161
3538213381
3539596861
3547947901
3548607841
3554383141
3557646401
3558273193
3565721527
3566014861
3570928927
3572343289
3574715101
3576416185
3583249921
3586833253
3591338701
3599802541
3600223213
3600801541
3603030637
3608154481
3614770573
3616574081
3624013441
3645807733
3660828211
3661339771
3661380361
3669734077
3673148929
3682471321
3684206737
3686793601
3687402241
3690467101
3693378943
3699995881
3703676887
3704091751
3705202711
3711249809
3718798163
3723891331
3725468843
3736293461
3740722597
3760896133
3767166817
3771328573
3773061337
3775057037
3782315881
3785444803
3787800031
3788454931
3788636833
3789859161
3797969297
3800745521
3803308813
3806030489
3811357201
3821449627
3823654451
3828582421
3838062691
3853584967
3859943377
3860258821
3860781299
3861362551
3882346903
3883439647
3889917667
3893239261
3901625891
3903299713
3903933953
3905583823
3909990181
3910352437
3910653577
3917848663
3925610431
3927387049
3928993771
3936654985
3944283857
3951657377
3954364723
3954851557
3971721409
3978224251
3980558401
3986664571
3991124341
3993401411
3995566621
3995826847
4003487857
4005122557
4007299801
4021546777
4036638421
4050891811
4075241633
4077207553
4079050369
4081228093
4081806919
4086798811
4087847089
4088827657
4093219807
4104383851
4116845701
4126619197
4137564289
4147129841
4156580741
4166068441
4175289271
4177565801
4177630531
4186561633
4189350727
4195348543
4200339791
4202491957
4210785013
4212937321
4218234211
4221571901
4228110167
4236358129
4236668981
4238284987
4238706767
4240777201
4250848501
4253530051
4253916553
4255202953
4256352907
4260562561
4265100001
4267363777
4270833703
4274245793
4280905831
