33
51
65
187
445
451
545
561
1157
1417
1891
2091
4033
5785
7085
8911
9701
13981
20451
23001
23749
27511
28939
31417
33227
39831
48505
49601
56033
59291
63393
73279
83333
85285
114427
115921
117181
122221
123713
126113
127697
129397
133141
142717
146611
164737
171701
180851
187591
188191
205465
212413
215281
218791
271951
280757
282133
328021
338701
360553
407809
420751
431999
443719
460507
484901
485521
512461
535261
543041
563347
597871
605753
619531
622021
627751
630565
655051
657901
672463
676651
729061
753667
796111
802411
851779
851911
852841
887833
914551
954271
979801
985249
994507
998121
1000001
1002901
1003213
1015201
1018921
1023031
1053761
1068301
1070701
1084201
1260007
1283311
1313659
1317331
1325843
1354433
1370477
1373653
1382151
1591251
1638781
1676341
1722913
1730977
1834837
1911601
1962545
1969417
2008597
2035153
2091181
2103929
2144703
2192311
2193517
2207659
2221811
2233687
2259583
2273057
2309161
2409721
2501005
2536741
2563903
2629801
2724931
2771029
2869081
2888227
3011479
3076481
3100417
3166087
3266185
3270403
3272611
3288277
3314551
3375709
3387781
3420019
3536821
3567929
3568661
3583183
3657277
4059451
4082653
4118059
4178539
4224533
4265257
4310749
4410797
4414117
4830067
4906441
5049971
5065219
5167117
5173601
5189671
5292631
5376451
5576617
5645611
5736463
5773251
5892511
5906689
6076951
6228685
6336769
6522181
6565843
6590761
6594901
6642217
6673711
6862153
7154881
7405201
7484201
7571881
7593697
7686647
7951231
8095447
8264461
8341201
8438081
8477801
8546581
8559787
8593633
8622049
8826521
8896271
9028771
9073513
9117305
9192151
9223401
9439201
9450845
9504191
9611369
9744827
9808651
9843409
9852001
9863461
10317403
10661593
10742509
10969237
10979331
11027383
11412413
11423371
11582131
11980291
12177931
12393931
12472549
12712369
12772771
12797341
13012651
13043281
13132141
13257961
13377817
13390081
13496981
13545101
13559243
13672693
13747361
14008963
14129021
14342833
14480573
14526091
14783203
14893531
15253057
15467689
15506401
15604321
15673951
15852817
15922661
16355809
16398541
17044273
17174561
17266303
17270369
17637409
17705161
17707609
17833619
17843353
17858341
17870561
18533131
18748561
18809911
18888799
19111177
19205461
19212821
19355453
19609633
19844999
20063537
20177701
20261251
20770621
21045953
21179551
21415297
21435467
21447763
21666499
21810359
21822361
22028203
22161931
22533761
22713181
22953673
22957057
22981351
23148397
23222993
24016231
24215041
24874741
25052527
25082623
25158871
25172033
25665811
25768261
25859767
26017291
26597227
26934121
27180151
27331921
27733123
27788833
27832071
27832657
28163251
28201811
28314301
28569997
28942321
28975591
29054257
29111881
29229383
29506357
29815411
30932521
31047151
31124251
31125277
31778587
31794241
31957351
32065681
32580181
32683201
32813831
32817151
33011137
33125611
33414833
33600533
33704101
33796531
34590403
34609681
34817353
34821211
35114677
35324609
35390851
35407711
35798491
36068833
36255451
36709247
37015801
37240921
37439201
37791391
37962541
38270377
38741533
39160369
39174167
39643939
39808939
39818761
39846301
39862117
40728463
40922961
41740501
41826943
41832793
41852101
42026419
42042631
42615409
43036003
43337353
43623977
43838341
44138393
44318977
45175201
45643205
45879941
46293067
46464601
46509331
46574501
46584037
46657181
46778443
47534701
47925121
48221371
48857359
48947071
49333201
49484933
49735351
49811579
50087929
50492321
50895401
50973193
51209567
51685889
51733921
51873361
51966571
52217101
52283107
52575121
52612579
53435071
53462837
53638903
53859551
54149041
54459841
54465401
54585313
55055207
55318957
55555939
56108747
56322961
56971181
57068701
57120001
57412601
57597229
57597661
57807553
57844261
58341151
58550041
58963901
59318533
61832377
62336023
62479297
62566093
62870627
63318169
63745921
64148717
64597387
65248697
65282981
66007061
66215593
66489751
67321231
67588951
67630249
68102641
68324257
68462551
69062731
69091651
69376129
69502933
69505801
70674781
70701265
70811701
71035901
71459701
71583991
72286501
72993601
73517501
73681939
73951939
74207761
74536547
74879179
75134245
75140137
75297637
75320341
75663451
76307617
76941901
77146831
77439521
77597257
77622533
77895577
78680437
79230049
79411201
79525261
79997191
80748391
81036131
81337891
81571001
81816547
82383841
82798679
83729449
84247963
84420469
84674521
85297741
85719871
86076721
86077951
86438857
87183007
88368853
88504993
89532271
89782877
91367431
91765067
92625121
92958881
93847741
94259881
94743211
95451361
96048541
96049601
96405401
97741171
98166751
98728033
99656113
99890263
100542421
101176401
102732079
102840301
103301633
103788301
104220703
104806913
104960501
105558787
105958711
106928743
107101513
108145741
108505685
108658801
109427291
110413333
110646043
110912311
113166167
113327281
113492101
114023521
114469073
114516751
115373557
115403831
116360051
116385751
117201197
117294787
117689671
117928831
117937321
119544193
119743537
120024271
121099829
121370033
122276071
122556391
122839417
123247001
123463477
123464221
124209073
124729987
124818601
126561601
126796237
127044781
128536561
128622649
128960641
129623917
130286381
130287421
130944133
131515129
131819101
132117331
132550021
132806171
133391611
134139997
134314891
134777221
135023257
135518701
135556345
136630033
136705609
138158411
138736153
138829657
139012093
139074553
139180801
139268581
139363927
139952671
140051017
140858821
140866001
141069067
141317245
142634071
142957387
143096269
143271941
145820503
146156617
146272901
147354413
148109473
148903441
149532571
149839351
149915011
150017401
150155039
150614413
151006717
151701701
151913251
152007703
152350771
152716537
153691807
153928133
157368661
157478017
157687001
158868181
159160751
161216021
162324931
164340541
164455467
164530829
164578321
164686033
166624363
167307985
168578461
168707899
168948347
169315651
169572157
169655641
169760011
171147201
171147601
172035841
172521737
172947529
173509351
174644581
175013941
175740731
176609441
177254533
178356767
178934159
179915947
180276841
180497633
186310781
186945601
187378753
187907941
189679969
189686503
189758701
189844201
190913297
191643721
191845249
193246481
194339081
194389903
194482063
197619241
197626801
197805043
199373879
199996777
200083333
200752501
201809071
202187611
203231621
203612839
204404341
204814679
205183031
206504033
209802581
210339397
210781261
210812311
211490777
214159709
216821881
217274383
217729697
217805281
218053859
218153539
219029329
219168811
220214251
220471841
220531501
220883521
221415781
221793391
222589445
222802243
223502701
224653357
226965751
227286411
227518271
228483377
228663137
228663793
228990653
229638651
230043451
230637541
231119911
231405701
231464371
233394367
233540173
234005857
234015157
234610291
234660187
235761419
236025721
236559457
237217429
238199941
241370179
241374797
241501501
241867009
241985329
242131889
242351439
242773327
242810219
243287101
244329313
244742521
245159911
245297833
246929551
247536811
248538281
249016321
249250541
250334305
250505201
251306581
252094051
253036387
254080831
254395081
254781451
254937901
255514591
259274017
260102701
261405569
263738203
264487871
264532321
265417111
265513379
265728101
266292121
267559627
267689305
268042471
268278991
269249089
269547739
269914261
270450601
271830469
272995561
276570493
276648121
276692417
276694111
276776839
277210081
277241401
277822271
278116411
278232313
278798209
278915053
280312003
280469911
281476021
282343069
282385531
283041529
283200163
285702353
285820501
286023403
286844869
288120421
288194581
289469829
289759051
289835201
290097589
291088513
291423133
292433321
292534607
294603077
295057949
295200631
295274753
296266441
299787001
301196359
301907761
306638413
307983601
310126501
311016737
311590963
313158913
313338061
314686441
315748253
315984001
317662291
318026801
322762007
324181801
326202731
326931601
327774721
328402181
328606531
329144677
329700857
330044251
332790089
337695601
337815031
338458807
340168357
341066449
341848729
342265951
342482731
342829261
343051117
343857973
344807101
346677041
347743189
348089281
348798557
350031973
352370801
353018227
353162107
354390037
355758901
356450791
357263173
358416577
358533761
359635651
360145633
360365563
361878661
363066481
363245581
363303907
364123351
366487201
366928651
368476501
369066161
369602101
369909681
370303021
370740833
371376631
372378871
374346361
374703127
374804299
377171681
377708761
377806687
378129001
378468631
379429381
380142757
380647307
381298711
384211861
386288659
386480681
386822149
389632881
389909449
390485197
392918983
394689371
395067457
395445821
395558341
396438811
396588853
398050217
398724701
398864881
400142167
402358321
403095421
403293313
405513151
406066151
407096371
411693649
413137531
413670661
414832969
415008569
416964241
418104829
418226581
419804113
421272391
421923751
422177491
422449801
423448651
423933241
424380601
426783811
428648221
428965741
429212629
431721271
432080897
432626011
434063557
437029477
437444431
438009251
438181327
438247427
439432753
439714133
440606237
442592701
443353633
444634111
445150679
446069051
446562689
446588321
447692971
449886257
450152571
453366029
454288411
454945501
455461471
456917537
458038387
458549881
461137363
464666203
465302933
470654101
471168253
471441001
474920161
477004327
481593997
483029821
483908053
485315821
486730531
488656981
489716681
489921751
490234951
490803461
492270373
493108481
498529081
499570651
502594851
502600451
505262759
506359879
511408171
512626201
514650113
516764063
517567051
518043871
519276757
519742981
519958561
522993493
524545303
525753001
525902887
529214311
529365871
530630701
532075447
532800133
533929717
534241787
537989233
538412033
539387101
542003617
542571053
542648929
544861633
545670533
545823617
546873623
549724033
550314691
550762759
551313001
553321693
553329463
554599051
555936261
556265131
556280371
558977761
560438063
560628973
561061409
562757801
563298061
563954821
564770081
565043473
565422785
566410891
567483313
568339069
568948561
569311471
569784403
570423751
571743481
574696531
575133131
576540277
577059451
577352641
579956653
582605831
584109751
585261637
585776371
586862737
593348537
594116281
594163441
594492823
595590841
597717121
598484941
598723387
600091831
603689953
604611019
605341837
606302191
606483961
612916669
614071751
616555081
619107553
619109317
620803171
622137601
624732421
624987511
630856201
632297161
632509561
632887873
635865721
640325711
640474321
641490697
642000773
642056419
644004817
644679781
644842091
645771127
647190253
655899229
658018351
661541809
662061133
662853151
665387137
667563487
667827019
669212641
670567301
671933971
673537393
676273027
676493191
676683001
678684301
679837601
685853477
687459499
687802721
691258849
692007571
693155971
693708289
694656901
696032791
696447181
697423429
697821857
700126351
702453571
706770637
706983841
707079781
711304903
712504297
712676071
713846429
713946133
714083701
716792023
717915631
718582129
718853801
719020303
723475969
725997721
726579491
726853051
728350753
729427091
733172623
733674001
737366401
742415311
746824549
747070501
748604033
748691591
750547057
753178651
753574537
756029791
757158533
757485389
758960857
759431251
762133751
765378241
767240351
775136251
775165789
776081503
776249251
780457399
784966297
785213801
785544701
787085857
788495501
788940833
789445691
789707707
790858927
793363481
795082471
795341431
795524251
795640141
800055367
801123451
801441229
801610681
806798719
808562791
809506133
810097601
810927661
814056001
819539761
822531841
824610277
826853743
826985701
829024813
829480741
829485623
829737221
830863441
833824181
834925807
839318761
839776211
839777581
848583391
849636083
850268707
852693103
852790249
854647361
854840071
857592913
857902861
858419011
860506693
862132051
872380321
874193891
874837633
876283123
877084741
878603701
880951717
883893601
884331967
887222701
889296277
890304281
894241793
894716801
895182661
895262491
895350439
897287971
897916207
901848301
902812251
903463261
903693779
904699951
904733245
905533487
908349601
909171289
916893301
918120211
918861257
925775899
930134869
931869553
932098133
934234417
937274761
938030101
938788241
941056273
946323841
947110501
948088301
949358801
953370133
955050241
958562701
960805567
961105141
962442001
962726077
968324881
970560533
971661133
972156781
972471151
976396961
976688101
977046533
981055681
982395613
983582881
984640651
989810251
992898985
993161161
995441281
999260501
1001338771
1005767281
1007246431
1007713171
1007991223
1011127181
1012882201
1014618151
1015269391
1016885297
1019626711
1020307051
1020692287
1028084201
1032034501
1034176141
1036744219
1040022511
1040556847
1041820867
1042519771
1043198731
1043938369
1044043801
1045600417
1045983401
1046480941
1048394821
1049144801
1052249761
1053898031
1055740321
1056869137
1058636377
1062841501
1065762283
1069945171
1071126053
1071645797
1073335801
1073850629
1074532141
1076262661
1082912041
1083234241
1089586891
1089682837
1091401261
1092599821
1098000091
1098250921
1099407457
1101780781
1102191091
1102258291
1102573501
1109330769
1111980101
1112940411
1120245941
1120297697
1120700981
1123942387
1125038377
1125526151
1127634569
1129146481
1134754951
1135428031
1140223423
1142300503
1145170153
1146920321
1148416513
1149101231
1149112049
1150274501
1151250589
1154503351
1157946433
1163669473
1166866457
1166904733
1168145501
1171533121
1172378593
1172737147
1173023047
1174101241
1175248961
1177781701
1179439511
1182574751
1195524181
1198880261
1200738001
1201002301
1203881641
1203968533
1206092269
1207252621
1210562701
1211847547
1212303241
1212639017
1213558081
1215450253
1217017033
1225384211
1227280681
1227304891
1229956003
1230818359
1232388683
1233715393
1234173133
1234646533
1234946719
1240628407
1247875903
1249543651
1249815907
1250656621
1251852061
1252031981
1252222619
1252482601
1254318481
1255663267
1255983901
1257776251
1258094801
1259864119
1260076501
1264718071
1265040547
1267999861
1268275231
1268469781
1271325841
1275816781
1276438073
1287595661
1287918811
1291773451
1292796181
1293955531
1294242241
1295776441
1296187201
1301856601
1302145267
1303767799
1304060717
1309222321
1311004813
1311255661
1311325511
1314039833
1315895881
1317979651
1319790361
1320395737
1325454061
1328218961
1330872913
1331164021
1331413333
1331840611
1338261433
1339508521
1342920601
1343575381
1344350921
1346624533
1348286893
1350453001
1351700911
1355932531
1356041611
1356476161
1364378203
1366222009
1368060961
1371738943
1373343523
1373826781
1375573249
1375684831
1380653101
1381925431
1382453333
1382700211
1389699109
1395254593
1399144291
1402035391
1405239001
1407249169
1407953971
1408610503
1412783413
1413067501
1413112411
1413694111
1414755619
1418365873
1421409553
1421417521
1422470617
1425860101
1426550581
1427373643
1427543041
1428432349
1429064839
1429577353
1430768401
1430962297
1433928581
1440752827
1441565371
1443742273
1444441861
1448544371
1448921633
1450979471
1451635201
1455875761
1458756721
1459474063
1463992661
1469029537
1472650999
1477422187
1479464339
1479603661
1481597801
1486078903
1487277329
1494862501
1495508353
1496165581
1499989177
1508642701
1510860121
1511751601
1513701071
1516618531
1517359201
1517437001
1525818547
1526114461
1527888433
1528969627
1529960581
1533006757
1534787701
1539620941
1543309357
1549387631
1553203861
1555022233
1555058551
1556329633
1558328257
1558913203
1563607081
1564278211
1566612379
1570997431
1573359481
1573491067
1581576641
1585325463
1590075761
1592595703
1595131177
1595622997
1597451411
1606097953
1608900481
1611615151
1614892033
1617349651
1624031971
1624792577
1628549633
1633954921
1638294661
1640220571
1643302417
1645859251
1646311507
1646776561
1662034193
1663393241
1668378871
1672459279
1673513731
1675465403
1682724529
1688696521
1688983957
1689113093
1690108981
1690663063
1690914781
1690940791
1698270023
1701021587
1704650179
1713292417
1713319453
1716913141
1717575781
1722155779
1722463471
1727781571
1727934209
1728960133
1731264079
1731715921
1736122513
1736188201
1738190981
1739864449
1743124777
1746491671
1746692641
1749686401
1752172003
1757055847
1758646177
1759181689
1759381763
1760706811
1770704101
1771551863
1772830963
1773806413
1778233969
1779301891
1779377107
1783066781
1786013251
1786832917
1789117903
1789167931
1790391181
1791330353
1792331861
1793388073
1798949251
1804906517
1805555201
1813205213
1814480653
1818827141
1825953901
1826362651
1833162211
1835696227
1838453203
1838474353
1838739523
1840512787
1841032117
1843051687
1847267473
1848112761
1852666901
1856628391
1863192079
1863332659
1864009153
1867033501
1868076451
1879201297
1880504033
1880694817
1882413649
1892608621
1894327313
1894909141
1894955311
1895473997
1898139707
1898720251
1900687381
1900823653
1902303721
1903394191
1904524903
1905065891
1905576193
1911859951
1912706137
1916872291
1924304141
1926779611
1930639817
1934350351
1936752767
1940602231
1948627393
1948803097
1959660517
1969698371
1973476121
1973591071
1974117923
1977932797
1978382251
1988376391
1989192277
1995401357
1999111801
2000436751
2002664623
2003220161
2008184641
2008266517
2010936509
2012435167
2013265087
2015713801
2017693801
2018260093
2030600833
2032031863
2034001537
2040145889
2041265041
2045270611
2057835781
2059726021
2069103151
2072470817
2073912961
2081626207
2082273301
2083138201
2086236181
2096027431
2110588033
2112720289
2114643217
2114865061
2115276151
2126161181
2132404165
2135138611
2135221453
2135529017
2141033203
2142302741
2146250851
2146972213
2150186767
2154252259
2159206807
2160114001
2160849245
2161130441
2169323861
2170146401
2170265077
2170830061
2177822761
2177955469
2182364801
2186927527
2188517663
2196839041
2199238231
2203227599
2203875871
2204790823
2216093707
2216457991
2217839131
2218401659
2224506541
2227077329
2231863313
2233031701
2234003857
2239476217
2239679287
2241034729
2242174871
2242867507
2243112769
2245490041
2254581631
2255988757
2257996751
2263420459
2266213951
2278044541
2285660833
2286310321
2288662111
2291756959
2292482629
2295578911
2297978413
2299124299
2301980801
2304156469
2306623001
2308136401
2312963333
2318060291
2318964821
2321300833
2325965713
2329605491
2331181621
2331264979
2335522393
2336667071
2337410429
2341781201
2351918381
2355230749
2357775901
2361232477
2362421953
2362879261
2365468261
2366696641
2372221099
2373986401
2375687851
2379712459
2383164577
2383905037
2385059041
2392934893
2394278651
2398631621
2401465001
2401493557
2401936729
2408364841
2414422849
2425086721
2432761633
2433791593
2439608359
2445263551
2446740973
2455024133
2461176901
2467892359
2469147409
2469879091
2470019761
2470214251
2473004041
2475762433
2480592869
2481839681
2483031349
2483702551
2483808139
2485335361
2485360123
2485974709
2486876683
2489227801
2491072921
2492967313
2493698131
2494660033
2496613211
2501748901
2502319213
2502525637
2505470251
2508178843
2510516011
2512550041
2515125733
2515506529
2520953689
2521474621
2525900833
2526263177
2528898181
2530618177
2533915781
2536918999
2543394031
2544909121
2546170561
2547969943
2549134387
2551192249
2552786237
2553872051
2569098029
2575260241
2579163931
2580604891
2582246701
2588160961
2588317601
2588664331
2606064661
2614477141
2618760031
2619851557
2620691509
2620964501
2626783921
2628703213
2636315639
2636360191
2638667683
2640582751
2654851387
2655514681
2656452023
2658766681
2663488537
2673462133
2674839511
2681050861
2683773707
2687503993
2690094919
2690411257
2697374737
2699635777
2699908993
2700768689
2702011447
2707125721
2717428033
2718361621
2718994513
2725581569
2742520889
2745838201
2746839877
2749450859
2752534271
2761096081
2767572571
2767716241
2771478637
2781468559
2787998641
2795883479
2797137457
2801594797
2802828601
2806202911
2806589017
2811707137
2815035053
2816239141
2822521411
2823038531
2824761409
2824804693
2827538771
2829140893
2830767061
2832384133
2832743713
2832916483
2836115713
2836985131
2837917633
2840871041
2852147001
2860846721
2862495037
2862528461
2872327321
2874386737
2875260727
2880632179
2894667781
2899027361
2902530691
2910352481
2910702731
2912712013
2913401611
2921552653
2927228299
2927266123
2929612687
2930831641
2937096937
2938296001
2941503631
2947789249
2953030681
2954092681
2954462509
2955428785
2955621433
2964259489
2991126881
2991834737
2992398319
2995146179
2995752299
2997462841
3007658671
3012498941
3021926563
3023094619
3026226673
3028710569
3031242061
3044695243
3048467381
3049386451
3051542971
3052067341
3054297403
3063685633
3065203763
3066266711
3066639817
3067354291
3068647297
3077802001
3078113977
3085111051
3086407801
3087692173
3089749969
3092011021
3093890581
3094462109
3095239393
3098376373
3099112801
3106952647
3108353701
3118266127
3123578849
3142863751
3149218381
3150972917
3151437617
3156550363
3161744231
3166295281
3167442721
3174167027
3184458481
3190200337
3190894201
3203380891
3205979393
3212815321
3214329049
3224026681
3236185009
3243157501
3243460793
3249371227
3253543207
3256077893
3263097641
3271761131
3273443053
3276380251
3292356943
3299424571
3301335577
3305042401
3305713191
3307433263
3316679941
3322551403
3324006533
3349997731
3351870173
3356218027
3365678089
3368281153
3369269653
3371121751
3373006431
3378938261
3381003733
3387014401
3387237361
3394046797
3402441061
3404168197
3411250081
3415067881
3418689553
3420522289
3426330571
3431378971
3434451583
3435741073
3436450951
3439695113
3440739661
3448620793
3453282811
3464369581
3468274879
3476730601
3486362671
3491763493
3496210513
3502970551
3504936907
3507623351
3509006681
3514183649
3530703821
3545035577
3550063477
3554383141
3555636481
3556373647
3565268641
3572751701
3584800801
3587704021
3592462501
3599942113
3600278833
3602006101
3609494533
3612825221
3614837491
3616681249
3617186063
3621992533
3622271117
3624013441
3625328981
3625924901
3628336573
3636246097
3637831753
3639885931
3648424231
3651826091
3656110921
3663238303
3666918109
3670572517
3685647701
3687872711
3688061441
3690550001
3692283211
3698276741
3705779341
3709962481
3715430413
3715970161
3716104771
3717025063
3717056377
3720708707
3722622023
3722761729
3730134571
3731482711
3731586517
3745163341
3746985901
3752028589
3756859921
3760896133
3760983029
3766822669
3777060823
3787179751
3789843461
3797969297
3804017057
3804237553
3810236029
3828357569
3829656403
3838256521
3839709421
3843427927
3846178337
3846762601
3856799917
3869668351
3873625417
3877846459
3881445751
3883750471
3886607083
3888925501
3889389871
3890736481
3900970477
3905425481
3905876501
3905938063
3907123201
3917319841
3922752121
3925583551
3926883469
3926933557
3934837201
3946395461
3951472961
3951863191
3954221377
3956462539
3964737601
3968259781
3975414301
3979234351
3981686509
3982163053
3991544129
3992486389
4003112297
4005122557
4007687707
4009973089
4016282533
4020438241
4032350191
4035123353
4038217081
4038242413
4039171813
4040036617
4045988701
4046624371
4050202501
4053628001
4059776533
4061009971
4061868929
4071644893
4078861921
4083704431
4087190801
4098836197
4103697841
4105873321
4112558413
4112615123
4115844671
4116350383
4120074871
4128519121
4129270751
4133765201
4135402349
4142761327
4145660101
4147641601
4148232441
4149837361
4158274151
4160203213
4164191203
4170572369
4171540729
4174073731
4177630531
4178535769
4181856563
4183664101
4189357987
4192060699
4195864261
4200230569
4206952597
4214865601
4216345771
4225338001
4235818861
4251537991
4256316013
4266199057
4270744951
4271248213
4273571041
4284826709
4290243017
4291668133
