121
265
403
671
697
807
1261
3007
3053
5149
5461
5963
6533
7381
23959
24545
31753
38503
39091
44173
50881
57133
63139
63753
69721
79003
79381
89305
92509
119341
134413
159259
170071
171211
173377
184033
184939
188501
194221
198871
239701
260177
266071
267859
286903
293281
310381
341731
348907
381711
389281
403033
410041
436511
473023
509941
512539
556421
561601
579151
622703
648427
652091
736291
769567
795691
814897
817283
832009
866719
874765
876961
909709
914551
943121
943669
954271
1032533
1051611
1056331
1163809
1268551
1284643
1293223
1296451
1300885
1306199
1335961
1433407
1453951
1477909
1490311
1557277
1628533
1654333
1757137
1789253
1809697
1841611
1854931
1863907
1870781
1879147
1889187
1945441
1956949
2111201
2181121
2207659
2237017
2284453
2284621
2289283
2337301
2417071
2524801
2543689
2554703
2563399
2603383
2604331
2654461
2686807
2722721
2741311
2772559
2840311
3020257
3147661
3170977
3270403
3400013
3616141
3669973
3848137
3913003
3926071
4024081
4027531
4090501
4128703
4335241
4361389
4374757
4411681
4540321
4567291
4567837
4708837
4782541
4816753
4824613
5133241
5167117
5176153
5324131
5398561
5481181
5689093
5727817
5968873
6012301
6027193
6059801
6157601
6278533
6484993
6492889
6539527
6675841
6851521
6955087
7173001
7273369
7326697
7344947
7545133
7617073
7686401
7940201
8190703
8210341
8243111
8295739
8333333
8385191
8543767
8769619
8829451
9018437
9086011
9131401
9312679
9379529
9493903
9622945
9717247
9761741
9804961
9863461
9920509
10128565
10171981
10374331
10605841
10778041
10816117
10858261
10983421
11301931
11469481
11622913
11734501
11736211
11826049
11900401
12032021
12237481
12256381
12411965
12417131
12529183
12610643
12811783
13073941
13324411
13326391
13390081
13448593
13592221
13660089
13696607
13697191
13706863
13888513
13918441
14160457
14177107
14415481
14792779
14794081
14852017
14911681
14919673
15188557
15483043
15619969
15724759
15998611
16042027
16324001
16335001
16705021
16807201
16815163
16930981
17230721
17396641
17479351
17531749
17603617
17759681
18354421
18673201
18809911
18966833
19164853
19328653
19546597
19591601
19667951
19815331
20147831
20317123
20904799
21246941
21458881
21480787
21632293
21686051
21810359
22028203
22259989
22414421
22428641
22533761
22726043
22893667
22994371
23129633
23354017
23464033
23600851
23706901
23752387
24182419
24242261
24290779
24443057
24550241
24642239
24686311
24812971
25281959
25997071
26017291
26373817
26410169
26649919
27101481
28213333
28296781
28527049
28543369
29481667
29581501
29859751
30222817
30374159
30824399
31181581
31226599
31436123
31564033
31918987
31989109
31999361
32038777
32145231
32158281
32732727
32817151
32967281
33120341
33503933
33562439
33767119
33843979
33849451
34011517
34274881
34327081
34339141
34828129
35110001
35194651
35310601
35523161
35661601
36079681
36307981
36373921
36510641
36578473
36787771
36909469
37093607
37232401
37439201
38248981
38254693
38326003
38351347
38419811
38654197
38818597
39418963
39777551
40285741
40621591
40987201
41480861
41558161
41583823
42702661
43036003
43195387
43202461
43357343
44068001
44122321
44403521
44760581
45198217
45299893
45537901
45912637
46094401
46194683
46633861
46672291
46977421
48064021
48110063
48612527
49233143
49677697
50205601
50823151
51664807
51679763
51704749
52109569
52206661
54211301
55343569
55729957
55981411
56356801
56417467
56824673
57060037
57189001
57220489
57327271
57532651
57561085
57833861
57909769
58603843
58692239
58720681
58725703
58981339
59318533
59552833
59556949
59771113
60011599
60033403
60136077
60155929
60442049
60552161
61429873
62289541
64349011
65047211
65908987
65992501
66464251
66619391
67773217
68627323
68759629
69176647
69418051
69485281
71030153
71936899
72286501
73031837
73429553
73448299
74328013
74445481
74936341
75137563
76129987
77009419
77143879
77146831
77295961
77600881
78892141
78956197
79310897
79464533
80049313
80078461
80176351
80522191
80704873
81089641
81265889
81571001
81954133
83184001
84288601
84354821
84485161
84850921
86067367
86555717
87706477
87941881
88175089
88741171
89273881
90273751
90341441
90970133
90977279
92303857
92729251
93431521
93684001
93776857
93920077
94117249
94774699
95451361
96337613
96590797
96673141
97071211
97788013
97924217
98444881
98451217
98728033
98785369
98947969
99062269
99895771
100585993
100907047
101178881
102690901
102692881
103022551
103874461
104223913
104389363
104524421
104967721
105056057
105558787
105746873
106902251
108901981
109252501
109521457
110127739
110647021
111772091
112695269
112702591
113602337
114093373
114117641
115657231
115804501
116231273
116406343
116673481
117167821
117169771
117643261
118737901
119601847
119971303
120025153
120148211
120561319
120829061
122910401
123771511
125222599
125387737
126243401
126323699
128271001
128357311
129197881
129205781
130557421
130876751
130944133
131369701
131819101
132186757
132330241
132683347
134767153
136790161
137227807
137738413
137894641
138194011
138653101
138736153
138776821
139295701
140159251
142108951
142164301
142990201
145603333
146451691
146585545
146806129
147750481
148109473
149245773
149317309
149389633
150866569
151358059
152161199
153663121
154646287
154658107
154782691
154944533
155165449
155374441
155490343
155973221
156313721
157462273
157748761
157803521
158489501
160424707
161216021
161422861
165914561
166187009
166258891
167881121
169000001
169234003
171417291
171518509
172035841
172116181
172436713
172477081
172790951
173254033
173401621
174223681
174937393
175766641
175944961
176264113
176442961
177158697
178260517
178482151
178918741
179294149
180460849
181508251
182202697
182565073
183010741
183902981
186412561
186739393
186846301
187325821
187420101
187626889
187790131
188731597
189281629
189612151
190137821
194144401
194821089
196035001
196287391
197239591
197875957
199104533
199238927
199391431
199817101
200030123
200229269
201573737
202565651
203230501
203432689
204238945
204649369
206006533
206258149
206878351
208615843
209301121
209796061
210402277
210483193
210517709
210540331
210812311
212934691
214110541
214735951
215193301
215612401
216126751
216563569
217076359
217415479
218624033
219029329
219681949
220217297
220222297
220471841
220941451
221497303
222055111
222802399
223966081
225315091
225853633
226559737
227132641
228663793
230386861
232460821
233309641
233322811
233394367
234511157
235570679
236605381
237126779
239432491
242650717
243536221
243576341
243877681
244883981
245036451
245569171
247318957
247920661
248412193
249183037
249255553
250170607
250436033
250947517
252145279
252369503
252722557
253158751
254781451
255182077
255807073
256192861
256324099
256539511
257022767
258191011
262791649
263428181
265926247
267178991
269746291
270380641
270470371
270984001
271794601
272615201
272724481
272875591
273676573
274056889
274840831
275671681
275767441
276066253
276456031
279022321
279672977
280914001
280967641
281534689
282776201
283229491
283285633
283824001
284297059
285014311
285916021
286844869
287225303
287586421
288987497
290010241
291088513
291185767
291303599
291479497
293585167
294313009
294387199
296509357
297340231
298241809
298765741
298831963
299761181
301188721
302523049
303220927
303848443
305001523
305280257
306117673
306798577
308718931
310860673
311624389
313338061
318088409
321021037
323062381
323654041
325938251
326088253
326486161
327553921
329153653
329425633
331463791
331627477
334809541
334872721
334963333
335237101
337766269
340184251
342052751
342846687
345894301
347460271
348177971
348221161
348673001
351143101
351721121
351814681
352017331
352735351
355117153
356048965
356253041
356708657
357380101
357639721
359394751
359680957
359696431
359705371
361198241
362276251
362678401
362879549
363245581
364285351
366333613
366487201
367031741
367457689
368834581
372798649
372910561
374703127
377622881
378654193
384040001
384993451
389064589
391390441
391923379
393611653
394092887
395264101
396106261
397302077
397430251
400374253
402358321
402863221
403265953
409211111
409372237
410587759
410628961
412563439
413689249
415800703
416595313
417100183
418226581
418617281
418667401
419006251
419961739
421005953
421365611
428758201
428841841
429723169
434088449
434761027
435648901
437083417
437247841
437297801
437553061
437866087
438398245
438926731
439637911
446896681
447165001
449501761
451178869
451631041
452786797
454902067
456746161
457963633
457997723
460043179
460756957
461313893
462139021
462377059
462776653
463803721
464820413
465658903
466291519
468276901
469328203
469392013
469784561
470063791
473054077
473750371
475584541
477215731
480137113
480228871
480269921
480457441
482488393
483029821
483519521
484322317
486086707
494526709
494680261
495416503
495777283
500985941
501450181
503463871
503853571
506134879
506783153
510111361
510126247
511087537
511773499
511925353
512330281
514286491
516034583
517489291
518408731
518504533
520924141
520978291
521463359
522061747
522859669
525006143
525255197
525822049
526256963
527606561
528043753
529214311
530077681
532558441
532941121
536049457
536680621
539688133
541158853
541592101
541618751
543730181
547281851
547553857
547642591
549132871
549162511
549468553
549724033
550625419
554118661
555321007
556242311
556488811
556680961
559174981
562134343
565562251
566689927
568140539
570423751
571407049
572766251
573584761
573648073
574563859
574817527
575341773
575717851
578013409
578139101
578185301
578809877
579856993
580186133
582707311
582985049
585986101
587444287
587449981
588727457
590414977
590673751
592915843
593513131
595590841
597440689
598434481
599570533
602891671
605341837
605524501
606886561
608779649
608963227
609678401
611374453
611852671
619543991
620103553
620416369
620500147
623662903
625060801
625371083
626163721
626334391
628439869
629373139
631148813
631794469
637641371
641298461
643035601
643050769
643911301
644602729
646443337
652062337
654995251
655237507
659491813
659526601
663802001
667885117
668405431
668585521
669528667
670567301
672579671
673960321
675084073
676164637
677429761
679905073
681303241
681403937
687999313
688439383
689055841
689548201
690602851
698829121
702683101
703071811
706830251
707411689
707821313
710434379
712650881
713070469
714159051
716332061
720440033
720505651
724423309
724529191
725508241
725573369
730364137
732736621
736220451
741470549
743404663
743564911
743690251
746793763
747322993
747442243
748164721
748912081
749172821
753233717
753594001
754020361
755048449
755914681
756923831
757639387
758493601
759622753
760605829
765186581
768844231
769006153
769877707
770909107
771639527
771678067
772837073
775136251
776081503
776728661
779281123
787643693
794334001
796654207
801407281
803744371
806754061
808914881
809506133
810455101
815697133
816024161
819643001
820157521
820678501
823668409
824532931
826025449
827642791
827980471
828707573
830399041
832048447
832236451
832454089
832656701
837109183
839053249
839599489
840749761
843012811
845852129
849350773
850028939
851026261
852503737
854605459
860617577
864165457
864928201
867323521
867965251
869452123
870142879
871195561
872380321
873780247
873874513
874392289
875458531
878603701
878677801
879706741
880230937
881824291
882808403
885290041
886297051
887084641
887838197
890670211
890687621
894181303
894775747
896231953
898499491
899600833
901180801
901564453
902096161
909552659
910020833
911059993
911778487
916543541
917450227
925165039
929559403
933047581
933554551
934132627
935921761
938030101
942520597
942974671
946787377
949867249
951436921
951941161
952717669
956427481
960370093
965020561
969593413
970355431
972471151
974722471
975322247
975539251
975817987
979466221
980356877
982149451
982790381
986171987
990477601
990698881
993321187
993505501
994205731
994552781
994885141
995890081
1005388961
1005745261
1009140161
1015753601
1016046193
1032359147
1035988087
1036404181
1038339457
1039428433
1039740833
1041599917
1042178993
1042617283
1043592931
1045386931
1049163349
1053541189
1054999441
1059362729
1059704101
1060794769
1061998253
1064519011
1065215581
1067075719
1067132881
1067947057
1069172511
1069683403
1069979689
1070063191
1072159411
1073250151
1080274001
1081353953
1082504989
1086034531
1087546549
1092558013
1092902533
1093185997
1094042321
1094128897
1098000091
1098317611
1098404941
1099407457
1099596881
1101084937
1108753813
1108973251
1110148033
1114598413
1116084383
1116323209
1116462367
1117004257
1120814353
1120981021
1121176981
1124501401
1126587151
1127993861
1129390421
1129882909
1130322943
1132690561
1134156901
1135312141
1135428031
1135791691
1138721491
1142300503
1151782633
1154840383
1156815109
1157114263
1160730559
1161306721
1164999553
1166086819
1168444469
1170155281
1172378593
1172737147
1178334613
1179154261
1179439511
1185559147
1188646903
1189817371
1189985581
1191216133
1191279937
1191751849
1192412033
1193229577
1197321511
1197503413
1197998233
1201002301
1204270453
1213619761
1214226589
1216202879
1222756781
1229299991
1230689321
1230818359
1231140639
1232097751
1232853007
1236313501
1241895721
1246570561
1250488153
1254933541
1255949377
1261570133
1266989701
1268018093
1268392501
1268946253
1272265471
1276099663
1276438073
1280257469
1280836871
1282442167
1286084101
1287217741
1290136051
1296595301
1296707077
1298313181
1299034771
1308793417
1309517353
1311255661
1311616153
1311719377
1312332001
1312845661
1321964339
1325172421
1326445633
1328256247
1330202273
1330279001
1330436521
1332633277
1333215703
1341879001
1341926401
1341935233
1346316973
1348480801
1357523441
1358425741
1359481589
1365031513
1365328121
1365694903
1366621057
1372681861
1378524317
1382578861
1389353941
1389675541
1390966501
1397169091
1397673661
1397678699
1402248403
1411049503
1424884693
1425524563
1426852153
1436002751
1436709641
1442440721
1444233001
1446812641
1451434001
1457186201
1460280259
1462925179
1467279409
1467592831
1467817471
1468824787
1469768653
1471340669
1472650999
1472772421
1474227217
1474415203
1479761377
1487387611
1495508353
1495790437
1498311301
1509218383
1511042851
1515664153
1516544737
1518290707
1526537377
1530214577
1531146481
1533366841
1533392587
1538672731
1540117801
1549688923
1550155751
1555645033
1557142099
1558913203
1563607081
1575723689
1577121547
1578872557
1579328173
1580955457
1581193153
1588310783
1590767641
1591484207
1591754131
1593706201
1595288773
1600425773
1611172553
1615344001
1619246737
1619447741
1624628251
1628134021
1631991241
1633240001
1634861971
1637434657
1638294661
1641971701
1642736519
1646349841
1648364257
1649863717
1656175501
1656951011
1665463469
1667090797
1673166251
1673513731
1673777821
1674091141
1675121887
1677115441
1684349291
1685300489
1687740991
1694012473
1698478393
1702111921
1705606241
1707704461
1709127811
1710656179
1712291311
1714144513
1722463471
1726936093
1728525397
1729633751
1741462159
1741524949
1742688289
1746519521
1747895507
1753035433
1762538581
1764897361
1766739271
1767126913
1767845953
1768481977
1772433301
1780837837
1780945501
1785055889
1791426787
1793993111
1794772669
1800423251
1803201751
1804069751
1805555201
1807615811
1808205701
1810441001
1812228577
1812692471
1812895901
1818271153
1821609481
1823766557
1829676047
1834089913
1837112509
1839272689
1841505121
1844028961
1844279011
1851342991
1852317251
1855515169
1856689453
1856689693
1862315641
1862879257
1864009153
1865700973
1871501633
1872831871
1876485691
1877283913
1880504033
1880508631
1883509633
1884992653
1885443073
1885562209
1892047519
1895256689
1897712857
1910273863
1910868961
1912279601
1920840391
1928471491
1931066509
1932808963
1938734227
1941969121
1947732841
1948291201
1950575221
1951746301
1954619881
1955219311
1955555801
1959055141
1962730531
1963181081
1966715537
1978198501
1979094601
1983847751
1985348527
1988672533
1989985453
1996178281
1998945811
2003678393
2008785733
2012020481
2021743109
2028416021
2033399161
2037233839
2046770701
2054711381
2057835781
2062726597
2062838221
2070303709
2082440533
2085989659
2087420713
2088768533
2094609973
2096725661
2097870391
2099131217
2101050673
2103859969
2108764481
2115528497
2117955451
2124680773
2131361911
2131620571
2137139761
2140309307
2142302741
2144097649
2147410261
2147440681
2148892903
2156216567
2162366251
2163425581
2166133001
2187514351
2196839041
2197813333
2199238231
2199931651
2200331509
2201185207
2207806537
2208586381
2210149261
2214417381
2216123671
2217929851
2227820929
2230500301
2231341999
2233457173
2234000341
2248929271
2251732033
2258967901
2259440401
2262861901
2276606503
2286877501
2287378081
2289808223
2294176081
2294365783
2300503151
2301828211
2306778281
2310142321
2311558021
2312616263
2313732241
2315507489
2317579951
2319724441
2320496713
2320640011
2325965713
2326772977
2331181621
2332627249
2335341601
2335981537
2337307657
2338525169
2347199581
2347597981
2351733931
2351890297
2355483859
2356314199
2362879261
2363491393
2373811831
2375286031
2377753291
2382302077
2383905037
2385574201
2390269201
2391373001
2395043641
2406862361
2417259601
2417824861
2420946985
2423160577
2427389161
2435329301
2436627313
2436691321
2436927907
2438082571
2444736533
2446810957
2448717217
2450701501
2455840141
2460473797
2470776013
2472010061
2472838009
2473322729
2473481053
2473802101
2476587671
2479105001
2480483669
2482435981
2485230751
2487542401
2492707601
2500354663
2503267981
2505124273
2505765109
2507618977
2508092791
2509878961
2511924601
2519186671
2523736009
2524299313
2526939433
2542196809
2542709821
2550625057
2560894177
2564621521
2569080037
2570870541
2572534147
2574243721
2578735351
2582799451
2583440161
2586856133
2591176339
2592364909
2592600697
2598933481
2601897019
2604053359
2607162961
2607510781
2607659297
2616180821
2622581057
2623985407
2626457803
2634391537
2638535329
2642808331
2650497961
2655456127
2656057627
2659265701
2659939453
2666011393
2670951601
2677890367
2682958741
2684846953
2690411257
2695064653
2697636061
2701920341
2704383551
2705912357
2706717737
2707637677
2710494901
2712724291
2715013057
2715365971
2715428077
2715654961
2716157989
2720802481
2721104299
2721524191
2729231473
2730595501
2732279101
2733363551
2734314259
2737176139
2741127253
2742915451
2745144331
2769602333
2770560241
2772318691
2788608577
2799123443
2800369657
2808718039
2812310971
2814748201
2821642799
2831775911
2838207667
2840871041
2850189949
2855046421
2855661121
2870118421
2874386737
2877769501
2881429741
2881681639
2883818011
2886402487
2891727913
2912881441
2913401611
2917125313
2922935971
2928446137
2929062533
2933267371
2935029841
2935995679
2944080133
2958394339
2970533231
2971930501
2982803191
2983366861
2988134717
2991166183
2992339109
2992807201
2995097503
2996944133
3008088091
3011747317
3016881971
3017756737
3017887471
3018075967
3022923151
3029349073
3029512243
3044131237
3045027277
3047778901
3049386451
3057111721
3059401159
3069705673
3075032731
3093056293
3094844413
3102259031
3103545979
3104416561
3110830003
3114426533
3114643583
3119737081
3129914881
3134995403
3135040133
3137012803
3151353941
3152169439
3157141261
3166348351
3167204543
3169275803
3169328761
3170947001
3175204811
3182945221
3184016191
3184043581
3187599997
3188031211
3191289319
3207045253
3217744531
3220158517
3222693421
3225292633
3229602401
3229850941
3229979653
3232042357
3233558021
3235126501
3241489651
3242932465
3252525721
3253404013
3254147821
3255203269
3255890401
3259458401
3261194581
3262105909
3266053169
3267036007
3274264033
3276075709
3282119899
3283991959
3286184287
3291421069
3295217971
3295635067
3300801241
3302923009
3311236741
3312416251
3314605771
3315390193
3321940051
3325762771
3339531521
3340978103
3340984501
3342491639
3346440161
3351377521
3352026133
3363483589
3366001297
3370792681
3376634003
3382444097
3388238101
3390564241
3396034709
3399890413
3399901517
3400039441
3402460309
3404168197
3405540637
3409329071
3424483399
3439408501
3446334767
3450708451
3452691097
3464040131
3464705393
3468526831
3470284751
3476360053
3476637451
3478678393
3480593953
3481081237
3481538581
3493444249
3495943153
3498145489
3506501791
3509439841
3512797201
3513128851
3515122717
3527015461
3535309621
3535612543
3548863891
3550063477
3554008393
3566428301
3569741281
3570547549
3571568353
3581831761
3584542681
3585031937
3586427659
3590409439
3590410657
3596707891
3602006101
3603030637
3603385009
3607378867
3613471313
3615321331
3617272783
3621618331
3624918403
3628526287
3636848851
3637239589
3639723979
3644730379
3645942019
3647839441
3648510529
3650390353
3655038817
3655128541
3667342603
3671190121
3673547641
3675832267
3682049911
3686233783
3692529881
3692601421
3694600933
3698276741
3702277801
3710911051
3713932801
3718428121
3733851577
3735251291
3737346049
3745804453
3751028521
3751554581
3757599721
3767640601
3772354483
3793243213
3796105951
3803999113
3806586631
3807833041
3816001289
3828597967
3835537861
3838115161
3847693501
3850058689
3857088929
3860781299
3872298041
3877846459
3881445751
3889917667
3891919417
3892928203
3896103559
3896815991
3897241129
3907504141
3908138753
3917319841
3917450353
3918719251
3928653581
3929293061
3931360651
3934940833
3936640021
3939026801
3940128001
3942041177
3951472961
3960904039
3963736739
3967730849
3971403281
3971721409
3973308961
3987356773
3992486389
3999255737
4001715541
4006159691
4011374641
4017450691
4030637771
4033365337
4041605713
4042578403
4045222081
4046203921
4047480067
4048989001
4051016551
4053514921
4058866429
4060942381
4063732063
4065047983
4068627347
4074352333
4079877037
4093479281
4096915859
4098254161
4106260033
4106995427
4108970251
4115836897
4129975921
4135285369
4142628271
4144945351
4147537771
4147919821
4158379681
4175362133
4183491997
4188026671
4200557665
4202880749
4203130009
4211225209
4228090903
4233587491
4234009397
4234612201
4238910461
4240777201
4251724627
4257763999
4265738023
4277894353
4278702583
4286745541
