497
703
781
993
1387
1649
2701
6289
7107
7613
8321
12247
14981
19757
24211
24617
31621
35371
35587
38081
38503
49051
51319
53083
60541
61921
69301
69851
75851
76627
88831
89701
102311
110309
114211
120583
134413
136729
145351
171001
173801
176149
206981
226801
230011
232693
237907
240577
267859
269011
276013
284329
294409
308823
314821
342361
473023
488881
493081
499249
512191
587861
619963
717473
731971
742813
765703
786787
789427
850513
923999
935713
938503
995723
1005247
1024651
1056331
1122769
1127611
1151809
1285579
1306801
1314631
1315387
1316719
1339193
1456309
1527571
1562809
1563151
1588651
1704331
1735147
1855381
1863907
1876393
1974085
1987021
2041843
2067841
2187799
2288413
2291077
2347769
2442799
2466133
2487941
2491633
2512441
2533351
2597851
2608783
2734021
2979943
2989729
3054481
3062347
3065357
3125417
3270403
3273463
3296899
3336371
3363121
3375041
3375487
3435041
3693001
3814273
3852289
3878983
3888979
3913003
4059859
4111381
4129717
4219129
4264993
4335241
4422991
4441681
4480477
4520233
4686391
4722037
4778327
4985761
5058973
5176153
5351537
5371577
5481451
5566051
5603473
5617351
5951373
5986351
6104107
6186403
6272449
6295969
6503131
6539567
6577121
6688039
6952037
7062067
7218949
7440553
7617079
7648033
7726603
7951231
7990243
8004967
8190703
8207299
8241157
8278117
8502551
8560207
8650951
8778743
8801227
8802559
8880449
9280981
9399469
9811891
9891743
9946711
9966341
10125361
10271581
10403641
10444141
10655905
10679131
10907887
10990513
11060057
11088013
11207701
11338357
11367137
11561273
11779297
11805907
11917141
12119101
12205873
12543481
12709819
12890503
13003411
13012501
13143547
13243651
13701871
13790899
13821193
13909559
13914181
13939253
14312533
14541529
14608133
14676481
14903461
15314041
15838087
15885937
15904729
16024933
16780591
16796641
16862743
16945633
17295601
17330869
17511919
17803759
17911807
18443701
18780571
19554701
19703503
19798307
19877353
20234341
20622031
21180259
21700897
21925063
22035917
22187791
22259989
22432681
22697281
22786051
22918141
22938631
23120681
23129633
23248969
23822329
23966011
23996017
24034561
24195151
24242261
24490201
25663105
25696133
25966711
26377921
26395357
26500111
26658409
27519241
27617581
27623281
27664033
27812857
27832657
28405681
28796041
28837021
29365561
29419487
29599051
29759941
30141469
30951181
31118081
31777381
31918987
32086363
32092259
32429431
32504239
32817151
33657497
34035271
34327081
34805167
34884847
34885603
34905133
35058409
35369401
35845633
36349181
36504199
36578473
37093627
37232401
37317349
37649503
37804969
37964809
38118763
39072151
39211597
39547171
39733201
39994621
40621591
40946221
41082211
41467213
41662297
41826943
41948713
41976001
42606661
42818351
43728931
43838341
44318977
44544211
45700957
46016209
46246411
46364509
46633861
46728533
47341057
48908521
48960409
48978211
49019851
50111059
51690109
51847777
52045051
52055851
52493647
52869601
53390611
53949011
54284473
54459841
54523037
54816059
54958597
55318957
55384033
55441387
55464481
55649491
55996123
56420033
56581471
57058301
57248465
57530419
58679941
58723921
58725703
58980637
59529559
60002009
60516193
60691333
60696661
61189201
61363541
61754941
61934861
61983391
62440423
63120007
63282781
63397751
63522889
63745921
64042903
64339111
64349011
65350801
65559647
65562031
66044161
66525097
66587023
66760471
66838801
67365451
68182003
68326939
68609461
68627323
68677291
68768569
68964061
70021291
72124249
72409639
72835351
72884701
73527301
75851801
76307617
76700359
76732417
76974811
77009419
77146831
77439521
77715217
78234133
78862213
79055747
79277563
79552861
79624621
81002881
81074449
81455137
81481951
81747793
82815601
82995421
83073817
83374831
83962097
84001807
84164033
84354821
85719871
85852577
86283817
86438857
88167751
88636471
88802929
90003817
90306481
91092377
92019799
92085193
92625121
92779831
93431521
93453119
93926197
96120487
96142927
96814181
97071211
97796953
98241499
99036001
99456257
99945007
101152133
101547217
104399821
104524421
105309289
105852293
107344693
108510361
109529809
109838431
110436481
110457761
110912311
111153421
111537241
112307329
112702591
113247811
113459191
113492101
113492941
115978033
116045827
116396131
116701003
118312681
118566533
118846151
119131741
119900101
121099829
121374241
121807891
121883101
123394591
124212367
125050537
125213359
125997121
126323699
126619741
126745891
128120791
129623917
129924451
130207309
131256451
132332201
132486751
132575071
134309291
134696801
135008479
135296053
135622057
135821501
137836081
138030721
138635281
138863341
139301191
139592101
141165071
141618181
142335491
143377183
143520833
145410931
146227201
147039751
147683593
148188041
149196079
149363857
150441521
151082401
151390441
151514133
151533377
152037271
153754873
154944533
155239979
157249457
157803521
159874021
161124401
161423377
161908321
162026869
162894103
163759753
164728477
164936407
165099331
166442251
166595131
167248621
167372437
167579497
169500833
170672833
170832037
172018667
172116181
172396351
174580183
175006651
176062573
176977921
179593501
180286861
182142379
182918737
183111163
184023613
184099999
184746889
185040703
185136031
186729733
186739057
188382487
188953561
189030481
189686503
189904513
190781611
191191933
191219341
191321407
191951761
192704513
192800833
193296517
194120389
194211841
194511871
195100057
195115669
196513133
196693117
197077111
198044257
200044153
200629619
201766801
202565651
203071903
203648257
204300541
205364251
206623873
207072001
207132481
207374671
208070101
208075033
209960677
210467137
210812311
212277913
212669843
212698711
213035761
215310551
217971469
219028961
220883521
221637709
222055111
222425081
222587413
223320161
224150761
224294533
224663407
224870017
225427889
225851959
226810369
226851661
226957699
226978051
227132641
227475601
227658817
228436771
228842209
229378801
229655953
229780963
230088497
230357761
231405701
232285861
233178167
236025721
237321727
237359623
238221397
239092393
239806561
241094491
243346153
243413311
243536221
244883981
246312977
246353509
246479011
248575739
249183271
249679501
250538671
251762281
251897887
252722557
253437731
255167057
257618089
258661189
259436521
261856261
262480501
263428181
264538687
265731931
266053651
267180817
267397477
268626181
269545501
270539897
272313091
275565889
276542401
277334177
277477903
277554581
277627423
277787141
277864651
279628141
279718909
280226033
280312003
282721297
286029269
286528301
286625791
287260147
291190681
292244833
293346637
293582941
294690853
295505107
296792497
297051763
298204831
298355713
298811017
298845451
300164287
303164317
303651041
305422417
306008501
308483911
309633139
310129471
311411629
311671361
311955071
313338061
313435201
314099143
314669149
315731131
316525483
316583041
318026801
320888371
321489379
326216671
326405713
326469137
326966221
329468201
331868197
332976961
336273211
338653481
342298309
343109251
343812823
344462161
346305403
347325301
348566401
349470703
351843049
351953711
354143071
355082617
355117153
355202431
355496851
356361209
358252093
362569201
364282381
365932297
367132501
367678981
368113411
374325841
374703127
377295871
378841849
380137633
380977969
381402451
382260913
382536001
383753521
383793541
384780857
385407569
386407477
388159633
388695301
389520977
390609941
391930003
393247027
394364323
396509849
396864469
397026631
402138697
403042021
404232733
405852787
405956801
406232443
406932289
409229371
409724569
411391801
412588937
412936327
413900057
414156161
414876013
415878541
418226581
418617281
419184481
420532201
421365611
422168581
425346197
429423101
430276537
430321921
430646401
434343601
434690761
435833989
439847621
442982041
444847729
445599811
446044843
448430557
449204689
449617339
450324001
451002491
452414359
453032137
454691453
457274161
457704901
458784503
458948491
459248641
461338903
461873701
464169259
465335459
465658903
466789963
469784561
470063791
470211031
472708321
473315417
474728971
475320619
477189121
478614067
479330461
479586301
480269921
481239361
482164597
482244533
482348197
483226741
484093501
487266991
488966101
489116161
490894111
491646403
492689377
492705397
494649061
497185937
498706651
500795623
501504697
503178259
504870241
505331677
505406581
507877147
508788041
509546563
510425569
511261081
512777827
513352891
514321081
516086341
517567051
518504533
518820101
519167617
519809701
520607281
521803141
522041521
524151253
528013333
531555421
533860309
534362971
535407181
537361921
538412033
538726901
539537941
542571053
546273883
548862661
549132871
550680859
552706201
554497441
556265131
559202101
561873227
563947141
564880669
565468061
566938441
566947837
569492951
569784403
570423751
572034871
572403511
573248089
575119261
577352641
587163919
590751661
591003967
598702501
599110087
599645047
601391443
603415933
603503689
603783391
604450387
604748033
607673711
608016599
609244501
611304121
611814347
612319157
612387089
612790921
615707149
616015469
617279821
618206051
625536071
625647241
628395301
628514209
629140163
630888481
631325641
633289807
633944033
636596651
640325711
643986253
644757301
647265907
647817913
651477751
651861761
652393421
652863751
652969351
654857239
655881073
656082901
657414577
658161481
659526601
659846021
661593691
662198041
664247053
665347663
668061109
672579671
675850033
676273027
679975003
680736421
680860351
682528687
683958871
685408769
685440053
686149201
687756259
689327731
689459509
691777201
693055147
693918679
694343827
694656901
695327821
696102401
696447181
697761283
697821857
704017621
705883951
708008461
710056261
710445121
710536297
712650881
713946133
718944227
722787431
725107417
728825021
730671841
730704133
736668013
737859601
739009069
739576801
741215413
742055953
743404663
744105097
744337793
744478901
745493761
747504451
748419127
748604033
748638001
748959709
750239491
751421353
751449799
756579151
756630449
756632101
757220729
757272707
757986991
758142883
758353597
759720151
760264009
766791769
770035033
770687479
771136741
775167457
778446481
781471001
786157087
787540879
790344901
794674567
796935427
797222971
797947201
800055367
800411701
803040571
804707671
807857389
808983319
809273809
810382453
817691491
820348261
821376533
823669949
825223861
827796397
827980471
828028921
828473641
829737221
831896011
832216897
839208439
841741237
847708331
850407251
851624437
852662401
852790249
855073301
856321711
859636207
860506693
862759153
863507173
867308527
867519577
872478881
873261901
874290451
875108911
876019873
877532671
879076717
884425021
885357757
886964059
886993769
887570599
890687621
895457713
896901461
897870121
899311729
899345119
899600833
901371151
901568179
902816251
903136901
907437493
908736097
911484421
914195537
916472897
920066617
920519293
921858631
928499881
928766257
932064739
934290251
934968217
936438247
937675393
938376181
939411793
942520597
943007269
943312393
943690801
948609487
949324951
950315573
950371003
951715987
953111017
953327233
954732853
955938901
956558387
960091777
962375941
966449251
968283247
970355431
970560533
971470501
971482021
972486469
972524071
972977281
980957071
982080709
982680637
984008089
999260501
1002199361
1004542969
1007713171
1008348697
1009140161
1011319501
1013875201
1014119947
1015429141
1018269949
1023881513
1024707407
1025897471
1029189151
1031268961
1032142021
1032837307
1034283421
1037090011
1045983401
1048232389
1048606417
1049917867
1052329489
1054841971
1056176129
1059193297
1059724681
1062880831
1063075549
1067221391
1067643991
1069082657
1072534417
1076129441
1078877089
1079063371
1079197913
1081353953
1081431751
1082504989
1090731071
1093150081
1093989331
1094554151
1102685839
1105322653
1106663317
1109021629
1113760429
1118350021
1121091089
1123406047
1127977309
1129716811
1130893999
1134001021
1134342151
1134696067
1135428031
1137355201
1139360197
1140714121
1142300503
1145170153
1146953089
1148416513
1156764913
1156995407
1159896277
1159931599
1161531601
1168048499
1168145501
1168256953
1171665529
1174706281
1175248961
1176711721
1184554801
1189171201
1190521921
1195129729
1196969707
1197003259
1198880261
1204034959
1209169543
1213619761
1217181061
1226065261
1227675571
1235188597
1238517649
1245132379
1247859133
1252222619
1255235899
1256652013
1257055801
1257102001
1257212773
1260888157
1262106199
1266025351
1266425101
1267741367
1270193401
1271789569
1275773617
1280837381
1282568741
1286649211
1287278051
1289281621
1291151737
1292925421
1294552657
1295102707
1295542529
1296916993
1297901953
1301700553
1302594841
1303978729
1305614743
1307520469
1308544903
1308758533
1309440001
1313514563
1314966577
1326405907
1327490893
1328033233
1329517583
1330854043
1341620281
1342009483
1344228797
1348995187
1349671681
1351700911
1352416687
1352995211
1353332417
1356241321
1365155551
1371328081
1372088323
1377162001
1377540473
1382725261
1385837641
1387711531
1389675541
1394277589
1396183367
1397169091
1401429137
1402770001
1403323417
1404253369
1405902961
1406826241
1407603829
1409647951
1409792801
1412651017
1415320721
1417594231
1420882849
1427543281
1427900833
1430911441
1433928581
1438652377
1440752827
1443652033
1443698461
1445530421
1452194257
1452759401
1453548403
1464010021
1466513101
1472412943
1475323501
1475522413
1476238681
1477178761
1484271937
1484454031
1486711549
1487162843
1489976797
1490926471
1493854321
1494200131
1494714493
1496207809
1497221281
1506964933
1510633819
1513888157
1514519969
1515986137
1520190341
1526747977
1528156351
1530615641
1530898111
1536931229
1537568911
1537736401
1545909251
1547543161
1549088311
1550924873
1559329129
1562176853
1570997431
1571111587
1571988983
1574243861
1575229679
1575670639
1581025597
1585350271
1586176519
1586492113
1589853281
1605281833
1607610727
1611615151
1613347741
1614109091
1614341431
1614381133
1614423661
1618742233
1622402401
1628090231
1628692201
1630062253
1631904913
1633240001
1634877031
1634913601
1639243981
1640086337
1645590983
1646590843
1647679591
1649383273
1654202161
1654537921
1654994687
1657266841
1659217561
1666056277
1668217027
1669912333
1671854029
1673390513
1673930941
1674658133
1679240179
1683174533
1688560021
1688983957
1694681281
1699611211
1700327353
1706302153
1707704461
1709740049
1713806641
1714301623
1714381261
1715794651
1726007797
1741080661
1742815621
1747286113
1754327233
1757129011
1760706811
1770293953
1773806413
1773900833
1778014759
1786169431
1790761883
1800684337
1801973807
1803016261
1803053251
1813073653
1813786199
1818827141
1821500041
1822479751
1827683947
1830606751
1831285171
1834832143
1835114401
1835776981
1838240587
1838262061
1839568981
1839728773
1851176161
1859453273
1861556581
1866337201
1875510913
1875981313
1876862593
1878920033
1879828501
1880544907
1882413649
1885915841
1889064721
1892482661
1893131213
1894344001
1898139707
1899027649
1899302833
1904558701
1907221681
1907545711
1908233471
1909759051
1920358551
1924928011
1928377369
1930534453
1939508551
1941377419
1942816331
1943078497
1943339917
1944452249
1944962521
1948492333
1950570091
1951706791
1953286003
1955219311
1957739821
1960892501
1962730531
1965356947
1966146451
1968021301
1969809481
1978554121
1984756481
1999817009
2002446821
2002664623
2004299641
2004566131
2007502381
2014491161
2017574431
2017729117
2019900583
2022704657
2029244551
2034348961
2037732451
2039604139
2039884153
2044454311
2050617713
2054711381
2057835781
2059739221
2065040353
2065087441
2067887557
2068421713
2073436201
2075429203
2078412617
2078777759
2079090019
2079463049
2088768533
2092225591
2104941101
2108761201
2115030173
2116296181
2123526931
2135680021
2141033203
2142997057
2144961253
2145906661
2148892903
2151933701
2153618479
2156767003
2157027601
2157936493
2164153861
2171533183
2175728251
2183533291
2183923765
2184612571
2186779229
2188728341
2191752193
2196427741
2197013821
2197944451
2199931651
2200315141
2201353471
2210149261
2213288557
2213712499
2217930587
2219008177
2219493601
2222762851
2225693653
2227207399
2231294851
2231790571
2231794681
2233247677
2241026107
2241506921
2244932281
2245891861
2246809153
2248028161
2251087463
2251732033
2256488389
2260585651
2261003561
2262861901
2265291949
2269307587
2269491451
2270182279
2272413529
2277068761
2280656953
2283289681
2290361221
2294228371
2294462971
2294537621
2299124299
2302755589
2308966661
2318964821
2319963271
2328313357
2329584217
2331681091
2332745029
2335522393
2340387001
2361903571
2366663671
2369602813
2378679781
2379233293
2380603501
2381546611
2387525141
2387675861
2389338001
2389472119
2393595361
2398220329
2399430661
2401348951
2403802133
2408364841
2409113407
2410753021
2425249601
2426303809
2428701091
2431144801
2436691321
2439600833
2449974517
2452201361
2452869469
2453478457
2461061149
2461177951
2478845569
2479562009
2483253781
2485412437
2487259513
2487581461
2487733333
2492830157
2493414691
2497638781
2507315581
2508092791
2512005103
2514929581
2517348133
2518368701
2527442209
2528246467
2532630787
2533186657
2533465661
2533915781
2535849229
2546174833
2547259291
2561654099
2562752587
2563812577
2564536201
2573816257
2575080397
2575572551
2578266241
2584018289
2588970151
2595053401
2597788951
2602510633
2602589981
2604053359
2604283111
2605697011
2607584401
2607768731
2626769521
2630374741
2634352001
2639612849
2649858751
2657314351
2659235041
2660783591
2692810429
2697131837
2697374737
2700568151
2702920681
2703940081
2707138729
2711006191
2720152709
2721968965
2722044931
2723521321
2723563847
2725978631
2732439187
2734967731
2735199193
2735629909
2743611697
2746882669
2748678193
2754606553
2756446663
2768799629
2771239621
2775980593
2782417601
2785185229
2785760407
2797903873
2797912987
2798825681
2804139911
2808757013
2809288351
2812672981
2813512591
2822000681
2826128971
2828698133
2830767061
2831758903
2832384133
2836115713
2837913283
2837917633
2838217159
2840588311
2848057297
2848854499
2860846721
2861847253
2866872781
2867145373
2869934491
2871232033
2872757683
2872948321
2877039271
2878823963
2885331653
2889079201
2889760931
2893350457
2894603611
2908291159
2908878151
2913401611
2914350209
2926750843
2933588503
2934043171
2936786497
2941805809
2947521721
2948657641
2948673901
2951544961
2958453401
2967078409
2972700109
2972700121
2975096953
2978650819
2979340981
2979921421
2987078197
2992061377
2994883921
2996604451
2998919873
3010185037
3015909181
3016636561
3022941587
3023433473
3024774901
3034557451
3037286971
3044238121
3044449761
3046165501
3052854943
3053057941
3054297403
3057111721
3060537511
3064688257
3071052931
3071692873
3071849233
3074086243
3077122133
3078460303
3078612967
3079743241
3082054697
3083284651
3085686211
3092789761
3093009721
3096385717
3101327321
3102234751
3106084141
3109183841
3113540641
3121936271
3123398503
3123604381
3130386821
3134995403
3135342031
3137756161
3139835401
3143282221
3144245401
3154365853
3157579861
3161897203
3163106953
3182243917
3184139701
3193414093
3198130709
3203278399
3204162613
3204877537
3207364961
3211781821
3227082823
3231006991
3247318717
3257334541
3259595539
3260095957
3272272403
3273820903
3274430833
3276380251
3278685677
3285725701
3286014481
3289572001
3299956747
3301381331
3306560671
3307804417
3311887987
3316485421
3320865013
3321387649
3326087273
3332340703
3339409987
3347226649
3349859701
3353925221
3368686483
3378687817
3382900921
3383477191
3384095311
3385842877
3391597441
3399195901
3399205591
3399283351
3399890413
3403558621
3404479093
3407609221
3407772817
3408200641
3416784061
3426245197
3429457921
3432881233
3432997537
3440195713
3442964671
3446328913
3457284119
3458764511
3462023569
3462058513
3463907761
3464236901
3469445761
3470006161
3480387041
3481497811
3484560721
3503510011
3505364101
3506088769
3516352153
3524390033
3527015461
3529669501
3529931441
3543203333
3545311183
3562963973
3573984151
3574294579
3576489853
3590963443
3595562533
3596124541
3597270517
3610076581
3614284631
3621992533
3625193591
3631880269
3634594861
3643036417
3647994379
3651766633
3676452361
3681650281
3682604161
3682630327
3692149847
3693182849
3697434133
3705661657
3708905341
3710559007
3712492129
3719733697
3721400299
3728463481
3741975631
3743769889
3756448837
3759569911
3761082697
3769080043
3774302641
3775385011
3776019979
3778862341
3780907369
3782578031
3786386507
3787087921
3791514637
3791762677
3796238521
3824339819
3845692993
3853584967
3853636697
3854334331
3861146287
3873095909
3882346903
3882505771
3883665361
3888499861
3895046191
3896373379
3903711841
3909462391
3914262721
3915446701
3917318299
3922539601
3927284131
3936153313
3938250163
3939026801
3946182277
3955285349
3958329439
3964220371
3972326051
3974055539
3975714881
3975916709
3980558401
3989027533
3997740319
4002592133
4006068001
4006361197
4007116621
4009506751
4015029061
4021110199
4028995297
4030698673
4034208301
4034993269
4038837931
4039033153
4039584061
4041356801
4046203921
4046436551
4047480067
4048926001
4051454299
4059776533
4066007107
4068619801
4071702601
4081755637
4082576387
4085612761
4101013073
4107729529
4110567451
4111577419
4118359813
4121286907
4121492761
4122246097
4123229063
4126424287
4127050621
4133559601
4137865933
4139820967
4140070273
4140323911
4140751361
4142995639
4145880961
4154094127
4160411251
4172887759
4173838327
4175289271
4176945001
4177245269
4183664101
4184442211
4186219231
4187566189
4187906581
4210095667
4221066169
4228090903
4235818861
4237460333
4243964551
4251537991
4267640833
4268359621
4269859771
4273042379
4275594107
4277526901
4283445403
4287612127
4289393281
4291187221
4291197541
