9
65
85
221
291
437
481
679
873
1105
1541
1891
2871
3133
3145
3201
5951
6533
6905
8917
9637
17169
17953
20485
21349
22201
23477
28073
32407
37901
38503
40885
48217
50737
51097
54913
75343
83513
88357
88561
89765
94403
115921
117385
121859
136681
137233
146611
157431
181579
197209
203841
208465
218791
219781
243277
252601
255581
256999
266305
271951
290629
291919
305201
315265
318553
332821
341371
341531
358249
360533
371607
385003
422521
438751
443719
446431
483351
483601
497503
510071
576869
590371
613963
633907
645679
664261
736751
741937
757945
765703
776383
792343
796111
803451
849941
878219
878461
893869
898601
909709
916045
917801
974341
994507
1017919
1084201
1093417
1136431
1144849
1201861
1280203
1348327
1380751
1406581
1446661
1493701
1493857
1521389
1526005
1584133
1730977
1731741
1755001
1784029
1787441
1807741
1900849
1925201
1945441
1956041
1987021
2000473
2042261
2064479
2140093
2162469
2171269
2181121
2203321
2284453
2395861
2400091
2466133
2487941
2491637
2525881
2533249
2538251
2621161
2633329
2670361
2718769
2722051
2746477
2795519
2855583
2887571
3025993
3048949
3270403
3277345
3332317
3457531
3458011
3568661
3661333
3712591
3729287
3972049
4026553
4098445
4171651
4182001
4299023
4326673
4343245
4361389
4523143
4568409
4611979
5116079
5122129
5141239
5194051
5208121
5351537
5406787
5595371
5748359
5766001
5906413
6186403
6253921
6254501
6539527
6650223
6675751
6934087
6952037
6955541
6966229
7129201
7553701
7648033
7742857
7887391
8076283
8086231
8233633
8333333
8456151
8595361
8667163
8738311
9345241
9494101
9533701
9853285
9863461
9959413
10247357
10374439
10420717
10679131
10743097
10837601
10904437
10947281
11177601
11222017
11541307
11576701
11620297
11664805
11811907
11819845
11979881
12246001
12314377
12322133
12352393
12376813
12832249
13073941
13165193
13166353
13313897
13475711
13578533
13859761
13936981
14019193
14105449
14112745
14169331
14392789
14538319
14544259
14555221
14652991
14671801
14733391
14800391
14913991
15318913
15371201
15449971
15560651
15820267
15978007
16134169
16158221
16343251
16493777
16773763
17117143
17236801
17362297
17576641
17645689
17913421
18124177
18330013
18343651
18423791
18467681
18549961
18904429
19212821
19414957
19429063
19518941
19581043
19582837
19624861
19795411
20117467
20261251
20623461
20981701
21010001
21223243
21285361
21536023
21582217
21924813
22187791
23296879
23321959
23939485
24227311
24374131
24482503
25007959
25235281
25276421
25525499
25617601
26017291
26164807
26537141
26865749
26944721
27232291
27236311
27409541
27625261
27855409
28015153
28213333
28289785
29183281
29952547
30987809
31120099
31405501
31504141
31513861
31571443
31976533
32092259
32444341
33073153
33079723
33161833
33168029
33658561
33721813
34307617
34368741
34393805
34890481
34989571
34991947
35136193
35254045
35970219
36082171
36407647
36765901
37152649
37376509
37577539
37649503
38676301
38874001
38956993
39371141
39407831
39554857
40006201
40210591
40272013
40373341
40917241
41121433
41294881
41465161
41826943
41955479
41988409
42482401
42490801
43022989
43036003
43265503
43465361
43594657
44148649
44278921
44465221
45559729
46808401
46822177
47131657
47918581
48682289
49308421
49402543
49923661
50152651
50810553
51193633
51347521
51425011
51518897
51529039
51627817
53276467
53433901
53638903
53726557
56380561
56423599
56462185
57887551
57954997
57974113
58756057
58986091
59802821
60240601
61100551
61359805
61621561
62114641
63346999
63384413
63553621
63723019
64036831
64042903
64855201
64951501
65589571
66007061
66096253
66587677
66706641
66886417
66922309
67153193
67194401
67404451
67706501
67875481
68060659
68768569
69366767
69485281
70367161
70811701
71057911
71239421
71874097
72539371
72557173
73289861
73513441
73894267
74166437
75803267
75978865
76307617
76464581
77309809
77871691
78426349
78795181
79183441
79442239
80104033
80142761
80207381
80450371
80986501
81376903
82452061
82597831
82606231
83689453
83820001
84303001
84544853
84842519
85666151
85773601
86027329
86268781
86896657
87056941
87485833
88197565
88908331
88994065
89151931
89406421
89571473
90014653
91331501
91378871
91649993
92388941
93980251
94203271
94729517
95095001
95561251
95778691
95989973
96098509
97022323
97211341
97471333
97796953
98128693
98594641
98738143
99184627
99208327
100085931
100490329
100647713
101288221
101649259
101933063
102035251
103238593
103488169
103788301
103956859
104220703
104663089
106156931
106231301
107240101
107437387
107571797
108140401
108596953
109316593
109862951
110157349
111374779
112517393
112702591
113936941
114516751
114962039
115214353
115891381
116031169
116463007
117445987
117662981
117669817
118555771
118623727
118901521
121214441
121321101
121971301
122839417
123599421
124038337
124793521
125354941
127304521
127535651
128563103
129205781
129503893
129922585
129939391
130207309
130766239
131149801
134306393
134410477
134767153
134775013
134813911
135469321
136315873
136322041
136962151
137932321
139301191
139810133
139892065
140309947
140352913
140877991
141069067
141197299
142335491
142930657
143697451
145603333
148109473
149181121
150155039
150457819
150988753
151642465
152625331
153589801
153625601
154575667
155108741
156250823
156628781
157182637
157542533
159081841
160086901
160545169
161184013
161674511
162243091
162373837
163729483
163800901
164059799
164436553
164482741
167276539
167372437
168051997
168487009
169234003
170157793
171147601
172619785
173280229
173678203
173680543
174953461
177254533
177850037
178806349
180775547
181306423
181565551
181799213
182322401
183228347
185389891
185733901
186939061
187120831
187189027
188079739
188516329
189482107
189518773
189686503
190212181
192037717
192059891
193374451
193431751
194217409
195412801
197044387
197466361
199495159
201576523
202105091
202565881
203269177
205409201
205775905
205807701
205970061
206437741
209301121
210465481
210812311
211867969
212730467
213835861
214616953
215344345
215391833
215615299
215735677
215988769
216315457
216675763
216899047
217267381
217472501
218535643
219821471
220904767
221793391
223051141
223784053
224074369
224294533
224361677
225099841
225127981
225148573
225548851
226061921
226359547
226448569
226988119
227217241
227418133
228000197
231322513
231828577
232330453
232945793
233394367
234869699
234892351
235649399
237126779
237321727
238625347
238940771
240096001
241406897
242650717
242711071
243303413
243314641
243576341
243854563
246330943
246686851
247364233
248978017
249933751
250216801
251191601
251956121
251969629
252348181
254405531
255678791
255927181
256966109
257012603
257405329
257586211
258021289
258404999
258520501
258634741
259258801
261430237
262242259
264494827
264522805
266064481
266206001
266474041
266925601
266952871
268505551
270525737
272261221
273818113
274288801
274785481
274840021
277477903
278596033
280039291
280283401
281773871
282589651
283229491
284803213
285237217
285820501
287484371
287980787
288025363
288063917
289360363
290644201
290770591
290978887
291240361
294064651
296788591
297404911
297508331
298387171
298427273
299671921
299750257
300371951
300904165
302780563
303127441
303651041
303654961
305810641
306191621
307147881
307972801
308483821
308550061
309881879
309959497
311016737
311213305
311784367
311955071
312940519
315351521
315748253
316583041
319859203
320454751
321004147
321895627
323083471
324394589
327201121
329795731
332976961
333486649
334851805
335554321
338829051
341151071
342212509
342777293
342962227
343804093
346640561
351252397
351843049
351862309
355043569
355609817
356991571
357938881
360191569
361173691
361307521
361880851
363941467
366539041
366862201
367767205
369610237
370270441
370712161
371376631
371675221
371920867
374325841
376096033
377295871
379732501
379827397
380137633
383793541
384046273
384365827
384538541
385435513
388946221
389457451
389532601
390235231
392099401
392124151
392363157
393289051
393505921
396741749
398654587
399041761
400253701
400374253
401222011
402432629
403095967
403720601
404840833
409149163
412837471
413429801
415476343
416607787
417359431
418629691
419666833
420312001
422522651
424279621
424411501
426436011
427127177
429226481
429950989
431245621
433317007
433351081
434088449
434181529
434432377
434541817
435380965
437334265
438740149
439309261
439785949
440231761
442341433
443492029
446235373
446792431
447946687
451275343
456761597
457050361
457274161
457320533
458050951
460389067
461272267
462587329
462604789
463126343
465658903
466115101
466832665
469209751
469328203
469683061
470752133
475468927
478173313
478247617
481593997
484093501
487085143
487890703
488173841
493216723
493977037
497521741
498442951
499465237
506349421
508001901
508852291
509302873
511408171
512706121
514286491
515539729
516259657
517456337
520304089
521246137
522758233
524151253
527466241
529375921
530717833
530759989
534129877
535517581
536405057
538047641
538412033
542224201
544404631
549724033
552099565
552206909
557058133
557163157
558024193
559148701
559904563
560797093
561439657
562960007
563947141
568569781
569332177
569468881
569507579
569561779
569784403
570990113
572123521
572790641
573183451
575419021
578055713
578564641
578783083
580186133
580662721
583054681
583914277
584200737
585281791
587159497
587565221
591043771
592467451
593518213
593615945
594971407
595996699
598198813
606845761
609626363
609915241
610441939
613843049
614809171
615440641
616568401
621325681
624199201
624732421
625536071
632555041
641908769
642306889
643110361
647190253
652969351
655452241
656793899
665443351
665655457
669212641
670567301
675279427
675284509
676273027
680860351
683581471
685129141
686717441
687210805
690035713
693253493
696920563
700282501
700789783
703414111
703787551
707265451
710537521
711952649
712650881
713846429
715503037
717653333
717673177
720385903
721111537
722063101
725648561
728458501
728792677
732772549
733382731
742017181
743583401
745650721
746331041
748604033
751705597
753900577
754020361
754534873
755031763
756205633
756271909
757221977
758353597
758925077
759309121
761627417
762233287
762758119
765186581
765947911
766137041
766754011
770727329
774027781
775136251
776011051
778384441
778512913
778555081
785190451
785984791
786333241
788046901
788156491
792447521
793349749
794430121
800018221
804471553
808914881
809883361
810097601
810635801
811478533
812949551
813039113
815430533
817380073
818268277
821376533
821735461
822016651
822767041
823669949
826247941
827149621
829557769
829656829
832676671
834244501
840749761
841890169
843983191
845338033
847697171
854187181
856301227
857538991
865047121
867262801
867519577
868316467
870055817
870725983
871908481
878072071
878603701
880504885
882381253
883193861
885413101
885760945
886297051
887171941
887364721
887795221
892650067
893377633
893993851
898379357
901129349
901568179
902501629
903548449
906471301
907514561
908632297
909761711
911689871
915172651
915641821
916992017
918400033
920166017
921645541
924335371
926202989
927519871
928742413
929483039
930032941
932098133
933184801
939369001
942293977
943747621
944500519
947332387
948845017
950179159
950371003
957765607
962442001
962983183
965587681
966560069
968413217
970776649
971023601
972356587
977046533
977059021
979363153
983474753
983925841
984279601
986426131
987725245
988130159
989810251
989875921
991523479
997100281
998590601
999066949
1000218619
1003135681
1005630337
1006373681
1007695963
1008757729
1009622861
1011319501
1016943097
1017409703
1024050023
1027546921
1028018413
1028689813
1028939117
1034740153
1036944001
1039589689
1039793179
1041596599
1044043801
1044606469
1045812431
1046722045
1048478413
1050721561
1056028285
1056869137
1058408941
1058989231
1059492961
1059957889
1063788037
1064104291
1064507123
1070698261
1071644005
1074292561
1075142377
1076734441
1077771137
1077808513
1078161001
1078837817
1080425119
1082302993
1083174283
1094042321
1094808311
1097102353
1098010129
1101294085
1103978233
1105322653
1107379681
1110148033
1113419953
1114075387
1117774771
1123406047
1124518501
1127003617
1129146481
1129716811
1130256181
1133165563
1135428031
1140911137
1143886927
1145170153
1148752729
1149533893
1150995457
1159289713
1161289805
1161306721
1166779981
1167823621
1171890697
1173229201
1175136481
1177054763
1182385121
1182405589
1183338241
1193048837
1193643881
1195556653
1198788921
1201002301
1201504453
1202683373
1203968533
1205556661
1212639017
1214573981
1217181061
1220819321
1224393409
1230818359
1234433089
1235864033
1236313501
1238517649
1247875903
1248752611
1249785941
1250656621
1258970021
1259899391
1261390001
1264887007
1265058145
1265740717
1270249073
1271364709
1271717441
1273213261
1275791501
1276051141
1281442933
1291412431
1292923451
1295074171
1300802119
1306232453
1306742221
1308758533
1312344541
1314387091
1321402945
1324344341
1328233451
1330397293
1330655041
1335242017
1341245231
1343431699
1345523401
1345702447
1348964401
1353135571
1354091701
1355932531
1356589441
1357452281
1359797611
1363453885
1364320729
1366222009
1368769681
1369889533
1370023273
1370223541
1383176671
1387709731
1388827309
1400629831
1403656591
1406901583
1408013443
1408278961
1410440593
1411227091
1412747569
1413741841
1420057633
1424435689
1426068821
1433397001
1435009733
1436675041
1444441861
1446185827
1448814061
1450180673
1456844033
1457094559
1457149697
1460048311
1463412449
1463992661
1465307351
1465454101
1466019691
1466064293
1467496123
1467817471
1469768653
1483918801
1484076231
1490375921
1490664883
1492762133
1493293681
1494339701
1499758849
1502124427
1505322529
1505724001
1518066829
1521465661
1522073293
1522957129
1523245501
1528936501
1532313331
1532468969
1533046681
1533366841
1535140231
1537444151
1537493941
1540208251
1541256433
1542346921
1547543161
1549603213
1552891201
1557019249
1560890893
1562571253
1564278211
1564419583
1565791067
1566487681
1566590173
1566954401
1569533821
1569843451
1569970601
1572777551
1573689151
1576059421
1582277201
1591222069
1598151721
1598982533
1602878437
1603404811
1603832231
1605057793
1605140281
1607215501
1607405587
1612023817
1614341431
1622899039
1642610413
1642887313
1643535217
1647890623
1650682153
1650920129
1651451551
1656917377
1661409289
1662784117
1663788251
1664939281
1672763203
1673056111
1674091141
1674658133
1678151707
1684436501
1685100691
1698478393
1703130133
1704785671
1707313469
1716774481
1717572501
1720277329
1721813579
1723838651
1726238929
1728265183
1731275341
1735915771
1743667927
1747678927
1747722701
1749146851
1751506093
1757148121
1758378341
1758524821
1760398729
1760706811
1762538581
1764076861
1767803047
1770359467
1778233969
1783464391
1783840433
1784240317
1784865337
1788548473
1789197919
1792442737
1793631709
1794136627
1802929153
1803016261
1803278401
1803806027
1810928923
1820306953
1822479751
1823174413
1824432121
1825604773
1830960871
1831947001
1851167467
1851180445
1852067801
1852666901
1854895291
1856689453
1859102869
1865531593
1866796933
1875510913
1876485691
1880490481
1881134761
1884606501
1886657137
1894909141
1901367001
1903001227
1904524903
1904916841
1907088331
1908935617
1925421851
1930403333
1930554341
1937817121
1938352531
1941746161
1943305001
1945290733
1949226661
1960577189
1973163791
1976980477
1982052451
1982405713
1987525807
1988198701
1988672533
1992148759
1995830761
1999111801
1999817009
2001494377
2005360351
2005755937
2008443977
2011755721
2015145287
2016481477
2020170601
2028416021
2039888131
2039986187
2051419609
2058861523
2061135001
2062849631
2065001527
2073912961
2081808611
2083641561
2113037713
2113381891
2113616641
2120096161
2126293157
2131620571
2136751999
2141340833
2143637101
2144961253
2148251933
2148788881
2149092401
2151933701
2156958721
2158031071
2165523553
2166185519
2169646561
2170186021
2171600113
2182495603
2183757409
2184444403
2185273501
2189700833
2196839041
2198066729
2201347513
2203663621
2204578769
2205278321
2214761251
2224188793
2227121641
2230305949
2230500301
2232267749
2232747001
2235892481
2245838761
2246809153
2247164173
2250292687
2253176951
2254796281
2257572013
2259325979
2260585651
2263420459
2268655381
2271911821
2272413529
2273768027
2277536761
2279447003
2280105367
2280766513
2283836281
2287452067
2290361221
2294178391
2294455411
2295433351
2298727121
2300251171
2301316033
2304156469
2307480211
2309955701
2315432927
2317579951
2319724441
2320500379
2332504201
2332627249
2335640077
2343416993
2344054721
2344460449
2347597981
2361316621
2364310843
2384044081
2392261741
2396191153
2401878151
2412172153
2437783223
2440180611
2442699541
2444736533
2448717217
2452465621
2454555473
2455764097
2456536681
2462582263
2463744049
2465932267
2472907141
2477922691
2490635657
2500623841
2502471269
2505383761
2511392797
2522153177
2523611941
2524299313
2536225777
2537716731
2540384053
2545660981
2553827347
2560060127
2560891327
2563855579
2564536201
2572246447
2578132561
2579214529
2583290491
2585837251
2587705669
2587770907
2592287791
2596097911
2597204989
2602378721
2605557781
2605656461
2615491451
2620141801
2623376381
2625063841
2625277957
2636315639
2637039151
2640060337
2646029497
2647799771
2656057627
2656128961
2667414149
2670102541
2672750869
2676997705
2679220501
2682014281
2690155501
2690531171
2690643511
2696473231
2697636061
2702870743
2708376581
2710494901
2712456601
2718994513
2720226433
2721576781
2724560551
2733156029
2734170067
2739606451
2743151461
2750204241
2761490005
2765751931
2768030611
2775980593
2791771093
2796974905
2801280049
2811218005
2813223403
2813512591
2814177343
2824685161
2828146693
2838633137
2842912381
2847643063
2848786987
2850641669
2850812749
2851873051
2852096339
2855290901
2855613931
2869971053
2871974561
2873094001
2879593561
2884465729
2890765747
2891875949
2894667781
2900935505
2901514531
2904542845
2908180129
2912612881
2914210651
2915583823
2916031757
2918295451
2920247207
2924783051
2925478081
2930007133
2930657731
2932186289
2945525881
2946016891
2957320351
2958549133
2964222311
2969995033
2971995463
2984440961
2987414977
2994253891
3002237729
3004224137
3010384711
3022959367
3036385717
3042630533
3043057249
3056160929
3058507513
3060613999
3061467391
3072497671
3075223229
3076185961
3077161127
3078956773
3081070423
3081421927
3082054697
3087345277
3094364881
3097263411
3100485943
3102234751
3104593801
3112180471
3130386821
3133080701
3135040133
3145410761
3152289097
3156713737
3157579861
3159917581
3160818433
3167917873
3171998143
3172842037
3174698143
3175387741
3181501837
3189691891
3189888001
3194202881
3195638893
3199095769
3201854393
3209790347
3210223249
3212799371
3214785817
3216630559
3217862611
3221175101
3230147821
3239174233
3245782591
3272350537
3273266701
3277515529
3285113599
3294279361
3309167401
3313196881
3316485421
3317078059
3326459599
3330604451
3331422343
3337559749
3343125565
3347995267
3350449009
3359355457
3364117201
3364559491
3366346561
3381157099
3390750481
3393607141
3395935201
3398362291
3399514039
3406188787
3408200641
3420947707
3425644927
3431163763
3435045541
3435462601
3436109531
3445470001
3452445613
3452456647
3457124441
3464706961
3468274879
3490649497
3491268103
3495496579
3502970551
3502997389
3505364101
3508999651
3513848801
3516245533
3527599681
3541832269
3544181551
3547777349
3552294481
3554383141
3558102641
3561698581
3571168591
3584910841
3585040691
3586833253
3588315481
3594110081
3597270517
3601552249
3603913057
3612825221
3614148721
3615052141
3620836297
3630600751
3637281139
3637707001
3637831753
3642255181
3643480501
3651826091
3657926401
3665991451
3668052877
3670981931
3672678673
3678828931
3678923473
3682471321
3685619513
3687591841
3689374339
3692283211
3693874117
3697278427
3698276741
3698746591
3704116219
3710832241
3715606777
3715933271
3733646491
3737709991
3751961263
3764331421
3768414941
3769349897
3781940641
3785656141
3790010071
3791040973
3792722489
3797957857
3802571751
3825075409
3829010131
3832413097
3842266651
3846728491
3852650341
3853511897
3856496297
3856732921
3881445751
3882346903
3882984799
3889407901
3892244491
3892928203
3897241129
3903028183
3903036281
3904773709
3905533721
3913434937
3922632451
3928115773
3937024981
3941828689
3951382753
3960132853
3962228999
3965270401
3971677951
3977617733
3981967747
3987528793
3988028371
3990545593
3994507441
4005122557
4016813347
4021668751
4030569781
4034036359
4059250651
4059776533
4070115281
4072377457
4087390501
4091862377
4098208297
4099947281
4099980581
4104406841
4106003617
4107290683
4111281089
4118976751
4123803017
4129681753
4130060383
4135285369
4145880961
4149101017
4157311841
4160203213
4169765101
4173838327
4174073731
4176385921
4178771101
4199944333
4200339791
4210929721
4214321521
4214460673
4217739181
4232787521
4243002619
4255730701
4256766511
4259859451
4268359621
4282033687
4282561219
4284471551
4285858523
4287307289
4287508091
4292302577
