69
259
511
703
841
1111
1387
1541
2701
3481
4577
5461
9385
12871
13333
13651
16721
18721
18907
26599
31171
32149
40021
47197
48709
51319
52633
54433
57769
62551
64681
67771
79003
80137
89731
90721
93909
96727
107821
122005
125009
125341
125401
128627
142441
144673
164761
188501
191959
192541
234421
236321
237817
282041
288619
306659
310381
328351
354061
385951
396961
407851
438751
470017
470851
479119
504913
525673
529093
537421
567721
569911
570133
636641
638731
653459
667153
676999
705473
729061
732421
741751
751681
766481
819541
832711
841249
849157
850513
873181
924251
1026241
1030339
1032533
1038331
1074529
1077649
1120307
1124191
1275347
1285201
1293337
1357621
1381801
1461241
1493857
1517131
1526689
1536053
1537381
1543381
1578557
1634281
1671013
1683181
1696297
1729561
1820563
1857241
1869211
1939081
2030341
2032831
2061301
2086309
2183251
2190511
2342311
2358533
2409721
2477479
2510569
2538251
2546431
2599645
2628073
2689363
2806783
2880361
2948947
3000811
3076481
3093697
3158101
3185291
3222961
3252323
3327479
3391741
3513521
3635731
3808201
3821101
3862207
3914693
3973171
4109513
4111381
4111811
4150387
4181921
4234021
4291801
4296041
4361581
4465121
4476443
4543621
4788151
4802331
4925671
5090821
5090893
5095177
5148919
5173169
5293201
5467231
5538881
5722289
5739511
5818147
5894461
5898751
5906521
6416401
6474961
6577081
6577121
6749021
6851521
7238791
7242577
7299139
7306261
7362121
7522681
7532713
7593697
7596211
7612151
7645801
7879681
8018401
8044411
8140513
8366909
8473081
8799937
8921243
8946571
8959861
8973361
9263521
9371251
9444451
9504191
9591661
9622111
9659413
9693091
9811891
9835541
9953371
9993631
10267951
10276297
10427623
10514141
10554013
10578363
10590721
10679131
10751291
10941751
11066551
11321731
11415301
11511667
11715793
11889697
11972017
12097265
12169711
12257873
12305791
12318541
12628045
12755161
12866491
13012651
13390081
13460177
13732687
13834241
13930021
13936981
14005441
14119561
14299681
14418721
14469841
14731201
15402841
15491969
15560461
15576571
15929981
16410241
16859231
16945633
17070211
17091229
17170577
17236801
17327773
17509153
17812033
18112513
18225703
18809911
18903361
18933241
18980701
19162541
19337473
19484071
19576441
19609633
19609801
19661461
19684921
20080621
20097331
20413993
20542861
20576089
21236797
22028203
22052413
22059371
22093441
22591801
22781861
22828651
22916293
22925527
23209105
23214913
23335681
23476447
24716851
26110567
26384557
26446951
27096661
27107897
27265801
27654511
27693061
27738271
28213333
28360603
28502245
28621711
28674929
28758601
28785997
28979731
29044289
29749901
30013829
30058381
30338593
30437551
30826753
30996001
31118081
31150351
31206361
31223221
31498633
31758371
32260511
32264029
32473111
32681881
32712941
33634987
33822471
34035271
34630981
34764571
34783081
34890481
34993583
35260627
35349601
35407711
35598529
35691133
35707717
36365653
36498053
36578389
36664111
36802921
37280881
37439201
37628371
37803641
38623789
39002305
39407831
40414901
40629601
40633891
40733729
40987201
41427697
41787341
42149971
42474547
42789379
43838341
43874587
44507917
44736511
45333289
45576049
45589303
45852541
45877861
45879941
46112921
46190497
46643569
47157307
47248129
47925541
47938321
47947313
48612527
48656869
49019851
49345463
49581001
49735351
50102551
50131423
50504551
50672701
50683547
50825881
51664807
51685889
51733921
51803821
53742641
54962281
55316647
55385221
56322961
56417467
56584391
56592911
56659639
56670181
56822009
57193291
57424933
57435181
57568531
57699739
57833861
58003213
58679941
58725703
58730813
58756057
58986091
59022781
59411941
59562841
59676121
59926501
60013201
60663709
61055233
62289541
63358159
64020001
64597387
64696051
65226523
65350801
65428117
66096253
67065571
67395721
67642513
67979731
68182003
68462551
68882647
70771307
72153481
72186421
72194131
73055233
73902403
73945171
75214747
75530005
77295961
78233479
78234133
79089553
79410991
79633177
79775431
79789161
80009141
80375707
80753341
80903269
82102577
82606231
83148241
83403041
84661897
84841111
85519337
85719871
85769251
86890729
87485833
87688921
88099339
88943401
89439577
90203059
90970133
90991897
91281451
91601641
91877017
92144911
92219201
92424589
94065061
94107763
95278453
95391409
95778691
96895441
97703761
98484989
99340543
99427201
99673421
99691141
99898801
100743967
100930441
101547217
101966209
102153229
102756697
102831445
104523193
104974501
105556753
106057249
106156931
108152441
108422233
108596953
108869707
109069153
109791361
110350837
111090151
111993601
112964993
113197061
114275701
115133617
116151661
116443213
116613641
117294685
117662981
118315441
118579441
118682761
118966843
119574349
119789131
124506649
124920301
125284141
125398393
125770009
126428851
127435771
127506191
128536561
130794337
131117941
131855263
133201121
133391611
135544501
136027009
136162931
136745857
136900513
137738413
138336661
138658699
138828821
139857229
139952671
141120331
141904237
142185471
143271941
143466023
143859031
144545627
145410931
145603333
145949509
147277951
147959467
148215481
148486261
148995601
149389633
150265117
151058587
151393969
152277127
152695801
153550339
153589801
156381679
156533873
156721801
157368661
157478017
157621861
157895431
158147047
158604691
159442477
160497457
161216021
161459713
162894103
163140847
163219021
163548683
163903039
164411911
164903051
165733681
165938653
166750081
167656501
168717571
169190893
169625587
170446249
170782921
171068893
171515719
172417337
172801351
173218501
173401621
174201011
175245181
175373461
175385953
175702021
176137681
176406781
177455701
179137873
181558301
182036941
182547301
183049471
183402343
183778607
183783251
184376611
184746889
185653333
185722241
186054721
186305281
188382487
188821951
189174701
191230621
192946631
193296517
193379131
194641381
195664571
195664957
195991921
197239591
200271473
200713151
206703589
206859577
207132481
207487561
209997643
210461959
210488279
210572821
210812311
211004347
211581547
212000389
213875251
214038533
215374183
217472501
221218241
222941093
223617031
223625851
225251121
225468277
227132641
227285191
228188231
229795691
234591253
235239553
235426913
235460629
235648117
237435229
237513043
238001653
239605231
242152501
242363431
242589491
242897201
243186451
245309461
246103951
246382711
247291201
248570431
249634921
250216801
250510591
253613587
254687761
255866131
259042321
260679637
261163769
262621313
263911141
265731931
266072987
267152033
268278991
269801989
269879041
270343471
270531847
272201491
273189601
274090097
275063149
275645581
276542401
276648121
277210081
277477903
277897813
278043949
278943061
280395649
280747801
281898167
282610441
282769771
284301751
284518177
284803213
286858213
288324091
293140567
293315131
296032691
296792497
297584501
298351531
298822501
298937363
299505151
301273111
301718365
302142121
302560501
305162623
305854963
306211441
306969751
307061371
308550061
309148153
310073549
311177213
311568193
311671361
312223213
313139191
313333901
313651801
315034513
315351521
316283131
316361461
316583041
319739101
321601001
321752341
323062711
323901007
324156251
325435969
325546873
327328093
329153653
331312411
331469737
332191403
333103373
335917583
338753227
339944089
340863307
341537627
341564269
341636353
342614533
344833291
346675969
349470703
349722641
351058753
351910021
352256593
352402231
353222941
354865621
357938881
359394751
362205367
362379851
363245581
363392431
364754413
366429533
367678981
368030287
368476501
369463387
371018701
371675221
371920867
374796553
376179607
376306501
378547297
379732501
380137633
382304161
382313521
385877017
387426241
387455377
388504261
389712409
391930003
394913641
395858159
397395769
398599489
400253701
401005351
403015477
404350213
404465651
404864701
406652569
406659421
408465719
410361641
410398193
411319217
413138881
413183539
413670661
415072783
415249297
416839501
417580913
418667401
419894021
420766933
421311157
421365611
422736049
424814447
425760787
425821447
426061201
428599999
429094423
429360361
430531721
431573501
431945623
432523051
434011751
434063557
434541817
436631851
438366169
439282279
443059849
443641321
443688649
444223261
447096679
448244809
449372551
450016901
453919201
454784761
457274161
457331527
462373867
462744589
463607497
464169259
465658903
466306231
469529831
469853581
470113351
471168253
471928321
472782493
473447561
474027373
475969231
478614067
479059351
479616037
481239361
481593997
481967399
482120827
482174653
483029821
486129437
486711259
487890703
489770863
490658689
493285111
493420777
493573879
493612961
495411859
495427813
496665577
498002149
498442951
501134563
501396127
507015721
507219211
508788041
509633281
511203551
511408171
512476651
512488243
512663521
516081997
517280347
517319461
517567051
519248341
521063749
522133921
523610497
526980241
528043753
531681281
532800133
535575409
536316721
537843379
538412033
538432337
541335001
542554561
545670533
547275341
547445471
549724033
551856551
553165451
556190251
557758783
559019711
562960007
564138451
564781801
568073137
568109237
568267207
573584761
573862021
575968711
576232651
576488641
579956653
580186133
583592857
583937701
584654897
585281791
587767363
593006527
594492823
596142643
598503973
599397401
600175141
600861193
600893921
600926509
601478837
603423991
606139513
609613291
610140169
611667559
613225993
613587521
615416341
615581063
618148873
620947741
620966413
629105361
629229217
629838569
630245669
631219409
631767943
633171121
634743931
636111451
636596651
640496863
641835811
642320561
643552909
644004817
647062453
649535611
649805249
649889683
651572503
654288031
656969041
664574653
665498107
665626501
666507217
677334683
678055811
678217009
683677121
683801347
689537341
690682321
691486867
692597647
693018991
693573787
696388141
697791403
706714471
708012859
708098749
708783769
710822251
711300241
713152901
713383171
714141037
714930391
715435447
717653333
718342777
719562061
720385903
720860431
724958293
724969087
725508241
726665647
726926851
729068359
729094843
730955317
738811291
741620101
745170229
746668693
747318769
749172821
749545301
750645757
754714801
755393887
756194587
757129049
757221977
757485389
757639387
759622753
759651751
765275221
766041961
767139241
767769449
770896201
771218477
771791791
774027781
774909001
775086833
775135201
776081503
777218989
781470361
781517881
799162561
799924417
801531553
803014241
806879081
807938713
808568587
809506133
809670049
818162563
820767871
820905461
821277491
824791129
825075451
827980471
829513733
830203669
830664451
831126463
835117591
838339081
840224939
841425337
841560571
842960981
847745179
847946611
848382473
848452907
849606031
851003551
851277601
857538991
857664991
858419011
858602263
862729111
865047121
865381609
865771941
868088341
871728553
872311441
872418751
874410241
876097459
876301441
877542481
877643563
878504281
879706741
884584891
885594169
886180429
886876051
887141971
889011229
891455567
891544321
891706861
893485729
894562813
896231953
896901461
898738933
898754851
899463241
899600833
900172981
902669639
906471301
906627191
907514561
908134081
908736097
912251143
912801193
918968989
922444951
924753523
928560679
929951641
930595697
932653457
937887539
939964117
941056273
942110381
945696487
947909801
954842527
957600541
968978161
970278151
971258851
974241421
976396961
977737321
977770531
981285911
983392099
985563217
986183353
987741541
989810251
997151321
999260501
1006616489
1008785809
1010117809
1014119947
1015753601
1016250247
1020307051
1022868911
1023430591
1024078837
1024575067
1024925383
1025047051
1025067241
1026239911
1027491539
1034475601
1037560681
1039522961
1040149387
1041947101
1047974203
1049144801
1052167663
1053791911
1056599293
1059492961
1061998253
1062973633
1064519011
1067462881
1069110157
1075793041
1077702193
1079010433
1079197913
1081269421
1084393129
1085509151
1086477809
1089228883
1089586891
1095026209
1096439503
1097082301
1098000091
1098117697
1098237571
1098250921
1099324981
1099761571
1100927281
1106472961
1107379681
1109776627
1111833169
1113419953
1113802003
1115685463
1121176981
1122666271
1123824781
1124592431
1125614881
1127880571
1129575833
1133053741
1135425547
1137320581
1137895561
1140750181
1141350211
1143440173
1151386261
1152258841
1152608293
1153164097
1154515951
1157314369
1157839381
1160358359
1160545343
1161049231
1161531601
1161920161
1162991971
1164900353
1165945561
1168706449
1172817151
1172924471
1172983729
1177020391
1184669581
1185066451
1187995681
1188646903
1189817371
1191216133
1195200359
1195524181
1196058977
1196969707
1198431581
1201504453
1203003803
1204323563
1206444781
1209749263
1212786961
1214078731
1214745553
1217829817
1218556873
1222568707
1224917881
1225270951
1230393241
1235188597
1238572351
1238846407
1238874937
1244828341
1245132379
1248235381
1248389777
1257102001
1257203743
1258174501
1261390001
1261949539
1262377397
1264649761
1266940471
1267610501
1269295201
1271887229
1272615241
1276581307
1277310731
1282746893
1282854709
1286298133
1301698927
1301856601
1302594841
1303247779
1308793417
1308998741
1312660571
1313017549
1313832409
1322860289
1325334337
1325857541
1329332239
1330203181
1330473929
1334375351
1336808785
1338247681
1347179527
1347538321
1347736573
1358900173
1360449031
1360467331
1361695681
1363037873
1373746639
1375019101
1375788709
1379312101
1383868741
1393609681
1399144291
1401840833
1406429971
1413112411
1414154827
1414773751
1417296193
1419339691
1419703321
1423067801
1423313041
1426068821
1429080193
1430446951
1432354901
1434772459
1436984767
1437452851
1439124133
1441931473
1442067433
1443652033
1443742273
1445598761
1447765817
1455393301
1459900801
1461307717
1465217911
1465671151
1468202191
1469208791
1472650999
1474643201
1479647233
1483113451
1484742533
1487162843
1487387611
1488869443
1489028869
1489366657
1493832817
1497262321
1497560993
1499094721
1499439817
1499890141
1511042851
1517122331
1519129081
1519237981
1520278891
1521666161
1522023751
1524708013
1526075461
1528632271
1528936501
1532569681
1534768031
1536110731
1537736401
1548695809
1549075123
1552668979
1552728641
1554270481
1558275301
1564278211
1565237311
1566612379
1569882091
1570722553
1570964851
1573689151
1575311669
1582547851
1582874113
1587577867
1588247851
1592595703
1596653291
1602357139
1606016641
1607530051
1613264011
1618435171
1620956971
1621956601
1624628251
1625665801
1627647751
1628604901
1628692201
1629176293
1638179243
1638294661
1639055689
1641121259
1642588273
1645859251
1648625941
1651200013
1659248179
1659653521
1664467561
1668665371
1669726273
1674658133
1685100691
1690236391
1692555427
1695598129
1696259137
1697213407
1697558501
1698387841
1699279441
1706521321
1713319453
1715427451
1718358853
1721558401
1725760969
1728147037
1730711921
1734633871
1736374657
1738399321
1741524949
1747678927
1752049531
1752885109
1754576617
1755378451
1764105043
1764424099
1765318501
1765771481
1769832557
1773484111
1775572021
1776721657
1777190651
1777380301
1780945501
1781415043
1783423231
1784975941
1790823841
1795058101
1796257981
1798768441
1804700161
1811769457
1813474321
1815781351
1817621401
1821051191
1822479751
1826530369
1827702101
1828682101
1829245091
1845900361
1846620277
1851865093
1853898073
1856689453
1859251309
1860254437
1866972031
1870407901
1873723457
1876485691
1878261841
1878810697
1882534921
1882775467
1889512561
1890530671
1891821439
1895667733
1901367001
1911879973
1914031351
1914303841
1914824297
1915958801
1923611021
1923845801
1932808963
1934350351
1937495561
1942089601
1944499673
1944962521
1945042181
1945532401
1945943407
1949614729
1954508161
1954602931
1954843201
1955219311
1955555801
1956363901
1957931701
1969698371
1970097001
1971929611
1972006021
1972671293
1972724219
1976956759
1977442351
1984474507
1985348527
1992633551
1997844157
1999407997
2003220161
2004299641
2005783651
2009621503
2010970699
2015023189
2027306107
2028685753
2028812399
2030600833
2043947131
2046770701
2052686681
2057835781
2060910307
2061251749
2063228203
2063381609
2065040353
2066334463
2069346841
2071973119
2072462701
2072488771
2075769191
2076766651
2078091289
2083034113
2084833081
2086236181
2086618571
2087028067
2088768533
2088923383
2091700097
2095972363
2102601121
2109240013
2117725921
2121616901
2124805957
2127197489
2130134533
2131620571
2135075281
2137297177
2139462991
2141264581
2144548033
2144961253
2145573527
2146441081
2150489251
2150849317
2150969633
2151933701
2153602049
2160272353
2162115649
2163584731
2167144561
2174777281
2183000227
2183302801
2188555297
2188728341
2195634169
2202947401
2203663621
2213524657
2214146341
2219070001
2224183501
2224278253
2224463041
2227348171
2230398721
2230768501
2232291973
2233031701
2239932529
2243127979
2243369693
2245838761
2246916001
2252072509
2253376133
2256748777
2267121361
2270816351
2272413529
2281486573
2282775259
2282908981
2285014549
2286167641
2288728801
2288864737
2291756959
2293180231
2294455411
2295492113
2295578911
2297678657
2298363451
2304120001
2304311221
2317403089
2317579951
2320998527
2325920143
2331286189
2335972771
2337459041
2345262121
2346793561
2349872743
2353683329
2355206869
2360455189
2362345261
2362421953
2367009767
2374172497
2377871941
2382412339
2388694177
2389164779
2406364927
2417432599
2421910709
2433697249
2435288521
2437606711
2438403661
2439316727
2442710761
2448848981
2451130471
2456536681
2461807363
2463850369
2465524771
2465768341
2470869253
2483255947
2485355461
2492707601
2496359321
2497917157
2499225877
2499335831
2500354663
2503327549
2503353571
2509878961
2514445561
2515507021
2519186671
2531385001
2536067917
2536918999
2537105761
2538329089
2539976011
2540108891
2544804811
2548776871
2555210233
2555706731
2557070513
2557289431
2560432009
2560600351
2560696903
2562181777
2563295621
2571530131
2572432801
2572534147
2578735351
2585837251
2586061363
2603494951
2605557781
2610370129
2613382201
2615123911
2616601561
2621881237
2622124597
2623523449
2624491607
2626987277
2639526751
2641029557
2643585551
2643735931
2644260711
2646596857
2649767137
2653102349
2653176913
2657314351
2662700041
2665705463
2668607761
2670298867
2673807841
2674839511
2676053333
2684454151
2686816133
2690867401
2696102191
2701920341
2702470861
2704383551
2705252509
2710514689
2723051521
2741749889
2742518161
2745329683
2753795383
2754547987
2754814753
2761545403
2761604497
2765041553
2766006253
2766403333
2767764619
2773672441
2775798721
2789751763
2794635901
2795055901
2796401581
2798821511
2806534109
2809960973
2819896471
2822039569
2829131317
2829415051
2838217159
2844272309
2849658241
2850943393
2860046689
2864687951
2867991421
2869994249
2871232033
2872327321
2873395501
2873901889
2876743669
2878319311
2901265459
2901832151
2914373893
2916119701
2916175721
2922518411
2930831641
2933588503
2934538699
2945852371
2955807667
2956943281
2957128021
2957771971
2966110361
2967207127
2973097121
2975364409
2988031201
2990388061
3000916057
3004740001
3010672351
3019324769
3024242731
3027802681
3037464691
3042630533
3049386451
3051542971
3055119481
3057470729
3058507513
3063683503
3064147633
3064346233
3065875741
3066474211
3070208261
3072497671
3073536301
3073693153
3073886263
3076697761
3078042169
3078612967
3080470771
3083594779
3105241441
3109287581
3110949811
3112636489
3115028639
3115167151
3117678337
3142411471
3146727601
3155568769
3156851989
3157579861
3164221471
3172658653
3174698143
3174976039
3180981781
3182354317
3189888001
3194139079
3195282859
3195537623
3196344061
3200416363
3200654341
3202127623
3206203003
3207527071
3208413121
3208669337
3209921597
3211599343
3211659529
3213895051
3217744531
3220127203
3225276937
3226864033
3241116841
3244355713
3247318717
3247659673
3256291391
3256366051
3260095957
3260299771
3263097641
3267441949
3268506541
3271076771
3272350537
3275128039
3280018381
3281028871
3284222771
3313008271
3319684369
3322260691
3324430951
3326408053
3327037507
3327587693
3328330801
3331867127
3332340703
3334869361
3335899927
3340178987
3342135721
3349007833
3349997731
3350806171
3363717241
3369251047
3374142841
3380740301
3381214981
3383614291
3384646709
3412591183
3414771697
3417241277
3427299541
3429686279
3430091491
3434575327
3436418809
3438861301
3439742041
3445470001
3450673441
3463907761
3464369581
3465119521
3469409143
3469500763
3471848461
3480908203
3482485493
3485607139
3492883081
3497367673
3497546977
3503841139
3504722521
3505364101
3513049871
3513128851
3515283721
3524762179
3534573901
3537541279
3550063477
3552130351
3553567057
3554008393
3560147389
3583048561
3594522361
3597270517
3598405973
3603913057
3607810207
3611895841
3612825221
3619001209
3621618331
3623895599
3628975351
3629368813
3634594861
3635428477
3640903111
3652775041
3660955481
3664814347
3671303869
3673148929
3674037151
3682121411
3688301921
3692283211
3693874117
3695176889
3698276741
3704091751
3705261361
3707593501
3708792829
3711818881
3714429031
3715034551
3717318961
3727957487
3732041791
3732244501
3736758917
3742040919
3746910505
3751750729
3753040339
3764205901
3766490587
3778951541
3780065329
3785940199
3787284821
3790244389
3794411629
3800244937
3806586631
3806732051
3807044251
3807868267
3808168981
3809691601
3812018293
3813919453
3832953601
3834159841
3835669993
3845176429
3848157127
3858014485
3869668351
3874471147
3878450413
3881445751
3882729131
3882791641
3883750471
3883779361
3892928203
3897241129
3898371413
3903711841
3904826803
3905425481
3907540261
3917319841
3923780617
3929064193
3932926201
3934797241
3935857381
3938657041
3945807977
3953717251
3963736739
3968253953
3970585079
3971419321
3974593873
3979259257
3979721593
3982264199
3987977831
3993489601
3998216251
4000109569
4004875373
4012212331
4021668751
4028995297
4030637771
4033846601
4036667809
4045222081
4054583737
4060942381
4067887501
4076652169
4093268521
4097770831
4098197377
4106003617
4111138981
4114756261
4115153233
4121492761
4121854001
4122849683
4131066403
4131868591
4136226823
4137709421
4139603623
4143232897
4144119991
4147129841
4149101017
4155375349
4155505201
4158492101
4163895253
4170116149
4171735277
4191454411
4206006229
4212665491
4226815517
4228090903
4229699099
4237011031
4250911061
4260562561
4267640833
4271643349
4271761519
4274270051
4278338369
4280601277
4280905831
4285395271
