33
49
217
703
1519
2209
2245
6119
8371
11521
12403
14981
18721
29185
29891
31651
34241
36301
38503
41441
63139
64681
68129
76201
81499
82513
88831
93521
104653
105877
128143
145351
148289
151063
154633
188191
192221
211141
220627
259501
271951
286621
291611
293281
295597
295691
301519
383531
391409
394957
407431
417041
420763
433621
486877
497503
499249
549721
586249
640961
643801
663171
708401
710533
718537
722261
819541
828803
833311
880177
964411
967591
1047619
1081649
1118657
1122769
1160467
1168513
1169101
1183249
1195591
1272721
1395193
1419607
1477909
1529921
1562809
1626041
1755001
1809697
1886249
1963501
1969417
1976437
2002177
2139485
2150723
2167309
2207659
2268541
2284453
2385193
2491637
2575501
2603381
2634391
2639737
2746589
2776561
2786801
2854471
2900359
2912491
2942311
2944901
2948947
2989729
2995147
3240541
3285361
3434881
3511747
3568661
3604201
3634633
3715897
3721979
3934379
3983713
4014361
4054051
4079323
4111381
4224533
4294679
4613203
4678441
4782553
4808681
4863127
4966921
4997461
5049001
5049971
5148001
5502061
5576617
5603333
5652191
5745661
5917073
5938141
6186403
6201803
6267281
6307001
6309901
6329773
6539527
6608513
6683365
6696097
6936521
6938611
6976201
7070671
7250089
7398151
7563571
7571881
7636877
7652653
7694641
7787905
7860997
7883731
7913977
8107009
8108101
8277077
8293381
8327801
8385191
8400779
8447879
8511031
8536141
8546791
8556703
8622049
8744051
8805007
8881153
8894653
8959567
9167731
9351889
9560563
9637717
9668653
9685253
9754991
9802441
9882401
9897121
10075561
10109053
10374439
10386241
10505701
10679131
10742509
11137237
11207377
11367137
11383291
11506351
11585293
11632897
11767001
12015631
12045961
12694081
13131721
13188319
13337545
13647691
13741645
13960981
14558221
14565797
14608133
14676481
14783203
15060641
15150493
15422999
15431791
16011217
16253551
16361201
16853077
16945633
17031301
17147521
17174561
17446661
17803759
17973013
18054037
18124177
18647441
18736381
19022251
19301329
19506761
19609633
19622791
19840141
19854781
19856257
19934141
19975429
20081953
20145379
20146633
20456441
20633167
20722561
21215801
21233749
21397381
21400481
21785201
21816901
21904777
22030963
22078201
22423393
22448623
22817611
22822543
22885129
22994371
22997521
23363461
23382529
23731489
23828377
23865667
23913319
23963869
24186793
24399649
24711301
24904153
25528123
26279401
26304041
26861561
26895397
27230701
27312379
27331921
27392041
27401677
27445501
28103041
28655923
28960003
29035961
29280499
29564609
29581501
29972321
30048121
30807041
31118081
31181581
31236481
31315033
31426469
31477651
31506451
31758371
31880899
31918987
31971913
32395841
32404087
32813831
33309091
33430597
33530437
33600533
33664651
33721781
33796531
34097467
34583201
34590403
34745047
34927021
35981713
36175861
36877471
37063321
37469701
37480411
37540819
37752751
37776477
38010307
38248981
38292913
38326003
38533969
38676301
38874001
38946931
38967839
39035551
39379771
39547171
39581869
39957761
41502217
41662297
41752069
41826943
42388657
42614729
43036201
43248871
43646593
43898449
43969661
44615617
45025073
45879941
46139941
47583397
47964857
48125437
48170893
48191653
48612527
49953481
50087467
50462959
50823151
51425011
52502581
53390611
53597503
53638903
53695411
53708311
53742641
54026029
54637831
54777721
54819841
54866593
55005841
55384033
56196901
56899273
57013919
57280081
57682507
58003213
58486057
59880733
59898679
59953741
60510461
60842401
61442083
61602557
61840651
62096137
62289541
62370967
62399041
62610241
63721897
63781901
63841241
63876691
64020001
64134601
64280707
64961051
64961401
65304289
65334601
65475437
65481067
65626471
65664743
66096253
66664963
67653433
67910449
67996567
68502419
68601457
68621701
68897071
71332873
71592751
71649001
72108421
72379831
72530251
72855521
73208549
73945171
73981657
74582017
74927161
75642157
75856337
76129987
76439689
77143879
77146831
77521921
77555713
78364763
78757177
78788211
79417801
79463701
79464533
79565971
80207381
80679943
80925041
81374491
83901511
84350561
84485161
85226689
85666151
87749521
88644013
89784581
90273751
90415171
92267341
92318243
92424589
93104857
93193651
93453119
93461281
94025023
94091779
94534201
94612771
95145751
95914711
96878101
97071211
97300963
97401637
97879783
98021323
99300449
100891993
100907047
101152133
102991817
103042241
103983907
104852881
106159411
106485121
108264031
109521457
109558021
110041081
110135821
110472313
110929939
111340153
111357349
112349431
112384621
112723007
112798579
113492101
114366313
115351933
116500379
116673481
116852761
116853361
117662981
117812179
117991351
118464963
119103271
119427811
119553589
120018433
122424301
123173467
123434929
123771511
124923751
125255285
126329381
126440731
128290861
130072027
131808931
132641209
133688803
133706161
133772101
133800661
134176771
134261051
134295061
134427613
135023257
135135919
137200981
137238001
137340451
138334681
138469291
138990281
139363927
139952671
140244017
141069067
141551413
142087481
142267507
142589617
145410931
145820503
146806129
147354413
147639389
147944083
149477791
149678629
149852431
150342193
150988753
151772779
152242093
152368133
153170161
153830689
154010221
154882561
155231047
155576737
155752567
155859241
155960101
156376513
156538201
157182637
157803521
158026561
158223869
158496911
160256401
160378861
160776481
161318401
161856001
161959393
162111457
162387821
163302049
163903039
164292577
164593153
164677213
165440881
166595131
167296081
168949771
170176219
170651737
170690269
171160351
171306253
173284747
173358637
174464401
174652357
175035889
175827601
177232393
177730279
177850037
179101261
179124013
181111951
181112461
181670539
183012847
183409591
183524111
184603417
184746889
184870141
185499943
186109093
188351129
189482107
189686503
191191933
192800833
194389903
194869991
195043213
195589483
196100623
196352953
196595153
197239591
200629619
200962213
201305017
202068611
202092221
202756213
203089927
203528033
205500721
205766201
206304961
206990561
208051201
208543043
209213929
209802581
210204181
210461959
211176505
212256301
213881851
214089751
214852609
215612401
217186537
217659599
217805281
218793401
220701601
221006801
221793391
222571231
224294533
225020851
225324289
225504311
225651469
226894411
227581921
227626171
228000197
228023857
228436771
228910813
228988033
229386709
230260819
230534611
230618389
230697073
230758849
231322513
232806241
233394367
235638001
235766441
236007041
236150461
238748491
241714243
242650717
245982679
246560651
246801517
247177369
247920661
249144607
251007499
251366009
251663837
251910829
252552301
253158751
254916001
255473819
256013101
257020609
257460851
262972711
264950521
265811521
266910211
267138913
273599971
274037473
275053529
279849079
280125343
280229837
280283401
280418909
281288801
282589651
283229491
284803213
284877841
285111667
285374977
285842299
286023403
288940763
289105741
291017629
292290181
292640041
293003299
295057949
296213503
298257373
298890901
300164287
303875671
304232671
306066199
306787177
307237681
312458689
312703093
314184487
315571429
315838711
316336351
316719901
317684413
318238831
320454751
320834671
323397769
323728009
324186451
324749361
327774721
327936601
328402181
328782301
330016541
331378519
331455031
332710687
337323911
337839377
339033221
341389021
341403941
341886661
342737441
343051117
343134301
344405251
344776301
345674071
348141301
348460061
348876721
349491373
351328069
351910021
359290081
359394751
359914231
360848869
361198241
362479339
362569201
363245581
364901923
365511191
368030287
368551243
369483577
371675221
372383857
375135361
379428061
380112097
384472481
384543911
386420161
386952421
387194851
388466321
389082983
390612221
390932749
391323431
391854881
395044651
395740621
395858159
396105167
399671641
400374253
400762693
401335351
401572851
404107531
404465651
404840833
405332701
405739681
408580741
412138513
413098001
414245551
416474137
417767201
417899341
419455141
421139863
422408113
423109201
423448651
426061201
427691521
429202541
429224041
429890581
430646401
430833313
434503213
434690761
435882901
437345767
438019489
438359041
440256889
440376821
440636281
440990009
443407469
445229233
445429693
446123861
446715221
450016901
451547351
451698589
454168093
457274161
460071617
462604789
462639277
462639409
467307661
467877853
468840961
470273959
471193351
471193581
471284731
471812701
472803661
473991421
478825463
481684781
481967399
482070151
483029821
487130561
491646403
493977037
495416503
495547927
495735937
498442951
500496173
503975681
505220761
505239737
513352891
513992623
516468457
519248341
520809451
524562427
524704069
524798821
528265351
529417171
530462293
532868491
533429881
537175441
538541587
543730181
544294081
547477201
548730179
549315313
551140129
551915137
553598081
553724329
554885479
558492161
558570961
559702153
560516581
560907271
561817589
562314691
563188627
563894321
564073483
566166553
566705171
567632983
568913129
569507579
569720321
569784403
571323047
571998801
573641161
575419021
576242263
576691741
578783083
579372049
579899581
579956653
580799881
580877137
583149991
584462789
584596811
587336401
587710369
591043771
594265661
596140609
600096173
600284131
603582401
605219113
606376373
608349127
609175657
610414807
614228803
615416341
618785551
619078693
619109317
620055223
620827621
621613441
622394191
626644901
626741501
627654661
628886647
630496621
632268001
636052201
636442003
640453711
640782605
641601871
644851481
648263387
649497967
652640311
653382761
658247041
661457341
661795597
662222107
667941481
671112751
671879209
673778827
676273027
676613257
676880821
682337833
685903681
687344197
688091377
688480885
691225543
691549093
696642031
706915009
707810731
711852961
713054651
713946133
714619277
717915631
720190693
720385903
726992309
730704133
732736621
733172623
738782777
742304839
747318769
751056223
751277101
752431709
758493601
764096129
767569661
775368901
776081503
776728661
778902841
779152837
787567501
787859017
788199701
789707707
791063341
794042701
794850837
797900671
798558301
800055367
804348889
811110301
816291433
819910939
822767041
823106593
826422563
826796161
827980471
831774973
832174951
832870891
832902643
833888057
838456429
839908217
840749761
841020181
842166869
850810531
854319269
854408881
854581807
855822241
857185489
857592913
859096477
861141751
861286081
861657343
862167109
863744467
863984881
865047121
868949797
869046401
870341821
871679251
872118641
875108911
875605121
876694183
876850801
878404759
878940833
882189001
882764417
886922851
887570599
890687621
891296011
893173297
896696341
896901461
897167309
897756751
898518391
898553459
901315573
909116641
909487099
910709381
914403439
914634883
915330001
917393101
918248119
922444711
925198081
928695511
930893137
934318097
938376181
942353413
944353517
949324951
950371003
951715987
951941161
953370133
953935111
954496801
955609903
959956021
960114709
960403273
962375941
964271051
967371721
972471151
973518001
974256571
975073373
975234961
975807181
976396961
977770531
979223353
979640621
980957071
980978797
983016401
989908921
990575263
994117001
994701881
994885141
997860697
1002726913
1003135681
1007538673
1013320463
1023210817
1025335873
1028236369
1029049057
1029146399
1034283421
1035159049
1035374497
1040153381
1042675037
1042815133
1044364901
1050535501
1053518761
1053732751
1054300729
1056264211
1057979399
1058989231
1064061587
1064507123
1069100101
1073729801
1078435381
1079225281
1079302813
1081607311
1082302993
1082928529
1084962817
1085139343
1085466383
1085503333
1090022911
1100510413
1101623381
1105131959
1105397011
1107804067
1108811567
1112103541
1113301169
1113419953
1114279759
1116084383
1117507201
1125303601
1126561411
1126866217
1128420481
1128721981
1133049061
1133818561
1134798499
1138289041
1149533893
1150494577
1153164097
1166240833
1172378593
1173647723
1179299521
1180970407
1191572929
1200456577
1202893561
1203643387
1210968917
1213347691
1213858181
1218875573
1219858921
1220806721
1227910711
1229956003
1230818359
1231892713
1238712931
1238975459
1240628407
1245863629
1246558879
1249591531
1255949377
1257631537
1259671373
1259973301
1264145401
1265099617
1267498669
1269426001
1271364709
1272866167
1273011679
1275286993
1275885251
1283207509
1288027721
1288287991
1288642639
1294552657
1294696721
1298874097
1302190051
1303069081
1308544903
1311550543
1315474513
1316980001
1319067781
1320072851
1325172421
1325857541
1332639271
1335361609
1340121257
1343575381
1345760083
1348995187
1352531269
1353440233
1356241321
1360604447
1370318381
1371762001
1380273701
1380351857
1388891011
1391207581
1397357851
1398016423
1401839701
1402842061
1408013443
1409052091
1410521941
1411227091
1413274159
1416144133
1417216771
1419978337
1437330241
1440379909
1443742273
1445835421
1446066487
1446812641
1446818651
1451705251
1461358781
1463992661
1464230951
1464352033
1465217911
1465908193
1466762281
1467403213
1468824787
1469768653
1472004739
1472412943
1473838741
1477634371
1478951821
1480849831
1489587997
1492762133
1496566807
1502682721
1504832033
1505013737
1508583301
1516410901
1517428267
1524708013
1534373761
1535817457
1538071061
1547543161
1553427457
1556467921
1557864281
1558194877
1564968653
1566532601
1567830241
1568481751
1573689151
1576797067
1581883603
1584424333
1584498187
1587845017
1588247851
1589749801
1592595703
1592802271
1600860031
1601432947
1603480841
1603986049
1606097953
1607530051
1611615151
1614902761
1614946951
1617562051
1624124989
1625103929
1625597569
1627588943
1629149773
1633925383
1640086337
1641060433
1651200013
1651869619
1656917377
1657106791
1658247053
1663067641
1663451551
1664466751
1664879383
1667320841
1674565069
1686354757
1687374697
1691113999
1695912691
1697203171
1706302153
1711249669
1715427451
1718341409
1718683261
1719867911
1722306779
1722463471
1726127201
1726238929
1727549773
1731264079
1731328891
1739029001
1739529457
1742263321
1743657931
1744510861
1747678927
1751506093
1752172003
1754481601
1755516673
1760269963
1767803047
1767982417
1769797201
1769865301
1772233477
1773900833
1776073781
1777008913
1777058779
1781928097
1782853801
1789527169
1790174863
1798176997
1802118403
1803016261
1806241337
1818769681
1820306953
1821514633
1822479751
1822787419
1824085313
1828182427
1828887061
1840664197
1852496761
1856946409
1858098497
1861718431
1865595337
1866716479
1868747113
1874326843
1875344257
1876485691
1877426489
1878138491
1879828501
1881475121
1885562209
1899801919
1900687381
1900823653
1901686081
1901994161
1904558701
1905433921
1909260299
1910020771
1910464901
1916724829
1917905683
1922485969
1927869883
1937105941
1939517461
1942836001
1944125633
1944427817
1945042181
1947688753
1948291201
1951469101
1955219311
1955555801
1966146451
1974451657
1976727391
1993252169
1994224933
1995784961
2000436751
2003220161
2003229671
2010456911
2014775911
2016481477
2024869991
2025677161
2028793021
2032075081
2032335317
2038093597
2043499559
2049296341
2051965081
2054145677
2055764101
2058072041
2060584633
2060797597
2062801591
2067912029
2068867841
2072237131
2080995841
2084132051
2089402477
2094177403
2096301281
2106111229
2108764481
2109732967
2112925033
2117100257
2119155391
2120568673
2123792551
2130224077
2138091763
2139462991
2140192321
2143567373
2143911641
2147237951
2150969633
2155683421
2168638759
2177645557
2184630481
2184744451
2185153063
2188463401
2188490383
2192543641
2194422751
2194499849
2199931651
2203227599
2204239357
2207281051
2213831731
2215231201
2216048771
2219025907
2222139791
2225576123
2230305949
2234000341
2234202049
2234695231
2236535251
2237097241
2240507821
2245763599
2247019501
2252790601
2253376133
2262695401
2285995009
2295098363
2300356301
2301828211
2307480211
2307990001
2309693681
2311558021
2313385537
2314241273
2321300833
2321603777
2322555841
2335768501
2337468953
2337670031
2342174689
2345886799
2347597981
2351828527
2357786251
2364400351
2372995471
2373041201
2376769741
2383017697
2393026579
2394343337
2395132561
2400771337
2402012989
2413606451
2414673271
2416134241
2422241291
2428210201
2429854753
2433772969
2435288521
2444813011
2445124969
2445584527
2450018341
2450821811
2456536681
2458169299
2458231903
2460877889
2472907141
2478563401
2484437671
2485230751
2495355331
2502552497
2514929581
2525176369
2525443853
2532630787
2540469901
2545660981
2550780277
2551223533
2563295621
2563970737
2565233113
2566629199
2567101249
2577664753
2579163931
2579214529
2581668799
2585233291
2590594651
2595771461
2601838861
2607768731
2613569641
2617418509
2619909319
2621487419
2621977627
2623696741
2626783921
2629317961
2629623907
2630374741
2632535053
2640997441
2641741741
2645947729
2652509269
2655289331
2662950739
2666271457
2672534563
2675098009
2677595213
2680445321
2683742491
2683867297
2684846953
2686006327
2695970089
2713497811
2713562867
2715365971
2720128321
2724595903
2725357249
2727132509
2728102651
2728997441
2732765569
2733504737
2735984551
2738647909
2741301751
2743634167
2746282231
2749430413
2754547987
2755855381
2759211937
2763271369
2764041391
2769733261
2778469129
2778694673
2781906151
2784469609
2785667453
2798815303
2800207681
2808544523
2809830823
2813421473
2815816033
2822521411
2827961221
2831232641
2833476463
2836811693
2846083501
2847643063
2847894377
2850690553
2851233949
2871974561
2878752257
2894667781
2895561673
2897767381
2903076601
2904676633
2911022239
2911911913
2915302921
2918295451
2927141257
2936938877
2937456811
2938349107
2938695577
2943160429
2944080133
2944756811
2948490977
2948657641
2952993187
2958816169
2959450063
2961832177
2964053251
2973097121
2973103457
2976596383
2978493121
2978843401
2992394501
2996316629
3005851031
3012714739
3017887471
3023423537
3039215213
3044636687
3051133471
3054297805
3054756241
3056160929
3058040641
3063683503
3066754241
3073383167
3073708567
3076986881
3079538533
3082086001
3084452593
3084465953
3085908851
3095371771
3101709451
3102259031
3102717619
3105534251
3107044747
3115112191
3121936271
3132519319
3142507673
3145456801
3147609061
3148806403
3151437617
3155656277
3162579421
3167445581
3175904033
3183893929
3184139701
3185322053
3186595981
3190960319
3194658113
3202895821
3206825683
3210672667
3210705421
3211394341
3215031751
3221548151
3224109701
3230514451
3237992101
3246601987
3256366051
3260095957
3261280549
3263568901
3268577749
3276102787
3280018381
3281973421
3284698363
3293810851
3301026751
3303696631
3304307341
3307251221
3311236741
3314943301
3316160251
3323159701
3325340659
3327037507
3331258039
3336719041
3340984501
3342178531
3361838453
3362088217
3364070533
3364559491
3364779637
3368823121
3376010723
3377212609
3389067361
3390564241
3397212001
3402234749
3413054251
3413656441
3420678707
3429704917
3444388669
3448620793
3450279691
3450935503
3453310261
3456787309
3457665481
3457716961
3458720143
3459730201
3465759337
3467685499
3472200271
3472764439
3479168545
3488911219
3497134301
3508999651
3513604657
3516738451
3523932721
3526762961
3531150703
3533662129
3545093161
3581153137
3593444009
3593715361
3597270517
3599797147
3599802541
3601542731
3609499861
3611574181
3612298321
3621401521
3630596257
3634697161
3637831753
3644918659
3650592667
3651727561
3656511073
3659702911
3681245471
3681519271
3684206737
3686218121
3692283211
3696718699
3697278427
3705308951
3706918651
3709372663
3715938721
3716504023
3719733697
3723038881
3727421911
3745409509
3762037579
3767166817
3775180651
3776698801
3778565821
3779968693
3785355841
3789343801
3789392689
3799087001
3801498541
3803308813
3807567289
3813919453
3831947893
3834545761
3838250431
3840186167
3840585841
3845525863
3850835663
3860099371
3866820907
3867626753
3874902403
3878888863
3883479601
3884909491
3891892421
3892928203
3895046191
3912645991
3922723861
3924905473
3927983809
3928626521
3929293061
3934296367
3943928977
3951382753
3967871041
3972462647
3973308961
3994587193
4006005131
4011325697
4012995841
4020144133
4021546777
4025579471
4028771849
4038398321
4044096053
4046107159
4055512429
4058220601
4059250651
4059776533
4067887501
4069030879
4075802719
4078805921
4085692901
4095650791
4096362649
4098157311
4103331277
4116987379
4120904449
4135285369
4144945351
4145880961
4154895361
4156440481
4167848221
4170912217
4173838327
4175289271
4175362133
4175367043
4185056191
4187766461
4191454411
4191607711
4193646157
4200230569
4219059781
4225720081
4227636337
4227873571
4229084081
4230600001
4231383173
4245204871
4250634751
4256766511
4267640833
4268661541
4276557473
4277905297
4278338369
4282033687
4282600561
4283417191
4285858523
4292313257
4293329041
