9
21
63
361
451
1891
2329
3277
8065
10585
12403
13981
16003
27511
37933
38161
43553
44173
55969
69787
75091
80623
83333
85489
104653
162811
200503
233017
233885
237817
259073
262753
269011
293401
295121
304057
317861
319507
319951
360533
382537
385003
399001
445673
509461
512461
555181
588745
598699
607609
627751
629581
682651
714871
765703
788833
822649
840781
852841
865063
876961
909709
911345
926593
939727
940837
949433
995383
1024651
1053761
1107901
1169101
1173061
1180481
1201861
1325953
1352233
1420693
1527571
1530787
1604401
1638781
1690501
1718431
1730977
1842301
1893943
1987021
2003779
2213929
2223257
2273057
2295871
2327821
2387797
2455921
2480017
2517497
2543689
2574989
2624139
2671453
2724931
2727649
2746477
2791273
2868241
3032911
3059101
3116107
3186251
3200819
3270403
3338221
3375487
3419389
3440407
3458011
3460969
3502981
3506221
3542533
3581761
3583441
3685705
3713179
3768451
3814273
3928861
4137251
4229551
4411681
4417001
4536811
4588033
4654771
4686391
4734127
4797253
4799887
4906441
4935701
4955689
4962497
4972249
5090821
5168521
5465689
5523661
5777083
5804821
6186403
6203737
6226193
6231331
6249541
6295421
6377041
6787327
6952037
6996487
7169377
7435513
7651313
7765759
7917757
7992913
8193699
8239213
8507731
8595361
8717507
8725753
8815045
8899661
8902741
9131401
9172357
9273547
9776033
9876385
9922141
9950929
10008307
10217353
10402237
10505701
10590721
10742509
10770019
10866241
11004737
11014471
11014771
11137237
11541307
11612371
11612917
11636249
11808001
12114271
12119101
12336221
12691967
12705151
12711007
13100491
13246363
13324411
13598461
13692013
13694761
13776121
13821193
13937341
13966057
14005441
14020063
14056897
14497267
14613103
14687681
14907847
15008033
15358033
15576571
15693553
15891457
15929981
16042027
16253551
16449343
16679521
16705021
16815163
17210611
17480737
17741641
17875213
17977081
18212977
18225703
18299485
18340657
18429289
18469937
18535177
18971137
19239553
19517011
19523857
19732897
20244941
20351563
21129389
21645961
21999529
23078261
23165771
23464751
23731489
23871121
24017365
24329467
24521401
24791209
24832963
24904153
25085201
25130081
25293469
26035153
26115107
26157121
26429005
26455153
26538191
26837197
26886817
26947523
27062101
27265801
27532657
27543979
27664033
27722857
27798461
28406953
28647151
29498641
30013829
30240001
30724643
31037827
31040833
31082981
31436123
31602811
31657231
31674163
31811953
32355809
32429431
32817151
33120341
33324481
33717991
33866041
34338277
34429399
34590403
34910971
34952149
35571601
35642389
35732497
35810479
36171731
36448387
36598861
37124137
37649503
37804969
38623285
39545221
39631831
39670201
39747401
39793363
39915301
40027963
40184551
40240111
40465501
40788203
40991611
41798401
42026419
42149971
43326991
43504133
43579741
44068001
44121781
44963029
45025073
45080785
45383911
45537901
46094401
46126501
46672291
46780169
47253781
47706251
47785921
47793791
48191653
49019851
49141357
49322387
49573627
50550193
50691565
50759141
50853421
51038749
52035601
52204237
52595713
52693133
52943521
53557201
54445609
54511021
54520247
54990001
55341091
55729957
56021281
56417467
56474587
56670181
56810137
58646071
58725703
58779019
59218513
60123961
60696661
60826501
61602557
61611967
61754941
62423551
63781901
63863047
64103131
65565457
65649361
66017299
66790057
67624051
67769549
68182003
68259073
68803177
69308623
69485281
69538999
69657799
69949447
70067713
70886341
70958497
71037697
72884701
74328013
74973809
75140137
75320341
75642157
75681541
76129987
76772851
77594653
79310897
79642531
79854409
80075629
80283031
81954133
82606231
82627651
83330281
83520191
84164033
84288551
84421081
84462223
84499537
85661281
85777651
85793021
86067367
86706721
87938111
88225201
88456441
88741171
88817591
88961113
89001823
89784581
90014653
90347041
90551863
91051501
91587943
91782323
92104393
92654983
92755153
93049969
94979393
95652241
95973251
100042081
100431241
101152133
101218921
102282031
102463271
102678031
103030859
103301633
103340777
103904753
103983907
105606271
106247809
106251701
107384701
107496271
107687317
107939773
108145741
109002511
109016221
109216561
109398241
111670219
112234747
113144077
113492941
113605201
114305441
114366313
115502311
115637057
116090081
116156741
117129421
117771551
117771553
117987841
118239689
118277581
119710951
120070567
120248173
120364921
126050581
126619741
127219457
127912621
128786393
129619681
130072321
130638901
131915593
131959873
132039721
132841591
133201097
133201121
133216381
133240501
133800661
134205391
134392091
134589001
134642033
134777221
135318041
137200981
137550733
138609847
139027201
139749787
141177097
141246977
141618181
142673743
143555329
144297901
144516479
146021633
146272901
147003601
148109473
148173031
148482613
148639213
149532571
151358059
151845799
152444783
153513097
153530413
154567393
154944533
157626197
157748761
157803521
160906351
161304001
162096901
162247429
162395521
162419167
163138991
163140847
163548683
164411911
164677439
167160013
168578461
168586111
168666331
170856533
171559207
173174101
173961943
173980409
174972409
176296591
176597821
177167233
177497179
178358131
182723329
183672961
184238209
185040703
185653333
186125633
188264437
188295059
188821951
190440799
194389903
195106237
195475351
196287391
197239591
197247371
198220579
198522493
198994339
199789441
200973041
201758951
201789127
203432689
203536405
204229001
204320719
206298289
206604271
206910419
207326251
207656947
207731987
208940383
209213929
210023917
210206501
211210511
212412547
213119849
214069087
215161459
216126751
216708661
217472501
218112133
220251739
221955889
222116563
222419011
223024783
223057693
223653851
223833961
223839001
224073865
224698123
224927137
225099841
226957699
226978051
227864599
230794013
232771501
232966003
233082433
234610291
235060381
235369531
235486729
238622413
239642119
239983153
240049057
241161061
242424197
242729401
242742121
244061371
245309461
246349027
247805839
247912897
249209423
249881731
250403609
251366009
253685851
253877221
254781451
258112261
258315289
259480261
260128513
260407561
262068091
262971073
264067553
264384469
268042471
273138151
274090097
274410739
274810241
275063149
275064989
275151061
277477903
277787141
281976553
282769771
283941031
285255379
285789307
287230441
291236977
292208737
293603641
293875111
294629347
296237239
297307249
297501091
298204831
299767201
299971393
300580237
300979369
301822097
303157009
303191741
306125887
306642487
307061371
307875601
308550061
309419623
310693633
311955071
311994097
312542491
317123173
318158041
319053281
319167157
320404813
321807523
327818821
328402181
330034249
331632631
333456481
333831551
334609441
337135501
338498513
339033221
339233273
339573683
342349537
342664081
343127951
344064109
344183729
347441851
348424501
348620263
349470703
354666817
354848041
354904741
355209293
357273001
357609661
359089091
360145633
360900685
362810489
363262117
363946381
365858011
366532321
367589581
367678981
368113411
370524481
371675221
371920867
372086569
372810719
373669453
374470867
375474037
376336501
376957153
380142757
380670461
381604843
381898553
382245967
386407477
387450773
390943711
391431941
392803861
393611653
393859681
394440301
394636771
394717051
396423031
399089833
399156661
401057929
401326699
401908261
403095421
403095967
405143861
405183301
405739681
405810133
408289573
409592233
415533781
419350051
419415121
421272391
424632913
424915619
427578751
428096857
428716261
429212743
429890581
434088449
435010787
436068631
436119773
436896037
437496259
439309261
439714133
440306461
440625571
446984407
449837881
451727959
452928841
454013911
454766287
455044501
455461471
457115909
458082001
458760257
460585861
461006573
462375901
463692893
465505633
465876991
466758181
467946907
468835081
469328203
470000833
474329507
474970501
475991041
477203959
478898689
480357571
480817801
481637381
481967399
487599139
491081599
491646403
491848897
493848673
494548259
495573121
497588401
500824421
502389553
503388101
503969041
505513889
505798213
507250153
509077117
510111361
510925609
511408171
514139191
516956581
517567051
519167617
520785043
524690041
525124867
525127777
526256963
527466241
529214311
529258601
530717833
532100143
532126801
532215301
532800133
533913491
534400297
539537941
540918449
543471553
544684207
545430607
546887041
547608289
549331345
552768079
553527791
554758681
555835297
556780069
563211811
565043473
565116061
566410891
567201097
567604447
569652253
569975401
571559551
574102117
574692161
576540277
576691741
579956653
580686881
585261637
585281791
586377121
587870641
588116653
593404961
594657043
594908521
597458413
605221501
608969609
609813781
612025241
612187819
612284527
615752051
616681291
617279821
621016111
622427401
623662903
624526849
624787489
625322161
625596319
628355719
630296717
631656901
633944033
634467461
634946017
641865529
644240741
646466921
648321451
648898561
649497967
650348551
651861761
652969351
654143491
659516609
659846021
661169237
665554591
670208533
670413349
670567301
674194207
678431279
680471041
684538873
684562801
686207971
689842759
690289021
690992977
694644941
694673251
696372769
697461577
700627591
702683101
704514841
710232829
711675667
718944227
720440033
732000061
733199689
738823303
739444021
739643491
740763713
743512001
743801521
745745461
748012709
748419127
749945821
750671269
751277101
751293841
751420561
756106051
756205633
758493601
759622753
765275221
765406153
769122433
771635971
775014211
775368901
775916693
776324473
778915351
784966297
785722087
786672251
796066571
796980941
801610681
803014241
803744371
804738691
809691121
813834127
814056001
819101029
820202641
830399041
831269809
832841731
835935361
836159801
839889541
841421737
843161887
843810001
845376533
848328193
849716251
851698907
852377299
857538991
857732089
857902861
858082393
859787011
860506693
862069079
869109281
871981021
873571459
873953869
880982197
881214067
881720071
884304037
885517331
886941001
887795221
893377633
901107617
915743251
918400033
918661501
921134551
922647601
924940801
928235197
930133921
930595697
933607151
938242117
941664529
949358801
950371003
952717669
955134181
955188181
961348321
963390751
965209321
966280309
968736781
969142289
970560533
972227959
972471151
976640689
979421111
979804009
980880317
982920511
983826901
990061957
990765067
991372171
991520533
993885751
994517533
999598153
1002115171
1003135681
1007713171
1010461121
1018125187
1019090333
1020940285
1021731457
1022001553
1023871091
1024771337
1026502291
1028847961
1030994141
1031009741
1032101461
1032149831
1033600307
1034283421
1035128701
1035401069
1036969627
1039247719
1039480129
1039522961
1039740833
1041125639
1046594683
1049847271
1050691321
1053814021
1057367593
1058216801
1058408941
1058989231
1060148233
1067221391
1077596599
1080896081
1081857817
1082240101
1084444481
1084467607
1085114971
1086797671
1093150081
1098823129
1099671371
1100517419
1101786781
1102220209
1110656357
1112103541
1114878997
1115018563
1116801361
1119996281
1121200147
1122274387
1129523959
1131237703
1137320581
1139110801
1141931617
1142355259
1147018787
1148807551
1148967391
1149032981
1149741121
1153364749
1154007109
1156049701
1157839381
1161764869
1163209033
1170722863
1181079451
1182574751
1184038861
1184554801
1186538497
1189817371
1191044251
1202142061
1202842513
1206444781
1207338049
1210389701
1214998867
1216069651
1216687837
1217181061
1218132761
1220496313
1220502977
1222076651
1226676631
1231340779
1233099829
1233250817
1236248093
1238846407
1238891431
1242693121
1243506139
1243530593
1248405073
1252236421
1253987911
1256129701
1257475969
1257680257
1259864119
1259899391
1264003021
1264718071
1267133311
1267345081
1268469781
1270736501
1279476241
1283069791
1284060053
1284845761
1285124543
1294261781
1295257133
1295948431
1296034249
1296785881
1297210877
1297712641
1299037889
1308544903
1309728421
1311269419
1311616153
1312332001
1313022881
1316585747
1318126321
1318943071
1322347753
1322756609
1324366399
1327026403
1340095321
1340628199
1341879001
1342287829
1342991719
1348964401
1348995187
1349038027
1352995211
1358068933
1359481589
1361503001
1361547469
1361775241
1363404043
1365419113
1366904321
1368194641
1375119217
1375684831
1376618491
1377577549
1377687907
1381501393
1385188579
1392658021
1393481281
1394997833
1395564127
1395678857
1395808129
1396711573
1396727641
1399230289
1402430383
1404253369
1405233919
1412611237
1417897909
1419575167
1427404933
1429093261
1430155891
1431637351
1442918611
1443652033
1446185827
1449265063
1453876129
1454860691
1456901419
1457788531
1461392659
1465217911
1465454101
1467817471
1467926209
1468824787
1469768653
1474074181
1475527307
1477101601
1477422187
1477979141
1479276223
1482174383
1484742533
1486195723
1488204217
1488547673
1491267341
1492762133
1497192269
1500523763
1500586621
1501194397
1501656899
1502124859
1506891277
1507921381
1513839961
1515709441
1515785041
1518066829
1519237981
1519312801
1519744591
1521590617
1523848129
1527141601
1527267529
1527763333
1528273553
1528936501
1528945111
1533084097
1534029503
1537788041
1538232463
1538689681
1540208251
1546883209
1553805331
1555095991
1557499753
1558913203
1563607081
1563811651
1565589493
1567143397
1568871277
1574482141
1579328173
1590564601
1591222069
1592595703
1595887921
1602177851
1603745527
1604234413
1606749061
1613621377
1614341431
1614423661
1616387653
1626260161
1629384301
1630161541
1633240001
1637436457
1638153581
1641490057
1646590843
1649863717
1651655399
1652671081
1656917377
1659856969
1661808271
1665293101
1665871019
1666779073
1672160393
1673533513
1674898243
1675121887
1675468441
1675978193
1679190241
1679725321
1680901381
1682061749
1683145921
1695197491
1700250049
1701760373
1701862681
1710918421
1713319453
1714770781
1715427451
1718967781
1722220501
1722463471
1722679537
1723823077
1725217121
1730549017
1735545037
1735979689
1738201541
1740712681
1749752107
1752023437
1752702053
1753106473
1753766143
1757055847
1760706811
1771976251
1773096931
1776548437
1777806881
1778558347
1782331069
1789117903
1793534863
1795907521
1799250571
1802510669
1805947313
1808205701
1813073653
1824028369
1827702101
1832022613
1835114401
1840755841
1852869061
1856828647
1858160771
1861854691
1865082151
1866252961
1866409861
1871501633
1873489537
1875977449
1880504033
1884408623
1893427981
1893583519
1893873367
1894067071
1895112721
1896030293
1896654913
1899494311
1901531881
1904524903
1910390131
1912900559
1915608241
1915958801
1916508101
1920301951
1921064147
1923224689
1926885601
1930534453
1931778451
1933497281
1940224513
1945125001
1950061501
1961914417
1962285799
1966596061
1967430631
1969698371
1971531151
1972073161
1972327757
1991751931
1993358291
1996575443
2005360351
2009414707
2016806485
2018761111
2019589501
2020170601
2028279793
2028685753
2033143711
2043042539
2046408787
2056777087
2058163561
2062074431
2062838221
2065688731
2073806341
2074736441
2074923013
2076192007
2079463049
2080660933
2080995841
2082857491
2084641061
2090066947
2090741293
2091560381
2095002631
2101470541
2103095257
2103795721
2104759801
2106919333
2108565889
2121838993
2123792551
2126593309
2134016053
2137495361
2139462991
2141033203
2141087051
2143523383
2163081523
2167577527
2169323861
2170896001
2175728251
2180509987
2184031489
2185362233
2196521041
2196825511
2197324417
2197842551
2199931651
2203227599
2204019241
2205388351
2207696641
2211603917
2219008177
2219517901
2219524147
2221464461
2222134129
2223367681
2224077293
2233247677
2241069601
2242032841
2242724851
2247660131
2251385561
2253467701
2257703491
2258583361
2266868917
2267091091
2272015777
2274373141
2275568011
2280656953
2286489397
2287378081
2294455411
2295406591
2304866227
2307480211
2309405617
2309977441
2309979673
2310498383
2312991601
2317579951
2321009993
2323017761
2323038281
2328792211
2332897201
2334045421
2338552039
2341130921
2350043767
2352371251
2359667593
2360225737
2362421953
2364186241
2364692671
2372976563
2376769741
2383669571
2390720641
2395644851
2404297897
2411193019
2416606921
2421822301
2424139807
2425249601
2436927907
2448039497
2449037593
2452465621
2454602911
2455764097
2459214913
2472907141
2476341289
2496613211
2503267981
2507107649
2507395279
2509203841
2515507021
2519363393
2519664841
2520703553
2522740397
2523611941
2523736531
2526102451
2527812001
2528663957
2529410281
2529580481
2530618177
2536394681
2537105761
2539683137
2541013903
2544804811
2549110901
2552569111
2554210933
2556111181
2559446653
2563423321
2566220401
2569327129
2571809473
2573553601
2575260241
2578194997
2578735351
2582799451
2589594589
2595053401
2603498941
2604053359
2609471341
2618568751
2620964501
2621977627
2626223071
2626769521
2628409681
2643585551
2643984001
2644262821
2649909589
2654851387
2670782089
2671751245
2672750869
2680525387
2683648111
2684454151
2686816133
2695064653
2709377353
2712597113
2712927661
2716196419
2717337949
2725581569
2725618951
2726144683
2738491211
2739277843
2747319583
2753275801
2756348087
2760604309
2761305661
2766006253
2771071031
2774406577
2781112253
2784469609
2785799521
2793764611
2798992811
2800736441
2825682553
2826128971
2826976153
2832384133
2832735121
2837917633
2838206801
2839992427
2852167501
2859019663
2876276041
2880814861
2889439027
2891484383
2891601253
2892902581
2898023521
2901514531
2902629061
2904676633
2909943041
2916139981
2918332171
2922510961
2925841465
2931916261
2935629841
2937775501
2940051781
2943765631
2950130569
2957320351
2967409621
2968197481
2970228199
2972271739
2973097121
2974766173
2974769767
2977466747
2979921421
2984835391
2986369921
2989865399
2995146179
2996276869
2998202353
3008648833
3018576689
3028125781
3029755363
3037464691
3044238121
3048189691
3051542971
3054297403
3054297997
3056326885
3057111721
3060537511
3063685633
3070208261
3082355443
3084900679
3085592897
3088102441
3097246231
3117340409
3118411501
3121081549
3124042021
3131574247
3141465391
3153458897
3165681793
3174698143
3175236721
3189888001
3197620441
3204877537
3205657489
3205663921
3206936737
3210423941
3225618257
3227403967
3233558021
3238983733
3242859203
3257334541
3263097641
3283543321
3289980349
3293137621
3293462701
3299320333
3320669437
3323590463
3323945921
3324006533
3326118461
3326602427
3326675041
3327176161
3332340703
3335009401
3336384031
3338892901
3346758199
3347214421
3354424349
3365239541
3367259201
3372502753
3383227333
3385047209
3386499521
3398362291
3408200641
3413054251
3413931629
3417451363
3430765921
3432458177
3432997537
3442964671
3444801301
3450935503
3457896259
3469122457
3484529533
3487576111
3492883081
3500389597
3502970551
3504570301
3506824049
3510577309
3521986861
3533080843
3534273403
3535343761
3540726031
3541165651
3541890481
3543951211
3550063477
3566428301
3578705131
3586833253
3588266813
3595075717
3595831207
3597120577
3597195451
3597892489
3601552249
3612825221
3614617729
3616574081
3616929277
3617027957
3621181561
3621992533
3630596257
3638519909
3642034261
3649116277
3655151083
3655896941
3661380361
3665407517
3672977101
3675439303
3675918961
3677410861
3679353721
3697278427
3698276741
3713085091
3715659341
3716075521
3716451691
3718428121
3725016749
3726036901
3728463481
3729486451
3731158097
3737939591
3743486251
3751218641
3751259087
3761091937
3769364299
3775481293
3786262241
3787284821
3796748803
3807044251
3809476897
3811388689
3832807681
3833208961
3837189611
3853584967
3855366157
3869575201
3881639701
3886607083
3892279201
3892928203
3905583823
3908908033
3917319841
3921208601
3926933557
3929915501
3930839989
3938027201
3942600481
3951382753
3952640999
3958930441
3961243441
3964119001
3965038969
3967067777
3968176441
3968708041
3980676169
3985950181
4001780179
4002592133
4008263401
4024032773
4030637771
4030652539
4031895089
4042578403
4046045257
4046904163
4047334853
4048292797
4050899611
4054039841
4063094701
4080167761
4080622201
4089462301
4090988611
4098208297
4104388201
4110080167
4117447441
4124908981
4125365513
4129352231
4130852659
4135285369
4137923443
4154131393
4162325831
4168854769
4171735277
4172804707
4175289271
4182710221
4183069511
4189909501
4206643501
4212665491
4215735553
4217502449
4228090903
4232966251
4240416001
4246144321
4246940161
4250911061
4260170587
4260456001
4267736929
4271761519
4275227851
4291267213
