169
597
679
703
781
1195
1393
8695
14981
15535
19303
19621
19951
20491
22177
25273
26335
42811
48133
49141
49951
54289
59291
68707
75421
76627
78599
102173
102311
107659
109061
135121
139231
141361
162401
191351
194221
197209
201955
205039
206981
217891
271891
291961
293591
295165
302177
340033
359341
360361
375661
382123
407809
414597
432821
438841
444301
455533
479119
481601
491563
546697
551449
557797
574795
607609
608251
610051
642001
644509
657901
701677
729061
757303
805141
912841
943669
954271
981317
1032533
1044577
1050985
1069993
1132657
1154131
1164083
1197373
1405297
1484881
1521235
1537381
1542623
1604401
1604767
1669693
1755001
1842127
1851121
1863907
1869211
1893943
1903237
1922801
1958503
2008597
2042279
2064673
2134933
2143327
2181121
2253751
2406589
2409721
2466133
2477479
2491867
2525029
2528521
2575501
2603989
2641699
2701729
2741311
2797801
2867761
2964673
2977217
3059101
3062347
3131533
3186821
3330517
3363121
3383353
3391249
3453781
3539101
3636949
3882055
3904579
4014361
4059859
4111381
4188751
4209661
4219129
4256495
4411681
4548059
4577197
4689977
4727521
4805201
5044033
5429269
5481451
5484241
5603333
5704933
5783849
5784491
5811271
5898751
5912887
5968873
5979247
6056161
6151949
6186403
6186607
6231331
6255831
6321187
6405601
6416929
6459781
6565843
6642217
6659735
6710601
6714313
6952037
6969511
7086017
7126241
7139461
7163083
7436359
7575683
7636087
7636877
7765759
7784291
7789681
7996067
8036033
8219251
8219693
8278957
8337979
8375221
8421801
8428621
8512661
8880863
8928833
9006401
9041131
9045793
9578467
9973693
10084177
10267951
10444861
10614961
10743097
10921105
10984117
11036551
11311121
11349871
11541307
11677597
12119101
12307951
12490201
12719923
12741373
12749963
12755917
12799697
12969481
13190701
13257961
13390081
13536721
13609591
13672693
13888513
14668963
14729101
14765561
14886937
14892541
14913991
15075673
15385681
15434833
15525241
15560651
15576571
15922661
15957397
16042027
16134169
16237117
16435747
16520533
16914301
17208601
17563561
17654911
17818303
18112513
18443701
18662869
18736381
18805879
19061281
19103809
19115771
19149733
19641313
19669781
20261251
20279563
20310751
20617831
20633167
20780299
20794483
20827841
21578377
21810359
22053553
22266487
22369621
22649161
22994371
23017429
23261713
23449933
24198043
24553409
25292131
25696133
25859767
25981957
26017291
26039953
26173909
26764123
27096601
27380831
27384967
27912301
28298071
28678951
29228447
29448631
30058381
30987809
31181581
31470211
32172985
32249941
32373577
32457793
32714881
32779081
33120341
34530157
34590403
34751573
35166961
35516233
36721021
36810397
37736533
37962541
38496401
39020941
39208189
39547171
40339615
40390327
40704577
40728463
40802761
40863061
41070781
42635737
42709591
43036003
43205455
43331401
43758079
43838341
43893937
45559729
45606601
45735067
45786133
46045117
46094401
47020177
47388889
47724821
47759041
47966239
48111895
48125437
48960409
49270999
49994179
50054467
50217301
50376019
50495509
50523661
50997451
51251047
51867541
52119289
52293601
52374451
52768291
53390611
53997751
54106309
54264473
54381671
54400457
54407893
54795847
55125181
55378297
55527121
55610837
55770331
56450395
56810137
58001497
58718909
59035441
59048461
59307841
59780029
60004471
60552161
60998899
61522841
61754941
62373137
62463809
63318169
63388033
63639881
64843171
65532889
65559647
65649361
66124297
66521783
67706501
67994641
68088637
68621701
69062731
69139201
69228967
69829813
69869231
70211461
70355017
72182111
73289861
73471567
73527301
73670521
73902403
75132721
75995911
76213619
76307617
76861489
77146831
77295961
77783917
78130417
78487801
78644611
78795181
79348429
79430221
79511041
80375707
80418481
80455765
81926461
82721251
84212129
85296251
86752459
86854721
87155713
87897961
89314981
89961751
90273409
90357697
90399021
91164529
91367431
91845901
92041093
93406669
94272481
94424947
96878101
96916279
97219361
98025121
98286697
100979051
101152133
101450749
101605813
102602719
102676693
103042241
103046689
103846933
103903577
104119021
104524421
104887315
105040321
105857641
106485121
106669171
106718041
106799701
107659273
108209177
108618793
110413333
112234033
112695353
112702591
112759039
112828801
112844131
113142187
113383621
115297201
115804501
116090081
116139497
116938171
117194893
117267931
117320617
118555771
119637433
122089843
122718419
122839417
122868637
123680371
123873301
124081693
124131907
124611917
126035911
126077617
127836913
128352551
130207309
130271329
132683347
133628485
133953793
134589001
135134731
136787561
138158411
138264001
138308017
138705967
138736153
138828821
139810133
141057253
142557299
142930657
143168581
144735931
145187671
145882801
146243063
146272901
147093031
148109473
148404421
148683361
149016001
149943361
150992587
151919353
152624401
153177373
153393637
153589801
153697601
154239781
154492231
155203361
155249761
155339581
156400891
156579655
157206349
157830643
158607043
158642041
159081841
159678191
159874021
161489989
162960361
164279569
164409383
164411911
165364237
166611157
170053333
170189417
171147601
171241621
171430351
171917353
173401621
173405233
174073321
174580183
174831427
176709601
177850037
178564681
178927783
179467681
179719951
180401041
180497633
181702393
181714837
183524111
184241779
184517521
185040703
185151361
185427001
185653333
186059329
186602101
188001521
188043913
192501631
192513697
192792497
193133557
194511871
194775641
195100057
195346451
196035001
196049701
196287391
197239591
199373879
199391431
200437519
200864441
201092761
201286009
201789127
203071903
203089927
203793559
205953949
206006533
209049809
209802581
209945441
212256301
213035761
214569601
215161459
216474259
217308313
217492061
218518183
218793401
219802589
220261861
220859515
221368153
221509639
222711391
222814901
222885199
223449463
223808401
224956649
226637371
226637951
226731931
226765153
228657601
228883789
230794013
231500609
232978159
233083159
233148889
233322811
233398543
233927569
234175001
234495451
240371083
242298101
243592219
244061371
244314091
244396583
245968273
247004911
247215341
247805839
248061691
248290927
249839899
252552301
252722557
252876871
254534101
255007481
255845101
257618089
257769865
259357981
260097685
260674261
262204561
262208209
265935583
266292121
266388715
268042471
273599971
275712533
276570493
277477903
277600177
277606657
277669421
277874101
277897813
279899191
281286853
282589651
283200163
285292369
286023403
286211557
286412881
286469461
286476991
288620333
291461633
291685381
292290181
292643605
293116721
293984641
295785751
295826581
297404801
298387171
300866581
302335441
303220927
305464661
305513371
305801311
306602033
306865297
308505223
311459371
311568193
311919751
312093487
313338061
314302003
316289161
316804867
317365933
318045649
318465703
319053281
319886351
322307593
323654041
324264943
326438659
326553121
327252619
327626017
327836161
330159061
330356517
330987385
332274427
333067151
333268307
334291981
334530433
335914979
336396439
336537271
336589667
336722387
338625883
339128303
339794641
340399757
340464001
341364241
341777497
342344809
342734821
344889469
346080391
347370461
347430491
347500229
348080489
348668321
352000981
352459697
352642627
353045701
355297301
359495921
359696431
360018361
361173691
361198241
361363391
364438801
366207031
366302483
366487201
366532321
366652201
367158569
367589581
367774837
368113411
368476501
369610237
370775851
375481471
377187031
378744163
379363267
383217767
383793541
384100001
384770017
385437727
385934069
386925551
391930003
393295771
394064977
395858159
396654877
399179369
399468241
399766663
400718347
401066401
402053911
404907521
405900991
407282851
407889161
409103689
410458771
410680357
412402631
413670661
420672265
425262553
427533371
428930881
429212629
429423101
429595039
429634423
429890581
430276537
432062989
435860497
436187137
437989393
439331491
440828863
444869713
445594271
449625331
451389139
453154521
454766287
454827559
459838867
460585861
462639685
463354277
463421999
465301711
465505633
465658903
468950021
473581057
475468927
476036881
477829171
479489557
481183627
481967399
482451229
488477117
488509381
489273401
489644453
490362721
490518181
490876667
494275073
495416503
495881533
501779821
504287911
504870241
507151261
508033441
508696849
508884461
509433697
510355171
512150689
512706121
512826217
514059859
514321057
514458001
516135271
516690329
518548801
519064741
519145381
520277287
521246137
522655801
524414995
525682405
530715883
532558441
532685753
533860309
535573111
535900879
535994219
537242899
538189471
538726771
539019361
539537941
539921701
540789287
542180539
542497201
543266177
543730181
544952341
545430607
546273883
546322201
547853879
548187781
552695599
554489519
556450777
558192223
559547773
560133361
561235681
561439657
563159281
563564257
564070417
564073483
564770081
565085641
565659973
566328937
566922049
573856501
580677457
581603933
583149991
590034835
591698911
592467451
594159281
597458413
599485111
601253893
605097571
608917753
610324219
612152459
614768617
615895897
615962053
620234833
620544961
621475921
625482001
626645611
627007259
629779921
630888481
631656901
631767943
632501401
633156781
634467461
634946017
635957851
636111451
636417361
637993819
638765551
639043969
639435763
642207811
642290027
642638803
644004817
644453633
644747521
647354161
651514753
651861761
652283479
652969351
654288031
655565221
656189101
661572073
661913701
661956517
662782121
663109651
663244363
663699961
667260241
667303561
667563487
668291491
668845871
671932801
673778827
675106651
675236329
677567201
679975003
681303241
684146251
684634133
685667317
686078177
686310697
689537441
690652411
692484311
696042901
701535701
701971381
702842971
703348081
705883951
707170697
710741953
711304903
714220417
716460361
720541057
720556861
726137501
729660389
730273461
731569639
734337631
738782777
741457381
743832091
751449799
753574537
754332149
755979599
756647719
758533351
761507833
761732497
762133751
762990157
763012177
763513381
765130763
765202241
770697071
771043201
773131927
774027781
774899191
775368901
777993931
778482991
778512913
779217601
779262467
779281123
781517881
783326377
783966769
787209277
788905027
788940833
791472193
791490901
794399041
796064851
796560703
800418401
802470961
806872013
807342121
808562791
812036461
813023701
816099895
818126311
820493521
821650909
823515101
826945621
827289769
827980471
829350481
831574891
831734101
832656701
834454913
837152389
837843931
838357141
839776211
839994631
843005783
845105801
849606031
854416837
854581807
854678749
856301227
857100421
857375821
857540821
858602263
859397689
859769191
862607689
864885271
867032651
869223697
869515837
873631027
875605121
875729989
876097459
877532671
877963969
880288049
880972111
885493927
885960973
888700681
890037481
893377633
897756751
898343713
899142553
899525341
902501629
903390643
903629401
905989867
908147101
908442401
908839711
914828401
915641821
916226561
917880413
920320831
920375821
929177461
940504435
942088201
944417593
944657443
947099473
949324951
951222151
951443153
956358913
957765607
964363219
968411665
973368481
975475297
981061183
982820521
983732599
989283481
990117019
1003135681
1003860973
1004691073
1007246431
1009140161
1011284819
1012480307
1012781771
1014119947
1024041853
1026052771
1028004121
1031267773
1031268961
1032486001
1032503977
1032629641
1035988087
1039740833
1040410333
1040648701
1048478413
1054587241
1056055717
1061933797
1066237283
1069110157
1073288581
1074386197
1074718783
1079035651
1084784887
1085509151
1085694787
1086496751
1088300851
1093108369
1093248421
1095756971
1096426123
1100624857
1103578669
1104194521
1105038871
1105322653
1105538143
1106576857
1108973251
1112436551
1114102639
1117042169
1118425309
1121099491
1121882161
1123080349
1126998913
1134830401
1135103867
1135428031
1135935901
1138219457
1140911137
1141548007
1142850913
1143122257
1145041591
1147494217
1156012457
1159030693
1160358359
1162597903
1162806913
1166779981
1168706449
1169848657
1171441961
1176308927
1182385121
1182568843
1183338241
1184162801
1189168129
1194866101
1196017481
1201826179
1202317723
1203548831
1208148631
1211640001
1212506063
1216506373
1217107079
1218739253
1221767831
1222665277
1223472169
1232853007
1234290919
1237119313
1239566941
1241399293
1248065459
1250896849
1252482601
1253314693
1255663267
1260864061
1261570133
1262068303
1263293281
1263742591
1264887007
1266580261
1268384053
1269295201
1270658833
1271095057
1272645991
1273332721
1275191969
1280230561
1280750257
1280837381
1280912921
1284960205
1286298133
1288445731
1290307861
1292925421
1296811601
1296973549
1303611553
1306536631
1310310415
1311616153
1312332001
1312431553
1312680617
1313002381
1318793191
1323928729
1325565763
1328560801
1332254617
1333347301
1335960529
1341190429
1341995273
1342602193
1347091901
1348100047
1348964401
1353135571
1353386921
1354966273
1359090577
1359622993
1361407951
1364378203
1365822797
1368917057
1371762001
1374303407
1375684831
1375867531
1381493611
1384966057
1387837441
1389675541
1397673661
1399230289
1401429137
1401547687
1401840833
1402103137
1404004141
1404909691
1407548341
1408610503
1411670053
1422425947
1423781803
1424503849
1425508529
1425860101
1430166757
1434177821
1437127649
1439248553
1446812641
1451472553
1453548403
1454907439
1455060097
1457390593
1457579317
1460048311
1467566101
1469768653
1472412943
1476364909
1478086273
1478852929
1479761377
1479835441
1483463623
1485349867
1487387611
1487670829
1489872691
1490375921
1491510899
1494572377
1496207809
1498585369
1500759751
1501339457
1504136677
1505526073
1508701063
1511558533
1515103591
1515664153
1516010497
1518214961
1519129081
1521465661
1523816257
1529648231
1530159247
1537788041
1538071061
1538591881
1540208251
1546249951
1549107691
1552668979
1555927381
1560620041
1561085501
1561393963
1564278211
1566590173
1572934897
1589307919
1593943781
1594058857
1595949991
1599366649
1599711051
1600425773
1605194197
1606749061
1609417651
1611615151
1614381133
1618070737
1620428941
1620493031
1623747079
1625514983
1627515667
1627644961
1628692201
1630161541
1633240001
1636046389
1637839927
1642736519
1642832101
1643037313
1645020833
1645859251
1646562397
1648173151
1650682153
1654447741
1659549341
1663332529
1663436617
1668037621
1671854029
1674515701
1675121887
1676311151
1679881681
1680901381
1681478401
1682675353
1686354757
1687285601
1689260365
1689502691
1693231111
1697558501
1700060003
1701129281
1702032601
1702123201
1707421633
1707699491
1708079101
1708206751
1708497407
1710960673
1713433807
1715678053
1716421661
1729092751
1729534951
1735128641
1738190981
1738851007
1738891813
1743016801
1749162829
1750412161
1752986269
1756891393
1760013487
1765684237
1777190651
1783471405
1784323201
1787934881
1788745141
1796461381
1801091053
1801558201
1812099073
1816026391
1823915273
1824302527
1826523871
1829507107
1833328621
1837099211
1837281661
1837636643
1838494297
1844279011
1853156341
1860130981
1860721223
1861284043
1865878327
1866409861
1869875281
1874363791
1875289441
1875510913
1879627051
1885562209
1893131213
1894909141
1897658731
1907341801
1908935617
1911197947
1912467691
1914679121
1926885601
1932808963
1933740491
1936031341
1937397181
1938938401
1952113151
1957040941
1964548601
1969032781
1971567251
1978301557
1980168409
1980181477
1982687785
1985348527
1985645273
1988228201
1988333579
1989628327
1991295307
1995607741
1995784961
1998221401
2001494377
2001942067
2002684361
2017243691
2018378641
2024650213
2026633951
2027152489
2027306107
2029244551
2032248961
2037233839
2042507251
2045584711
2050620661
2052454291
2053315169
2056446757
2058301001
2059295089
2064898057
2065040353
2068867841
2071973119
2072488771
2073912961
2077280731
2081706881
2082440533
2086236181
2087666423
2095518547
2102927641
2104489741
2109946021
2112377239
2115769633
2120710541
2122216123
2124498421
2126161181
2126218789
2141033203
2145788317
2145800581
2148818977
2161805341
2163591799
2169646561
2173579801
2192290591
2197602241
2197944451
2199931651
2201263429
2202848173
2209340597
2213093521
2217903817
2220775813
2224236397
2224278253
2228389321
2233031701
2239678591
2241982009
2242724851
2250015221
2252072509
2253176951
2261875337
2264480417
2266868917
2274200441
2274367817
2274727141
2276606503
2277117701
2280743011
2282243377
2283430117
2287778473
2294673569
2298363451
2299124299
2308966661
2318628841
2319729829
2321300833
2324867399
2324966071
2326563331
2334196957
2336355841
2341075843
2342409691
2345714471
2347597981
2348523181
2349357107
2350595521
2368206977
2373279697
2376580111
2382412339
2385463681
2385574201
2391579821
2391839893
2394278651
2394822781
2395319929
2396357041
2397533293
2404942541
2405320051
2407398757
2409897569
2412308977
2414282473
2419702583
2420453081
2420767597
2423195777
2425249601
2430632101
2431025951
2432016091
2433943891
2439600833
2444892787
2449024093
2450701501
2456067139
2456261173
2457793141
2458231903
2464977667
2465002051
2468126497
2468610679
2473189441
2473616017
2477622421
2485090261
2494689481
2499853333
2501280323
2505552697
2506529257
2507243437
2508880937
2514078829
2516452021
2529264921
2533465661
2533915781
2534878501
2536737361
2537105761
2545093153
2548776871
2548864631
2551331467
2558559511
2564536201
2566473073
2568646001
2568978829
2569327129
2575558171
2579022841
2579163931
2591139263
2592364909
2594938417
2596912471
2597788951
2603283751
2605192211
2605557781
2614211141
2625047521
2626769521
2629245841
2629427291
2630532661
2633054089
2636360191
2649579661
2656755889
2657314351
2665209457
2673942701
2680324519
2690411257
2692079167
2702097191
2704383551
2707678387
2710996147
2713497811
2714095159
2715365971
2716157989
2723932801
2725014001
2725357249
2725641451
2726259901
2732203765
2734668077
2740766059
2742119407
2743312037
2745172711
2746071901
2746559101
2752336201
2752469809
2754547987
2756446663
2766983551
2768764411
2768991097
2769922541
2774049895
2775739261
2787058609
2793293689
2797411117
2806421257
2814348577
2827695491
2837018185
2842828073
2851007309
2854231697
2858105251
2866785991
2871232033
2873055077
2875626491
2879813203
2881429741
2881511761
2890870973
2892585151
2893508731
2893588111
2899912501
2900875037
2911911913
2914194931
2928895117
2930831641
2933588503
2937420379
2942352691
2942630371
2943556201
2950382401
2951708191
2954121787
2957263289
2966789593
2966974381
2973097121
2980728661
2983431301
2986528151
2991834737
2995094911
2995476199
3012244717
3019324769
3023299441
3024774901
3028910083
3040953631
3042516331
3045218383
3052020239
3063683503
3067282903
3070208261
3072185761
3072692449
3073778107
3074178115
3086143561
3091354111
3095458361
3097310581
3099116749
3112723351
3119767141
3121384369
3121855153
3132238957
3137756161
3146902111
3149218381
3150327577
3151353941
3162925081
3172290067
3180313417
3181621633
3185220781
3185550323
3185944273
3196344859
3196681601
3204909577
3205012963
3211175299
3213895051
3234560473
3241962277
3246362881
3249335941
3253404013
3253920113
3256366051
3261194581
3262722163
3265586809
3295217971
3298632769
3299142911
3299956747
3303696631
3307251221
3308223061
3313812041
3320711251
3326602427
3326786551
3332303099
3332340703
3335362801
3340178987
3342026371
3342280663
3349859701
3362950807
3370173641
3374957881
3385495261
3387451621
3390268289
3395120977
3415479523
3424026121
3425097391
3429982081
3438832381
3439015681
3441666181
3446145557
3446952209
3448620793
3450935503
3452303221
3453310261
3457871341
3458341657
3460795801
3472861393
3480908203
3488503621
3498145489
3499030081
3500876641
3503155393
3504722521
3512369857
3513542017
3521383951
3522866689
3524762179
3528993341
3554143651
3554383141
3568667611
3572446781
3574087859
3579322433
3583249921
3591633281
3602006101
3603030637
3617778301
3619882531
3621618331
3625328981
3626754049
3626867381
3633299801
3634594861
3636615691
3647994379
3650255209
3654451711
3658621363
3662387977
3666439241
3666458377
3667561801
3671190121
3672926011
3674477353
3681366001
3685500073
3685794037
3698276741
3706909621
3708353933
3709924949
3711225751
3716271469
3727451521
3735788489
3742839451
3743072341
3745409509
3751744561
3752010043
3761741059
3767865601
3775385011
3790906153
3791058391
3792082141
3796118087
3797004817
3797234443
3798130753
3807459811
3814802083
3815722495
3821549293
3831903011
3833846641
3835001171
3853584967
3861986041
3869668351
3875802253
3881519119
3892928203
3894053311
3894369421
3897241129
3898857757
3901632313
3905876501
3907825153
3908413559
3917099881
3926344073
3926933557
3928993771
3944127601
3945807977
3960752371
3970170901
3971095301
3971320261
3982264199
3985427917
3986664571
3989939647
3993845839
3997164781
3997386991
3997740319
4000272481
4015029061
4020221245
4023070219
4026368197
4038443467
4042578403
4046045257
4046080951
4048717261
4052407441
4055673931
4056432019
4062489421
4070033537
4078593377
4080622201
4083877747
4091586751
4100037769
4104186505
4112485301
4114295161
4115899927
4128503761
4129651051
4130110451
4134219589
4136944393
4144945351
4154632201
4158079031
4160411251
4164703489
4175289271
4175723459
4186738861
4187327041
4189357987
4195290721
4197516751
4201027153
4202817481
4210929721
4219119451
4227243337
4230954037
4233459647
4239241891
4239642901
4251343963
4256352907
4257446851
4270323301
4272916709
4276506089
4278878497
4285858523
4288586251
