9
15
45
91
217
403
435
1729
2821
2871
4123
4215
4577
7357
8149
8401
10201
10261
10981
13663
14701
24661
25201
30121
32581
32715
41581
43213
47617
48133
48709
50737
65041
66061
72913
85285
89701
95641
105163
109061
122235
130759
133477
137971
158701
172173
188191
193921
221761
228067
241001
259597
269011
284821
297541
316513
318551
342961
347881
350407
366523
387889
406297
407809
423553
454793
485293
486157
514447
518281
541621
577501
595487
598849
619039
648427
705361
712081
764491
806751
819541
868193
876961
923779
929701
933751
999241
1024651
1056331
1098943
1152295
1164529
1195813
1257649
1268551
1285579
1293337
1347217
1357441
1409661
1446661
1526689
1690501
1703677
1735147
1772611
1776349
1777793
1791041
1803601
1834537
1838653
2078737
2082781
2101217
2184571
2205967
2239681
2284621
2314657
2337301
2477479
2571817
2594231
2718937
2734681
2748023
2780731
2781241
2795519
2964871
3054481
3148363
3149039
3184909
3186821
3342827
3363121
3364001
3387781
3470921
3673081
3751513
3754801
3832457
3913003
3947821
4030027
4102183
4111381
4258213
4265257
4266389
4316089
4623001
4686391
4769251
4917781
4935701
5009299
5044033
5073199
5078669
5090821
5122133
5131573
5278639
5481451
5577481
5647867
5786791
5859031
5903497
5964859
6011551
6122551
6192721
6233977
6236257
6299157
6545359
6805189
6849961
6862153
6871999
7026405
7028821
7207201
7429949
7571881
7880083
8049073
8162791
8163167
8239169
8243773
8395921
8405857
8417953
8470337
8595361
8670461
8768569
8829451
9070703
9273547
9585541
9932341
9973693
10009613
10084177
10231027
10374421
10402237
10479787
10609621
10620331
10784311
11677597
11990809
12013489
12296813
12397153
12433261
12507067
12711007
12890503
12975691
13012501
13084765
13300147
13475711
13544851
13694761
13714867
13795921
13936981
14053051
14402141
14561317
15060641
15206471
15310921
15312221
15403285
15444917
15815731
15889189
15978007
15995449
16126463
16609861
16616869
16805233
16940911
17013289
17208931
17403821
17505601
17645689
17649953
17803759
17812033
17902531
17904433
18158251
18225871
18535177
18634123
18674713
18900973
18985627
19212821
19233287
19252003
19617529
20310751
20365021
20722561
21272805
21456241
21866191
21999667
22369621
22678787
22902941
22947181
23791561
23941237
24355381
24550241
25204609
25214977
25257047
25327009
25353193
25562143
25674221
25683841
25908919
25918711
26017291
26470501
26476501
26781301
26787751
27236311
27312379
27625261
27718489
27872671
28406953
28440931
28850719
29075203
29598151
29638523
30675607
31476817
31657171
31664473
32009251
32322067
32737937
32817151
33250033
33309091
33509131
34328251
34329571
34509619
34581457
34590403
35606377
35820937
36208631
36314371
37061221
37227541
37336049
37376509
37628371
37873201
38110661
38271749
38722301
39020941
39476627
39536641
39931403
40020881
40266731
40621591
40863061
41296501
41509141
42700513
43272109
43494949
43567873
43957603
44053087
44122321
44368507
44877709
45181537
45537901
46633861
46728533
46942633
47020177
47039519
47131657
48064021
48191653
48304481
48702781
49030381
49161361
49832749
50410513
50495509
51030601
51125101
51425011
52035301
52448309
52552591
52818977
53363269
53390611
54637831
55095601
55392289
55461377
55870543
56196901
56332549
56380561
56579491
56646497
57312923
57524455
58085791
58284649
58913065
59169661
59363393
60156409
61171951
61363541
61539239
61598321
61663321
61842523
62172793
63034409
63459019
63781901
63910417
64187851
64522657
64597387
65349253
65838165
66096253
66345221
66476299
67319491
67979731
67996567
68245909
68462551
68563301
69164801
69430111
69949447
70216591
70555297
70901713
71044601
71954131
72033349
72498253
72821719
73397773
73429553
73522051
73945171
74105881
74769397
75606049
75905761
76443901
76581451
77161141
78617953
78635011
78644611
79506631
80734441
81376903
81895343
82870517
82926271
83578573
84001807
85770751
86306641
86336911
86654149
87130633
87202651
87465137
87471121
88343641
88644013
88741171
89050417
89532271
89755219
90039661
90273751
91587943
93431521
93591721
94259881
94275751
94775927
94909537
95400031
95451361
95999929
96093691
96904081
97650001
97862113
99966661
100302301
100487131
100939667
101152133
101649241
101771641
102871963
103042241
103253333
103788301
104220703
105039871
105869401
105972139
107344693
108237911
108567457
108708001
108906901
108943141
109437751
109926763
110043119
110436481
110793457
111540001
112932961
113619943
114388093
114516751
115577857
116151661
117002929
118172251
118822079
121167583
121374241
121820887
121852711
122806501
123771511
123877081
124209073
124456267
125387737
125997121
126996251
128665319
129767551
129901711
131680411
132065761
133391611
133800661
133947955
134287477
135563221
135624511
135917489
136027009
136722433
137227807
137340451
137431633
137932321
138828821
139363927
139810133
139931191
139952671
140565361
140709281
140996401
142026361
142114337
142241419
144905417
145206361
145257169
145410931
146227201
148127941
148209883
148444801
149293831
150331837
150566081
152497621
153702137
154010221
154287451
154422881
154476401
155752567
156463159
156538201
157478017
158256841
158679841
158791501
159874021
160975489
161304001
162243091
162780001
162914491
163244281
163340941
163759753
164436553
164714761
164733973
165039373
165733681
166634987
169087549
169234003
169700081
170122357
170585617
170856533
171328523
171917353
172232369
172935379
172947529
173174101
175006651
176609441
177439061
177840937
178503967
178760551
180089251
180222169
182517553
184081577
186579361
186797791
187134301
188043913
188516329
189679969
191152831
191219341
192800833
193163777
194511871
195045517
195174111
195664957
197247371
197712659
197866639
199574701
201261061
202130197
202580731
203810971
204229313
207008569
207408001
209990881
210812311
211220191
212277157
212826631
213884581
215849161
216899047
217517653
217801021
218074369
218160097
219045401
219669451
220081097
224057941
224227837
224402257
224582221
224617541
225058003
225327439
225504311
226637371
228728081
230357761
231076301
231540121
232004101
232265149
232460821
232794253
233394367
234005857
234176791
234615781
234991409
235187191
237087481
238523741
238963663
239806183
240311449
240771313
240817081
241094491
241374797
242067841
243037979
244472353
246859813
247046477
247805839
247912897
248419001
249662821
249777067
250343281
250947517
252702793
252957973
253046521
254092471
255296731
255866131
257543287
257749549
258695581
260583529
261995539
262386661
262424647
263319631
263879677
265258099
266147857
267078169
268148029
268188593
268505551
271652581
272615201
273443311
273602977
274162627
275661751
278763181
280312003
281582453
282549205
282589651
282953617
283763635
284301751
284777361
284803213
285542711
286024051
286051379
286743187
287133361
287584321
288117721
288620333
291461633
293016961
293450521
294122401
294629347
294645161
297415511
297495703
298204831
301196359
302047969
302780563
302784751
303621697
303817411
305464661
305841031
306191621
306785051
309039139
309233497
310087489
312107251
312453481
313338061
314184487
314940211
317008411
319053281
319361617
319720395
320454751
320932067
323397769
323982751
325834501
327836953
327957697
328178341
328302791
328402181
328675621
329153653
331051943
331899427
333619357
333927049
334963333
335749961
337950757
338125537
338311681
338843569
338878513
340026721
342054721
342567361
343029259
345674071
345829177
346082461
346206401
346827889
349470703
350486251
350739091
351394921
352205069
352459697
352521691
352976417
353862241
357380101
358740433
358922497
358959511
360018361
361267111
362552543
364143551
366652201
367657777
370371649
376957153
382402099
382744811
383793541
384040001
384220219
384993451
385752821
387084391
388280641
388313297
389064589
389825257
395938717
396114741
399323611
399671641
400709401
402354049
404929337
406544461
407368651
410062381
412994149
417378641
417767201
418447933
418617281
422089781
425821447
425918593
426061201
426448411
427163221
427253419
427750291
428378729
428694211
428781277
431252761
432224101
432547651
432891401
433198261
433317007
434181529
434644033
434690761
436817071
437247841
440882401
441922141
444238471
445001011
447652339
450531901
450853019
452040751
452774953
453557287
453652381
453996691
455461471
457115401
457274161
457450903
457704901
458879107
464678341
467178779
468487531
469444123
469784561
471065779
473750371
474887761
476409781
477227521
477419231
478035799
478614067
479103397
479489557
481637381
481967399
482309449
482769953
485829593
487906501
488207501
488328913
488656981
489482911
491646403
493108481
493362451
493413091
495552721
497064521
497451607
498573077
501341041
503255297
505314829
506844521
507783541
508252417
508788041
509302873
509551201
509555861
511783399
512330281
512385391
512866831
515725087
516097051
518018881
518504533
520924141
526038757
526535745
527631553
528013333
530124689
530714887
531409283
531580349
532069801
533600033
535871071
536641561
540654409
543730181
544861633
544952341
545430607
548040817
549778483
552163333
553865857
554494951
556232881
557163157
557165209
561913921
563159281
563298061
563749889
566530849
566585443
569089921
569189143
569561779
569720321
570847285
571428707
571460977
572430769
573686551
574096097
575027857
575419021
577254679
579679297
580686881
584365471
584570491
584650243
584868181
585281791
585914297
586144351
586862737
587336401
588254389
588645709
589013119
590414977
590498417
590560417
591043771
592092937
596062801
597458413
597997459
599712401
600165091
600893921
606953551
610362001
611852671
615321097
616000271
619770433
628906951
629018371
629287777
629907841
633289807
634467461
635165701
636620401
638111209
638148443
639590239
639626401
642264919
642290027
642418939
643434457
643868821
646443337
647265907
648328801
649297321
649497967
651014989
651483841
653553811
657414577
657970723
660498301
660859651
663944497
665462081
674789623
678715831
679418977
679769821
682565773
682912777
684979693
687119729
689430107
689798623
689812051
691662049
691764961
694494901
694656901
696322481
703729153
703787551
705883951
707334391
708347971
713151281
718276951
719818321
720440033
724427551
724676593
725709195
727739071
728851507
735579673
736147249
739821889
740611189
740733907
741334411
745745461
748740131
754020361
756194587
756959963
757639387
758687581
759168037
760275251
765311081
765367201
767553151
768284431
769006153
771635971
772158733
772854233
775417823
776342533
778907161
779786131
779819587
780545311
786157087
787085857
787206731
789865633
791998183
794399041
796066571
796784773
799298581
800208361
801866647
803480041
804298309
805198049
805442009
811102081
811478533
812473481
813186271
815147149
815494289
815829367
818135963
818310637
822931873
824532931
829317427
832127489
832789711
833514529
833982953
834161947
834760609
837418933
837823411
842824981
846622261
847745179
851026261
851913001
858184471
859690063
861187477
861826351
862596701
864508453
867100417
868088341
873902101
875605121
875728423
877532671
877967641
878603701
880269881
882192379
889116481
896878501
896901461
898379357
898966801
900336517
900935731
902096161
904194113
904699951
906326077
907744201
908191171
909521911
910287823
914628719
914848507
915743251
917252551
918757127
920375821
920384053
921188251
922026877
925522681
929238913
929559403
934968217
938030101
938376181
939282241
940123801
941276197
943795201
944657443
948037921
948834811
951941161
954424021
957789691
959753569
967277741
970211251
970355431
972039917
973073431
974804797
980935573
981372301
982916257
983640547
983868001
984640651
985708621
988008337
995073823
1009225471
1015429141
1015582051
1023210817
1023472061
1027579321
1029220669
1033263331
1034475601
1036969627
1036995919
1040295691
1041820867
1045084847
1047882781
1049575697
1050721561
1051618231
1056264211
1058542609
1065082937
1065368221
1065883781
1067385961
1069110157
1069524931
1070158877
1072256641
1073066881
1073250361
1073299501
1073803879
1076265451
1076277691
1082755477
1084242361
1084958281
1085122501
1085888803
1086330673
1086477089
1093637491
1093916341
1095991429
1101623381
1102471481
1103704691
1105091461
1105627573
1105782913
1107584761
1108766709
1110038161
1112103541
1120010321
1121099491
1123759141
1124776577
1125907111
1129390421
1129716811
1132630129
1132805767
1136660323
1139137057
1141153651
1141350211
1142910001
1144669501
1146177649
1147907941
1148701117
1152149389
1154987209
1155738533
1157585329
1159411009
1164551011
1165540879
1167131513
1171035251
1172378593
1172964811
1173501751
1179918217
1180757143
1189665361
1191751849
1192540441
1192807247
1194174013
1196017481
1198880261
1201607839
1206458683
1207252621
1210196989
1211033977
1212036013
1213347691
1217181061
1221410191
1223301421
1223699269
1229886841
1229956003
1230584833
1230818359
1231851349
1234646533
1237296853
1239768433
1239927193
1242227647
1247581099
1247875903
1252143691
1252236421
1252413793
1255621861
1255663267
1264145401
1265304691
1265367937
1268946253
1273495513
1273641571
1281050467
1285742377
1286298133
1286300137
1286862253
1291637923
1293427153
1296613501
1297909495
1307520469
1311858269
1313022881
1314234811
1323260191
1326024061
1333247101
1340503693
1341620281
1341965857
1345217227
1347452551
1348811201
1349967061
1351147933
1352265949
1364378107
1364474897
1365694903
1370971057
1375684831
1376588431
1378203751
1393253191
1397169091
1401840833
1402057801
1403447377
1404228421
1407542611
1408610503
1412783413
1419045959
1421115523
1422991597
1423135271
1424435689
1426663771
1429766279
1433928581
1437285901
1439268641
1439331391
1440577441
1440823231
1442515181
1446812641
1448523457
1452759401
1453672481
1455266413
1457342713
1458366551
1458576221
1460347351
1462540487
1467019261
1467789769
1470036331
1471340669
1471820689
1472862271
1473169321
1477222489
1480983241
1481988061
1486564301
1487537209
1494595801
1495170073
1497221281
1502671447
1506168913
1507121801
1507136797
1507746241
1511497351
1511582269
1513621913
1515664153
1519574113
1527888433
1531245379
1533573731
1542644731
1544149417
1546894171
1547401699
1549075123
1551774709
1556134777
1559625211
1568516167
1569202181
1570180057
1573689151
1577788801
1581025597
1581034111
1583425801
1583747857
1586548531
1589853281
1599366649
1604234413
1608729127
1610596351
1618474393
1618701251
1621636699
1624011023
1624486967
1625680961
1627644961
1627647751
1629130321
1634013181
1634861971
1638294661
1644177883
1645020833
1645590983
1645859251
1648396441
1649987659
1650287083
1650490129
1651132111
1651317301
1652910197
1657119223
1657546921
1659790721
1660621789
1663655921
1671603667
1672547531
1674021361
1674391501
1678151707
1679190241
1679826637
1680744157
1684257049
1689789223
1690236391
1691245849
1695419041
1695801977
1699279441
1703130133
1705641901
1706302153
1707662881
1710657211
1715154307
1729011247
1735173821
1735941691
1737508609
1738909201
1739529457
1739695721
1739864449
1744262081
1749124829
1752134941
1754991661
1759420141
1769797201
1771400017
1774997431
1775658259
1776450565
1786970791
1788945679
1789561747
1795216501
1799407633
1808131111
1808205701
1808392783
1809786749
1810287361
1813073653
1816383001
1816488493
1816853581
1820306953
1831812841
1841441851
1842234707
1847552011
1847820757
1852317251
1852666901
1856956411
1858558561
1863014161
1864022063
1864253293
1876900481
1877264713
1878261841
1884140501
1884145451
1890851257
1892503369
1897839451
1898855533
1900644211
1900823653
1904558701
1906330801
1907221681
1908245113
1910668033
1912540297
1916523181
1920301951
1920594079
1923228721
1923311317
1929030391
1937105941
1937397181
1938264241
1938532499
1939369531
1940147141
1943819659
1948466323
1950570091
1952968753
1954094671
1955242873
1958704177
1962730531
1962955177
1970310641
1981887751
1987136821
1989823381
1989835417
1990056007
1992194947
1993746869
1994106241
1995784961
1996922071
1998757583
2002092067
2006295857
2008932481
2012509753
2016139595
2016710851
2019516241
2020292737
2021046073
2024139277
2028685753
2034074233
2036135999
2045705677
2050247655
2050822801
2055634561
2057835781
2068400581
2068867841
2073912961
2082337073
2086618571
2094177403
2095759921
2118597955
2119102651
2124680741
2131457131
2131620571
2133109481
2139753617
2143585621
2145941999
2146116673
2150849317
2164119049
2166368851
2170896001
2187173077
2189002831
2189975591
2195936501
2199452131
2199931651
2203513201
2203751593
2214761251
2216123671
2221464461
2224183501
2225893321
2227207399
2232907489
2237201599
2237356903
2238004791
2241982009
2242724851
2250978031
2253645473
2255956795
2255968331
2256635401
2266334533
2269307587
2270816351
2271817633
2275875559
2279736073
2280038311
2284416181
2286871951
2289114601
2289492001
2291756959
2296837133
2300319061
2301980801
2306798911
2307772193
2314817191
2319891307
2321009993
2321300833
2325294241
2325850957
2327671771
2328917291
2329584217
2331181621
2332076773
2332523953
2333461313
2335706909
2337670031
2337953041
2338099723
2339347063
2340456319
2345875471
2347024681
2347570933
2355358813
2370594301
2370923941
2373978751
2375894809
2379503947
2381732161
2389119517
2389893601
2389992193
2391028399
2401402309
2403321157
2403337861
2405914759
2407398757
2407457713
2409021721
2411927641
2413574209
2414282473
2414673271
2422236601
2424755831
2425682755
2433771121
2437518481
2437685341
2439477151
2439866293
2445579907
2455874497
2456536681
2458231903
2461719661
2465134909
2478845569
2480803657
2484548947
2485028053
2489275121
2496613211
2498947249
2502525637
2503059241
2511861041
2519186671
2522990251
2529410281
2532010139
2536736941
2537105761
2545010161
2548864631
2552418761
2553133339
2555706731
2561610943
2563596751
2582246701
2584156219
2588582521
2590367317
2594820901
2596122421
2600534143
2600611861
2600705017
2615232481
2617244033
2620151297
2620863523
2634284801
2638640401
2643735931
2645250301
2648184535
2654346241
2657314351
2658696301
2662805599
2665336129
2672605657
2676368311
2679753277
2681503301
2684595691
2686703251
2686816133
2691466051
2692448509
2693373311
2696364199
2699471503
2701920341
2703479497
2704782389
2712436513
2714115821
2716344661
2720315237
2728050501
2728730287
2728997441
2729231473
2735597701
2735878069
2740195935
2742833341
2747656639
2750299651
2754606553
2760815441
2761096081
2766006253
2766337921
2766983551
2775980593
2776810457
2777780149
2777887297
2782090279
2785766329
2788212439
2790856751
2795154811
2798277301
2801280049
2802370231
2803497307
2806358473
2813512591
2820204017
2828698133
2840963203
2841542959
2844272309
2854538887
2855290901
2864096047
2866183591
2867745233
2871232033
2873094001
2879389631
2884465729
2892431701
2896491313
2898023521
2903608621
2910702731
2911022239
2914194931
2914711831
2916653111
2920195361
2922548281
2932518187
2933588503
2937532501
2940182449
2951544961
2951588641
2952146191
2954009791
2954465953
2954538497
2955007753
2959227727
2962945063
2973168031
2977476989
2981867321
2982491527
2984538571
2985813031
2987414977
3005851031
3008029331
3027313591
3042327991
3047476343
3051542971
3077122133
3110830003
3112723351
3114276619
3117291583
3130386821
3134122921
3143653111
3150590929
3151353941
3156601561
3161897203
3164918221
3169109057
3172036897
3179296513
3184058957
3184139701
3189888001
3191736115
3193749721
3194493691
3202311451
3207138061
3208458167
3210223249
3210950341
3214193401
3217744531
3217830041
3237864841
3240782161
3245710033
3248756001
3256366051
3257334541
3259317907
3259520767
3260299771
3271500233
3276044839
3281593591
3282974857
3291521203
3292450351
3292691221
3296787649
3299010947
3311887987
3319859317
3322551403
3334237201
3337389511
3339981877
3340004089
3342280663
3342685873
3346957153
3357797617
3364355791
3365684017
3367964473
3368821639
3370792681
3373343041
3382983521
3384658267
3389192281
3393689833
3400300801
3402391717
3410089957
3411943121
3417186691
3420560991
3422042911
3423222757
3431237419
3440232193
3443791297
3445223921
3450410261
3451682441
3453240551
3458341657
3461796001
3468274879
3470716657
3471873751
3477007171
3486624517
3495943153
3496558301
3497856473
3509014381
3521383951
3525054721
3534044743
3538213381
3543203333
3556090271
3564239251
3569515561
3574532221
3575224669
3579165229
3581707501
3583774273
3587553971
3593835221
3598083721
3609494533
3614083747
3616681249
3616964867
3617716481
3632060503
3636808255
3638607001
3640903111
3643027081
3650592667
3653333389
3659702911
3663476857
3678046217
3694489163
3695441941
3696179011
3699386881
3704116219
3705261361
3707885281
3713521033
3715543189
3716075521
3717056377
3717170311
3719614417
3722504149
3723104797
3726810959
3729097633
3741467113
3743035759
3748106693
3751554581
3753702721
3760081051
3761580691
3772298773
3773657791
3775352101
3784271501
3797381953
3798666811
3806586631
3812777239
3815132161
3824339819
3828539107
3828830921
3832137751
3832787851
3835537861
3841324339
3841996861
3843884491
3848844553
3850751591
3860258821
3863775137
3874471147
3876369751
3881746513
3887423437
3894855571
3895117453
3895127347
3896034943
3899752639
3903711841
3908908033
3918714301
3931879267
3932204221
3935579441
3939065929
3945165841
3952640999
3952711039
3959921521
3962063971
3964119001
3976856197
3982017601
3982264199
3997102429
4001203009
4006159691
4014886261
4017258859
4020144133
4026559013
4026762721
4029869101
4034370911
4037628013
4044398293
4044950401
4045222081
4046045257
4048944751
4054224533
4058433931
4076568481
4087008073
4088838913
4091041501
4094976289
4101139351
4111149169
4112097991
4113586837
4120771531
4121034679
4122282079
4126424287
4129681753
4133635507
4143952489
4155375349
4156580741
4169765101
4173658063
4174073731
4175362133
4176385921
4179008347
4179270493
4181466889
4187360341
4191454411
4204711369
4207016893
4210341631
4219113901
4222416727
4228090903
4230489553
4233808153
4239174661
4240777201
4242218671
4242354731
4246655341
4253014651
4259481553
4261600531
4292391241
4294743251
