65
85
221
341
703
721
1105
1891
2257
2465
5461
9361
9881
15769
19669
21953
25351
32131
52273
52417
61337
63139
64345
79003
85879
90751
94697
103105
104653
111361
115141
118561
119341
146611
160831
176689
188191
195391
197051
218791
219781
223343
224681
259093
290191
295121
310993
319507
328021
339445
341785
399001
408157
410041
417551
423721
438751
453251
476767
489701
495283
555397
571021
583045
586343
597871
655051
671977
708401
725017
857209
918607
1000261
1053761
1152271
1158557
1173061
1189081
1193221
1197373
1217711
1237003
1293337
1340365
1346413
1373653
1425887
1455451
1537381
1567081
1621387
1717633
1718821
1739441
1800031
1866005
1869211
2000473
2160973
2205967
2212393
2264369
2439841
2488051
2538251
2661211
2699173
2727649
2797237
2887571
2909197
2976487
2987167
3076481
3083611
3098261
3116107
3147661
3158101
3200497
3342827
3367771
3375041
3375487
3451501
3611301
3645991
3730273
3821101
3853117
3881389
4024297
4113253
4177507
4224533
4229551
4252381
4309813
4314907
4314967
4364119
4389613
4415251
4443205
4518457
4588033
4738717
4776799
4877473
4966921
4985761
5073199
5192923
5194051
5208121
5378641
5411501
5481451
5504101
5697757
5906791
5968873
5979247
6096221
6140161
6154241
6157601
6170551
6231331
6253921
6330721
6342701
6407731
6594901
6779641
6851521
6901001
6916757
6938611
7028821
7232321
7263331
7398151
7445791
7575683
7633201
7774117
8445559
8473081
8650951
8880449
8968259
9025369
9039721
9199783
9265457
9280981
9352081
9399457
9810691
10084177
10212121
10221749
10248019
10326751
10505701
10655905
10743541
10751149
10778041
10855081
10961731
11169797
11303909
11318077
11469481
11739781
11930881
12140101
12407011
12442471
12469421
12659989
12875311
12890503
13012651
13073941
13163923
13390081
13401373
13740301
13829413
14026897
14225777
14614549
14794081
14913991
14943377
15172021
15268501
15978007
16064821
16253551
17229283
17270369
17449417
17511919
17683489
17701651
18095923
18158251
18181657
18215671
18225703
18342241
18614077
18636049
18727201
18797461
18875711
19190959
20274661
20509441
20536001
20754049
21010001
21627709
21810359
21907051
22187791
22325353
22536001
22904311
22953673
23017429
23020999
23065729
23346509
24276961
24469329
24706081
24904153
24914891
25561549
25603933
25930693
26254201
26385497
27029647
27392041
27429377
27643057
27665639
27956503
28424593
28437763
28579057
28597861
28672099
29426513
29791001
30033667
30141469
30142711
30202631
30381151
30658031
30874489
30913039
30971711
31004293
31181581
31315033
31321201
31760737
32065681
32437021
32817151
32951621
32981651
33146717
33298411
33717991
34339141
35229889
35820937
35845633
35847089
35851037
35981713
35997901
36063529
36494371
36915229
37093627
37482913
37656013
37962541
38120041
39177997
39383161
39569701
39669841
40105477
40272013
40765033
40916591
40917241
41027227
41798401
42031513
42149971
43177021
43326991
44963029
45819541
45931117
46100029
46107227
46209691
47020177
47503471
48125437
48525751
48565567
48690721
48722477
48739991
49459801
49735351
49896001
50341169
50523661
50683547
50690851
50886487
51008921
51347521
52211591
53638903
53949761
54131743
54771211
54963049
55483741
55763161
55986001
56547649
57291781
57329119
57833861
57974113
58076353
58449847
58624039
58848017
59318533
60033403
60239521
60270769
60372937
60759721
60996097
61052077
61711021
61754941
62199505
63407149
63712169
63721897
64042903
64367845
64810369
64852867
65627041
65676139
66345221
67127761
67971751
68144833
68154001
68314357
68512867
68894981
69128641
69731161
71496211
72158923
72239311
72611701
73263541
73760633
74581721
74620739
75320341
75322861
75644251
75952669
76242241
76755851
77295961
77439521
78795181
79828531
80078461
80207381
80426641
81926461
81955217
81968083
82416101
84350561
84543691
84734533
84792577
85146973
85296251
85409941
85719871
86041651
86281567
86854721
86934649
87071573
87622301
87992011
88256449
89050417
92079373
93357361
94293791
94775927
95358829
95591941
95652241
96232501
96711277
96904081
97071211
97219361
99088573
100033481
101484361
102469469
102659657
102678031
102901633
103788301
104376661
104573629
104670491
105043709
105259079
106548901
107228221
108869707
108973411
109316593
109529809
109838431
110135821
110647021
114329881
114739801
114895691
115713313
115805593
116138593
116701003
116799301
118566533
118880065
118901521
119556487
119693267
120561319
120838609
121480711
122371093
122505571
123134485
123339241
124038337
124252921
124337251
124477057
125488219
126132553
127238761
128089573
129681931
130944133
131508301
131553857
132245291
132868363
133201121
134176771
134666659
134777221
134966789
135969401
136597987
138336661
138834931
139319293
141618181
142131553
142137019
142160509
142701161
142882057
143106133
143168581
145603333
146432287
146505547
147028001
147405259
148468927
148687441
150155039
150457819
150610591
150988753
152120767
154658107
155239979
156801377
157492651
157542533
157803521
158489501
158782891
159081841
159773251
161184013
161489989
163263169
163759753
163764641
166039259
166595131
166646657
167872069
169056961
169771541
170856533
171068893
171557101
172024021
173085121
173163691
173254033
173401621
173492801
173726219
173989873
175825963
176977921
177254533
177287311
178639651
178937851
179298571
180497633
180739049
181039259
182058181
183271741
185040703
185893291
187116197
187248307
187546133
191608327
191951761
192800833
193592059
195215353
195218167
196049701
197137123
197239591
198797743
199491661
199789441
200629619
205704181
206510141
206893069
208615843
209007229
209106361
210023917
210935041
212917157
213127501
213835861
214424251
215612401
216821881
217472501
217517653
218624033
219028961
219119941
225118433
225853633
226637371
226965751
227753461
228181201
228388777
228483377
230402281
232794253
236337683
238172971
238253821
238625347
239983153
240687739
240961501
241368805
243692489
244061371
244797457
245957713
246180019
248176633
248945183
249430969
250216801
251136901
252722557
252829711
253766101
254297473
256167473
256959865
257460851
258234401
258404999
258969565
260736341
261186001
262636621
263181073
265487713
266952871
267155461
273480637
273949561
275151061
276071473
276134501
277650839
279531001
280312003
280611631
283229491
283463077
283558811
284017861
288063917
288120421
288431441
289415617
291185767
291644929
291760885
291766049
292244833
292776751
292829401
296285011
298355713
300580237
303920317
304131421
304593241
305601991
308550061
308952547
309255301
310827697
312703093
312773141
313192657
314154937
314175205
314205167
314508127
315418603
315572753
316315117
316583041
319053281
320454751
323345713
326396393
326545351
327319799
327699649
328402181
328573477
331086559
331603201
331868197
333285583
334258217
334449901
336273211
336293579
338154037
338167373
338533441
338878513
338947571
341223763
341906743
342664081
342974521
345808807
346245257
347743189
349138567
350598481
350813233
351570571
351739181
355297301
356036539
356184721
356991571
357810181
360192691
360319373
363941467
365825377
366487201
366532321
366834697
367678981
368081911
368113411
368755201
369610237
371696851
371898727
373259833
374703127
375670177
376957153
379067939
380086981
383793541
384040001
385716601
386925551
387132001
388695301
389733401
390958237
391443361
392990749
394078105
394613521
398106253
398553121
398599489
400253701
400395997
403043257
403335073
405739681
406548481
406858999
408265313
409078861
409803497
414585205
415108891
415920331
417642121
417883237
419691581
419989753
421138801
421392401
421589251
422575021
434644033
435993301
437239529
437297801
438247427
438306553
440306461
441365065
443353633
444435421
446628601
449340211
449857921
450276517
453967739
455454649
457704901
457990703
460965061
462743971
462981961
465184301
465335459
465658903
467525257
467751301
467814241
467929001
468511229
469150813
470063791
470896201
473207911
474074533
474222971
481089467
481135021
481734401
482348197
483029821
484921609
486048419
487322893
488656981
489583579
489770863
490234951
498442951
499674023
500747293
501505561
502478029
504248399
504870241
510285907
512376047
514475791
515766901
515973587
520399381
523908449
524163641
527240767
527761081
529214311
533913491
536484031
536682511
540427031
542761301
543478433
546719837
547839451
547927889
550312621
551171479
551939851
552726481
559409311
560612167
564158449
567277181
568902001
570246157
574622333
575955377
577232657
579960919
582799951
584570491
586509481
588001681
588615553
588956479
591043771
596638711
598615799
599645047
600284131
601941497
603041791
604066597
605736847
606860993
610200961
610739257
611071663
613438723
613562797
614354851
617460209
620169113
620169409
621012547
625225921
625920751
630918367
637840523
638117677
639610843
641601871
641731651
643093201
643672121
644781343
654154801
654743681
656374343
656793899
657024097
657515881
659030131
659739019
661778741
662222107
664661453
665498107
670208533
675066289
676640641
676901101
677693017
678407557
678869749
680983817
682460501
684634133
685903681
687473983
690422839
693700411
694656901
695116411
700778389
701863939
702683101
702716401
703052869
705974701
706326787
706562851
711675667
712362769
713966779
715040569
720385903
721188181
724969087
727083001
728458501
730148849
730704133
730817641
732115679
732355909
736602049
739117191
739444021
741784429
744682277
745170229
746433997
746864071
747912961
749894041
750631033
750632137
751056223
752092867
753022201
753574537
756017461
757158533
757687771
757989307
758056531
758687581
758990731
759622753
759778879
763670233
766672741
768729391
770200705
771063991
771730201
772168021
774216089
775136251
775866001
776728661
777412891
777664639
779753251
782130553
784810297
789375511
789475249
793746323
793813333
796272041
800118685
803744371
805470307
808562791
814490449
814926961
818750701
822709717
826945621
828781231
831821327
838074473
838311841
839280691
840722717
840883079
841425337
842960981
849606031
851619823
851778817
854187181
856943977
857538991
858579859
863798461
863984881
865973473
869003731
873631027
874290451
875605121
877532671
878639833
878677801
882841051
883807201
888087961
888825211
889011229
892650067
893503361
896231953
897604129
899600833
900905219
901848301
902096161
905595211
905989867
906916069
907514561
908801191
909942307
911414041
914008639
920166017
923885065
929559403
931644583
933184801
934142119
937359701
938376181
941466601
942757001
946495369
946840141
948515521
951941161
954199819
957475741
965975393
969289147
969648443
969971761
970355431
970705891
971747281
972766147
973590949
982129951
988828111
989484343
994876579
997894969
1000688851
1009402363
1010461121
1011704047
1014119947
1016265209
1016267971
1019091943
1024483949
1026498961
1031009741
1031268961
1034583551
1035597401
1036272061
1036449793
1037945101
1042883459
1043340751
1047711901
1051412461
1064519011
1065215581
1070941987
1071925249
1072839941
1073299501
1081298419
1085826901
1086330673
1089319177
1093270511
1093916341
1095225301
1098000091
1105322653
1105782913
1105941689
1108505777
1109849521
1111125679
1116714413
1119010861
1121176981
1123290649
1124549801
1126917241
1129146481
1129716811
1132002847
1133749231
1135428031
1139434453
1148103043
1149135751
1149609221
1150097791
1152088033
1157445451
1158153985
1159693417
1160744531
1161306721
1163317681
1167812311
1168256953
1169560351
1171198547
1173129641
1177300951
1180550197
1181364553
1184298943
1185397153
1188646903
1191584291
1192252987
1192412033
1194838823
1196944351
1196969707
1197919711
1199111941
1207338049
1208548501
1210178971
1210525009
1211235121
1211677099
1212104893
1216266563
1217107079
1217181061
1218900541
1221654211
1224772165
1225957951
1229238817
1229956003
1238490691
1241511301
1245989471
1246930393
1249875001
1253927809
1256671109
1258094801
1259864119
1261099531
1261570133
1263293281
1268275231
1277310731
1279033001
1286407711
1291412431
1291773451
1293526733
1298342101
1301171071
1302145267
1305573389
1307520469
1308630163
1309418027
1310926129
1311616153
1319315713
1324344341
1324676449
1329028537
1329662179
1336210313
1346035591
1347387361
1349461537
1351834117
1352265949
1356374683
1359192151
1360292071
1361081653
1370135521
1372681861
1374388621
1376331881
1376483627
1395354049
1396183367
1397678699
1403871533
1404228421
1405233919
1407317761
1408610503
1409936611
1411049861
1412756801
1413112411
1414125451
1415333485
1415769601
1416748349
1420057633
1425860101
1426015501
1427393089
1430446951
1430803057
1431651131
1438652377
1440636539
1443648961
1444095001
1444886801
1447274089
1448787649
1449438131
1452759401
1453548403
1457464633
1463178817
1463992661
1464568381
1465217911
1465307351
1469059481
1470616291
1471374631
1480264291
1480849831
1482274513
1483056401
1488317761
1489022263
1490056501
1490308159
1492762133
1493547413
1494595801
1499467841
1504372717
1509779081
1512433217
1513581071
1514301179
1516410901
1517403721
1517423851
1518446359
1521724289
1525710289
1528901011
1536694933
1546162759
1547125507
1548401999
1548577603
1548686081
1549023071
1551907771
1556329633
1557560821
1562408563
1566439381
1566447919
1569202181
1574362441
1579703641
1580676571
1582547851
1583572381
1584070783
1584498187
1587577867
1588247851
1591121041
1592595703
1594250101
1595622997
1607483593
1610083333
1613347741
1618070737
1620149701
1630307617
1632785701
1637434327
1638564181
1643665021
1652939917
1658247053
1662784117
1671276601
1671603667
1674091141
1676631601
1676796353
1678151707
1683056101
1685933449
1686574693
1687491931
1689802633
1690914781
1696688603
1696969441
1697213407
1698623447
1699539991
1701760373
1703202733
1703644801
1707905141
1708297039
1716037529
1722463471
1722685777
1727781571
1729369651
1732133677
1739695721
1741080661
1753593031
1754128069
1757148121
1758442981
1763009431
1772821867
1777380301
1778233969
1779954023
1780945501
1784455147
1804182257
1816986529
1820306953
1822479751
1823915273
1825813247
1830703711
1830949313
1831947001
1834762261
1835114401
1838453203
1840610479
1842634501
1848393901
1851216445
1853357827
1854688471
1856556199
1856689453
1864009153
1877445571
1878138491
1878691753
1879358911
1880645581
1887518329
1887974089
1888916741
1896689737
1900589231
1901821241
1904524903
1905283801
1909566073
1910668033
1913296951
1913422591
1917399521
1919187667
1927500301
1930534453
1935225659
1943366041
1943378659
1950645187
1952289553
1952968753
1960577189
1960833421
1962730531
1964034689
1967196001
1970256151
1981681153
1982399297
1985383931
1999053601
1999817009
2000436751
2008585897
2017809361
2024139277
2024198821
2025444097
2028416021
2030180071
2034039871
2036224321
2039214857
2043273961
2044871681
2054145677
2055471401
2056137073
2056513741
2058751477
2064877291
2067222679
2068919191
2075469761
2075486827
2082273301
2082440533
2087119721
2089315621
2089977697
2090066947
2090411431
2093336851
2096692033
2097580697
2098469251
2101470541
2104566283
2109467123
2110068221
2118913127
2120801521
2130134533
2130775201
2143267211
2148788881
2150969633
2154644431
2156567291
2159003281
2165183077
2169777961
2171600113
2172838141
2178944461
2178970657
2179515601
2180509987
2183848213
2185248913
2185790549
2185966451
2188118941
2196154451
2203663621
2204931499
2205945613
2208229453
2208676471
2210611339
2211802783
2216677409
2217187141
2223501481
2224929257
2228040601
2228142883
2231111413
2243767909
2247330067
2251732033
2253467701
2254796281
2255968331
2256666133
2262235823
2263411351
2263594717
2266540319
2266645757
2281497821
2283289681
2286810307
2290910257
2294786701
2297978413
2304120001
2307480211
2312840771
2320640011
2321551751
2331286189
2333010751
2345907961
2346190001
2347597981
2349294193
2350302319
2355342679
2359020301
2365538281
2368314131
2375278987
2377356841
2385801251
2386688509
2387194951
2398342561
2404942541
2414673271
2418000941
2418145549
2419277491
2420406487
2423195777
2423573629
2424479851
2430027689
2430813001
2432483983
2447358211
2452746671
2455024133
2458169299
2475131293
2475882641
2480343553
2484548947
2485230751
2489647861
2494128451
2501314817
2505657541
2509687801
2509860961
2519297089
2523677311
2525957851
2529410281
2531385001
2534970901
2537726491
2540469901
2545660981
2551365769
2552569111
2552783381
2553045097
2557434461
2559338497
2562123961
2566804501
2568560051
2573635501
2576441717
2579015701
2584002361
2595811297
2598933481
2603622751
2605184401
2605557781
2605651687
2609471341
2613382201
2634284801
2637916051
2638535329
2640902401
2642159809
2642233021
2647799771
2654934631
2658630913
2661906001
2670972949
2672949301
2674192993
2674839511
2676148399
2677167511
2680432093
2688611797
2690867401
2694462343
2699333071
2708594311
2712456601
2716011121
2725014001
2735844931
2742680221
2746135801
2747671411
2754547123
2762340043
2766403333
2778245441
2780537261
2783011249
2786208841
2787998641
2791099651
2792583553
2807249551
2814414331
2822521411
2825682553
2826128971
2826445537
2837697773
2843249011
2847823829
2851007309
2851693501
2852341913
2857661953
2861991427
2864687951
2865729721
2867059963
2870118421
2871232033
2880052969
2880531161
2886402487
2892431701
2894667781
2900287081
2916155683
2923897861
2938016701
2939187161
2939594407
2945208001
2955621997
2963906177
2966697553
2969698621
2973752101
2974506841
2974769767
2978766341
2988844097
2992079107
2992729291
2996498881
3008333333
3019743973
3020423491
3023049727
3027383837
3028738451
3029798539
3041902291
3042463139
3056395543
3060288353
3063830207
3070380853
3072773533
3076018681
3092032133
3102607621
3102717619
3105542683
3112331203
3115939861
3118538471
3118737407
3132312289
3133497313
3133853971
3139608361
3142095661
3155130091
3155267197
3159316801
3161682281
3169337893
3176875651
3182781811
3184139701
3184396249
3188996411
3194547721
3194651851
3200416363
3200985217
3211036165
3215031751
3233400721
3235436101
3238373629
3248246849
3255246091
3263568901
3264973531
3265071877
3274264033
3281593591
3289794223
3291521203
3294478279
3295191643
3295710463
3298453619
3299532251
3299956747
3304307341
3304861061
3307964701
3312289751
3319146865
3326375401
3327161599
3331848101
3334168477
3342178531
3349042841
3349218881
3363288139
3369555853
3373534033
3384511801
3391273999
3392863861
3392896597
3393802261
3407380211
3409329071
3416189173
3417002101
3419628881
3423084673
3428626237
3434250301
3439126051
3440355353
3450410261
3468944233
3469450477
3469828477
3480908203
3491109091
3492883081
3495943153
3496210513
3496282927
3497642209
3499666073
3512369857
3525853759
3529344607
3531011453
3531794351
3541832269
3541895177
3542901181
3543615745
3552679187
3553567057
3573545273
3579106609
3584910841
3586833253
3591338701
3593037169
3595598305
3597195451
3612825221
3614083747
3624703723
3625309117
3628526287
3629871451
3631661183
3634697161
3640903111
3651150331
3659702911
3660967981
3661339771
3662878591
3664814347
3668361313
3670423747
3670572517
3671088013
3673331531
3675203029
3675261481
3679113199
3679556761
3683812021
3683943121
3688061441
3692283211
3698276741
3702277801
3720728873
3723104797
3727828501
3728463481
3731618911
3733646491
3740635837
3745806793
3758627665
3761727031
3765124463
3767166817
3771154801
3771718105
3777053957
3785729117
3789787501
3793282093
3798040471
3801016831
3803308813
3804352303
3807252307
3807959741
3809227843
3818341951
3821757787
3822556753
3826119911
3833454241
3835457341
3849423733
3856586341
3861611101
3869668351
3870110623
3880473409
3883479601
3891892421
3908413559
3909374191
3918456413
3925583551
3925888201
3935990269
3936050119
3955968451
3961899397
3964220371
3964384351
3966877883
3967486339
3971095301
3976946161
3978427963
3979485931
3980097259
3984771881
3991500451
3995706943
3998127071
4009503697
4028172931
4028995297
4038242413
4042578403
4043278261
4046045257
4046203921
4048989001
4051494673
4054600801
4056376733
4062163741
4062381571
4078472833
4081479481
4082576387
4084761773
4084977601
4084990801
4085637517
4086816311
4096938379
4099980581
4112615123
4128379201
4140553477
4148213413
4150829593
4166230489
4168733419
4173838327
4179308131
4190223823
4200943489
4223174047
4224106451
4228090903
4232966251
4238383501
4242520853
4246940161
4251365101
4265045797
4286384033
4291189571
4291402651
4292880139
4294322269
