15
49
291
403
435
485
1261
1455
3007
3565
4187
4495
5089
6533
11155
12937
17169
21349
23959
25327
25681
32551
35623
39091
54223
54811
57133
59089
61337
82291
90961
129889
144673
149797
174871
191959
193285
208921
215605
216907
227767
234881
238855
241121
266071
270339
271321
305161
325801
328021
334153
341731
385003
396481
416641
449065
468799
483731
497503
500267
501877
513019
561601
589321
604117
636401
646561
667201
678709
721033
745681
747385
765703
811735
825563
865373
921469
940837
951451
954271
954577
976873
1017917
1026241
1042417
1056331
1069993
1151281
1151393
1159651
1207361
1209313
1212751
1463443
1477909
1491511
1530787
1576873
1584133
1592935
1641531
1688091
1690501
1720727
1745521
1869211
1898401
1898999
2052307
2158003
2248561
2284453
2298523
2326561
2337301
2339377
2387797
2508013
2531845
2603989
2727649
2741311
2746477
2748023
2819791
2948947
3059101
3114707
3125281
3166087
3194621
3272515
3369169
3402715
3635297
3715897
3797393
3882907
3913003
3985921
4067281
4109513
4177507
4181921
4231141
4265257
4278583
4686391
4797253
4933951
4966921
4997461
5019751
5049001
5102813
5297293
5348113
5599421
5623927
5668195
5897503
5915461
5979247
6157601
6314879
6351745
6444901
6611669
6675751
6675841
6710149
6719761
6765883
6773521
6774499
6832051
6868261
6965581
7028821
7032301
7113301
7563781
7586281
7648033
7686401
8070217
8163167
8332381
8385191
8417251
8465191
8587511
8823217
8829451
9031651
9118667
9312679
9582145
9729721
10000577
10066871
10386241
10512361
10604837
10778923
10780121
10791883
10930459
11110555
11158753
11268251
11287741
11344213
11677597
11710801
12114271
12163643
12170413
12205873
12266551
12767327
12895471
13187077
13189345
13267897
13326391
13341841
13476961
13605509
13747361
14053051
14113261
14687681
14731363
14742847
15188557
15247621
15610393
15950001
16117021
16136605
16143031
16210801
16253551
16346899
16398541
16553497
16645441
16945633
17070751
17089777
17689387
17762441
18073817
18158801
18212977
18438015
18535177
18809911
18934411
19172539
19239553
19295761
19442119
19578847
19732897
20272253
20296901
20726161
21039979
21355951
21780683
21810359
22187791
22369621
22828651
22881587
23528611
23867071
24189617
24904153
24944305
24980821
25397107
25936201
25942801
26256401
26505571
26694361
27128557
28043065
29073991
29564393
29574931
29581501
29716409
30206443
30513349
30987809
31201997
31349839
31715713
31799971
31937347
32212153
32761279
32786371
32813831
32817151
33264107
33836761
33847469
33991753
34094353
34211101
34516561
34644511
35452891
35646829
36441329
36574273
37006321
37439201
38010307
38214749
38295115
38903287
38903401
39447181
39521093
39545221
40376377
40832401
40839121
40882741
41046811
41353649
41384561
41485445
41585263
41848687
41987111
42474547
42495049
42709591
43583101
43838341
45175201
45694369
45741467
45880213
45883483
46679761
46977421
47253781
47390041
47400751
48070097
48481679
48544021
48722477
48892223
48915451
49045033
49146109
49174201
49412233
49837537
49977281
50445803
50997451
51088133
51137677
51500521
52305213
52505227
53576029
53965441
54637831
55513081
55610413
56160133
56380561
57727489
58003213
58457491
58465933
58725703
58859441
58947407
58969981
59309251
59318533
59631211
59840537
60033403
60390497
61441051
61474513
61539239
62693401
62878973
63368761
63397751
63606563
64042903
65363101
66262117
66345221
66381169
67416721
67775401
68041447
68182003
68462551
70084801
70695769
71345633
71723579
71937109
72186421
72315343
72721097
73464371
73836727
73854271
73945171
74705401
74927161
75609883
77009743
77805001
77810041
77823121
78051535
78201667
78587879
79110601
79398901
79442239
80104033
80806615
81376903
81635737
81729379
82085009
82606231
83248513
83400761
83759851
83842637
84354821
85413835
85733689
85888837
85996921
86149753
86484269
87273271
88225201
88252291
89896717
91104367
91331501
93216761
93357361
93591569
93719869
94014001
94945243
95075323
95279617
95535727
95985937
96028001
96129181
96878101
96990601
97442957
97684211
97863529
97967431
98412805
98607181
99115297
99458773
99790381
101152133
101159119
102004421
102636185
102816481
103243141
104569501
105536831
106146091
106374071
106667101
106742791
107520533
107738963
108467209
108758677
108925301
109316593
109529809
109838431
110647021
111202297
111340153
111411161
111472477
111820255
112830281
112957417
114037201
114329881
114366313
114923401
114966041
116151661
116799301
116806141
118054721
119204809
119366941
119576777
121277353
121820887
122089843
122739761
123399431
124038337
124559239
124640377
124709311
124840871
125595793
126440731
127417123
127758529
128112751
129200801
129257503
129623401
130485961
130944133
131062801
131158765
131496371
131685751
131815117
132245291
133574407
135821501
135969401
136408273
137200981
137583181
137745821
137763037
137932321
138943351
139156249
140377639
143859031
143951617
144076549
144113509
145001161
145377277
145820503
146078809
146171119
146316745
146640257
147505261
147517217
148436209
149389633
149762017
149848201
150457819
150614413
150988753
152279063
155530003
155840777
156552217
156983191
158988881
161216021
162026869
162486871
162919321
163897311
164292577
164578051
165039373
165283471
166319773
166350071
166445695
166595131
166981247
167160013
167472451
168948347
169302511
170176315
170312377
170782921
171068893
171295567
171817201
172186561
172290241
172667821
173476781
173612401
175804201
175883041
178918741
182565073
182947507
183402343
185040703
185653333
185766881
186125633
186985993
188821951
189191539
189307561
189650161
189734791
190154251
190526155
190990841
191191933
191879491
191892937
192223747
192241901
192857761
193296517
193564757
194339081
194389903
194430601
197879851
198336529
200790371
201257269
201261061
201634273
203269177
203482357
203545889
204582457
204814679
205823873
207737557
208051201
209896831
211364539
213474031
213835861
213848801
217517653
218206081
218414641
218624033
218850311
219029329
219176413
219367019
219471931
220512331
220962511
221793391
222524347
224136013
224736721
225197887
226359547
226366003
226828837
227418133
228663793
229386709
229714915
230323501
231912281
233232221
233529121
234269281
234610291
235606879
236841991
237062323
237217429
237680057
237895483
238031113
238253233
240687739
240938629
241630201
243576341
243732385
244061371
244797457
245968273
247333711
247818401
248104141
249130381
252326653
252876871
253158751
253394483
254405531
254559953
255873671
257131141
257395321
257460851
258778153
261962317
265560571
265731931
266149577
266419819
266895487
267567701
268276141
268626181
268976041
270215531
270525737
270868561
271479979
272615201
272774477
273083887
273163651
273460951
273519727
274455457
276023701
276356473
276694111
276932677
277591981
277864651
279019441
279096001
279452137
280312003
283484449
286950049
287051689
287390641
288311761
290149207
291035791
292491109
292538819
293379001
295840189
296553853
297812677
298216801
298362241
299671921
299722951
300580237
300866581
302412529
303012445
306191621
307533241
307920097
311066473
311076001
314283601
315938701
316898893
317734399
317958611
318099601
318250297
319489873
320217067
320894687
323554447
323778761
323858737
324221833
324477697
324766063
325527931
326000621
326387251
326658291
330016541
330433261
333486833
333853801
333916399
334456673
334719001
336270017
336273211
338455153
338777209
339195097
339549901
339942205
341678983
342052751
345674071
346510501
347019947
348115657
349138567
350240311
351843049
353828677
358778527
359910101
360329581
361167391
363371161
363476491
366532321
366652201
366805261
367678981
371259091
372432451
375819613
377187031
377694781
377806687
377996221
378993097
380142757
380182331
382216537
382304161
383657737
383793541
383853451
386925551
388852201
390155809
390609941
395858159
396231887
396237073
398034451
398566081
398599489
400764337
403095967
406134793
406989541
408330841
408777121
411999211
412151381
414486307
416234701
416662093
419415121
421365611
423465001
423664723
424814447
427580227
428183689
431721271
433299637
435022831
435993301
436198687
436271293
437491237
441507041
442592701
445202605
445930117
446756113
448232419
449026273
450640667
450872573
452040751
454039441
454745773
455863957
455935273
456648853
459971711
461151121
462086351
462391357
467089687
468725083
469097287
469209751
469534261
469861201
471045037
472284991
475569361
477078031
477527597
478035799
480404431
481637381
488104681
493287901
493961737
494650333
495832231
497493091
499127833
499310197
500983627
501134563
501972287
505226767
506832871
507525409
509551201
513111001
516034583
516243197
516376651
516465007
517361443
517567051
518820101
519146981
520809451
523916311
528013333
530714887
530717833
533913491
534702435
535004573
535836263
536600509
537343901
542013473
543266177
543346761
543478433
544337179
546911569
546989131
548124655
549530101
552143161
552706201
553737637
554658751
555102871
555926587
557058133
557795161
558035713
558987997
561235681
562572011
563751581
564860497
565859797
567141835
567737633
568898551
569784403
570073417
570605713
571645901
573269063
576056251
577232657
579326671
579956653
581354881
581603933
583266601
586612195
590649571
591717787
597507121
601884091
603503689
604636033
608917753
608963227
609244501
611888311
612966373
620939881
621787951
622137601
623662903
624787489
628741933
630828619
633289807
633659171
633944033
635165701
635689633
637408817
638257717
639437491
640855309
642096421
647817913
648298891
648470351
652042441
652413763
654947479
655059961
655467739
656227853
656723161
657383761
657414577
659526601
662614921
663699961
664574653
665761643
667271557
667827019
669916099
670208533
671119807
673432561
674801447
676728343
676880821
679033681
679975003
680022883
680860351
685923757
685943809
688777013
691622377
693010783
697821857
699623809
701665897
706415453
706801759
710232829
710470487
711304903
711855931
715340851
716089879
717831211
719956483
720351451
725871301
728851507
732782557
735651601
736177861
736559479
736668013
738782777
741111491
741981871
747031891
747870779
751056223
751746601
755914681
756205633
756318751
757158533
757982401
760295273
760497013
761599499
761932033
762711931
764033999
764163361
765186581
766281251
770597659
773286889
774027781
775164097
776081503
786763339
787527361
787838833
789375511
790422643
793324029
793813333
794399041
795013351
797367061
800018221
800055367
800387083
803744371
804862753
805699201
811478533
811876033
812764009
814290079
814441633
816718681
818248159
822390229
823106593
825708841
828772517
830440651
833824181
834060361
835239421
838021141
840455281
841167007
842738177
842795647
847697171
847775671
851026261
851830201
852081121
853144651
853242209
856815301
857100421
858704401
859769191
861657343
862424821
867965251
868111597
868529521
869109281
869560903
873631027
875827291
877532671
878208577
879170551
880230937
881824291
882133001
885493927
885631759
887141971
887222701
890336659
894611911
895262491
895398523
896231953
896901461
897880321
898166513
902884181
903108821
903500681
906078673
908574931
911484421
911538253
913608541
915743251
916383301
923993149
924304543
927169501
928543461
929220737
932064739
933184801
935823505
938376181
941056273
947854811
949273883
949324951
950371003
950693251
951715987
952407481
952717669
953370133
953745409
966000881
969161161
970355431
971103097
975765787
977755351
979363153
980706805
981434323
982585531
985075681
985563217
991609921
993397945
996950953
998033401
998163559
999260501
1002834271
1003103011
1005881197
1006505681
1010909821
1011127181
1015753601
1030994141
1031201921
1032898241
1034176141
1034283421
1035966511
1036995919
1037750617
1040313979
1041820867
1049144801
1050920461
1051911517
1052767153
1058816533
1063225483
1063760527
1064851741
1066564651
1075211381
1076148451
1077133397
1078750297
1083020161
1086693449
1087526497
1089682837
1091980289
1093270511
1093637491
1094375393
1094554151
1095205801
1095269293
1103102191
1104260761
1105887613
1107138961
1110148033
1111404407
1111459651
1112103541
1113154615
1113584581
1114323841
1117475543
1117805581
1119010861
1120806017
1124592431
1126262173
1126562669
1126866217
1127593801
1129146481
1129390421
1132690561
1133222353
1134696067
1135752671
1135755271
1136264545
1145170153
1148043403
1148674591
1152088033
1153294519
1153723663
1154691409
1159352377
1161306721
1164999553
1166152231
1167684751
1168444469
1171983937
1172817151
1173071059
1175033201
1175248961
1179551011
1183253347
1184576821
1184801171
1186915861
1188605087
1188646903
1189817371
1190139359
1190532361
1190946511
1192815779
1193664029
1195569901
1196852273
1198925521
1204034959
1204176751
1211847547
1219816261
1221191173
1221484447
1225055371
1231396939
1232013421
1233001771
1235804369
1236813955
1236868931
1237417201
1238963637
1247947051
1249042537
1251773353
1256745271
1256937361
1257102001
1259900671
1264638901
1265353501
1266989701
1269295201
1269854849
1273359907
1275265597
1276166263
1279938001
1281946261
1282568741
1287376579
1291412431
1291637923
1292407117
1293738493
1296517769
1299356269
1301504497
1302832169
1303352353
1305208297
1308277939
1308926191
1320395737
1321588771
1321964339
1323011377
1323136501
1326765581
1334309761
1336100959
1343575381
1346400631
1352453257
1354966273
1359481589
1363701821
1364032801
1364378203
1365287239
1366722241
1368560719
1369073473
1371645601
1372681861
1373452033
1373869801
1375019101
1376292151
1376700343
1376799577
1378203751
1378931531
1379481583
1382700211
1385866861
1386975871
1387360321
1389975149
1390850491
1394632891
1397169091
1399230289
1401197383
1402248403
1404008369
1404228421
1406989477
1407548341
1408610503
1415769601
1415929831
1415982571
1425314521
1430021347
1432354901
1438648993
1440025795
1441038187
1442067433
1444957753
1445020981
1445124913
1445235457
1445838829
1449774397
1451737981
1457491171
1462393201
1463245831
1465307351
1465749451
1467021349
1467403213
1471488077
1481837701
1483698077
1484742533
1484868061
1488708163
1493302141
1496207809
1498015531
1498561051
1501194397
1502603569
1503834553
1506428491
1508588185
1511042851
1516410901
1517021371
1519132309
1519722047
1524472489
1524515461
1524708013
1526732803
1527188461
1529279011
1530655057
1532813647
1536693691
1538046761
1540188791
1540208251
1542770497
1545387481
1548553609
1548686081
1549071509
1552103821
1553137561
1557211657
1558913203
1562337071
1564278211
1564930831
1565791067
1566954401
1567720631
1570997431
1572777551
1573481911
1577575429
1587650401
1588247851
1593706201
1595225153
1595638801
1599352267
1600817539
1604758351
1608729127
1611120619
1618435171
1623375733
1624124989
1636644571
1638983347
1641362581
1642736519
1645859251
1645913849
1648024813
1648076041
1650634351
1650920129
1653848353
1661399699
1663037419
1663451551
1664337601
1665597781
1666230595
1668217027
1669638205
1670817061
1671268435
1678151707
1684823923
1686285901
1688983957
1689340199
1692605041
1697597201
1698226609
1703130133
1706078701
1707699491
1708079101
1710036901
1717239889
1722064189
1722463471
1722477833
1728246661
1729633751
1731275341
1734150293
1738190981
1738687469
1741931335
1743657931
1746040297
1748100181
1749037861
1750803169
1751804111
1754576617
1757781241
1759423177
1759449889
1763702533
1767458281
1767562897
1767803047
1768213009
1771447019
1771976251
1772877943
1773900833
1776794881
1777410623
1778233969
1781415043
1784323201
1786412629
1787127817
1787934881
1791573673
1793322301
1804854041
1809980069
1810586701
1817754571
1818176209
1821514633
1821792457
1822479751
1824111841
1833111001
1844191801
1846362223
1847580841
1848719701
1854524197
1854597851
1855197671
1855689973
1856689453
1856828647
1857304891
1864109131
1865115851
1866409861
1867661335
1868747113
1869875281
1871501633
1873059805
1874850349
1876559203
1876900481
1878691753
1882413649
1886526721
1886676037
1891474103
1893583519
1894238473
1894909141
1896151819
1901264641
1910668033
1916606665
1916660269
1917397637
1919870177
1922485969
1929930209
1930403333
1930913801
1932808963
1939808261
1944739411
1945335013
1949722993
1950942337
1955219311
1958072827
1959685331
1961489531
1962955177
1963493099
1970097001
1970256151
1974624121
1988672533
1995972031
2000241751
2002848751
2005360351
2008585897
2009621503
2017729117
2023528501
2024149843
2025687511
2026493641
2028342751
2028502303
2029830409
2034695111
2034961003
2036454811
2042467741
2046462211
2051419609
2051965081
2052872101
2054711381
2055634561
2060757001
2062726597
2067834679
2072488771
2073912961
2074357273
2076192007
2080115581
2080995841
2081421131
2082146617
2083455001
2086236181
2086356763
2087028067
2090439361
2097317377
2101744837
2101961773
2113315171
2116921801
2117710997
2119380587
2123193199
2126142679
2126151977
2131129969
2133109481
2134020781
2138151709
2139357631
2141033203
2141340833
2142238841
2147527219
2147601331
2148788881
2156567291
2156767003
2164979689
2175136133
2176369105
2180509987
2180976841
2181097843
2183385271
2183757409
2188940869
2189562041
2189630269
2196265121
2196825511
2197262721
2199931651
2201642801
2201924341
2203537373
2207748251
2225653201
2226049561
2230305949
2231602759
2236125121
2248302673
2248920181
2254796281
2255135401
2265751769
2268928751
2270818453
2283040759
2284841791
2284991831
2287769251
2292773083
2292790567
2295057073
2295200641
2296894753
2297067967
2300319061
2301745249
2305346443
2310059971
2310142321
2310348721
2311558021
2317285381
2317403089
2331181621
2333226821
2334635101
2335522393
2342409691
2344054721
2345301421
2349707161
2360459767
2361316621
2365443001
2366768647
2379343513
2379503947
2387410733
2396506351
2399267755
2403352451
2404297897
2407398757
2408136221
2425249601
2425477237
2439516691
2447006251
2448848981
2449222381
2451417461
2452746671
2453242457
2454316411
2455530241
2462589911
2463572681
2477269363
2477740981
2481486827
2483322319
2487733333
2496970411
2502525637
2503686851
2511404227
2516234251
2519186671
2526457741
2528093233
2532226393
2535849229
2537105761
2537319901
2544014551
2547621973
2560600351
2560891327
2561654099
2563766041
2566454311
2570498893
2575080397
2577345541
2579163931
2579510491
2582799451
2584361761
2585281861
2589458327
2590729369
2600705017
2609294101
2632766221
2639808209
2648320897
2648663095
2648671957
2654499193
2658630913
2659489255
2659939453
2661018361
2668410161
2677147201
2686006327
2686176643
2690408533
2709237361
2716196419
2721666817
2723932801
2727639199
2731189577
2734079407
2734668077
2736983147
2746021741
2746934857
2754547987
2755274593
2756446663
2769361921
2770112377
2771243329
2772091591
2777244817
2779075001
2782170851
2784221519
2789928577
2792971513
2797520377
2797912987
2802534877
2803108267
2813512591
2814002297
2814205441
2814762229
2822521411
2827980917
2831111771
2836115713
2837102833
2849658241
2855058901
2866785991
2869934491
2873954665
2879006611
2880239041
2884789153
2886402487
2895140767
2900448163
2902600495
2909354977
2912542921
2918295451
2927963231
2931235877
2936428741
2937527693
2939222551
2942313043
2943403453
2947475521
2957310281
2961300187
2962698997
2971649101
2982283951
2984031679
2986447897
2986522309
2992394501
2994886093
2996755061
2996944133
2997792841
2998202353
2998890331
2998919873
3003295079
3003661097
3004412993
3005168783
3011747317
3018147217
3018576689
3027383837
3032857063
3037024537
3039498001
3040905281
3042763501
3044695243
3049924879
3050927767
3051542971
3053183869
3056170651
3058507513
3061961551
3067483231
3068534701
3070208261
3072497671
3079684693
3086007567
3090809369
3103134103
3106850687
3110830003
3116439929
3140060581
3141820981
3152531491
3163106953
3166348351
3167917873
3175526971
3176241811
3181209571
3187035113
3190820053
3192479137
3197067883
3198682369
3199095769
3213895051
3216762067
3221205697
3224916437
3228488869
3228492961
3232912621
3247318717
3256432411
3258193681
3258539359
3263568901
3268990561
3277653133
3281593591
3284679379
3285113599
3286254721
3294279361
3294471607
3295067821
3302654131
3303216641
3311872219
3314054269
3316591139
3320669437
3323380217
3326149703
3331300033
3332685089
3332755687
3332800021
3332833453
3335362801
3349859701
3352091557
3364774981
3373586371
3374957881
3376005865
3380227111
3382983521
3386176237
3388369051
3403953463
3410341351
3413659705
3431981503
3434575327
3442964671
3446341627
3447050713
3448620793
3448739269
3455220497
3462909031
3466495957
3468203929
3468647941
3479716321
3481538581
3483871969
3484560721
3487407029
3494672641
3496558301
3499477831
3506501791
3509345701
3514426609
3520622887
3526964039
3533856913
3547777349
3548536291
3548607841
3556373647
3563845411
3578189341
3578376151
3582244307
3585029407
3590989313
3599103691
3606132601
3610247851
3611895841
3619046569
3625062673
3636605633
3639723979
3642436321
3644917381
3656511073
3661339771
3663218651
3673724641
3673744903
3677180797
3677410861
3678934981
3679113199
3692426431
3694001851
3694630441
3695854537
3700380031
3701035561
3707256491
3713066389
3714969163
3723922723
3726384091
3726541897
3727828501
3732063739
3733646491
3736754641
3738216191
3749379607
3751554581
3759810401
3761082697
3775041931
3781348351
3803542921
3806586631
3817178009
3817706621
3825498029
3828830921
3832953601
3833044801
3837362971
3853584967
3864025441
3874459207
3874471147
3875965417
3881648317
3882346903
3888925501
3892928203
3903999451
3908165713
3910653577
3910753171
3911438521
3913957081
3932068741
3935864017
3937526911
3937994413
3944127601
3954281983
3958842571
3961899397
3968871469
3971095301
3971421169
3976946161
3977364241
3987959561
3993401411
3998763901
4002592133
4005122557
4006005131
4019443759
4023844777
4038105779
4039126801
4045222081
4047536539
4054583737
4055627339
4057195309
4057891111
4058135383
4060164403
4074352333
4075241633
4080580381
4088742941
4090074721
4099980581
4100934241
4108970251
4111669693
4121418601
4126424287
4127050621
4134219589
4134414961
4135285369
4142995639
4144277083
4144945351
4149453829
4150829593
4157233571
4160411251
4169723449
4175362133
4181176273
4187360341
4187906581
4188496861
4193710099
4196870581
4199651597
4217739181
4218234211
4222816267
4223347187
4227324551
4231206961
4231750615
4234083173
4235818861
4246940161
4247839981
4250512241
4250911061
4275093901
4280905831
4288466921
4288586251
4288642381
4290823615
4293938053
4294868509
