9
15
45
169
1035
1441
2611
2977
3961
4187
5461
6697
7107
7601
7711
11521
12403
21073
22177
23377
29341
33001
38701
49609
49771
50737
51493
59977
75241
80941
90521
90751
91831
97921
98881
106159
112897
121301
146557
154101
158237
188191
194701
197633
219781
226801
228691
233081
237133
237817
241621
256059
256961
269011
273949
286903
293401
314821
347387
363049
363091
371209
371713
407809
417589
423721
458989
484391
497503
530611
584803
585631
597871
665281
669409
702301
708401
716941
729061
752161
818137
840781
844441
876961
907069
965497
995731
1010141
1027681
1032533
1072261
1090051
1152271
1153741
1167527
1194761
1223251
1266481
1347319
1431937
1436791
1536053
1572517
1627921
1746553
1752571
1759297
2008021
2030341
2102707
2134277
2142901
2168401
2182267
2257921
2360761
2442799
2603381
2618221
2746477
2780381
2795251
2795519
2828801
2848217
2892611
2987167
3093697
3117547
3452899
3456251
3488347
3489641
3794761
3850001
3885157
3979291
4040101
4041841
4082653
4091437
4255903
4411681
4413223
4439779
4545751
4577281
4695401
4825717
4846337
4868701
4944255
4975961
5005801
5090821
5122133
5310721
5328181
5328301
5351537
5406787
5467543
5481451
5535601
5784361
5968873
6081769
6204593
6291541
6365941
6420781
6444901
6494801
6594901
6749021
6868261
6990481
7004881
7092199
7143571
7214969
8036033
8260591
8293381
8333333
8386561
8394031
8417281
8502551
8622049
8821333
8881153
9011497
9080191
9184183
9272701
9533701
9744827
9780409
9986869
10267951
10303151
10403641
10565713
10592389
10751291
10813321
10837601
10855837
10924129
10953097
11213801
11268251
11415301
11543851
11791897
12169561
12409021
12539507
12578287
12667201
12721591
12890503
12975691
13012501
13232617
13338371
13696033
13712953
13773061
13872541
14154337
14173531
14282143
14687681
14799937
14846441
14913991
14972959
15134981
15247621
15444917
15514969
15560651
15873481
16149169
16253551
16666963
16703521
17064007
17098369
17116837
17117143
17129921
17165131
18361939
18558247
18736381
19079593
19529401
19661461
19923751
20081953
20234341
20780299
20830231
20888737
20904799
20937241
21397381
21578377
21630631
21813661
22342861
22365015
22369621
22847089
22953673
22994371
23399351
23442901
23637751
24002651
24336385
24599909
24642239
24735061
24904771
25528123
25665001
25933751
26017291
26280073
26526817
27219697
27625261
27956503
28103041
28152031
28541651
29426321
29581501
29953129
30058381
30824399
31040833
31150351
31371121
31405501
31735621
32128573
32372551
32662169
32817151
33523981
33552553
33772033
34146001
34209281
34359001
34989571
35018777
35670377
37677751
37734289
38010307
38676301
39634201
39676033
40166017
40390327
40917241
41195701
41210599
41710411
41861359
42312013
42734369
43036003
43237261
43326991
44160481
44731051
44736511
44963029
45175201
45193853
45879941
46107223
46112921
46217311
46328333
46479901
46584037
46672291
46977421
47561761
47632513
48064021
48136051
48525751
49019851
49062337
49613623
49735981
49955893
50465321
50649751
51038749
51510901
51733921
52309321
52592009
53167467
53390611
53494621
53713199
53731213
53949011
53949761
54245761
54393851
54511021
54585313
54637831
55930177
56196901
56417467
56479897
56764417
57031297
58003213
58092139
58197547
58587061
58725703
59226841
59552833
60032101
60697283
61237961
61363541
61393177
61772821
62734321
63455221
64041869
64113043
64677601
64685545
64843171
65359477
66230641
66235321
66410569
66790057
67533409
67979731
67991017
68462551
68512867
68586001
68601457
68687281
68768569
68839597
69176647
69485281
69700501
69851701
70098991
71040561
71107429
72543547
72721097
73527301
74405521
74510311
74874869
75642337
75823457
76192117
76950457
77146831
77211749
77224561
77526883
77605277
77637463
78644611
78944363
79375969
80304001
81571001
82480081
83204801
83342647
83470153
83900017
83989921
84568201
85719871
86027329
86557261
86868143
87120811
87466843
87676681
87968791
88388767
88691453
88768051
89456641
89998273
90050801
90535381
90599041
91116439
91474687
92143657
92596351
92696911
93305851
93591721
94789801
95391421
95829131
95959981
96798131
97879783
98690671
99036001
99432023
100601161
100907047
102560407
102602719
103253333
103906981
105857537
105919633
107016011
107391311
107632253
107906233
107930041
107997079
108264031
108699193
109529809
109804801
110127739
111609611
112248137
113251681
113605201
114329881
114536557
115805593
116151661
116219701
117771551
117987841
118846151
119953261
120982201
121495753
122505571
122739761
123671671
124573501
124924843
125081773
125354941
126619741
126762109
127776833
128187271
128697361
128987429
129762001
129767551
130072027
130285171
130716961
131369801
133121017
134176771
135807641
136738691
138403981
138609847
139027201
139503001
139534651
140709281
141165361
143168581
143951617
144304021
145206361
145568851
145603333
146021633
146481193
147039751
149636497
150155039
152196241
152279063
153294661
153384661
153890227
154185301
154219969
154427851
154944533
155328053
156973853
157618801
157687001
157926781
158516401
158729941
159459249
159741469
160312391
162315137
162395521
162809263
163140847
164042881
165199607
167385061
167579497
167631073
167692141
168905065
168961367
169315651
169396921
169514489
169771541
170189417
170491777
170584961
170947105
171109513
171504001
171516649
172140641
173678203
174167407
174435697
174670021
176296591
177349147
177370251
177473983
181467001
181934759
183524111
183589597
183595777
186923101
188479657
188537761
189030001
189231953
189357127
190475281
190496863
193966501
196287391
196796263
197974081
198144847
199789441
200100781
200584933
200790371
202092221
203742001
204280501
205400617
205635781
207324961
207444001
207872197
208125901
209301121
209990881
211487209
211559021
211730549
212018881
212027141
212730467
213835861
215310551
216507227
216718393
217985491
218112133
218335951
218535643
218603617
218947213
219669451
219802589
220261861
221793391
222939361
223993729
224582221
225724523
226247071
226474441
226810369
227180923
227512651
228842209
229059577
229233061
230357761
230697073
230762791
231058241
231415651
234189607
234610291
235305793
235766441
237568897
237760381
238627297
239600701
239825713
240311449
240354241
241477039
241505377
242222401
243536221
243855397
246447709
247805839
248270773
248544661
249067913
249520069
251987581
252267049
253158751
256730317
256915837
258804121
259180597
259649443
260107993
261079061
262503047
262979501
263428181
264418753
264544519
265731931
266395777
268422881
268526303
268556251
268942801
269179747
270525737
270803347
271289929
272970937
273498751
273602977
274937851
275240461
275650651
276327613
277210081
280302751
280395649
280634383
281960911
282589651
286835209
287294551
288120421
289125373
290344753
293606839
293731021
297995041
298246831
298355713
299266801
299736181
300515221
302635351
303319981
308162401
309748937
309959497
310290901
310532881
312542491
314601211
316349281
316583041
316885801
317369603
317688251
318465703
321035149
322873741
323014771
323391121
325352101
326035001
326469137
326695141
327252619
331286041
331868197
334963333
336309949
336488881
337312117
338253401
341981557
342567361
343017529
343483207
345086281
347368657
349470001
349470703
349566251
350129753
350743213
351739181
354390037
354870431
355202431
356210209
356604421
359696431
361198241
362297911
364127171
367678981
368133481
368476501
369200581
373291921
374925277
375996601
377210653
377806687
380142757
380297761
383425351
384243301
385038721
385401017
386407477
387865081
390491029
391502387
391667641
392803861
394365241
397242613
399238813
400253701
400374253
402358321
402752533
403095421
403548913
403918213
406176121
406858999
408285001
413183539
413670661
413757631
415228357
415800703
415920331
417027451
417268333
418226581
418667401
420465277
422082901
422100449
424814447
427165601
427580227
429360361
429902461
430227877
430414777
434644033
435227801
437029477
437255281
437696351
438229507
443278081
443708917
444055867
446235373
447949545
449241763
449378401
449886257
452098153
452330413
453557287
454766287
454900577
454945501
454979617
455419441
455683845
456842581
457274173
459964861
460262881
461319769
462489949
463098961
466606801
467135281
467491753
469209751
469328203
469690453
469784561
470063791
470119813
470203777
470905849
471168253
473170801
473617513
474054841
474892741
474946741
475468927
475469329
477086741
478578651
478939777
479586301
481153501
481649257
481916641
481967399
482120827
485543341
486063001
486992881
487252921
487890703
488328913
488585521
488656981
490894111
494048501
494583937
495832231
498059647
502104373
502535377
505226767
507635641
507960001
509771863
510651643
511775221
512032649
512626201
516097051
517567051
522585857
527466241
528415201
530613907
533600033
535630181
535921471
536457367
537143617
537242899
539019361
539883583
542253601
543096793
543730181
544952341
546911569
549162511
550437031
552294191
556020299
556488811
556685191
560612167
562467361
562903111
564186001
564535441
568339069
568478989
569332177
571460977
571706587
574870753
576488179
577493359
578185301
578575999
581795413
583914277
587159497
591503461
592769633
592883089
593190361
595996699
598702501
599178397
599374441
602728361
604863331
607988151
608917753
609260767
610712593
611852671
612025241
612816751
613606561
614120113
614643301
615355651
616885501
617177441
617479201
619302361
620053879
620169409
620928533
623662903
624732421
626123677
628294297
630888481
631974001
632189587
632669071
633595201
634467461
636111451
636691817
637599881
637956757
640355677
640596277
642290027
643334833
643765081
644240741
644453633
647265907
647519377
651014989
651861761
652969351
654346391
654520259
655467739
659039329
659846021
665356609
665626501
667563487
668658979
670208533
670567301
671457161
673607201
674234201
676880821
679418977
680860351
681872231
682317221
686851741
687959281
693005461
695816939
698007431
700622011
702343963
705728351
706368713
707089027
708143497
708477997
710741953
713197939
717293791
717653333
717909211
718053841
722072401
723352801
724160251
724938241
726093649
730449541
732234809
732384313
732736621
732842101
735173851
735658141
746425801
748691591
749496089
753731707
756959963
761053717
762278161
765743233
768780091
769122433
770884381
774044641
774409231
776342533
781471001
783623917
789375511
789924353
790223461
790829461
802795921
803343091
805506703
806013209
806798719
807218413
809670049
810455101
811921153
812036461
815430533
815712157
816002419
816049081
825053041
834204541
838117381
839630401
847178641
849172169
853044001
853416961
855073301
856667881
857902861
862716053
867323521
867560821
867854401
873631027
877080277
878504281
882569101
882879121
884584891
886922851
895669681
897756751
899012701
899908363
900673181
906608341
907514561
910020833
911484421
915641821
918767851
920479321
923161201
923233841
924171301
926281129
928761505
930509791
934007761
938376181
941348011
944500519
944949127
946314961
946366081
952254829
952976251
955188181
955609903
956358913
957009481
960392071
962375941
968283247
968978161
969415529
970355431
970560533
971576689
971747281
975765787
981258643
981613151
985052881
985809457
988120571
989810251
992582461
998105531
998524501
1003433131
1003509193
1006438651
1008256001
1011319501
1012267657
1027744453
1027816817
1027825849
1028004121
1030607951
1031371567
1031563027
1034283421
1035159049
1035172441
1036295569
1036876387
1037627051
1039480129
1039538119
1041752251
1045159801
1048385671
1049244601
1053541189
1054740191
1060646653
1061638337
1061958313
1063349249
1068134161
1068579821
1069110157
1070941987
1074283111
1078837817
1081176601
1082836351
1085111989
1086797671
1092215521
1092355837
1093637491
1094128897
1098000091
1098404941
1098639491
1105322653
1105941689
1107986701
1111114663
1111198117
1115131681
1115685463
1116084383
1120981021
1121431501
1129046801
1130274881
1130638207
1132343941
1135425547
1138710301
1139604589
1140446401
1142300503
1146408397
1148670967
1152779041
1154794009
1154840383
1155474409
1155939709
1162161361
1163343239
1172395153
1180970407
1184006881
1191584291
1192412033
1193229577
1193285761
1196800081
1197251977
1199276987
1199306791
1202207137
1204034959
1205606533
1216607509
1221044653
1221231493
1223958973
1227189121
1228229143
1238517649
1240879879
1242841693
1244269531
1247005981
1248065459
1248660979
1255663267
1256187217
1257102001
1257688351
1261099531
1263112261
1264887007
1265359393
1270287751
1272866167
1275523481
1275662251
1275882001
1277171701
1280223349
1280837381
1284674969
1286215961
1286298133
1289993893
1300121131
1301856601
1302145267
1308758533
1311616153
1312332001
1312944931
1316690077
1317157217
1324999331
1328256247
1332679937
1337765419
1338851011
1346429761
1349689903
1354103743
1356241321
1356374683
1362493273
1363838587
1364117999
1368838861
1369889011
1370085301
1376233717
1376799577
1394632891
1397391631
1397678699
1398883201
1399755601
1405748959
1410521941
1410810787
1412651017
1413112411
1415769601
1417152299
1417212721
1424748151
1425860101
1426068821
1426246973
1426319563
1426735501
1427107681
1430999557
1433928581
1436549071
1437866561
1440231941
1440752827
1442757661
1446812641
1448848957
1449492301
1455266413
1455527617
1460280259
1465017511
1465566211
1470358849
1474936871
1481101639
1483337821
1485498001
1486078903
1486564301
1487387611
1496217511
1499467841
1505432881
1506714533
1508953447
1514301179
1516010497
1517558401
1518251431
1525781251
1527188461
1528936501
1531799257
1536762061
1537657993
1540260931
1541405251
1549688923
1552189897
1552494131
1552636807
1556329633
1558913203
1559601941
1565441879
1570997431
1571015197
1573953541
1575887647
1582527241
1583205643
1585056481
1586613491
1590342781
1592595703
1605194197
1607530051
1609537297
1612287601
1614709483
1616039671
1618435171
1618701251
1624486967
1629353881
1630161541
1630290751
1632488251
1632785701
1635548221
1638564181
1642736519
1644689597
1668971053
1669458181
1674091141
1678358881
1682933401
1684175233
1685100691
1686354757
1690914781
1692876241
1708549501
1709585389
1709718341
1710129719
1710467617
1713319453
1713372781
1714322377
1715427451
1720090289
1720732861
1720994833
1722463471
1727809073
1729884511
1739618521
1741080661
1742815621
1746715727
1751506093
1752023437
1757055847
1773271009
1782318451
1784859679
1790023861
1790749549
1791426787
1792465669
1792717961
1797831793
1800038437
1805555201
1813261441
1816591951
1818271153
1822421407
1840737341
1841246749
1842249517
1848184651
1848246823
1851073393
1853186149
1854203941
1856009377
1861026133
1861262131
1874860201
1875289441
1878990067
1880504033
1882775467
1883425741
1889512561
1889973811
1893103213
1894955311
1895188429
1896689737
1896941377
1900687381
1900823653
1902237941
1906739551
1907276641
1908233471
1909432601
1910273863
1912900559
1913016001
1914389891
1922272501
1923671041
1925318851
1926685181
1931163691
1932072319
1934715889
1935567349
1943366041
1944125633
1950645187
1951469101
1951568041
1965205201
1984231201
1985222273
1985645273
1987732891
1987893821
2004299641
2009391301
2010149249
2010328651
2018354521
2019522457
2021046073
2021087569
2021874119
2032340977
2034039871
2035110007
2036224321
2045193151
2046408787
2046528013
2046582781
2046770701
2047516417
2049635767
2049700841
2050949809
2051486347
2052965701
2054470069
2054752223
2055471401
2057835781
2062726597
2063228203
2065840171
2069182981
2070303709
2070674497
2073912961
2078888167
2082146617
2086438129
2089798597
2096692033
2101170097
2103239563
2106111229
2119779481
2120345233
2123309191
2131004737
2137495361
2139167809
2139462991
2142324367
2148892903
2150843141
2150969633
2156767003
2162366251
2165405401
2169646561
2169743687
2170186021
2172209887
2175406201
2179720541
2185948201
2186929291
2187076513
2196427741
2201133691
2201642801
2203663621
2207122801
2208203271
2209463231
2210213143
2215901131
2223471251
2224278253
2229995671
2230305949
2231602759
2232193051
2234685643
2239117109
2239622113
2242724851
2248354153
2252818457
2255968331
2258436517
2261840491
2267429599
2279349937
2283836281
2286276673
2293014533
2297496961
2298700981
2312569969
2312963333
2321169877
2326319101
2344054721
2355792097
2361232477
2365443001
2373074971
2377553569
2381870681
2383905037
2391028399
2404912501
2414309437
2414673271
2417234821
2418196051
2431144801
2433791593
2437518481
2437783223
2442148981
2443708961
2449064269
2449578277
2452746671
2454106939
2455024133
2457085669
2462440753
2463604237
2472431959
2474177077
2474922277
2484548947
2487542401
2503267981
2509692901
2511354331
2517781267
2518208137
2519927149
2523901095
2525957851
2530618177
2547526637
2548776871
2553133339
2560600351
2566068345
2572579201
2573553601
2573624101
2574167041
2576679337
2583022261
2589172219
2596322851
2598183683
2598856943
2605557781
2606979883
2611561313
2616180821
2616889801
2629386761
2636360191
2639863601
2640060337
2649744257
2650402261
2657314351
2657666311
2661953731
2667421109
2667946817
2671761541
2674839511
2676236221
2683025627
2683275091
2690867401
2695064653
2704546027
2715421901
2716344661
2716473421
2717337949
2717807977
2722609657
2733894001
2735823511
2736066667
2749450859
2753538001
2753739773
2761545403
2764438429
2768248321
2768493547
2770420501
2777887297
2778076421
2782956331
2790104657
2796256297
2797799023
2822521411
2825266277
2827541393
2830584389
2831354881
2841461773
2842262431
2847423001
2851693501
2852595517
2853859373
2853985591
2857385719
2858105251
2858583961
2860846721
2873100061
2875626491
2878124257
2882524061
2887304617
2892431701
2898840841
2904676633
2905730561
2910431899
2911911913
2914194931
2915684533
2916550657
2918295451
2927963231
2930570501
2932556717
2933234251
2937916171
2939594407
2941194301
2944080133
2958516271
2971374701
2977885177
2981605771
2984440961
2985422551
2990615041
3008486401
3009620657
3016654621
3018117601
3019324769
3025708561
3042763501
3048189691
3048432241
3049386451
3055746401
3058507513
3058670677
3065771777
3069705673
3070144741
3070812673
3071018801
3071516923
3076452523
3077122133
3082310245
3088854829
3098126233
3098315881
3099239341
3102259031
3116834401
3125829101
3128383621
3148269359
3150947281
3151353941
3153425551
3155608361
3172279133
3172842037
3173558431
3175831873
3175887941
3176875651
3189888001
3200985217
3201533513
3204536077
3205512997
3215953163
3216222463
3219552779
3224934073
3227032009
3237041537
3237429211
3238053589
3247318717
3249335941
3259458401
3261979801
3263568901
3264973531
3273820903
3275763211
3281279821
3286184287
3288438833
3307016513
3313304557
3321401791
3324006533
3332800021
3334614949
3341976691
3352026133
3362179981
3362615407
3366379873
3376341379
3378411991
3380249461
3380374891
3383477191
3386114401
3397422541
3399890413
3400259311
3405369983
3410122141
3414771697
3418511845
3425644927
3426615853
3429689353
3431001947
3432881233
3434575327
3438861301
3439846441
3451682441
3452767201
3452858641
3453864329
3462964669
3473642521
3474418517
3474542497
3484185499
3486527293
3489672733
3493165633
3493302751
3496282927
3501932933
3502998451
3505364101
3535694497
3554062621
3564570151
3580416673
3584208721
3584800801
3587236981
3587802901
3601083511
3605775617
3608866007
3645942019
3661380361
3664814347
3670572517
3671837911
3673744903
3678586237
3679113199
3684465787
3685829809
3690934529
3711301441
3713066389
3713448373
3719121589
3728989441
3737592799
3739811041
3759963391
3765900139
3776698801
3783772969
3786262241
3789077797
3789640621
3790010071
3790542323
3790723171
3800306971
3808924201
3809582929
3826793581
3840585841
3848262053
3849290383
3849824749
3852800033
3853342711
3857150851
3859364701
3869958289
3878450413
3888925501
3889727011
3891892421
3900026461
3905876501
3907504141
3908908033
3910578299
3910819741
3917319841
3923050141
3927032831
3928653581
3929293061
3933756389
3942332501
3950795521
3967486339
3971677951
3976326901
3983921191
3992093171
3993102401
4001304583
4018979827
4027868101
4032512551
4032839791
4045120379
4046989561
4055746861
4058433931
4059250651
4061009971
4063748221
4064513281
4074696733
4075702333
4096926971
4100934241
4106260033
4114347781
4116631501
4123783361
4127050621
4128337693
4130060383
4134125893
4142981287
4144945351
4148104321
4148140049
4150098473
4158154001
4175289271
4176385921
4178491201
4182007201
4183664101
4186980701
4189350727
4201070077
4201794451
4202084251
4206006229
4211783731
4214814167
4218900001
4219963603
4228090903
4228571521
4231186537
4231206961
4234009397
4242354731
4245924871
4247045741
4247449681
4249998211
4267640833
4271434813
4273522201
4280863501
