9
15
25
45
75
175
225
703
793
901
949
1695
2101
3015
4453
6533
6945
8365
9911
13747
16725
17119
19909
20595
22177
22933
25425
26909
27931
28981
30889
31879
33337
45449
48133
49601
52319
57889
61337
65131
68129
68251
79501
86549
90721
90751
104175
104653
114589
134413
136051
139231
145027
146551
146611
149171
153847
155149
159895
163081
170171
172091
206981
221761
227767
259117
270481
281101
293401
307393
308925
314821
317251
387451
432821
436897
437251
443719
462001
475861
500267
536581
538981
541501
585631
587861
630463
633403
635699
658711
665281
668701
722261
741751
742813
745681
769757
784785
810241
819541
840781
861595
880489
901181
939727
951451
954271
984803
994507
1032533
1061341
1081801
1091611
1128871
1136689
1169101
1179799
1262701
1314631
1325731
1457831
1460521
1462919
1465201
1537381
1621801
1645723
1671031
1717633
1768621
1828513
1893001
1936001
1953671
2008597
2064479
2110159
2193517
2261953
2284453
2327235
2399587
2692387
2707381
2734021
2780381
2790397
2871889
2912491
2929291
3059101
3116107
3270403
3331899
3495311
3542533
3634633
3649141
3653857
3700897
3713641
3722161
3786901
3822607
3863575
3879089
4014361
4024081
4048633
4075291
4283511
4336879
4360897
4413223
4550671
4797703
4799887
4819681
4935701
4948973
5090821
5122133
5238001
5276993
5292631
5331313
5482489
5489641
5518237
5576617
5677201
5731237
5757197
5762569
5903497
5953741
6181801
6186403
6226193
6278533
6308989
6309901
6317411
6321187
6330721
6503131
6590425
6621763
6671407
6760513
6765883
6863627
7214969
7262413
7371079
7372769
7398151
7442011
7587901
7678921
7859707
7961801
8086231
8108101
8333333
8436011
8623441
8691607
8768293
8861833
8883811
9348325
9371251
9535485
9631009
9727061
9891995
10012729
10018807
10267951
10362997
10374439
10590721
10604431
10904437
10919647
11102171
11104861
11169523
11182421
11453203
11611081
11640751
11677597
11771775
12082141
12322133
12484675
12659989
12721591
12809063
12878077
12942823
13238401
13267897
13495729
13503997
13694761
14019193
14555221
14608133
14632537
14647981
14680027
14730675
14794081
15174853
15188557
15491969
15576571
15614671
15766651
15798113
15948601
15978007
16407091
16449343
16468001
16754501
16755481
16863443
17403821
17471147
17509153
17624461
17641471
17682337
17699629
18076819
18158251
18165061
18418429
18809911
18911341
19609801
19624861
19733771
20117467
20148731
20414197
20470243
20522475
20632051
20722111
21083413
21804967
21863761
21993421
22187791
22237741
22347001
22669501
22697281
22891457
22953673
22981933
23017429
23606519
23868781
23875531
23941237
24677771
24740113
25873381
26017291
26280073
26353601
26470657
26533651
26886817
27045025
27331921
28033363
28772641
28845199
28914817
29812537
30200851
30389743
30572977
30803681
30826993
31118081
31470211
31513861
31703017
32091781
32092259
32429431
32680981
32817151
33063967
33120341
33639031
33647041
33761297
33796531
34043101
34084181
34315489
34908525
34950301
35062427
35186581
35226929
35820937
35981713
36179641
36974341
37057021
37628371
37962541
38244853
38786147
39272833
39282193
39469519
39547171
39676033
40390327
40691863
40863061
41086501
41198543
41710411
42851749
43036003
44114701
44318977
44544211
44602091
44671001
44956753
45576121
45819541
45879941
46104697
46147271
46543213
46780169
47154619
47510581
47728501
47921101
48064021
48408961
48481679
49019851
49161361
49322387
49735351
50249761
50596261
50623273
51118201
51202165
51209567
51803821
51876301
52374451
52565857
52741417
52768549
52824127
53638903
53730067
54637831
54965233
55384033
55729957
55972081
57120001
57280081
58683031
58921157
59098801
59466213
59953741
60104981
60696661
61230943
61307021
61594219
61749937
62399041
62633371
63002501
63553621
63810653
64042903
64597387
64663691
64961051
65144501
66077971
66090935
66124001
66272841
67902031
68102641
68133469
68956081
69020473
69949447
70761871
70881859
71576779
71833987
72426971
72559987
72616861
72884701
73061101
73833075
73945171
73951939
74111971
74329399
75469519
75504073
75583477
75644251
75778571
76090771
76479397
76772851
77143879
77481067
77637463
77897863
77907499
78689123
79411201
80283997
80338051
80442181
80903269
80996059
81376903
81766651
82630369
83993383
84164033
84967693
85582081
86503051
86927677
87854761
87992323
88225201
88388767
88769617
89018791
89532271
90757171
90970133
91537489
91572017
91935947
92131771
92365069
92625121
92631841
93143401
93272141
93554847
93877291
93920077
94502701
95451361
95536303
96142927
96596501
96738373
98034751
98596933
98929861
99138631
99173719
99184627
100495831
101432101
101649241
103253333
103706401
106051177
106485121
106609273
107047981
107520533
108092857
108324701
108615337
110059801
111822103
111860209
112561387
112723007
113892589
114283723
114516751
115190401
115637057
116151661
116895871
117141029
117819997
118172251
118391473
119496271
119946637
120996481
121034881
121590991
123240151
123648691
123771511
124204681
125214499
125294599
126619741
127191139
127272709
128481809
128503831
128530711
129084331
129762001
129847873
129939391
130250221
130693393
130858921
131256451
131411047
131586263
132584761
133389169
134213275
134295061
135916751
136217251
137204341
138158411
139026273
139592101
139742483
139871175
139888651
140212297
140840261
141618181
143032275
143168581
143989201
145377277
145410931
146843929
147517217
147807559
147869089
148685111
150328699
150403997
151932061
153065449
153550339
153702137
153770839
154602645
157486141
158525641
160016851
160587841
160949027
161026561
162096901
163513153
164059799
164578051
164714761
164944781
165456751
165924109
166442251
167579497
167624101
167692141
168374827
168905065
169234003
169608067
170856533
172002029
172594081
173492801
173678203
174972409
175147081
176669611
177254533
178004009
178356767
180573823
181781881
181799213
182772677
183392595
183778607
184855717
185082899
185357659
185653333
186054721
186393481
187093531
188133085
188516329
189482107
189679969
190294963
190667851
191148431
191729617
194775641
195180421
195686509
195988885
196049701
196352953
198211801
198268639
199789441
200337481
200790371
201226351
202321099
203089927
203528033
203660839
204271021
205345963
205483147
206190893
207132481
208051201
209949841
210023917
210812311
212502841
213022657
213875251
214110541
214540075
215797609
216631819
217186537
217396481
220012591
220531501
221415781
221695051
221793391
221884001
222270931
222382471
222581503
223279673
223759901
223877201
223966081
223993729
224653357
225109891
225665329
225853633
226366003
226523137
227132641
227475601
227906667
228518497
228694481
229781161
230485711
231322513
232404509
232771501
236438441
237570191
237903301
238555747
239387107
240059737
241601257
243129169
244682587
246490301
246666187
246794269
247920661
249118297
249183271
249569041
250958401
250988173
251969629
252552301
254433691
255480975
255641401
256167473
256403353
258503701
258859525
259357981
259700489
260265911
260736341
261962317
262398137
262480501
262621313
262972711
263428181
264350521
264354301
264806701
265058509
265731931
266693771
267152033
267873607
268570051
270525737
271955821
272378053
273051197
273326857
273586531
273823507
274012801
274208341
275712533
275977703
277045057
277477903
277787141
278943061
279027001
280720621
282589651
283199617
283732621
285111667
285843151
285921001
286844869
287988481
288630343
288683257
290325151
291561271
291840571
292761379
293243653
293346637
294405525
294706637
297499339
297624961
298204831
298372033
298387171
298589521
299569051
300538603
302784751
302869657
303012121
303457171
305345813
306125887
306191621
307184629
307931677
308550061
310298257
311076001
312773141
313192657
313332497
313837687
315244901
316826371
318220995
318311951
319287151
322469701
322672033
322981121
324067921
326655473
328804387
331227553
332257633
333705331
336273211
337602301
338167373
338778133
339674623
340694401
340937101
342127031
342859843
343958749
345674071
347510329
351058753
351910021
354486007
354680041
355117153
357529271
358425217
361307521
364676453
365694319
366532321
367322777
367678981
368498129
368934721
371283067
371659549
372942293
373048651
374016491
377562949
377704471
377806687
378648833
379270651
382536001
383482243
383922769
384415981
385593391
386024521
387404183
389014921
390609941
390943711
391115201
392285287
393611653
394101761
395858159
396036877
396247069
396435971
396739531
397333351
401005351
401427937
402497551
402752533
405739681
406128091
407438849
409641601
409803497
415108891
415444051
415800703
417176351
417767201
418192133
418942693
419000401
420266449
421534279
421761517
425508733
426774739
428175073
432510097
434068831
434538031
439714133
442871183
444186863
445229233
446715221
448851889
449501761
451118981
451417693
451582231
453032137
453150479
454827559
457431437
459248641
461803577
462955819
464905801
465658903
468945613
468950021
469328203
469784561
475143251
475320619
479093131
479202751
480284989
481128481
481967399
483459181
484467463
485551021
486711259
488366863
489290551
489511951
490703617
491646403
492621697
493474081
493961737
495062443
495573121
500129281
500520833
503950609
505226767
506359879
506883529
507206701
507441943
507520133
509582993
511408171
512489671
512519239
516720163
519677371
520770825
522121391
524342701
526210129
528013333
530162137
531199657
531580349
532238909
532258271
537361921
537540097
541658251
544861633
546911569
547204751
549557251
549724033
550052137
552163333
554494951
556001377
558035713
560787571
560907271
562800757
563251201
567737633
568902001
571822051
574692161
575846041
576691741
577235129
585281791
585902953
586509481
586765981
587237281
587336401
587526073
587962801
592468777
595590841
596714509
596881721
597342461
599209969
601050997
603255001
603689923
605821147
608917753
615416341
615752051
615760133
615916577
617542927
625076537
625654801
626516881
627886657
628058071
628903213
629342381
630317509
632388241
632520505
633432853
634467461
636226921
636442003
639849673
643093201
643110361
643854997
644400739
644865211
647190253
650342201
650601953
650682727
661862893
662853151
664574653
665498107
666950161
668432161
669916099
670208533
671572063
674234201
677022251
677334683
678168401
679388569
679710373
680883031
682153489
683648351
684123529
684210061
685903681
686059921
687039013
687652309
688675951
689443273
691777057
693614137
693908311
696032791
696447181
698252221
700076311
702683101
707941417
710166367
712370833
712505977
712650881
715354553
715427861
717831211
718257151
721812925
722587769
723354493
723759781
726679409
729491071
730969021
734360309
737627671
737769649
739643491
740862991
741981871
743404663
748704871
748826779
749172821
754020361
755031763
756205633
757644889
758142883
758687581
759622753
763587607
765311081
766210061
768851425
770572321
771845401
772719225
776081503
776342533
778147129
779192161
779502457
780446911
782107441
782439157
784966297
786672251
787086661
788156491
789955489
791284741
792447521
794194123
795571129
797725477
799721749
801309799
801866647
805771501
809506133
810066901
811478533
811564921
812432551
813834127
816207181
820663201
821376533
823671451
827626941
829800973
831933901
832108051
833824181
837960901
839280691
840749761
842220289
842754193
842963881
843069937
844075051
844885579
844891301
845852129
848263753
849606031
850786501
857257351
857538991
857863921
859397689
859727233
867965251
871023583
873571459
878829901
880800481
882062957
883455409
884331967
884584891
884954251
885415177
887795221
892667353
893377633
897283213
898379357
898918723
899554553
900905219
901180801
906780601
909443473
911366167
913809601
913983071
915847319
916569289
920543797
921106129
922845241
923059411
923993149
924753523
929559403
932098133
932192731
934154761
938030101
943478957
945338717
945387205
946495369
947822149
949778911
950179159
954089137
954307399
954527449
955188181
955795501
960114709
960485107
962447743
966000881
970560533
970694573
973518001
975535741
975817987
976396961
977711851
977737321
977770531
980848423
981484561
984579977
990061957
991190653
991688881
994164013
998376241
998403181
999405079
1002261781
1003030141
1003724821
1006107061
1008777001
1010943623
1011284819
1015269391
1021281301
1022217197
1022308817
1024041853
1028847961
1033114513
1035917137
1038161881
1040295691
1041820867
1045983401
1049917867
1053732751
1057560463
1059492961
1060794769
1071645797
1071747869
1072839941
1077414563
1077509805
1083964321
1084843567
1089959023
1093916341
1096690141
1096983751
1097451937
1098000091
1099619947
1103834089
1109021629
1110038161
1115222681
1115360191
1119010861
1121338703
1125452791
1126414073
1132460893
1132690561
1135304197
1135428031
1136203297
1136882501
1137111461
1137693601
1138471951
1139434453
1139794993
1140441121
1141653871
1144624031
1146319021
1149008689
1161020827
1161159001
1162265833
1163227759
1165757479
1167766081
1169722399
1172189287
1173243853
1175854441
1179280129
1187887891
1187995681
1187996209
1189665361
1193380021
1196364727
1197998101
1199645581
1201101721
1202085067
1207062833
1209192895
1212297847
1213825601
1215848047
1217181061
1217542951
1224811729
1227096001
1227246967
1228919291
1229121109
1229866087
1230543343
1230818359
1234646533
1238737121
1238891431
1241841217
1242227647
1245311677
1245431881
1248581603
1249785941
1250488769
1251633241
1257102001
1265099617
1265359393
1266025351
1267544191
1271476117
1272542209
1276378133
1278843325
1282107361
1284135361
1286088193
1286721991
1292925421
1293533281
1294261781
1294798201
1295199907
1296594811
1299784141
1301856601
1304101891
1304696881
1305614743
1307935627
1307996281
1308118081
1308544903
1310817691
1311616153
1312453273
1312845661
1316169541
1317357553
1321545961
1324326841
1327026403
1330016353
1333568671
1334156401
1340963401
1346386193
1348669633
1350371821
1352134519
1353580999
1354991653
1355206141
1356241321
1356374683
1365041059
1365711829
1366149217
1369987361
1372681861
1373452033
1374510601
1375267769
1375452541
1375684831
1376781979
1378203751
1379121629
1382889817
1383052441
1387737851
1389786877
1390697177
1391890033
1392474383
1392668401
1394440189
1405748959
1408610503
1409554219
1411513111
1417680349
1419459121
1419575167
1425860101
1426068821
1427182801
1444478779
1453368851
1453548403
1454938651
1455255323
1456012303
1463756881
1464137641
1465043599
1466892373
1469108521
1469241121
1473664697
1474521931
1475522413
1479276223
1480324301
1485061471
1486078903
1486564301
1487387611
1487453059
1488168613
1489404193
1491303241
1496800369
1501280273
1502682721
1503236909
1507121801
1523070487
1525781251
1528945111
1533366841
1533445237
1533555271
1534431907
1537646009
1539089149
1541464831
1542042451
1548233773
1549603213
1556115661
1557019249
1560929077
1561800833
1563431743
1563799981
1565060131
1571924355
1572777551
1573689151
1575887647
1577522773
1578009401
1583230241
1588803885
1594628101
1595510369
1596561877
1599349711
1600845569
1610790427
1614622601
1617069091
1622530141
1638564181
1638956401
1644177883
1644333517
1645020833
1645859251
1648754441
1650066661
1650682153
1655858821
1656754241
1659222577
1659790721
1659860101
1669354441
1671603667
1674725057
1678569121
1683174533
1686282379
1690914781
1691320457
1694420971
1696343335
1700494825
1700985943
1702123201
1702506829
1703130133
1705122131
1706690101
1706948773
1712449201
1714322377
1736188201
1739529457
1743727177
1744074151
1746447821
1746692641
1749321811
1751229091
1753593031
1757010817
1759420141
1760150521
1762929299
1769501431
1773096931
1774997431
1778787541
1779165851
1780142563
1781826929
1783464391
1786703497
1788432193
1789167931
1791996571
1792544257
1798757171
1800038137
1804184113
1811769457
1813378051
1819696199
1826780041
1828887061
1829194489
1829263003
1835577199
1837508401
1837781821
1838503987
1848719701
1850863801
1855237471
1857557089
1858125263
1859787187
1865938351
1870674037
1878625717
1878978977
1878990067
1883509633
1885811401
1890173533
1893873367
1895212523
1896965137
1897438817
1909815701
1910273863
1911397951
1913422591
1914303841
1930015081
1934297011
1940224513
1943396491
1944848791
1945042181
1946072621
1947783001
1948322401
1958431621
1960919281
1962955177
1969933081
1981437361
1982131447
1984349951
1985348527
1989192277
1990520281
1991613691
1995674731
1996194721
1996309891
1996410001
1998998551
1999092061
2000436751
2006703931
2007112969
2008184641
2008443977
2009621503
2012104249
2015145287
2015420317
2020124107
2026053275
2030761441
2030781751
2034039871
2034532909
2035879711
2036270113
2036628553
2037328973
2039884153
2039888131
2042223559
2042467741
2042774441
2044637377
2054711381
2059739221
2068965757
2082146617
2082440533
2089320157
2089552681
2090187451
2095795201
2096046457
2101605661
2101609351
2105885881
2106856001
2108275489
2109217541
2110593751
2112780601
2115528497
2117031263
2122782481
2125407373
2126161181
2129634911
2130134533
2131620571
2132208577
2135400961
2142871459
2143442701
2145793561
2148892903
2149255487
2149824601
2150849317
2154129433
2156767003
2156769737
2159338711
2161582291
2165037841
2167302161
2167924141
2168203241
2169323861
2178129703
2178474521
2179760119
2192136241
2192776111
2193974131
2196552151
2197944451
2198953681
2199210553
2199903751
2199931651
2211616733
2212199461
2213357059
2216433871
2223482977
2225704075
2229995671
2234695231
2235564241
2239679287
2242724851
2246145071
2246806981
2246809153
2247441841
2253376133
2254320091
2254796281
2257572013
2260585651
2262861901
2272015777
2278986103
2283821761
2290232743
2290979701
2298363451
2300319061
2302702001
2304456053
2305011409
2307480211
2308361879
2308966661
2310195241
2311558021
2314820377
2317444099
2319891307
2325937631
2326319101
2336780441
2337771961
2343098521
2347725661
2352371251
2362421953
2362664317
2366444701
2366923087
2376769741
2384515201
2384816761
2385059041
2391373001
2392261741
2399800391
2404208497
2407191181
2408160641
2417408533
2425249601
2426204881
2428870753
2431136401
2433420931
2435792461
2445805363
2446810957
2448039497
2453478457
2455024133
2460473797
2463546361
2467892359
2472907141
2474104177
2477316937
2484361573
2492459999
2494574941
2495416883
2497317271
2500092013
2500808311
2501771329
2503686851
2509198669
2512697617
2514169321
2514896801
2514929581
2519186671
2529410281
2531055199
2535309701
2542196809
2544804811
2546257177
2556863209
2560600351
2565348337
2567653729
2567824657
2572671251
2575071001
2579163931
2579510491
2579958541
2580604891
2585440177
2592052471
2595407371
2604067201
2606481697
2610183001
2620691509
2622993661
2626457803
2626783921
2629727533
2634323077
2635588801
2635599541
2637178561
2639444999
2640443917
2644438081
2648888461
2654851387
2659658401
2663993879
2675680013
2676053333
2689504339
2689657951
2690408533
2695064653
2705647141
2706464599
2707138729
2708741251
2714394817
2724595903
2728997441
2729333647
2733911227
2739606451
2741365189
2743157791
2747319583
2747429609
2749430413
2753354341
2758172737
2761545403
2763271369
2766712411
2767167289
2769602333
2770068673
2770560241
2793306811
2803726171
2805493871
2807036191
2807280211
2807776687
2810201089
2816016001
2817204463
2817352289
2820853921
2824854913
2825315851
2826128971
2826605041
2828698133
2834843749
2835219031
2837917633
2843262241
2846083501
2848254325
2850504523
2855179447
2855576251
2858105251
2864630851
2886872941
2887127701
2898023521
2901514717
2902754863
2906175203
2911504597
2912326471
2912542921
2913401611
2920862701
2930831641
2936963521
2944076111
2945960033
2948391811
2951708191
2957740501
2975096953
2977044001
2977885177
2980018141
2984440961
2987418501
2988134717
2994415201
2995146179
2998624001
2999583871
3000143329
3016428013
3017135713
3019916461
3021673789
3039498001
3051199817
3052139143
3053742061
3054297403
3059251301
3063562741
3064147633
3064547773
3066639817
3072094201
3077059441
3077122133
3079429849
3086407801
3088861441
3089280793
3093769801
3096333943
3097382681
3110830003
3111415693
3126661861
3127783387
3135040133
3140314321
3146902111
3148806403
3152156611
3154371361
3156599161
3157579861
3160818433
3165690113
3166332553
3170343151
3175526971
3182357713
3190725553
3200727601
3203131807
3206203003
3220070701
3221746501
3238053589
3247520473
3250501147
3255203269
3258269101
3258283969
3259458401
3261375097
3266517313
3267127531
3269732491
3273820903
3276915751
3276989101
3281593591
3282974857
3287876041
3299532251
3300658241
3304861061
3305591353
3310763273
3324006533
3325502503
3326087273
3329981251
3332340703
3342491639
3347214421
3349218881
3349997731
3351929701
3354304501
3358634707
3375783601
3379827331
3388369051
3390564241
3397433869
3399273361
3403535521
3403593901
3406188787
3411794101
3411997801
3413054251
3414771697
3426589693
3441666181
3443019667
3452102971
3458138113
3463907761
3466038223
3471016501
3474126751
3475921681
3476899501
3480908203
3484964801
3485645467
3494097889
3495227921
3495494179
3499666073
3502996543
3511913971
3517216459
3519273367
3527380819
3531599353
3537280361
3547777349
3568781399
3578189341
3582244307
3586427659
3591919801
3594968821
3595861081
3596124541
3597158107
3597270517
3599144371
3617615741
3618927497
3622776319
3626572951
3631418561
3635481049
3640021381
3642034261
3645846221
3649105279
3651150331
3661416461
3666019937
3673744903
3680749921
3687846307
3692283211
3695127217
3700537331
3717260801
3718428121
3719123423
3721402609
3725016749
3726107353
3732785873
3733646491
3745163341
3761082697
3780964657
3781348351
3786262241
3797969297
3803383351
3809018947
3810964879
3822308461
3822602851
3828001561
3832140439
3832646221
3843146341
3849988783
3854937601
3859546687
3861362551
3861508181
3864319933
3867437491
3871853119
3877165657
3877208413
3879831289
3880141609
3881210581
3887635753
3889775251
3895046191
3897590611
3902056207
3905425481
3908413559
3908908033
3915661747
3919048057
3923140215
3932521141
3939646189
3950057281
3965473261
3965506021
3971095301
3971778229
3985849709
3995269951
3995481331
3999499313
4009066517
4009601149
4017793441
4032693001
4039824463
4042538497
4044954161
4049668723
4053742219
4054039841
4054917499
4056056993
4067039461
4070491489
4088021001
4089058997
4091862377
4100037769
4100154571
4103331277
4133928761
4137798127
4156580741
4157332873
4158560953
4159012439
4160411251
4173838327
4175362133
4187318719
4187360341
4189357987
4189691521
4190310301
4191864013
4193073281
4197569881
4201108423
4207057021
4207160401
4213485001
4217081415
4218234211
4219963603
4231395841
4231512709
4232966251
4233249217
4244707297
4250911061
4262298421
4267280021
4267640833
4274270051
4278882721
4282033687
4285434493
4287612127
4290838147
4291402651
