33
49
91
341
529
637
763
1417
1729
1891
2047
2071
5341
8911
9919
12403
13333
16471
19909
20591
22969
34585
47081
51697
55969
63001
69433
72887
76049
80041
83333
88687
118301
120961
121301
124681
136681
188461
200593
215749
216457
219781
223081
232471
240029
253747
255781
282041
289471
360533
366601
374851
428767
486157
495283
497503
504913
508597
511981
512461
575761
602671
607501
617989
636641
693307
709873
766481
786641
849853
966721
975031
992251
1009603
1010651
1053761
1088891
1092547
1185901
1193221
1268551
1314631
1398101
1493857
1510609
1533601
1583993
1676401
1717633
1723429
1773289
1869211
1904033
2008597
2035153
2067841
2163001
2207659
2212109
2217697
2284453
2525563
2603381
2795519
2944901
3167539
3255271
3263527
3422533
3440407
3461731
3506221
3542533
3572381
3716861
3773881
3830971
3903257
3905581
4011169
4056459
4219129
4370101
4382641
4463861
4472033
4543621
4652011
4713361
4739353
4906441
4922413
4923521
4935701
4997461
5002693
5152033
5187637
5268511
5376463
5489641
5709529
6072697
6196501
6213049
6368689
6408073
6486943
6594901
6642217
6687671
6733693
6765883
6799417
6846001
6851521
6905089
6955087
6969511
7006273
7024069
7049459
7067171
7593697
7612151
7644673
7811761
8016841
8101171
8332381
8333333
8378371
8509801
8576701
8830801
9227417
9728863
9831817
9907361
10027711
10374439
10386241
10391401
11036551
11125699
11268251
11348101
11351845
11413717
11415301
11644333
12032021
12150601
12170413
12413647
13012501
13040299
13104811
13344841
13817167
13923859
14265811
14440669
14589901
14652991
14687681
14726293
14892541
15093349
15229261
15253057
15358033
15583811
15631153
15766651
15943411
15979081
16149169
16403509
16546081
16621697
16773763
16863499
16889797
16911883
16945633
16989721
17270369
17326551
17327773
17349307
17443213
18342241
18736381
18790021
19209601
19212821
19414711
19586447
19757057
20117467
20310751
20619971
20720791
20755879
20862623
20870641
20990401
21073231
21355951
21487493
22112911
22187791
22369621
22533761
22543193
22549003
22833851
23222993
23236429
23274257
23464033
23692969
23868781
23872213
24550241
25131019
25205311
25618387
25674221
25873381
26298181
26842999
27217477
27900841
28213333
28406953
28646437
29467901
29586481
29618341
29842177
30154363
30735959
30770767
30862459
31129121
31261119
31315033
31436123
31470211
31513861
31759121
31762441
32252281
32653363
33120341
33420661
33562189
33796531
33847469
33872593
33931423
34111441
34242001
34539041
34890481
34950301
35018777
36255451
36307981
36388927
36762931
36925351
37577539
37935433
37964809
38059183
38248981
38407609
38425601
38764727
39184651
39264319
39447181
39458641
40266731
41662721
41670049
42047533
42056407
42254737
42318277
42851749
43180481
43190029
43258951
43279721
43620409
43623977
43840819
43881289
44110069
44118361
44364853
44784037
44941921
46413049
46763809
47017543
47253781
47647117
48481679
48653971
48908521
49735351
49735981
50111059
50249761
50823151
51044401
51425011
51664807
51876301
52031263
52307263
52307371
52344073
52394251
52410901
52502581
53638903
53965441
54025801
54524341
55308331
55318957
57013919
57027181
57301627
57906841
58550041
58725703
59292221
59394089
59507047
59592751
59840537
60232481
60314971
60733873
61604981
61805801
61840651
62336023
62999641
63001801
63064171
63448057
63737857
63745921
64042903
65376721
65383759
66060667
66254569
66345221
67488721
67528319
67599841
67624051
67775401
68182003
68462551
68463337
69316651
69332461
69568381
69571363
70771307
71044601
72286501
72415531
72705901
72788761
73254127
73429553
73527301
73529633
73963501
74874869
77323249
77372231
77594653
77648941
78251671
78708901
78749821
79894861
81431461
81816547
81893611
82929001
83285245
83403041
83913553
85115917
85661929
85673309
86067367
86538299
86610071
87505651
87520319
87650413
88266961
88349857
88469929
88823371
88943401
88993027
90014653
90027253
91843981
92270803
92303857
92696077
93355571
93920077
94107763
94612771
94979393
95085889
95306401
95906071
96013279
96028001
96142927
100438661
101135101
101210803
101547217
102229921
102690901
102692881
102901633
103007921
104108233
104250979
104524421
104817241
106266637
108027991
108140401
108915421
108981451
109437751
110194491
112032001
112545707
112702591
112828801
113962001
114298141
115804501
116661521
116701003
116772001
117588013
117662981
117942973
118277581
118300321
118712881
119153497
121820887
123012511
123256561
125065669
125478097
125501713
126035911
126050581
126428851
127728811
129326471
129395809
130228291
132136033
133142783
133238071
133391611
133616921
134067649
134167811
134176771
134696801
135122863
136783967
137340451
137813129
138336661
138653101
139592101
139952671
140716193
141472081
143168581
143271941
143802493
144601441
145943459
146021633
146156617
146481193
146686009
146689201
147028001
147046051
147502037
147741697
148050181
148109473
148436209
148684763
148910653
149199689
149532571
149724403
150966901
151659619
151736881
152716537
153702137
154329151
154944533
155274571
157432969
158642041
158895281
160329511
160556761
161304001
161397811
162179221
162696691
164762417
165283471
165938653
168985391
169133851
169315651
169746337
173252449
174682333
176502197
178918741
179071051
180276841
180497633
181615177
181934759
182772677
183524111
185870089
185893291
187546133
187827643
188159329
188533981
190154251
190724689
190999121
191127613
191202061
192376171
192763057
192800833
193221253
193661873
193681517
194818261
194869991
196287391
197239591
197378003
200910997
202203031
202560601
202565651
202667291
203269177
203545889
203919847
204308959
204421801
204965377
205364251
207132481
208484641
209258611
209362609
209802581
211057309
211486591
214110541
214191623
215340157
217720621
217729697
217750249
217805281
218023411
218112133
218875483
220222297
220481047
221391227
223018489
223320161
223449463
223947571
224294533
224582221
226965751
227308597
227864599
228053411
234621769
236443033
236526391
237264301
240230761
241505377
242204197
243174223
244061371
245309461
245994673
247588963
247912897
248540383
249331237
249969281
250216801
250458077
251663837
252722557
253447261
254790061
255524509
255866131
258258617
259796629
260107993
260156101
261419443
262480501
263128951
264207607
264664141
264869767
265731931
267152033
267930001
269806967
272790241
272880577
273143641
273145993
274937851
275284891
277477903
277816793
278274781
278587843
278943061
280229837
281288801
282343069
282589651
283192561
283732621
284166877
284518177
286721353
288063917
291025723
291461633
293209531
294180589
294416009
295716571
295852987
297910337
302657041
304942681
305331671
306125683
306545251
307761631
309967433
310430371
312055169
312232807
312773141
316315117
317197351
317531633
319556221
320217067
320404123
321324589
323082481
323901007
325511861
325546873
330262843
330286411
331376737
334813411
334872721
337795159
338167373
338408461
338936107
342625951
342733021
345180673
346305403
346566361
347347087
348673001
348673231
350606917
355117153
355790071
358922497
359499661
361267111
362075029
364143551
368476501
368552351
368681491
371280001
371283067
373669453
374325841
375183973
375719527
376132177
376835491
376957153
379145801
383793541
384365827
384415981
384601753
384993451
385448617
387311107
391459501
391774961
397226383
398805889
399224611
399671641
400374253
400694893
402022141
402358321
402364471
402985441
404242633
406457563
406828621
406833487
408769387
409257377
410680357
411447643
415605871
415920331
417767201
418617281
418667401
422411333
426061201
429890581
430321921
431101981
432523051
432525607
436919629
439305571
439320463
441324021
445806271
446511283
448563127
450855019
452330413
453919201
458138557
459207601
459212713
459758581
462587329
462639277
462639409
464583781
465021881
466469441
467491753
467625871
469379263
469598221
470686291
470752133
471812701
472792357
476657257
477461651
477527597
477899137
479202751
481089467
481637381
481782289
486295651
490518181
490894111
493021831
493108481
495748891
495832231
496982501
502677001
503052229
505226767
505239737
506832871
507240253
507751939
508313837
512977327
513352891
517087601
518504533
518752513
519167617
521256891
522080609
524885551
527065903
528043753
529214311
535150289
536003333
536682511
539327461
539537941
540427031
541407301
544700413
545738203
546911569
547118177
550052137
551997691
552163333
554118661
554888731
555196951
555497867
556488811
557058133
557876479
559021483
564987649
568967221
569596513
569720321
570423751
572430769
573207701
577254679
577352641
578185301
581748509
584387893
587336401
588450061
588956479
590083891
591826327
593682907
594542467
595417201
598500361
599135767
600374351
600893921
600911611
603366913
603503689
604398029
606886561
607143337
607276931
608917753
614969527
616238407
616681291
617695261
620966413
623662903
626762641
627007259
630918367
633289807
633789451
635165701
636329269
636859339
637664239
640486993
641509769
641814179
643316461
644005909
646737869
651287851
651514753
651705601
652969351
653664193
655452241
660600529
661573501
664149383
664603801
665416417
666590629
667832257
670545079
670851091
672052001
676273027
678389321
678935893
680860351
681303241
682460501
682588171
683801347
685553311
689537441
691827173
692956819
695229601
698361181
700398847
702683101
703724941
706562851
707170697
708008461
709912657
711304903
713156461
716169301
719412049
719475973
719783299
720860431
723417301
727603777
728825021
729094843
731471347
732225781
735774661
736003451
736668013
738110101
738242137
739178821
741182401
743729491
743833429
745571789
749670247
749943643
750354529
751705597
755864321
755987581
756318751
760534699
762133751
762466771
767553151
768646673
770909107
772702531
774027781
774557071
775136251
775368901
775468121
776081503
777912521
787085857
787175131
788940833
796297351
797725477
801392593
801803839
803014241
803744371
810014129
810097601
810543301
811478533
811891747
812398201
819056941
819743233
820122031
821554711
822520747
823668409
829744327
832127489
832448431
832656701
832870891
835051057
837700741
840891253
843703213
844726427
845231257
845569591
850352581
854868257
855822241
856457489
857100421
857538991
858050461
864649787
867693713
869591831
871908481
873471661
878504281
879213037
879341321
882096049
882155249
884304037
884584891
886695109
887070403
887141971
891771271
896966449
897842401
898815961
898966801
899257231
900086149
900824383
904626199
907116731
907785649
908196769
908736097
910182781
911484421
911995547
914586121
915743251
915941737
916428547
919510381
919916479
920166017
925750189
926756881
928742413
929651713
931813501
934372193
935775067
939139111
939188251
941196361
941937767
949324951
950153089
953111017
957009481
958323601
960611191
962128081
966000881
970355431
972062827
976540309
980788121
982129951
982312907
987882001
989810251
991115371
991609921
991616311
993060307
994458433
996196741
999668341
999670027
1002834271
1005402133
1007982109
1010646937
1012952251
1021449727
1024605121
1030652771
1031687119
1035384527
1036217141
1038339457
1039025201
1045282057
1051998841
1053732751
1054649341
1064197567
1067920811
1069100101
1069145533
1073002361
1073299501
1076124113
1080188579
1081269421
1082302993
1086184471
1088196751
1089328267
1091626951
1097058649
1098404941
1099524799
1099984861
1100790811
1101454931
1104078727
1104194521
1105322653
1108706857
1110148033
1110772633
1113419953
1115440561
1117948393
1129146481
1132794301
1134135001
1134156901
1134397771
1137320581
1138471951
1138623553
1138782283
1138985209
1139137057
1139255489
1144852337
1151475877
1154784151
1157445451
1161306721
1168256953
1168544749
1171264817
1175296657
1178819461
1179414169
1179740161
1180970407
1183890961
1183984717
1184554801
1190415733
1193878919
1200738001
1201006501
1202683373
1203968533
1205606533
1207438357
1212277141
1212297847
1213619761
1217017033
1218159199
1225914049
1232097751
1236032227
1236642941
1240735609
1242246721
1247376565
1248922291
1254933923
1255983901
1258065073
1262700451
1263293281
1265353501
1265359393
1266003461
1266989701
1268469781
1274240101
1275733729
1277117821
1279904263
1280762209
1283161951
1284469691
1293442907
1293867757
1305614743
1305832289
1307037871
1310634109
1314421381
1316422297
1322785081
1323238951
1326448621
1327424941
1331061887
1331346661
1331720149
1332935011
1333215703
1336038757
1338261433
1338556297
1340984101
1341620281
1350685001
1352401597
1353051517
1356374683
1356476161
1356696331
1366608377
1367726161
1368157361
1373499233
1374669451
1382453333
1383965479
1384022881
1400954441
1404253369
1407953971
1408150087
1412665693
1413023041
1415769601
1425295301
1426735501
1427543041
1431138193
1431651131
1432852711
1433369893
1433928581
1437444451
1444441861
1444590859
1450945831
1451910241
1469768653
1472221921
1474415203
1490926471
1498117697
1499094721
1499758849
1502570513
1504640971
1511558533
1511751601
1511819641
1515175087
1517021371
1518521401
1518738157
1521787807
1524280031
1524893941
1527188461
1528936501
1529543597
1530159247
1532755369
1537736401
1539834847
1544599061
1547543161
1553169281
1554811831
1556329633
1556873401
1558342087
1560720001
1562630779
1562720083
1564322491
1565831821
1568091091
1579079503
1581039379
1583648111
1583912573
1597642831
1599881221
1607405587
1608729127
1610466061
1610975371
1616846923
1617795181
1617881569
1618208831
1620646177
1623895153
1624305121
1628692201
1630062253
1632889273
1635792481
1638894671
1643846383
1656280033
1663725919
1673056111
1673513731
1673722723
1674503821
1676311151
1679190241
1680013477
1689802633
1690886341
1691113999
1691242201
1691379901
1691809447
1694368963
1697213407
1698088283
1699279441
1699868017
1701760373
1705344253
1707421633
1707896911
1708246321
1709881273
1713601217
1718958541
1720158329
1721366893
1721681347
1722829627
1725082921
1728265183
1729369651
1735670161
1737569401
1739195233
1748720513
1750412161
1752172003
1761863879
1762385561
1764717781
1765724119
1773760921
1773900833
1776820033
1778653661
1787934881
1793639537
1794136627
1799250571
1800038137
1801585099
1803142511
1805699689
1811444461
1813438037
1817612833
1818827141
1832809603
1833441751
1840009891
1842792229
1844279011
1850722373
1854180469
1856689453
1856828647
1857171247
1862102783
1864274917
1868292589
1872198529
1872729853
1873521409
1874439001
1875060829
1875771847
1878261841
1878978977
1880490481
1883796293
1886288791
1887446161
1889528033
1892594401
1906646977
1910668033
1912540297
1921646137
1921930037
1923726281
1924199201
1927196897
1929930209
1935851921
1938012961
1941151213
1945350259
1947404257
1948898429
1952636929
1953168829
1958712853
1961514751
1961752951
1966182401
1970097001
1970256151
1971314281
1975738993
1975829761
1979795969
1981681153
1988672533
1988685541
1989665497
1991987929
1995401357
1996906801
1998536933
2003220161
2015980051
2021860933
2024869991
2028416021
2028502303
2033561441
2042467741
2043961369
2046408787
2054080729
2058163561
2063849611
2064877291
2074544033
2077306733
2080995841
2081024191
2083455001
2085882661
2087367613
2089285463
2089629389
2094437687
2095338001
2097082811
2100327637
2103632039
2110848589
2111335777
2116483027
2118182761
2130134533
2138310721
2143585621
2144548033
2145072511
2148892903
2153076001
2153633509
2156567291
2161342261
2162366251
2166133001
2167924543
2171533183
2173018501
2174777281
2183415809
2196825511
2196925043
2197944451
2203663621
2203924213
2212287661
2213789761
2216719537
2218416619
2224506541
2225893321
2228770831
2229468697
2234000341
2234695231
2238695551
2245519981
2254796281
2256666133
2258826149
2259440401
2260590061
2261188801
2262861901
2263594717
2280603697
2288870303
2290361221
2290647061
2291756959
2294455411
2295229091
2298440461
2304156469
2307102337
2312222977
2312616263
2321251129
2324511883
2328205111
2343956737
2349294193
2362879261
2365864201
2369602813
2370611251
2375738509
2379081491
2383106657
2384220673
2386756891
2389419973
2391028399
2392175281
2401861951
2406461491
2408136221
2411152927
2411193019
2412484847
2412628849
2414673271
2415689713
2418760741
2420684779
2425035007
2431144801
2432761633
2434964321
2436691321
2437542953
2440067501
2449191841
2455024133
2456173007
2459765491
2460986551
2473189441
2473380211
2475135151
2475726109
2477315707
2480147521
2484548947
2485230751
2485587497
2486831491
2487122461
2487276661
2487937813
2488420801
2494984321
2496687491
2497725517
2499853333
2502233137
2503267981
2503380001
2505838999
2506699279
2508314489
2516234251
2516427073
2519186671
2523460003
2526566041
2530245089
2536737361
2539839727
2552569111
2554606871
2559857761
2560521013
2562539449
2563970737
2564775679
2572266703
2573551291
2573686441
2578735351
2579163931
2579354137
2597294701
2606896861
2609294101
2612330389
2620691509
2621977627
2626783921
2626987277
2627282701
2628394819
2631959821
2647241983
2647799771
2649693859
2649909589
2651179777
2652495347
2656452023
2657314351
2659939453
2670972949
2674839511
2677909601
2683902313
2684846953
2688285133
2693599021
2694659401
2697636061
2699471503
2702383609
2705647141
2708293741
2716157989
2716275007
2717428033
2718029117
2728102651
2732590391
2733329101
2734201121
2746882669
2746982801
2751638821
2756232037
2761545403
2776771799
2785579801
2785799521
2789271101
2800454581
2802370231
2822830561
2833057501
2837102833
2840963203
2858105251
2869506817
2870118421
2871232033
2871465637
2871974561
2880131899
2882166421
2892877251
2893588111
2895140767
2900102521
2900448163
2912575321
2928229627
2928560441
2928676747
2929087151
2933588503
2934791947
2942190941
2943765631
2944226137
2945580331
2960602919
2970486251
2972420323
2975096953
2976668707
2981434501
2984440961
2988134717
2990926891
2992292227
2992398319
2995146179
3003454609
3004903021
3008072593
3008333333
3009756751
3012176371
3014899273
3015777493
3017187451
3019924601
3022619701
3025350343
3025550089
3032174251
3033844153
3038601953
3041464603
3043115743
3044695243
3045310529
3056100623
3060537511
3065108051
3065731241
3070208261
3074497831
3075139501
3076697761
3077802001
3081070423
3097132897
3105241441
3107937529
3114236203
3115900897
3117232639
3123578849
3130386821
3134777191
3135040133
3136700729
3142095661
3154213987
3154300321
3155463287
3155608361
3163106953
3166826939
3175526971
3185944273
3195326051
3200502817
3203278399
3210223249
3211036165
3213895051
3214773013
3214883933
3215031751
3215773751
3224816233
3226960381
3228789331
3229602401
3235126501
3237992101
3241152779
3254279813
3255266629
3257334541
3258267659
3262199851
3262395841
3267221801
3276102787
3280993423
3287138401
3291557851
3291860041
3295039457
3304861393
3306631571
3307251221
3309118699
3310898779
3311872219
3312489577
3315179953
3320143361
3327587693
3340984501
3348969121
3350993969
3354154159
3360511981
3364070533
3364355791
3365203843
3371128601
3381003733
3383477191
3393702701
3397347253
3411408911
3415379701
3419607841
3432489089
3444048301
3445308241
3447628981
3455220497
3457896259
3466495957
3466891387
3469129201
3474816091
3479981671
3480908203
3483264349
3492297817
3496210513
3497214337
3512369857
3514349437
3518062801
3526762961
3537280361
3542303047
3547080781
3553567057
3563551991
3572919241
3578323297
3581503817
3583117121
3586833253
3594110081
3602006101
3603648043
3612070747
3619284401
3620549773
3631019389
3638653201
3640796531
3640903111
3666000929
3672033223
3672977101
3684873251
3694411001
3709710161
3711225751
3711472097
3718252609
3720371251
3723104797
3727696561
3728498689
3729818737
3730444481
3733646491
3736448497
3737509777
3756384451
3762020263
3774598123
3776019979
3786682369
3800306971
3809018947
3820307401
3821259331
3822308461
3832431331
3836763109
3839518801
3840356017
3841324339
3845485513
3848635201
3851241181
3853584967
3870018973
3876165037
3880263059
3885430537
3891892421
3892217401
3892503691
3892863301
3918672887
3929293061
3938089039
3938906401
3940139641
3950543731
3951029161
3951382753
3959298451
3961670311
3971095301
3971677951
3972326051
3974546143
3979647587
3986664571
3988551763
3991544129
3998404451
4001715541
4002124013
4004875373
4005038677
4005660961
4012212331
4015029061
4020377239
4021848931
4029341947
4032459361
4035028861
4037490451
4057579381
4064513281
4070946061
4084572241
4086189361
4086437587
4091041501
4092149881
4096156177
4100559041
4101806981
4108366201
4112485301
4113742057
4121492761
4123398451
4124060513
4134219589
4139069521
4147919821
4160927761
4167456859
4172334739
4174196599
4177630531
4178491201
4178589781
4180907017
4187906581
4195843037
4199275441
4202817481
4210547501
4214321521
4219598041
4233102787
4238331689
4239325351
4253896333
4254610231
4265185279
4267625041
4268692771
4272762421
4280113681
4283445403
4288131511
4292391241
