25
289
341
453
1057
1661
2501
4371
4681
13333
14981
16525
23521
24929
38503
40321
42127
51491
54097
54913
58969
68953
70819
71107
73261
79381
82265
95845
99199
107537
136681
157693
166499
170803
210343
216457
252601
262417
264223
266303
269011
274519
282133
311425
318553
342109
385003
411325
459577
460909
470017
512177
518977
520801
522071
530011
542743
608761
611425
613211
615851
624529
625321
626179
636641
694153
722261
736291
765703
789427
793861
795341
821743
827641
847747
907441
1141141
1163801
1284643
1298501
1339867
1390229
1406989
1414981
1454933
1542311
1584133
1684261
1701163
1801045
1824733
1869211
1909001
1949851
2031637
2035153
2054725
2059831
2181121
2189501
2248201
2280781
2337301
2385685
2457599
2487941
2508419
2639729
2737201
2802817
2832481
2884669
2899801
2926381
2944261
2955451
2977217
3020361
3034861
3040993
3093697
3125281
3186821
3279553
3663871
3686681
3715897
3822961
3913003
3957731
4111381
4151281
4336879
4469551
4515281
4722037
4791349
4933211
4935701
4941553
5031021
5090821
5096981
5378293
5481451
5576617
5656429
5762767
5766001
5902849
5921767
6154219
6321187
6405601
6669001
6730309
6746749
6862153
7028251
7137883
7141157
7155325
7232149
7298101
7398151
8203981
8231653
8234077
8264461
8269057
8443387
8452837
8600281
8729813
8902741
9179117
9744827
9993631
10018807
10129825
10217353
10218797
10267951
10297009
10679131
10810201
10825621
10875433
11047609
11137237
11140531
11541307
11727649
11811907
11868599
12041437
12397153
12609937
12711007
13012501
13090123
13260241
13265071
13337521
13390081
13442941
13445287
13538561
13545101
13697191
13747361
14017109
14026897
14053051
14092981
14312533
14342833
14372821
14482297
14652991
14783203
15247621
15444917
15576571
15978007
16253551
16434991
16773763
16975141
17064007
17238817
17535671
17922169
17960161
18342241
18348101
18371719
18736381
19991033
20081953
20407549
20484577
20567581
20770621
20888737
21302107
21511573
21800461
21804967
21925063
22266487
22349251
22371821
23009717
23095717
23639893
23659429
23894317
23966011
24388621
24456169
24904153
25235281
25276421
25419137
25620467
26332181
26748307
27409541
27441577
27455011
27680225
27758593
28002547
28101511
28257071
28296781
28706479
29280061
29376881
29401361
29427967
30141469
30437551
30524957
30546179
30565417
31181581
31575781
31767121
32563567
32630207
32681017
33115639
33252851
33300877
33327113
33554629
33614869
33680137
33796531
33936631
34124641
34817353
35587837
35642389
36297493
36307981
37064251
37303591
37444681
37935977
37964809
39465091
39655153
39710651
39766091
40621591
41027227
41452369
41987111
42149971
42358601
42465193
42969109
43036003
43213801
43778239
44342161
45559729
46672291
46724131
47452087
48425521
48590951
49931461
50794525
52204237
52448309
53483431
54326929
54381671
54816059
55178551
55325029
55902529
55996123
56592001
56790337
57593743
58012651
58197547
58679941
58725703
58807453
59309251
60199483
60229121
60284251
60396031
60732701
61201009
61363541
61805801
62716681
63001801
63544627
64042903
64289809
64496437
64743571
64906273
64951501
65054173
65431393
65866291
66007061
66300551
66932851
67611121
67626511
67680491
67706501
69728531
70084801
70209631
70283713
71574591
72286501
72467683
72543547
72604561
72993601
73203269
73254127
73275749
73517501
73721341
73860821
74480901
74917381
75543493
75663451
76129987
76402663
76572371
77295961
77528881
77931739
78158539
78493141
78835633
79089553
80296213
80320251
80918281
81605401
82205681
82608241
83471413
84707261
85063063
85719871
87056941
87784561
87948901
89466913
89915645
89998273
90178901
90273751
91305817
91798991
92374283
92404423
92983381
93431521
93591721
93915181
94290913
95985937
96232501
96943463
97129261
98086423
98108677
99751747
100706873
100740001
100856017
101155793
101649241
101791471
102049949
102921197
103197151
104220703
104526551
105543631
105558787
106730627
106941451
108596953
108690541
108699193
109871497
110185741
111178471
111360913
111654401
111796231
113421601
114366313
114384799
114516751
116045827
116151661
116249321
116613641
116643223
116701003
117445987
117485957
118998559
119693267
119877473
120811241
121152961
122459119
122581801
123218551
123430211
123513601
124981117
125122099
125481841
125686241
125780167
126428851
128143601
128460781
128676601
129310729
129451297
129623917
130478017
130853753
130944133
131136301
131256451
131959873
132511369
133561111
133800661
134176771
134245819
134272777
134383621
134777221
135444541
135518881
136013797
137932321
138030721
138609847
138990281
139592101
139905637
139952671
140144491
140309947
140986231
142004843
143433467
145966021
146147761
146481193
146514371
146804221
147530651
148109473
148468927
148525063
148910653
149317741
151659619
152368133
152814531
152992225
153054001
154728397
155474051
156517021
157352771
157803521
158068153
160926137
161124401
162776041
164344483
164411911
165283471
165938653
166406561
167372437
168704357
169234003
169461991
172902871
174167407
174604759
175027411
175459411
176202391
176977921
177167233
177439061
177812641
177874313
177930919
179412817
179839019
180749791
181906913
182083621
182585761
185126521
185201273
185671279
186343489
186956911
187822801
188382487
188571241
188985961
189482107
190210987
191998351
194749693
195100057
195475351
195900181
196049701
196266017
196683031
197044387
199789441
200302957
200596771
201261061
201880621
202782721
203725523
204362713
204955021
205052923
205257025
205828291
205851925
208615843
209258611
210461959
211383511
211834663
214038533
214411501
216114511
217729697
218624033
219669451
220271489
221695051
222494737
223759901
224294533
224617541
225690161
227928067
228483377
228663793
228754321
231621031
233275249
234870301
235476697
236025721
236914801
237841501
238421761
240680719
240982561
242601661
242650717
242735725
242811817
243576341
244061371
244883981
245309461
246200051
246674833
247215341
248150561
249183037
250873261
251989651
252260083
253158751
253446799
253532501
254323411
254805961
255444589
262229761
265487713
266292121
267465841
267630049
269547739
270779761
270783251
271885825
272615201
273916931
275712533
277164227
278152381
279285859
279742321
280330381
280491441
280783357
282589651
283117591
285230059
286023403
287546797
288361351
288838501
290576777
291582721
292290181
292387717
296117641
297411661
299449729
302412529
303373801
304457887
304572043
305464661
305764213
306176501
307312331
307663357
308538007
308550061
309255301
309309001
309923533
310466587
310585771
312222121
312485167
312621341
312773141
315351521
315379639
316315117
317282137
319044041
320769557
321781633
322150501
325938251
326995267
327936601
330159061
330265981
330638837
332764517
333224767
333695539
336273211
338237005
338753227
339033221
339246043
340498441
340580857
340587199
340647841
341886661
343026091
344405251
345701731
347347087
347610931
348908113
350323951
351843049
353878801
354421549
354681601
356249791
357273001
358243861
358535791
365825377
365841001
365858011
367309513
368848481
369152371
372167101
373299841
375666481
379363267
379732501
382050691
383425351
384365827
384588271
387427457
388151041
389457451
391930003
393225967
396231887
398866513
402497551
406652569
407282851
409103845
410613809
411840833
413138881
417274433
417746629
419784979
419894021
420383251
422384411
423618133
424814447
425337023
427165601
428442673
428573653
428678461
429890581
430235543
430833313
431945623
435979693
437297801
437345767
437513701
440437957
440740771
443452517
444875831
446294687
448901021
451033927
451698589
454963279
457346737
457386329
458071241
458869951
459011191
459134131
459140951
460816957
461151121
463628551
465505633
465658903
467491753
467729641
468511229
470000833
470634751
471161461
471812701
472708321
477086741
481089467
481593997
482109937
483351217
483459181
487890703
489316351
490518181
490703617
490803461
491646403
492559141
493613849
497078677
498442951
499937707
500691221
500827141
502268881
504454879
507441943
507565229
508084921
508863673
509624257
511440493
517456337
517567051
520399381
521338141
524151253
524815607
527743603
532800133
534754897
536457367
537472981
539537941
539596441
542754757
542761301
543451081
545057371
546117301
547610549
548636113
548940127
549132871
551313683
553093399
556360081
557548801
559206073
559720741
559896919
561616753
562507921
562618057
563188627
566174621
566820013
567435901
567737633
569720321
569784403
571885861
572293681
574657201
575349781
584132851
586509481
587336401
587565221
596704897
596768201
597717121
600556129
601020313
601615687
605341837
606395917
606580063
608014661
608560661
608645789
608963227
612530323
614742241
615416341
619215733
620169409
620642881
622137601
629130449
634467461
635464241
638406721
639181009
641069729
643413049
644004817
644865211
649235341
650562631
650811911
652569601
654953251
655881073
656723161
660237299
661969111
665498107
666429751
670987021
672579671
673725469
674194207
675077653
676378165
677419531
679053677
679975003
682528687
683957737
690652411
692307151
696447181
702683101
705041947
705728351
709956001
711304903
711424297
713868013
715031851
715040569
717424867
720385903
720440033
720860431
722076643
722770301
724615651
726592261
727432609
732446797
732736621
738820351
738973237
740763713
741470549
744930841
746473061
746759861
748735171
750632137
751449799
751705597
752569669
754020361
755332033
756318751
756669763
757834531
758204149
759431251
759472561
763929079
766903453
769640873
774027781
785190451
787549423
788052631
790623289
790758613
794037799
800714503
803744371
804348889
804471553
805013681
806234659
807346481
808562791
810377717
812518601
815828677
816379777
817027091
817076611
821043367
821376533
821706289
821965537
823617673
825708841
826853743
830545561
830939533
831933901
833373451
833824181
834221041
839776211
841741237
842270761
842400079
843069937
843153763
843218443
844788757
845376533
845951767
848485361
848717101
849172169
851026261
853633225
854256497
855073301
857100421
858032573
861963701
870559777
871883371
872263291
873529021
874410241
874521313
877532671
877606501
878250619
880230937
880922657
885517331
887912281
891052507
891609001
894809791
895082143
897842401
899600833
904558489
908736097
908971841
909007399
909929593
909974881
911185201
913620779
917880413
918534991
920329183
920407777
920489239
920519293
922026877
922641283
922970599
923161861
923992807
928766257
930595697
934452037
934968217
935794081
937761541
940340743
944657443
944832533
947829251
949201121
953370133
956427481
962078417
962375941
962442001
962620429
966000881
967423153
969465493
969648443
970355431
972471151
974099389
974774401
976292461
978196517
979736941
980063569
980939257
981382247
982671601
986053553
987517441
991938251
994885141
998060617
998425603
1000350121
1002728761
1003137697
1008793699
1011127181
1013645341
1014343387
1019854243
1020869569
1021281301
1023828373
1024663921
1024707407
1024856731
1025083009
1028017201
1041457801
1044002917
1048385671
1049718931
1049917867
1053725177
1054395497
1057207681
1059492961
1060794769
1061520841
1063181671
1063346173
1066237283
1067075719
1068034717
1068579821
1070063191
1072834561
1077808513
1081304281
1082755477
1082844757
1086444001
1086670729
1093675987
1102573501
1102989301
1103102191
1103436881
1104618691
1105322653
1107403097
1108855201
1110254851
1112103541
1113541073
1116379301
1117004257
1119277111
1119634207
1121176981
1123942387
1129384021
1129716811
1134036289
1134779551
1135099099
1135301887
1137320581
1137427573
1138071925
1142524501
1144500661
1145170153
1146743443
1147018787
1147689817
1147710211
1148524651
1150802803
1150964747
1152988651
1153290961
1156530187
1157420947
1157724577
1165765789
1167766081
1168003201
1176734017
1182405589
1185605209
1188646903
1188680767
1190953657
1191216133
1197251977
1202142061
1203894199
1205045761
1206280513
1212036013
1212737401
1217181061
1218145393
1218924023
1221767831
1230355981
1241135557
1243525921
1244669581
1245612601
1248065459
1255386721
1255983901
1260534601
1264073851
1264887007
1265359393
1265675833
1266025351
1268018093
1270906057
1275619753
1276378133
1284621773
1295998201
1302343169
1303611553
1312051751
1315185607
1324664573
1328936753
1342158161
1343575381
1344851971
1345702447
1346624533
1350350191
1351902787
1352255617
1352421163
1353177901
1354991653
1358173225
1361703337
1362966383
1363391065
1365270817
1366489081
1373187001
1375019101
1375684831
1376483627
1380509677
1394486641
1394632891
1397273687
1404471001
1407548341
1407764051
1410268393
1412651017
1414154827
1420653889
1421189551
1424435689
1425508529
1430021347
1430446951
1432548937
1436675041
1437866561
1443388481
1444886801
1444899917
1450792891
1452759401
1453053197
1456527461
1462120301
1467403213
1470308401
1470616291
1472650999
1488308851
1490068973
1490375921
1491510899
1495170073
1497221281
1499302477
1500981301
1502113211
1502124427
1507178851
1511842309
1515175087
1518738157
1527848911
1530917693
1532953921
1533512371
1536978241
1540117801
1540454761
1540690997
1543663045
1544460271
1547280901
1548193177
1549308001
1556033221
1556882671
1560400139
1563371713
1564126183
1568969711
1569179897
1570260049
1570892417
1579079503
1580245097
1581226399
1582547851
1586284241
1591484207
1592595703
1593839551
1596190801
1602177851
1603404811
1603599211
1607530051
1614341431
1620270601
1620688891
1623113647
1623382129
1624993661
1625604781
1628692201
1630062253
1630854187
1631314609
1632031829
1637436457
1645859251
1646590843
1646710099
1652302891
1656280033
1661180641
1663699841
1664466751
1664998849
1668378871
1669506907
1672832593
1673352365
1673645653
1674580525
1678345921
1678670053
1682600321
1684418401
1690223281
1694704073
1697609041
1699611211
1706302153
1715427451
1717398271
1728988309
1730214823
1731364861
1734473791
1738851007
1739493425
1740839929
1742684077
1744605097
1751446141
1751933273
1753593031
1754331067
1758378341
1758825751
1760149717
1760371201
1770618961
1775873233
1779055741
1782433903
1783592497
1784323201
1785451519
1785969781
1786058509
1787934881
1790023861
1791426787
1800812477
1803201751
1805963545
1816383001
1818827141
1819677883
1821800611
1822479751
1829073667
1840553387
1845600241
1852470887
1852666901
1854983527
1856222317
1858098497
1859474233
1860868621
1869875281
1878691753
1882775467
1890851257
1893381571
1894909141
1896689737
1901367001
1904524903
1906235119
1909759051
1913296951
1913422591
1916523181
1916872291
1919065765
1928577709
1928585777
1934350351
1936752767
1942089601
1943799553
1946072621
1955354311
1957664377
1957768009
1962208529
1966146451
1971340841
1971531151
1972522861
1976640967
1978727167
1979264689
1980485341
1980532651
1984474507
1991288821
1991755079
1994106241
1996110461
2000648161
2002664623
2003561051
2006043121
2006394779
2017509601
2020292737
2026633951
2027565541
2034046429
2034487841
2037732451
2047529485
2049293401
2050154669
2063908153
2064847303
2065308617
2067767461
2067887557
2069872921
2071874419
2074460851
2076192007
2079090019
2079463049
2081808611
2083340491
2088768533
2103327847
2105594401
2105670025
2107449271
2112593851
2118714553
2121576241
2123792551
2137495361
2139462991
2141712301
2143585621
2147452451
2151720001
2151933701
2162935201
2166345583
2167990441
2168869949
2169323861
2170185517
2173540951
2174166881
2188041941
2188728341
2189121001
2192979223
2195607943
2195936501
2196278143
2197944451
2200609351
2205160651
2206635073
2209009921
2212488643
2217622457
2222770159
2224183501
2230286251
2231332357
2233247677
2239383511
2249497207
2252806273
2253376133
2256666133
2260585651
2267763967
2267805893
2273661601
2286810307
2288323901
2292068143
2295806101
2297181059
2298363451
2300067449
2300699671
2301872761
2302341887
2312963333
2314044721
2319020651
2321551751
2323952161
2331181621
2339139331
2355230749
2355654511
2362161817
2369807809
2371036361
2372195701
2375894809
2391028399
2392934893
2394862751
2396066509
2396428093
2402938081
2404793119
2406862361
2407581929
2419560001
2422656231
2431144801
2439621991
2445853621
2449977757
2455234781
2461555163
2468536201
2471512661
2475405571
2479797685
2480981491
2487937813
2494128451
2494574941
2498079781
2501637211
2501771329
2505191839
2511562663
2519186671
2520879301
2521846621
2526082369
2526566041
2529410281
2529854713
2531204989
2532630787
2537105761
2537738963
2540972071
2542290643
2544329101
2546565841
2553133441
2553589901
2560600351
2563295621
2565233113
2569327129
2569817953
2574528757
2577274411
2582246701
2583022261
2587770907
2588970151
2604342913
2608755709
2617244033
2622993661
2623985407
2624797477
2633180857
2636360191
2637916051
2642159809
2642565601
2643895487
2654346241
2654402833
2654851387
2657314351
2661906001
2662010743
2665606819
2665722421
2666756401
2676053333
2683742491
2697374737
2700683371
2701545221
2705647141
2707007113
2710880101
2712724291
2715365971
2721256777
2728642897
2730075559
2739606451
2742496771
2744241559
2745892351
2755968301
2758614121
2761545403
2766575197
2774406577
2786241457
2787689473
2791053541
2791893511
2793812113
2798133661
2807249551
2814002297
2814945953
2818739761
2822521411
2824256377
2839431401
2840008579
2842332931
2843088751
2848786987
2850812749
2857267201
2859004457
2860823873
2875260727
2885761391
2913667501
2919705361
2929062533
2933588503
2935029841
2937592813
2939045201
2940468301
2945549881
2950200833
2956724317
2966765411
2972320651
2974506841
2978766341
2987414977
2991256049
2994326173
2998919873
3000168733
3001017841
3009977281
3011775881
3016428013
3023094619
3027383837
3030393901
3036561931
3037488253
3051542971
3063747961
3064644001
3083053387
3085908851
3086556409
3087345277
3092717933
3102234751
3109183841
3112636489
3113094913
3118592377
3118855501
3120784151
3132407489
3138896251
3139399267
3143653111
3150972917
3151587349
3152812357
3168645481
3171689461
3172658653
3175526971
3180208621
3189230903
3193727197
3200043673
3201213601
3205512997
3209607073
3211036165
3221811709
3240724789
3245047891
3248561821
3257474401
3259246381
3260299771
3261876101
3262105909
3265315561
3278577349
3278778427
3285725701
3287378401
3290550913
3290933521
3299010947
3299956747
3303914641
3306393751
3316485421
3328662901
3329489131
3332303099
3337201121
3338986051
3340178987
3348871397
3349859701
3352152961
3352776701
3354496597
3363483589
3364070533
3366039283
3369555853
3383477191
3389409871
3396131489
3398362291
3399160711
3399415867
3399890413
3400482583
3408200641
3412575097
3430066501
3430295971
3430706401
3432881233
3436070779
3437773301
3442964671
3443019667
3447533191
3460006111
3462909031
3469477633
3476435511
3477280393
3491763493
3492883081
3497642209
3498539851
3502470913
3502970551
3514590239
3516852961
3520644241
3524086333
3538214863
3546090721
3547080781
3548543281
3550378129
3557080841
3563551991
3565326493
3567167101
3568781399
3574087859
3583831969
3593941441
3594968821
3596337361
3600223213
3602997841
3606031837
3612298321
3613699273
3616574081
3625328981
3634084871
3644868061
3645871127
3652775041
3656385001
3659258219
3672401911
3673744903
3678741577
3681650281
3682469617
3688061441
3695127217
3698633221
3706838425
3708917479
3725696141
3731194807
3731618911
3733646491
3733851577
3735788489
3736830131
3738170899
3739387081
3741184841
3747242171
3751961263
3753042877
3753702721
3760896133
3771563977
3775708913
3781402969
3790718501
3791223677
3793243213
3795206827
3799484497
3800306971
3801299251
3807044251
3807332813
3807999571
3810648139
3812780161
3818281601
3822308461
3826520981
3845021377
3848011873
3854493553
3854937601
3854957401
3856732921
3863775137
3874186471
3875965417
3877650617
3878888863
3881746513
3882895561
3886966441
3891892421
3897241129
3899173081
3902695777
3904714321
3916287251
3926149939
3929293061
3929969801
3931755037
3931995691
3942304001
3947560525
3949161521
3949702717
3953218519
3953863807
3960653029
3961054033
3967649501
3971677951
3973846391
3982264199
3983087011
3983921191
3986664571
3995220419
4002592133
4007116621
4010572543
4010949377
4023311231
4034063899
4038105779
4042874851
4045100327
4046925583
4047411551
4053249523
4059241819
4061009971
4067039461
4067319691
4071288317
4076176303
4087008073
4091862377
4092176701
4099200689
4104035497
4107165301
4108315951
4109791393
4112485301
4114522807
4121492761
4123979681
4145871817
4148096863
4149101017
4149884461
4160927761
4162325831
4172898547
4174073731
4176385921
4189357987
4192060699
4196718901
4206723067
4207016893
4209989807
4210929721
4211640811
4221294559
4224446701
4228090903
4234224601
4237802713
4246564981
4250911061
4251724627
4252802893
4258410791
4259037901
4259991803
4261662511
4276171225
4282561219
4284418033
4286217541
4294401301
