35
91
115
161
201
451
805
1495
1729
2209
2211
2701
8241
10465
13981
14981
17767
18103
18721
21953
25477
28405
29891
32165
34861
38081
48709
49141
54097
63253
68101
75241
76049
80601
81631
82937
88831
90651
103601
104653
113401
115231
117157
137233
180851
188461
206711
211411
212071
212421
216545
226801
234469
235801
250717
253241
270757
281827
282133
282901
310381
310993
317953
334657
338701
360533
416641
422143
462601
465229
475471
475663
504869
556421
579463
591229
601441
617989
619291
723521
746005
753667
763813
769567
811921
812251
816421
837329
873181
886411
887833
895847
930151
943669
984187
998761
1024651
1035721
1084201
1141559
1152271
1169533
1238221
1249337
1255403
1294441
1314631
1370477
1373633
1393147
1394171
1403273
1420579
1461241
1490285
1611427
1735841
1755001
1768621
1771789
1803601
1805959
1869211
1963501
1987021
2139523
2181121
2244457
2283761
2314201
2337301
2510569
2515789
2517673
2542559
2587273
2759509
2836051
2882419
2995147
3059101
3074417
3085291
3096145
3114707
3125281
3214135
3273913
3370921
3399257
3431647
3502817
3506221
3509573
3552481
3715897
3764083
3783349
3905581
3906211
4084361
4090501
4113841
4129765
4159261
4361389
4428253
4536541
4591123
4630015
4665781
4671577
4797253
4906441
5043493
5090821
5226607
5264391
5275843
5481451
5567495
5640851
5658661
5722289
5723677
5753101
6097195
6116965
6179671
6226193
6266041
6295969
6307001
6566455
6702085
6749021
6879731
6936521
6969511
7008949
7148093
7207201
7224427
7232321
7299139
7344947
7355671
7561159
7565273
7759937
8033131
8048221
8086231
8191201
8496471
8513191
8602513
9056881
9234091
9338323
9353761
9453617
9610597
9745291
9778567
9876967
9878149
9898099
10018009
10099121
10679131
10809481
10974881
11210431
11738329
11756317
12356389
12559681
12890503
12980941
13012501
13073941
13251571
13312447
13326391
13402801
13521353
13684807
13694761
13732567
13861189
14020063
14190679
14312533
14608133
14621641
14676481
14687681
14913991
15063049
15253057
15366301
15560651
15978007
16042027
16045723
16253551
16385721
16410241
16525489
16661633
17116237
17213473
17297677
17471147
17505181
17762441
17904433
18110911
18124177
18158251
18225703
18443701
18520141
18552361
18790021
18888001
18944641
19489321
19554701
19669271
19771711
20234341
20422261
20619971
20626165
20705731
20810497
21236797
21794851
22028203
22035917
22104613
22134817
22268161
22409269
22697281
22849481
22885129
22887415
23503933
23637457
23711837
24101509
24179347
24767291
24794617
25136609
25158871
25276421
25628513
25683841
26461249
26469793
26629513
26880127
27234761
27736345
28009253
28198789
28220893
28298377
28898607
29241829
29741057
29893249
30058381
30175651
30542201
30719143
30743879
30859313
30947995
31037827
31045169
31334881
32002751
32355809
32429431
33235777
33704101
34166917
34170661
34516561
34770403
34865471
35166673
35207941
35798491
36037327
36200623
36351051
36919681
37035337
37113899
37171021
37383571
37397623
37538789
37769887
37940069
38120041
38676301
38903287
39555055
39683659
39721477
39771227
40050161
40355521
40385701
40465501
40629601
40748401
41070781
41169283
41573629
41611039
41642681
42110197
42708823
43331401
43616021
43694111
43911001
44491393
45217441
45259649
45559729
45701087
45890209
46728533
46912051
46964827
47253781
47456221
47632513
47998441
48141169
48186253
48270619
48278537
48682289
48690721
49002841
49030381
50759141
51072931
51143851
51280531
51519691
51733921
51778387
51812029
51826339
51869099
52204237
52502581
53293771
53390611
53638903
54049187
54459841
54637831
54700207
55464481
55610413
56005783
56052361
56070061
56465641
57349867
57544111
57854299
60536737
60889051
61426873
61491187
61724833
61840651
61851599
62294207
62296669
62407157
62884837
62888827
63263179
63317215
63397751
64042903
64996303
65543023
66521783
66769921
66870631
66998317
67194401
67588951
67598581
67991221
68165761
68946811
69062731
69176647
69352051
69518359
70304917
70336945
70572577
70771307
72252161
72412499
72681841
72993601
73031837
73401301
73721341
73902403
74165455
74234833
74563831
74620739
74734753
74866273
74948611
74999689
75545269
76129987
76237561
76364473
77090413
77315561
77439521
78507577
78649957
78835633
78892141
78960901
79216597
79264433
79395817
79403113
80003293
80336257
80918281
81244951
81449551
81531781
81571001
81979873
82627651
82857385
83105419
83900017
85073041
85386799
85666151
86850173
87140693
87558127
87594497
87660941
88298713
89273881
90014653
90757171
91104367
91428157
91910569
92250451
92487781
93431521
93964289
94494193
94550747
94656937
94687531
95451361
95644021
96142927
96877117
96986233
97796953
97865737
98390041
98605543
98907997
99860791
100662941
101525077
102294427
102602719
102901633
102957157
104220703
104307071
104398841
104410663
105026329
105056057
106941451
107051701
107344693
107852197
108205231
108498421
108596953
108650751
109207121
110262913
111248563
112066039
112360121
113307377
114516751
114910489
115601041
115805593
116090081
116443213
117237781
117401239
118016911
119184451
119558011
120787759
120882401
122516485
124246841
124795511
124818601
125122099
125176021
126578701
126731393
126904051
128357311
128852641
129200801
129769349
130670401
130766239
131470561
131762413
132806171
133265211
134589001
134696801
135518701
135819631
135827281
136986505
137340451
139592101
139810133
140770213
141618181
141918841
142627057
143106133
143520833
143704181
143981587
144217421
145377277
145410931
145819147
146451061
147026503
149389633
149532571
149848201
150255323
151750097
151853023
152368133
152985211
153545729
153691807
154092121
154157599
154352269
156463159
158649679
158684593
160211905
160440799
161005573
161199991
161216021
161415601
162243091
163170937
163845361
166406561
167881121
168153019
168586111
169746337
170055289
170584961
170782921
170947105
172116181
172534051
172594423
174213439
175190681
176296591
176597821
176734273
177349147
177439061
178503967
180115489
181011169
183370447
184835641
186777127
187695187
190212181
190375921
192346153
194389903
196995493
200752501
201576523
203470801
204235201
204697429
205057561
205500721
206304961
207141709
207923059
208125901
209862487
209947553
210738571
210842113
214852609
215897641
216126751
218584279
219029329
222270931
222306457
223051141
223638673
223738429
224136013
224294533
224991649
225651469
226366003
226853801
227082961
227132641
227163901
229107973
229695751
231202201
235836361
236025721
240096001
240136009
240141287
240661801
241080913
241370179
243269851
244061371
245309461
246254905
247920661
248150561
251479721
252853921
252888781
252912091
253158751
253206661
254147969
255988045
258248233
258779701
258999013
259274017
259331113
259436521
261033697
261572881
263661817
266292121
266388013
267270403
267471233
267559627
268430191
271053889
271565713
273174721
273717217
273992617
275457073
277278083
277997513
280105169
281320651
281898167
282589651
283148641
286118071
286844869
290838109
290862601
291037601
291798991
292488701
296373221
297404801
297536395
297812677
297842353
298204831
299195521
300615281
300882061
301699169
304678817
306573961
307061371
307237681
307629401
308538007
308550061
312773141
313588801
314154937
315262669
316804867
316975751
318026801
320888371
320907311
323590051
323901007
324010061
324210907
325423873
325938251
326405713
327389545
329700857
330333631
330606937
330844081
331603201
332271431
335499351
336814073
338070053
340741441
341713621
341922127
342614533
346305403
347098337
348089281
349718377
349956547
350370737
350763211
351910021
353932801
356112217
356745065
357296521
358560157
358586341
359696431
360145633
362399623
362443777
363430637
363830573
364183951
371376631
371695501
371703347
372518191
373179031
374234293
374325841
374369221
376195123
376957153
377751561
378682537
379515943
382313521
383425351
384408757
384701953
386592553
386880355
388695301
390609941
390772621
391930003
393197971
395207107
397460911
397700503
398614301
398866513
399302581
400271789
400841569
401016221
402513931
402581091
404720401
405090151
405739681
406796231
406858999
408195145
408212281
408697981
410465273
411840833
415476343
417182929
417268333
418617281
419415121
419615173
420019183
420478381
421942951
422594671
423933241
425128267
425716927
425760787
427165601
429802001
434243209
434860885
435840901
439309261
442506709
443129311
443807989
446636191
446984407
447884659
448232419
448563127
449701851
450598283
451689281
455461471
455535151
456969241
457274161
460618471
460756957
462604789
465335459
465370649
465658903
466758181
467491753
468566701
468950021
469386793
469815061
469965001
470063791
471697799
471836311
471896881
471901501
477320537
478746269
478927901
479502481
485627563
486041797
489855973
490455001
490518181
495832231
496665577
499116511
499848667
502449481
504671635
508788041
512000977
515028697
516154531
517456337
518712461
522779611
524967481
525476311
526256963
529214311
529570351
531628351
533113439
534665867
535092121
540427031
542883223
545670533
546698681
547683133
547793173
549740737
552031861
552852721
555321007
555437851
558437671
559325341
559915851
560321701
560612167
562960007
564704947
567815617
569332177
572488051
573136513
578185301
580186133
580686881
585370619
588482707
588813397
589863031
590356357
591717787
593513131
596737301
597583111
597783331
597859219
598371107
603423991
607140773
608434381
611852671
611890849
612816751
613606561
613804843
614071751
614905513
615440641
616026811
616681291
616685887
617499397
618113861
620169113
620928533
620937101
623305603
623662903
624526849
625340521
625459609
625482001
625536071
625765831
627384067
627665809
633289807
633944033
634022023
636442003
640077313
641490697
644010253
644614433
645643021
647190253
648949093
649721953
651019469
652248097
652923521
655185019
656189101
656472631
657024097
657031201
666961913
667619839
670379497
670917673
676880821
677842981
678055811
679782673
679975003
680471041
680983817
682460501
686059921
689774941
693147617
693613051
694656901
695491207
696102401
696447181
701043421
703919917
705037097
708008461
710181253
712655969
714539701
715427861
715448161
720184001
720206017
720860431
721104877
721807201
725954293
727083001
727566883
732736621
738272429
741802753
743404663
745493761
746808301
748638001
749025707
750263401
750685321
752574061
754055017
754359691
757644889
765186581
765275221
766566079
770965127
771562681
771704389
774409231
777868171
779051681
780458101
783393701
783969493
784208251
784508701
786299083
786604801
787858177
788828059
788912021
789375511
792049381
792342569
792447521
793751653
798540121
807115753
808562791
810502003
811374709
813834127
814056001
814686969
815430533
816002419
818354029
819494287
822089359
826380991
827129941
827980471
828002947
829620397
830765161
830879407
832476031
834451129
837766217
842824981
843703213
846810589
848071591
850671383
855082177
855191377
857538991
857902861
858725869
859481921
859769191
864165457
867022747
869645521
874377841
874410241
874521313
874585909
876039641
876850801
877604071
878677801
879196897
880288049
881507569
884719711
885336481
885344923
887219023
888320557
890080727
890925379
893377633
894281851
896878501
896901461
897756751
898702699
901764151
903314497
903390643
903409681
903660341
904257553
904699951
906326077
907514561
909061819
909521911
910020833
911484421
912090973
925112777
925165039
926281129
927317681
928977337
932098133
932148253
933184801
934168141
934532539
937590571
937923229
937935181
938030101
938249929
938761121
939258841
941548753
942853111
944500519
944851111
951232133
953370133
955297771
955938901
957139217
957765607
959222683
963696337
965647411
965756701
967259471
971203447
971849881
974244671
979027237
979891837
984008089
986544035
989034061
990217693
993131151
993335011
994885141
996565771
1000864531
1001061673
1003860973
1004245621
1005928201
1006102063
1012911409
1015525801
1026460073
1028939117
1029890077
1030336651
1035159049
1037090011
1037627051
1037750617
1038116845
1041820867
1049606497
1050691321
1050721561
1055834029
1058989231
1059692261
1060148233
1060794769
1061372413
1070063191
1070722129
1073002361
1073066881
1076778235
1079063371
1079225281
1080124657
1085509151
1086361201
1090824463
1091327579
1095513151
1097465839
1098188801
1098250921
1100510413
1103978233
1107138961
1107482545
1110296389
1110469669
1112103541
1112671603
1113049015
1114598413
1117547201
1117658053
1123371239
1123406047
1123433977
1129471297
1131697909
1132002847
1132571809
1133110837
1135577953
1139491201
1140750181
1141470721
1147018787
1147705441
1152865627
1158707941
1159896277
1160186491
1163659861
1168256953
1170530173
1175122961
1176476467
1179142489
1179876161
1182405589
1183338241
1184400001
1187645811
1193977471
1200387137
1204206251
1207443511
1210562701
1213347691
1213498399
1216843601
1217107079
1229089489
1232097751
1233524293
1234646533
1235188597
1235910331
1238517649
1242937921
1243051051
1245317437
1247875903
1248065459
1250615461
1257216577
1263702709
1266003461
1266674977
1267123969
1269395713
1270287751
1271364709
1273213901
1276988189
1277913841
1282549789
1283902709
1284674969
1286298133
1289460037
1289535281
1291412431
1293469519
1294261781
1295131693
1295750893
1295776441
1300661501
1301509249
1303069081
1303910581
1309133983
1311105151
1312573123
1313022881
1315223537
1317828601
1326495311
1328033233
1328114503
1332521065
1332633277
1335872983
1335954547
1336249769
1340006209
1340392483
1340845423
1341578977
1344350921
1349995063
1352265949
1352581201
1356366919
1356698881
1357803649
1359150367
1361503001
1365250321
1368194641
1375684831
1377577549
1386656891
1388068379
1389675541
1393680751
1394640941
1396183367
1401547687
1403604361
1408610503
1410278581
1410521941
1417837037
1417897909
1419575167
1424287099
1425524563
1427725927
1427900833
1429664641
1430446951
1431044161
1432548937
1432746277
1432884811
1437660973
1439492041
1446929761
1448994977
1453548403
1453672481
1454220541
1456042393
1458988961
1460269201
1461541789
1462107233
1464953527
1465566211
1465945417
1469177431
1473131089
1475188811
1486980991
1487387611
1488302401
1490926471
1494270937
1497221281
1501656817
1502674399
1504832033
1506168913
1506228511
1509218383
1515175087
1515664153
1521221473
1522498429
1525781251
1526075461
1527763333
1528643971
1532755369
1533527977
1547798141
1550001113
1552103821
1556975491
1563607081
1564278211
1566676945
1567090867
1573689151
1574252031
1574873413
1581576641
1581626791
1584896641
1588950641
1599705161
1603832231
1607530051
1608729127
1609881281
1610083333
1618435171
1621636699
1623595051
1627816387
1630062253
1633240001
1635548221
1637434657
1638831793
1641971701
1643593281
1645859251
1650634351
1655893531
1656917377
1660702513
1661661373
1665290791
1665597781
1665790327
1668534449
1670321857
1670968027
1674658133
1678000591
1678151707
1679742517
1680901381
1687035769
1687285601
1690624549
1691833249
1693459171
1699279441
1701444421
1704141601
1710036901
1710268561
1712035501
1713085465
1715427451
1715787109
1718088301
1720788379
1720865203
1723086227
1725534361
1726238929
1726924949
1731474379
1735687669
1736897441
1738559243
1739695721
1742815621
1743657931
1747678927
1751048881
1751624321
1752023437
1753593031
1755981757
1757055847
1759477399
1763702533
1769148751
1769797201
1772820109
1778702561
1780653827
1783669891
1787623021
1790023969
1790147941
1791426787
1792455281
1797755851
1803429739
1808205701
1813968841
1814263741
1814538203
1817566721
1828377001
1838494297
1844279011
1850661583
1852666901
1854524197
1856689453
1858098497
1860764071
1863594811
1864274917
1868747113
1875289441
1876485691
1876769051
1878691753
1879828501
1879965781
1883509633
1885523641
1889528033
1890480499
1891213633
1891401007
1900664461
1900823653
1901367001
1901906827
1908903137
1911153091
1911197947
1916771251
1919693161
1932405439
1940224513
1940602231
1951469101
1952752261
1953255193
1958400133
1958704177
1962517877
1963133581
1966146451
1966428619
1969698371
1973142407
1976710451
1977384151
1977984919
1979795969
1987966657
1991295307
1996777693
1998274213
1999544611
2005950689
2007112969
2010149249
2012545171
2012839951
2013590017
2014592959
2018613097
2020238953
2021193721
2024035841
2030858707
2032248961
2035004161
2037163243
2039299201
2039372833
2040734153
2041265041
2046408787
2047193677
2053035953
2057853061
2059121269
2069001061
2069074019
2071210471
2073202561
2076211051
2079463049
2082440533
2082754765
2085132817
2086268059
2086618571
2092743179
2093175631
2094177403
2100978001
2101815811
2103521729
2106147457
2108761201
2117955451
2124348661
2126151977
2132988817
2134020781
2138267041
2139462991
2140699681
2141033203
2143585621
2148892903
2148991531
2151018223
2154361021
2165523553
2167107721
2167144561
2171659057
2171958769
2172342901
2173540951
2174068297
2174166881
2175188791
2177408293
2180586341
2180812021
2182292785
2188901233
2189700833
2194649659
2196427741
2196825511
2201924341
2202752393
2204314003
2207748251
2213057893
2216039765
2219008177
2222995393
2241880033
2242724851
2252408581
2254129837
2255968331
2264745313
2266334533
2268928751
2273215631
2290361221
2294119183
2295380753
2302341887
2305011409
2316278221
2320662889
2331181621
2335107601
2346594193
2347489051
2355230749
2356923929
2360261989
2362421953
2368048633
2380603501
2382151861
2382191599
2385059041
2391028399
2398220329
2403203531
2407222063
2409021721
2418196051
2419391449
2420381107
2420475265
2420767597
2422236601
2434281877
2435485109
2435792461
2436918301
2439600833
2445579907
2450636431
2453476321
2454268681
2455825121
2456531713
2477745667
2478961171
2479622041
2481598517
2494728235
2502171001
2503327549
2504278097
2508754051
2514929581
2516234251
2517992123
2525133469
2525154811
2526653641
2528291341
2532630787
2534780029
2537726491
2540469901
2546257177
2548463905
2554405561
2563970737
2566804501
2571581739
2572534147
2584575361
2588970151
2592470761
2593416341
2595209041
2598933481
2600611861
2601641491
2609928721
2611052641
2620964501
2624493691
2627251741
2633304781
2644235941
2649267469
2652996691
2654691439
2654851387
2657314351
2663326163
2666197921
2667521893
2667666289
2668734847
2669905987
2672605657
2673052331
2681503301
2690374441
2690867401
2695496077
2696014927
2704356607
2707138729
2715888223
2717788919
2718158357
2718994513
2720553113
2720566549
2721495421
2723932801
2727058951
2728176067
2728668797
2735447969
2738184697
2739606451
2740431601
2741749889
2742119407
2742893651
2752131617
2752336201
2753739773
2754547987
2754606553
2755426357
2764112899
2766006253
2772562171
2778813041
2779477741
2781727579
2789271101
2797118029
2800172953
2800770805
2815816033
2822721169
2822830561
2824544359
2827541393
2832743713
2836721089
2842332931
2848428463
2850875861
2855181913
2857342627
2866372591
2866872781
2870118421
2871232033
2873094001
2888373181
2888668483
2890316801
2895408139
2901514531
2902967431
2904871411
2905481597
2906457473
2908333873
2913208843
2915953633
2918295451
2925011153
2929062533
2931014431
2936164697
2936938877
2939059657
2945960033
2947438051
2948156173
2948525171
2963695519
2968206601
2969130721
2976456317
2984166001
3004264651
3007573381
3009756751
3013703551
3016957381
3022829827
3023028751
3029374081
3030021919
3031545221
3034801351
3037817353
3044238121
3044780281
3044837857
3055651153
3056770921
3057176477
3067663117
3068007559
3068217241
3077122133
3080768279
3091354111
3094759477
3096737491
3108198721
3109183841
3109419951
3113135561
3124803151
3131179741
3142095661
3146902111
3151562437
3152604907
3162006121
3162470389
3165007429
3172953373
3174698143
3175875605
3179180101
3184090561
3191296499
3202626169
3202965091
3206400829
3208279021
3214895881
3215929645
3217915759
3218192209
3219552779
3220300909
3223775251
3224109701
3235189291
3247318717
3248891101
3249001969
3254095297
3259520767
3263158091
3263568901
3273820903
3274013947
3275218171
3285386749
3285725701
3287687581
3287785381
3295217971
3296558777
3301381331
3304861061
3306930553
3310898779
3311236741
3320286355
3329284561
3331258039
3335899927
3349997731
3353573809
3355623181
3361414351
3368281153
3378396097
3383575903
3383772713
3387014401
3388126351
3397588993
3398327941
3406188787
3417364201
3421650493
3425422757
3439497601
3446756461
3447569863
3456467533
3462633607
3462817177
3464236901
3468510343
3472121437
3479590561
3491799709
3492297817
3500177563
3502970551
3510435809
3516352153
3518447843
3523820917
3525054721
3525867733
3537280361
3549842221
3551279801
3554796043
3558825667
3564767317
3566014861
3566798467
3570615091
3570928927
3574500703
3577938211
3581017129
3583375681
3591633281
3594968821
3595831207
3599314129
3612298321
3612875761
3620019943
3628231693
3633334657
3642034261
3647054269
3648839563
3651018751
3651150331
3652775041
3664814347
3671190121
3673744903
3673825543
3677468161
3685647701
3692149847
3692283211
3697434133
3701890081
3704091751
3719234881
3726810959
3727957487
3728463481
3729097633
3730648645
3736293461
3738207301
3747435737
3751005457
3760397503
3760896133
3768803849
3769349897
3785972863
3788698369
3800358151
3801105491
3801410191
3805857901
3807332813
3808375693
3812141873
3813919453
3814613249
3819275461
3822057527
3842470817
3845485513
3848011873
3849581341
3853584967
3854959291
3863775137
3864629413
3867417313
3870110623
3871727063
3880649341
3883882393
3890736481
3892461931
3899372401
3904714321
3922103395
3925273153
3931879267
3937526911
3942332501
3946182277
3947544541
3949294213
3950838937
3960653029
3977149573
3982564951
3982851121
3986664571
3991164857
3995826847
4001715541
4003592737
4011325697
4015700065
4017384391
4024497541
4025002451
4025474641
4046437177
4051016551
4055789839
4056056993
4061009971
4063809799
4068100063
4078542241
4086437587
4091453677
4091677591
4098999169
4106260033
4118976751
4129681753
4137709421
4146254113
4156580741
4164216697
4171831021
4181407453
4181815067
4183069511
4186561633
4189484953
4195794961
4202817481
4206723067
4214459281
4220183311
4225129331
4225338001
4230594523
4233808153
4235818861
4238331689
4238793829
4240038349
4255848083
4256766511
4271116249
4289393281
4290262795
4294276117
