15
123
205
451
481
615
1111
1891
2149
2701
3277
4141
7471
8321
9253
10095
12403
13021
13747
14701
16021
21115
31609
42059
42811
45551
47197
50737
63139
80137
81631
83333
84241
90751
99835
109061
115669
125665
130561
131977
133141
163073
187591
188269
197633
202501
206981
211765
218791
222181
227767
230215
269011
275887
292571
294409
326233
332821
338701
350201
367921
385003
424663
455731
497503
503071
587861
656601
688399
736291
743503
749521
755221
825563
883501
900483
926593
943669
954271
1023031
1042417
1048321
1092547
1096681
1168513
1169533
1373599
1471373
1511671
1600117
1607311
1714481
1717633
1988715
2035153
2081713
2139523
2181121
2219851
2480689
2545489
2575501
2611471
2689201
3117547
3117617
3399105
3405691
3516451
3582619
3815011
3823979
3905581
4082653
4084837
4150387
4181921
4199521
4255903
4548059
4591123
4766291
4819681
4923521
5146759
5347543
5373629
5419751
5481451
5481841
5502061
5592091
5618161
5652191
5716129
5753101
5824711
5836861
5969767
5999131
6226193
6278533
6298921
6330721
6334351
6464473
6539527
6770747
6975961
7011737
7141157
7189681
7344947
7455713
7624501
7638101
7648033
7691311
7692499
7879681
7933801
7992913
8035397
8163167
8293381
8353073
8417249
8659751
8835301
8959567
8968259
9371251
9533701
9717247
9754669
9817873
9932341
10018807
10303151
10317451
10360321
10386241
10509751
10537651
10703801
10782577
10837601
10974881
11022031
11407441
11487361
11559211
11621611
11809991
12769243
12943495
13104811
13128881
13404751
13455271
13555837
13609591
14297851
14468851
14486413
14561317
14615017
14919673
15197857
15614671
15620221
16108327
16173361
16230901
16246949
16253551
16324001
16841791
16898251
17170171
17686733
17731099
18024751
18034381
18140357
18535177
18674713
18676417
19076251
19149571
19226899
19404685
19732897
19848319
20117467
20234341
20302081
20633167
21366199
21415297
21953593
21979543
22191553
22532311
22981351
23205601
23261713
23464033
23547721
23658301
23712145
24373441
24380461
24482503
24597217
24885901
25197481
25276421
25644331
25751981
25856881
26131961
26455153
26694361
26824547
26902331
27191011
27690419
27943177
28569997
29561761
29564609
29789101
30058381
30350373
31040833
31314307
31815611
32373037
32429431
32437021
32528833
34084181
34332481
34865471
35197243
35293837
35361089
35561377
35798491
36255451
36314371
36338653
36547507
37093607
37209901
37469701
38165293
38248981
38722301
39418963
39447181
39469519
40082227
40314737
40728463
41674141
41955037
42014869
42358601
43036003
43581643
43681065
43694111
43866677
44137913
44509489
44583691
44628673
45129221
45240901
45574381
45931117
46094401
46728533
46858723
46861801
46912051
47253781
47494693
47583397
47925121
48316969
48366781
48479369
48507331
49080007
49404547
49923661
50523661
50635597
50649751
50804965
51088133
51500521
51563641
51664807
51733921
52344073
52424621
52483421
52599259
53606801
53655551
53949761
54029741
54459841
54637831
54661195
55352701
56034343
56160133
57120001
58368997
58679941
58724821
59023273
59805553
60033403
60157369
60398801
61474513
61829741
62154889
62721595
62995885
63536351
63619723
64006951
64384867
64476229
64677601
65199443
66297571
66342673
66932851
67188955
67680491
67826389
68090203
68535811
68621701
69428209
69871583
70905097
71323297
71602649
71696311
72115831
72884701
72903949
73295209
73945171
75298141
75621281
76479397
77121451
77239051
78093941
78234133
78274621
79464533
79470667
79624621
79987151
80450371
80530871
80560201
80621521
81455137
81827461
82606231
82688797
83480203
84212129
85667443
86015551
87155713
87749521
87784561
88299091
88945651
90123841
90205403
90626401
90753781
91822963
91967839
92158441
92211931
92625121
92727269
93469681
94963877
98034751
98464687
98646211
98972833
100284811
101515373
101657041
101715307
102294427
102358747
102560407
102690901
102839311
102861751
102901633
103129555
103788301
105184951
106299811
106485121
106941451
107016011
107047981
107302901
107773901
108070201
108502417
108972079
109151929
110647021
110672641
111603403
111743017
112109713
112465831
113492101
115685729
116151661
117987841
118039351
119018737
119166809
119544193
120060697
121167583
121820887
122147481
122154671
122581801
123771511
123989377
124611917
124818081
125132179
126282257
126384733
127055921
127479097
128422387
128481809
129205781
130227001
131023005
132575071
132781009
132952717
133227451
133391611
133592269
133623715
134176771
134184961
134499553
136667197
137651201
137932321
138123233
138158411
138653101
140073709
140866001
141069067
141121795
141165071
142517845
143106133
144202321
145186291
146284001
146505547
147039751
147663001
147683593
148109473
149315513
149422051
149532571
150866423
151718041
151837093
151889651
152191849
154010221
154603601
156463159
157008457
157182637
157226269
159966683
161304001
162026869
162096901
162243091
162261943
164578051
166944037
167579497
168089131
168948347
169234003
169746337
169771541
169961569
170173741
170194201
170856533
171275959
171556219
172018667
172232369
172483511
172767043
173271223
174095237
178503967
179124013
179429083
180401041
182661701
184332361
184758127
185040703
185802589
187143661
187571341
188101237
189188299
189546319
189686503
190243411
190664351
191955433
193330237
194511871
195007801
195412621
195568847
198434231
198861167
199104533
199539253
199660411
200722777
203120191
204456793
204697429
205828291
206648843
208464887
209802581
209997643
210032689
210470801
211261951
211834663
212146507
212698711
213230161
214110541
214361353
214512787
214849027
216650617
217123069
217396481
217517653
217672057
218044009
218624033
218793401
221368153
221793391
222419011
222439573
223070321
223896637
225842647
226366003
226885021
227907811
228485441
228587341
231405701
231808237
234005857
234870301
235201461
235742513
237041113
238568749
238582273
238940771
240876161
241587431
242424197
242879521
245597509
246141001
246539101
246666187
247043071
247453361
247536811
247588963
248054129
248100343
249209423
249507649
250280011
252146651
252284761
252552301
252816301
253134961
254513359
254727787
255945061
258223519
260018393
260211841
260880031
261162589
261945721
262715521
263494459
264719071
264929905
265685509
267152033
267155461
267540877
268995889
270096847
270348931
270447157
272680201
273894997
274285243
274937851
276776839
277210081
277477903
278388881
278628617
280395649
280606771
281288801
286412881
286774073
287449091
289615771
290344753
293522461
293875111
294122401
295560757
295643089
297499339
298362241
298472483
298896449
299569051
300846941
302412529
302818001
306191621
308093761
308406301
311126461
312223213
312940519
313346221
314736661
316097843
317948041
318465703
318475621
321538069
321781633
322391091
325141001
328254121
328678741
329153653
330667681
336002995
336893257
338201401
339079861
339902081
340434691
342012353
342232871
342614533
343040251
344525633
344776301
345197137
346100701
346795639
346909291
348460597
349083043
349470703
352324559
353878801
355297301
357914701
359364151
359696431
360018361
360121519
361057231
361080751
362379851
363261301
363941467
364312711
366259807
366755201
368476501
371232289
372430531
373068691
373856311
374325841
374479751
375881941
376380577
377415151
377978401
378682537
379228013
381768781
382444057
383740561
384993451
385982117
388852069
388962211
391431941
391923379
391930003
392898451
393197971
393467579
393613081
395264101
395858159
397602371
397716401
398257913
398441387
398599489
399474073
399671641
400723331
400992769
401047039
401687261
402364471
402764231
403415041
404864701
407282851
408051223
408580741
410044951
411258121
411673195
413053999
413670661
414876013
415438471
415837969
416818321
416953153
419198711
420144271
422449801
428231021
431218999
432705703
434104417
434181529
434363179
435358657
435693511
435920941
436289701
437604661
437668381
438181327
438963439
440305451
441139051
441343141
443129311
443407469
445806271
446235373
447491977
448749715
448851889
449105185
451629421
451893291
454828637
455622973
456985297
457206373
457274161
457366339
459442801
460625281
464012033
464082997
464587969
465505633
466797619
468511229
469328203
470063791
470363951
471284731
471873553
472814413
473842111
478927901
481239361
482830601
484662529
484684993
485829593
488104681
489966319
491356801
496665577
507960001
508094281
509299577
512330281
513346891
514141477
515446177
516081997
516956581
517280347
519370433
521590357
524264357
524375281
527466241
529214311
530984101
533913491
537242899
537978511
538412033
540046501
540082033
540741889
540789287
540864721
544294081
544483381
545670533
549132871
549308761
550024441
551856551
552797731
556189009
557758783
558911881
560335231
562945321
563947141
564138451
564331697
565148011
567242911
568606609
575331481
576350083
578784187
580602871
580747883
584868181
586275433
586862737
587154529
587159497
587444287
588254389
591043771
591717787
593127481
595273267
599410621
600963871
602168869
603263909
605354443
606886561
609147031
610414807
611463169
614141249
618590501
619280401
619448971
620036441
623662903
623959417
624732421
626752891
626871961
627832801
628280173
628903213
629364511
629492491
630062317
633591001
634415449
635201029
642216961
647292871
649015049
649680529
653170033
653343463
656187001
656460435
656723161
656969041
660350965
663997181
667200241
667578871
670417801
670987021
672184549
673778827
680998501
681460957
682655999
687661573
688747039
688777013
690035713
691275719
692654491
692956819
696138673
696329827
699322423
704476891
706319191
707112001
707842531
710826481
712650881
713151281
713570677
713946133
715965043
716389831
722601811
724529191
735774661
736832053
737025031
742096657
743480321
744118657
747318613
748466071
749172821
756579151
757158533
757639387
761932033
762469007
763509001
765186581
769006153
771573769
774109627
776249251
777919081
780384013
782734591
783307841
785190451
785213801
788037121
789375511
793578997
793813333
794151271
794265571
795490747
796353391
802477453
806820433
808914881
810635801
811554151
816097717
816481513
822542977
824269141
829091141
832870891
836628839
837666831
845247781
845338033
847745179
850193401
852465061
852947659
856301227
856971389
860815141
862787101
863248111
865695183
865810613
866008153
866093377
866791333
872630221
872685451
873009439
873252641
874087501
876454357
877532671
878072071
883571401
885336481
885510239
887219023
887795221
896838049
897249601
899179381
899908363
900464377
902096161
905592481
907252321
907410769
907475851
913732613
918400033
918757127
920796901
922845241
924753523
925112777
929144273
931069309
938680051
939947009
942461347
946936373
947342353
955772947
956151593
958318057
960805567
962726077
965646361
965788531
971576689
974292733
974761201
978563041
980957071
983015041
984357361
986468671
987275521
991167661
991363309
997656059
1000143763
1000944823
1005745261
1009140161
1009655263
1010559133
1011388141
1014722239
1016146393
1017735181
1019115301
1022242609
1022822513
1026044713
1030834817
1033501877
1036335301
1036445671
1037560681
1039944151
1041962561
1042969973
1049144801
1053135617
1053541189
1053939151
1058816533
1058989231
1060113277
1062660943
1063488763
1063972207
1064507123
1064725201
1067111551
1067802667
1069560577
1071645797
1075068289
1080059761
1081607311
1082518921
1085509151
1086330673
1091948051
1093698061
1095225301
1099754653
1100212777
1105322653
1106492161
1106972131
1107403097
1108441307
1108626751
1112193889
1114075387
1118708567
1119887891
1119915421
1122003397
1125038377
1129235647
1129527151
1130675261
1132087891
1133818561
1134193561
1134453631
1137320581
1138289041
1138623553
1142408257
1143378419
1144905217
1145632333
1151927827
1153164097
1155357389
1165301209
1166240833
1168256953
1170614593
1171896259
1172018041
1172737147
1174264813
1175136481
1175248961
1183227371
1186815263
1189817371
1191981379
1195524181
1198707469
1199849701
1201773689
1201803511
1201812769
1202085067
1208750831
1213146551
1216910693
1217829817
1219858921
1230630139
1236313501
1238454421
1243540877
1243563751
1246471249
1247569831
1247784331
1248594241
1249785941
1250362109
1254948337
1256440147
1257102001
1261362577
1261570133
1266025351
1266482017
1273700101
1275191969
1276082497
1279033001
1282054219
1286298133
1288349851
1288467013
1289281621
1290999529
1291003561
1293071179
1294890031
1297092721
1300021669
1301504497
1306563301
1307224981
1309723213
1310783801
1313514563
1317828601
1318826279
1320327391
1322013881
1323011377
1323748121
1324758401
1325172421
1325329297
1326805759
1327026403
1331061887
1334130451
1335361609
1338391279
1338579257
1341911299
1342106581
1347387361
1348897591
1353440233
1361071681
1371328081
1371908137
1373452033
1376799577
1377988201
1381677961
1381679461
1382453333
1389675541
1395564127
1397117191
1399739293
1401925243
1402248403
1403607971
1403967979
1407188161
1408610503
1409049577
1409554219
1410810787
1418544601
1419575167
1420092073
1422924901
1424139251
1424825729
1426246973
1426743211
1427876839
1429757701
1433928581
1435361779
1436093557
1437866561
1439124133
1439246719
1440231941
1440250309
1451298943
1463178817
1465217911
1469353747
1474936871
1480849831
1480896691
1481933471
1485920041
1486078903
1487959831
1488349501
1491188401
1492701649
1494646801
1494714493
1499094721
1499758849
1499890141
1503937387
1508145721
1508642701
1511751601
1512822097
1517200697
1517846257
1519026713
1520190341
1523816257
1527763333
1529879203
1530807301
1530917693
1531287581
1535253953
1538012449
1540208251
1543378051
1547946289
1557935101
1561644091
1561984831
1562630779
1564278211
1566279541
1581292861
1581426541
1583051653
1587577867
1588247851
1589853281
1595550853
1595622997
1598197201
1600671721
1602758977
1603088281
1604586241
1606861651
1611615151
1614341431
1615015243
1617562051
1624124989
1628194681
1630161541
1630851361
1632955381
1633240001
1633734721
1637434657
1638294661
1640460601
1641211961
1642832101
1644177883
1650682153
1656280033
1657546921
1662203089
1665709405
1667090797
1668431191
1672719217
1679742517
1683174533
1686695737
1690108201
1690879123
1692502649
1693974101
1697558501
1701547957
1707704461
1717505329
1724060911
1730066941
1737893035
1741080661
1741165471
1744262081
1751550221
1752023437
1756085959
1756892807
1757297233
1758705859
1759477399
1762279741
1764288901
1766311681
1766361871
1771154239
1776439261
1776820033
1777368013
1781426693
1785055889
1786703497
1790023861
1792331861
1801830421
1805555201
1808692201
1813109603
1820116561
1820346481
1828889371
1833111001
1833328621
1835408401
1838453203
1839474281
1840640797
1843204171
1848112761
1848123811
1851521953
1856114371
1862778641
1865344291
1866729331
1869875281
1873723457
1874850349
1876482871
1884669361
1893297793
1908678199
1908858403
1915423819
1920594079
1921158553
1921309633
1924810291
1930403333
1931886601
1932263581
1933740491
1937006899
1939843351
1946740793
1951469101
1952968753
1957760393
1960577189
1962730531
1972395461
1975250161
1975829761
1976381419
1977932797
1985348527
1989593951
1990056007
1998804523
1999157287
2003220161
2005360351
2005507081
2008778671
2012438273
2013209591
2019805261
2034640609
2035879711
2038759861
2042467741
2049026051
2051664497
2055224701
2057835781
2065040353
2067915841
2074292879
2075508397
2077186519
2079463049
2083217011
2087617651
2090309231
2093336851
2097800027
2101744837
2101799071
2101862491
2109718001
2114102593
2116876843
2118361829
2123112967
2123792551
2127616063
2128844551
2131620571
2133892069
2138091763
2139196789
2142302741
2143606501
2149675867
2151543871
2153607941
2170186021
2171903581
2173540951
2175136133
2181583771
2181897329
2182281601
2188555297
2196825511
2197813333
2203663621
2209601431
2219008177
2219057173
2220775813
2233031701
2234807701
2238133831
2239679287
2255968331
2256666133
2261099611
2262695401
2264745313
2269491451
2275037381
2277246991
2280656953
2282359213
2282969791
2283964723
2285071933
2290647061
2293825987
2297067967
2298727121
2302500391
2304710123
2312963333
2318000491
2319724441
2320640011
2322619529
2323866169
2335706909
2336355841
2337379153
2339902727
2341421867
2343850001
2350196311
2358426589
2366743537
2366923087
2385574201
2388056131
2388410749
2393695613
2402002927
2405987497
2412172153
2414673271
2425249601
2436199091
2436600961
2436927907
2442148981
2444175001
2446810957
2447006251
2447598679
2455024133
2458231903
2461871497
2465032151
2465873551
2470869253
2475882641
2483253781
2484548947
2485230751
2488568689
2489777137
2493278471
2493698131
2493966077
2497866617
2499853333
2501012599
2504561203
2507395279
2518208137
2518315801
2518861351
2525693987
2528236441
2533163263
2538857641
2544326929
2556832741
2560600351
2563970737
2575080397
2576367361
2582246701
2583322381
2588680051
2597294701
2598445207
2599466689
2607435307
2610183001
2618760031
2622110501
2624035987
2624514271
2630187481
2637916051
2640670561
2642817241
2643984001
2645941423
2646887881
2652168731
2653670377
2654934631
2656524151
2666676601
2679317581
2681133397
2682072361
2683456777
2689506667
2690408533
2696529529
2707125721
2707885441
2709957277
2716344661
2717428033
2717514151
2724440473
2732475241
2743523803
2760945331
2761096081
2761298857
2763442861
2766065681
2767615681
2768799629
2771071031
2779567597
2781901591
2784131257
2789732251
2790281551
2792375569
2794848403
2798861689
2809689601
2810585179
2822521411
2822830561
2823104761
2825266277
2826128971
2832701057
2837917633
2841805121
2847152311
2854300201
2858569861
2858936851
2859283321
2859425753
2859844577
2863812199
2864096047
2867266901
2869309171
2877396253
2879301349
2890057771
2890106797
2898023521
2904942097
2911911913
2913746359
2920478317
2928621481
2928676747
2933588503
2942681281
2944080133
2945549881
2946475813
2960791289
2962726381
2970228199
2978011651
2985220159
2987029781
2991834737
2992423633
2994873751
2996604451
2999953321
3014261317
3023094619
3024242731
3038171011
3039425101
3042630533
3043667449
3046274113
3048638473
3049386451
3049647301
3058670677
3058928321
3063683503
3070208261
3071333371
3084277249
3087787051
3103943053
3108585601
3109287581
3110830003
3111148097
3121509037
3124082713
3131000251
3142863751
3143737693
3151860307
3160234549
3165745861
3169648711
3176138851
3180742577
3190106431
3192564577
3195537623
3202895821
3209164129
3214666249
3218145187
3219968401
3226864033
3227392477
3245529871
3247916081
3258269101
3259458401
3260299771
3264213499
3265122451
3266282881
3271779457
3282575129
3283543321
3293769779
3295217971
3296268721
3307251221
3316019953
3320669437
3328496851
3332800021
3345137431
3347028583
3357145273
3358434479
3360975265
3362967847
3371024521
3371272381
3374598781
3380860027
3381759679
3382983521
3399205591
3401641141
3414748591
3423454369
3424452541
3436070779
3445882081
3448265921
3453458737
3457284119
3480174001
3489748417
3495943153
3496316401
3499498117
3501194797
3501353593
3503272783
3512997541
3523473721
3527121907
3533166271
3538213381
3538280131
3543203333
3551279801
3556373647
3558921337
3563089111
3566116513
3566428301
3574853569
3576640861
3579322433
3589706269
3595831207
3599103691
3599972713
3605151241
3605289029
3609445051
3610247851
3616242001
3617370397
3619808851
3622831201
3633802561
3634084871
3638798491
3640021381
3640031081
3648274391
3651150331
3651826091
3653768449
3657592069
3658257205
3664521781
3666019937
3667604383
3673547641
3681650281
3682471321
3682630327
3687290557
3692630089
3708905341
3713066389
3713085091
3715606777
3716893831
3723891331
3725468843
3741041561
3749887681
3771414077
3773061337
3776277217
3790859399
3806586631
3814236893
3814257457
3818691179
3819502651
3829656403
3832559641
3846206857
3849467581
3852262831
3862961821
3863759657
3868589909
3873584401
3879713251
3891367747
3892928203
3910653577
3915262171
3921827071
3925583551
3942332501
3953863807
3958965781
3964119001
3968871469
3970582153
3973846391
3978427963
3984518581
3984622963
3984855733
3997951651
4007299801
4011001741
4012420105
4017042569
4022023381
4032248257
4039033153
4040571187
4042350001
4044151831
4060942381
4061009971
4064937491
4066007107
4072142257
4081086361
4084986211
4087008073
4090615687
4098290149
4098341633
4102265311
4105658759
4107549601
4109163151
4112558413
4135285369
4135506103
4138789609
4140553477
4143444841
4154524771
4163923531
4168267981
4173337561
4179008347
4185707731
4188462701
4193190019
4204605623
4223828071
4226638153
4228090903
4244663651
4248354601
4250911061
4253530051
4253921071
4256352907
4260879547
4263014701
4265045797
4267476929
4276988719
4282615597
4283445403
