185
341
381
481
2413
5461
6241
6533
8371
14111
23591
23927
25681
26599
29341
31021
31345
31621
31879
40501
51245
57553
72771
79003
79501
88399
94657
116003
133141
147967
151313
183811
202501
219781
221761
231953
237817
259501
282133
328021
332831
341023
341531
359341
390937
397717
407485
407611
439111
493039
571091
587861
607609
663181
668431
689323
710533
722261
753667
765703
769567
803713
819541
821059
839081
1004329
1019341
1033579
1056331
1082401
1113841
1159765
1232969
1306199
1325843
1339301
1515151
1674961
1911397
2025565
2035153
2064479
2091181
2134277
2149519
2169793
2321053
2373757
2387797
2489791
2501161
2568353
2639737
2651251
2741311
2885401
2931721
2951791
2955451
2987167
3032873
3048361
3117617
3289807
3383353
3387781
3542533
3733643
3821101
3846193
3906211
3996301
4059859
4082653
4150387
4425569
4528711
4811851
5077381
5173601
5208121
5275843
5292631
5360473
5378641
5479261
5571061
5725711
5802677
6186403
6471931
6594901
6660767
6726637
6938611
6969511
7114361
7272553
7344947
7597063
7765759
7830439
8135779
8293381
8449321
8559787
8646601
8964001
9040069
9493903
9918011
10360321
10403641
10644553
10743223
10946857
11309761
11407441
11689393
12205873
12315337
12322133
12352561
12731461
12890503
13053641
13112317
13113101
13232617
13295281
13404751
13407769
13476241
13675579
14302471
14608133
14632537
14676841
14680711
14712337
14759977
14800391
14852753
15043913
15076945
15327869
15663797
16036021
16253551
16290181
16601201
16679521
16723127
16914301
17117143
18047521
18184933
18342241
18396853
18443149
18751763
18888379
18985627
19061281
19171729
19226899
19233287
19429801
19986643
20279563
20372959
20490913
20877403
21164417
21769721
22070021
22093441
22703753
22848541
22989359
22994371
23236429
23363461
24132403
24236461
24399649
24652361
25052527
25118581
25172033
25183589
25997071
26194741
26461249
26597227
26647039
26886817
27693779
27956503
28149157
28213333
28296781
28541651
28914817
29059699
29581501
29924121
30048121
30139411
30437551
30513349
30529693
30567277
30629021
30726263
30826993
31506451
33717991
33796531
33840397
34035271
34043101
34084181
34370443
34393153
34590403
34696531
34894861
35845633
36561103
36765901
37207561
37327421
37514551
37649503
37883341
37962541
37978741
38248981
39463807
39469519
39536641
39994621
40390327
40621591
40675981
40808221
40946221
41538337
41662297
41914291
42325057
44002909
44122321
44731051
44736511
45116189
45213643
45879941
46055851
46728533
47166421
47248961
47253781
47632513
47903701
47925121
47930023
48411751
48856321
49735981
49931461
50111059
50759141
51038749
51757117
52047157
52493647
52694461
53142157
53267581
53484209
54255521
54275131
54520247
54637831
54777721
55385221
55901509
56541761
56670181
57060037
57404689
57436453
57762433
58603843
59226841
59318533
60033403
60096821
60552161
62479297
63024001
63122401
63397751
63952373
64597387
65134751
65349253
65860651
66725209
66754531
66790057
66998317
67531159
68512867
68621701
68765167
68768569
69485281
69885649
69949447
71035901
71168021
71345633
71493841
71959651
72286501
72884701
72902201
73289861
73705633
73968661
74927161
75335041
75349979
75642157
76237561
76508251
77430961
77529817
77615269
77622533
77834131
78127787
78234133
78909161
79375969
79464533
79525261
79624621
80160851
80364217
80530871
81455137
81954133
82606231
84288551
84354821
84792577
85329301
85666151
85760251
86005921
86135003
86484269
87155713
88256449
89517299
90415171
90727319
91356301
91935947
92509561
92652421
94502701
94921813
95173783
96517121
96664439
96948983
97071211
97219361
97365841
97772893
98128963
98255141
98500121
99945007
100017223
101152133
101649241
101920561
102071551
102294427
102395203
103253333
103620323
104857391
104943481
105756113
106316401
106374071
106485121
107016011
109533709
110413333
111654401
113492101
114170269
114267661
114849901
114910489
116701003
116918141
118172251
118421959
118846151
119018737
120624277
121309033
121543501
123399431
123916717
124557481
125366587
125780167
126073963
126440731
127219457
129205781
130693393
132806171
133085269
133266619
133592189
133931233
134295061
134499553
134610163
134952805
135435931
135556345
135619667
136790161
137200981
137340451
137729521
137785331
139752607
139810133
139905121
139931191
140022847
142309141
143078869
143168581
143170171
143211157
143520833
145410931
145820503
146436893
146806129
147889741
148352051
148359509
149407273
150415987
151830551
152243369
152833631
153432137
153589801
153625601
153720673
154292419
154384501
155239979
157893649
159104129
159780527
161926993
163892587
164138801
164897701
165333601
166615441
167709281
169234003
170584961
171253309
172436713
172566727
173960869
174058831
174303851
176202391
177122329
177439061
181508251
183778607
183922831
184010089
184611311
184811327
186568471
186998729
187147349
188382487
188516329
188985961
191763041
192302581
192857761
193724191
194511871
194885251
195281551
195475351
196287391
196548643
198336529
199104533
200100781
200791009
201429541
201573737
201789127
202276621
202592251
202831945
202984217
203573389
204485033
205725341
206632819
207132481
208124281
209722501
210032689
210812311
211068203
212146507
213051151
213901711
215196871
217112591
219036071
220471841
220531501
220873861
220912759
221817961
222123799
223993729
223996687
224539201
224833337
225418483
227444101
228652201
228663793
229695751
231235291
232794253
234126041
238528601
239668471
239806561
241477039
242792323
245837521
246446929
249504473
250216801
250267909
250907581
251005303
251663837
253158751
255296731
256665571
257202541
258877721
259051699
260394961
262480501
262621313
264688001
265638409
266051431
266263453
267152033
267301339
268505551
269834017
271055923
273443311
274937851
275101373
275712533
277079041
277485589
277787141
277864651
283020013
283210049
284166877
284955973
285190057
286984321
287996773
288173257
288683257
288997633
289759051
290020061
290242637
290375801
291743371
292100491
295188937
296090641
296457191
297307249
299396833
300164287
303857537
304572043
304642823
304788013
305593181
306904711
307061371
307593833
308538007
308714851
312679429
312703093
312747121
312773141
313338061
314371651
314885521
316032721
316647941
316885801
321004147
323080987
323612687
323901007
326088253
326695141
328098601
328254121
330016541
332407027
333431179
334963333
336273211
336593377
336708877
337160227
337297841
338458807
338778133
340894369
342083509
342680311
344438641
345449641
345969313
347325301
349264243
350334721
350388053
352589581
353416771
354870431
355039777
355878553
358434091
359766361
361987489
363430637
363941467
367634569
370740833
371376631
371611153
371920867
373906513
374369221
375357163
379510143
380142757
380977477
381522457
382633373
384770017
384939589
385577617
385677157
386498389
387627241
387735013
392704621
395278561
397700503
399370591
400505449
400870651
403095967
403548913
405933301
406577441
409081037
415039087
415883557
416159287
417027451
419431093
421056301
421779961
425048009
425710837
426092941
427088719
428399161
428912401
429171913
430276537
434715637
434929951
435524911
435836971
439282153
439432753
439631011
440376821
441489077
443120437
444869713
449241763
453257869
453992111
456689773
457320533
459648419
460643179
461329601
461502097
461505661
463264003
465047753
465335459
465658903
466005313
467746777
468439247
469620691
470000833
470120257
470896201
472091497
474970501
475969231
477086741
477189121
477265033
480976157
481135021
481637381
482255617
483646843
484093501
485429431
488412433
492291673
493108481
493151833
495628663
496128001
498238201
498442951
500129281
502954141
503961137
504819619
506359879
507877147
507960001
509288131
510505021
511121161
512626201
514139191
514286491
517567051
519338251
521262127
523478981
523756711
526154119
529214311
532238909
532758241
532800133
533600033
534293761
534997159
535199281
535736449
536775037
537242899
544101481
544575103
547118177
547839451
548563549
549132871
551171479
552163333
556488811
557876479
560907271
561081505
569332177
571421971
571812433
573136513
573183451
573862021
575419021
581405371
584968639
585281791
586509481
587528807
587652571
588912061
590402011
593090497
593800231
598615799
599135767
600815723
602508301
606483961
606845761
607705501
611181121
612790921
615440641
616238407
616280897
617087701
620656207
620966413
621047467
622137601
625647241
629130449
631974001
632112451
642056419
642221821
643204171
643800821
644453633
655219207
657414577
657887953
658831291
659360003
665040989
665526187
667311961
667677041
670176667
672216391
672773791
672842521
674098471
674194207
675084073
676880821
678286801
678431279
678981871
680044697
681059251
682271981
682788481
683116849
684426733
685923757
689443273
696447181
701259751
708719839
709867601
710538973
711367763
715427861
716495473
721828661
722391979
723990853
724503833
726137501
726935641
728822753
730704133
731030257
732384313
732525553
732736621
734793467
735724711
736266493
737063087
738820351
739444021
739460701
744393079
745493761
752823541
753175771
753398371
756588253
756632101
756642979
757272707
757639387
758056531
758142883
758687581
761932033
765167801
765406153
768070577
770764897
770909107
774693917
776249251
782419303
783326377
784077787
786700171
787858177
790466023
791526891
792049381
793246141
800232751
801392593
802477453
803744371
805426189
808562791
812093257
815776417
816437299
819820249
823809529
824532931
827980471
829978381
830302441
832217539
835991237
839116237
842790101
843219511
843703213
850561501
851624437
851822011
851844601
851990017
852112081
853555177
854634061
855566083
857100421
861634769
861939989
865325677
867323521
868576463
868793689
869109281
870993553
871763713
873471661
877139881
877532671
881214067
885528461
887737567
893377633
895826017
896231953
898429099
900637921
902096161
903067601
911202139
912650257
915743251
916450621
920066617
923245181
923462047
926818411
928376801
931614121
933844621
936729751
939964117
941056273
946034057
948037921
948393601
950559481
951232133
954924013
955609903
955683811
956060281
956558387
956687761
959921497
960198251
962442001
964003153
965647411
968283247
974892133
979080001
979363153
983631433
989908921
990314971
992068939
992109121
997695661
997869727
999025549
1005617219
1006378627
1007291991
1011364559
1011704047
1012601251
1014446371
1015198339
1015207789
1017748057
1028213077
1034449057
1036969627
1038296761
1041953641
1042676653
1045596889
1049375083
1049917867
1056900391
1057489021
1058989231
1064519011
1070158877
1071117559
1071327391
1073066881
1084444481
1086031141
1086555919
1086670729
1092215521
1092558013
1097102353
1106576857
1109304913
1111196089
1111327291
1111589953
1112103541
1113798181
1120076281
1121176981
1121676013
1123865569
1124592431
1126262173
1129235647
1129745077
1130081989
1132897351
1137932533
1138457321
1142300503
1148845517
1149032981
1152430987
1152644543
1157195341
1157420947
1158541801
1164218641
1164999553
1166950693
1171983937
1173273553
1177615297
1179670823
1183978823
1184298943
1186574401
1192412033
1194711337
1195373281
1204176751
1210631131
1213619761
1214998867
1218525331
1219347361
1222367449
1226405473
1228128445
1229956003
1233696403
1236032227
1239566941
1241052161
1241055481
1241178833
1248307199
1251000671
1254969241
1260332137
1261949539
1263309823
1265607671
1265740717
1266482017
1270681231
1271570227
1281246253
1286952841
1295074171
1295398451
1299736397
1301504497
1302145267
1304928301
1306720841
1308793417
1309608739
1312272901
1312728733
1314461251
1318599481
1319720419
1321923571
1322461141
1327184641
1332253621
1333842607
1333867237
1340089381
1344420013
1346753437
1350533689
1353332417
1361695681
1363085923
1367303167
1375684831
1378203751
1379388001
1380658619
1382700211
1383564079
1387286569
1389960353
1394632891
1399830049
1400436337
1402248403
1407542611
1408364117
1411863461
1416275101
1419459121
1419874453
1420323661
1422057781
1422958711
1426743211
1431363649
1437309253
1437396589
1437565501
1439378123
1442090497
1442590543
1443270349
1451585521
1461901897
1464586421
1465257223
1465454101
1465685527
1468009831
1469108521
1469768653
1472799151
1476539497
1477144223
1477422187
1478503261
1478557151
1479276223
1490212657
1491510899
1492446121
1492973761
1493348851
1496517023
1503705601
1506472045
1508005501
1511042851
1513954009
1515664153
1517488369
1518290707
1520190341
1523816257
1527551947
1533289577
1533555271
1533573731
1535595361
1540106353
1540547681
1541955409
1544599061
1547543161
1549603213
1550989177
1557211657
1558328257
1560151751
1566590173
1567952761
1568065381
1568700697
1572469361
1572777551
1574601601
1578103547
1581025597
1581576641
1581714481
1582691531
1583230241
1587385297
1588950641
1591392349
1598257627
1600197499
1607530051
1610083333
1611615151
1616387653
1618336081
1627416859
1629508999
1633240001
1635548221
1640460601
1642004101
1643247701
1643317237
1645020833
1646590843
1647569071
1650490129
1651104001
1663109491
1663436617
1665790327
1665871019
1669547881
1678670053
1686531241
1692567521
1695550081
1696259137
1698626959
1703644801
1709890813
1713319453
1715198197
1716774481
1719318121
1719867911
1721558401
1722463471
1724760881
1724895481
1727809073
1731995497
1732369829
1733947783
1737213481
1741080661
1743657931
1744115647
1745868001
1746543401
1746976703
1751504581
1753593031
1757148121
1759602307
1760384011
1767094003
1767803047
1772877943
1774241821
1776439261
1778233969
1783334719
1787128561
1790023861
1790995051
1801830421
1805201261
1805555201
1807192589
1807922491
1816279301
1822657981
1828014931
1828887061
1829245091
1831812841
1832931421
1833655591
1835191331
1838124241
1839895201
1841246749
1844459137
1845798841
1846923653
1850287363
1852666901
1860195611
1864450297
1867062487
1872418133
1873216507
1874326843
1876091977
1876735477
1878691753
1885915841
1890641773
1894955311
1896331387
1896689737
1898139707
1903062197
1904524903
1907221681
1908088001
1910273863
1910320829
1917397637
1924365991
1937867581
1942593173
1943261503
1948898429
1955219311
1958704177
1959379423
1962436771
1962940981
1963712713
1968707989
1969032781
1969168741
1971567251
1971808441
1977257441
1977372487
1978167181
1998757583
2000436751
2004080941
2005662121
2008477729
2008803851
2009621503
2011533709
2018761111
2019805261
2020292737
2023800661
2025112501
2028685753
2034348961
2036286361
2037732451
2039884153
2042467741
2044309249
2047719169
2050617713
2057835781
2060823643
2063228203
2063381609
2068080841
2069384539
2070167257
2072488771
2073203857
2075853001
2076192007
2077047961
2077280731
2078807761
2081986721
2085846283
2085934783
2086206643
2093459023
2095774201
2099729263
2116483027
2119124351
2121345241
2125858771
2126800747
2127353719
2131163273
2133876991
2141033203
2142645737
2147126281
2149184431
2150849317
2151933701
2152643557
2153447227
2156767003
2163097681
2164119049
2166247711
2173699991
2174777281
2194195519
2196343601
2196839041
2197944451
2200312483
2202632797
2202665053
2202848173
2207806537
2208439297
2215834307
2221159091
2223501481
2225653201
2226618997
2227533067
2228040601
2231332357
2233031701
2234662361
2238280147
2239063969
2242724851
2244074801
2246617297
2246809153
2250357679
2254796281
2256666133
2256748777
2257873381
2260159021
2264617261
2269569457
2270601631
2276606503
2282909091
2286310321
2286810307
2287378081
2289635281
2294455411
2299845871
2302419601
2307810251
2311558021
2314100293
2325965713
2331181621
2334293627
2336421361
2349305899
2349853969
2352420019
2359500089
2360261989
2380603501
2386545409
2387525141
2388913921
2392891489
2394862751
2396885251
2403473983
2404057993
2415999361
2424942151
2431909327
2435618047
2436691321
2439516691
2442699541
2449056101
2452746671
2462440753
2465859007
2479081159
2485587497
2493918721
2496713041
2497638781
2499853333
2501771329
2509195921
2510465161
2515264921
2518536637
2519297089
2521665931
2522392489
2523611941
2527426301
2537105761
2537931727
2537982793
2541086221
2544326929
2545115401
2546257177
2553133441
2560600351
2561810161
2574211669
2577345541
2582524319
2585166337
2585837251
2600861077
2603584873
2609471341
2610404551
2613569641
2615491451
2616043009
2617244033
2617681431
2621977627
2626783921
2638535329
2652660019
2655596521
2660245381
2664164521
2664891001
2671407701
2681460461
2683328581
2690867401
2692079167
2692600129
2699471503
2701545221
2705220821
2708987401
2709658561
2711739637
2712726073
2712840859
2721104299
2723932801
2724552907
2728624939
2740766059
2742119407
2756729161
2759896549
2762062291
2771719651
2775318053
2794697011
2797450121
2805056731
2808544523
2818450769
2820743531
2822521411
2837917633
2839992427
2842274143
2844748867
2853071233
2855071801
2855736217
2858105251
2864071771
2868467257
2870980561
2878610957
2879389631
2881429741
2883014243
2891484383
2899497823
2902776251
2904960565
2906715761
2916924121
2917583761
2920069417
2921350891
2930831641
2933267371
2933588503
2939594407
2942630371
2952231259
2955988177
2957320351
2957490661
2958453401
2960614721
2972732401
2973097121
2977476989
2983722811
2987414977
2991200101
2992394501
2992635397
3003230903
3008333333
3015611041
3017498381
3038361217
3039215677
3040128451
3045964141
3059193391
3070380853
3072594799
3083053387
3085326181
3088408429
3089749969
3091354111
3095994541
3103778113
3123604381
3134718133
3142095661
3146209621
3146902111
3150553729
3150958231
3159794971
3161897203
3164355001
3171240221
3171477121
3172279133
3176367841
3176993491
3183907579
3184016191
3189732781
3189888001
3193196527
3196431829
3199915981
3200164147
3202626169
3203827411
3207079591
3208677607
3212224027
3220997137
3227403967
3227937761
3232094401
3233558021
3236779913
3237794737
3239174233
3245834281
3246362881
3253121569
3257334541
3257717101
3262851733
3275104279
3276102787
3276709621
3280018381
3282995461
3285725701
3291076627
3295362727
3297837661
3313304557
3322551403
3323933911
3326803201
3335009401
3340230013
3354824005
3365002721
3365399413
3369251047
3380740301
3382900921
3382983521
3387494419
3389790013
3389974201
3390129601
3395443411
3402758647
3411250081
3412591183
3413237327
3415695271
3416965021
3420524467
3426615853
3439058899
3443019667
3445470001
3456011131
3457896259
3479969593
3480174001
3491923051
3493069141
3500083861
3501243901
3503841139
3512678101
3518807791
3525825361
3526199119
3530899327
3534420583
3536123485
3538213381
3539063041
3540726031
3545784089
3546968491
3564178931
3568926709
3570405479
3570928927
3576804001
3586747187
3587407601
3589249819
3616574081
3617962489
3619298413
3621992533
3628963711
3631880269
3640710889
3651150331
3653628247
3659731921
3661380361
3663529981
3666736949
3667769789
3668370161
3673744903
3675373913
3678098201
3681540881
3705308951
3709171441
3711225751
3718428121
3734553439
3735827551
3737346049
3743619601
3745806793
3750543661
3778342931
3780471031
3782932271
3786784093
3791100673
3791731429
3793282093
3800358151
3808444993
3816178711
3830627593
3835537861
3842079221
3850196921
3852800033
3854957401
3881445751
3882188171
3882549169
3883051573
3884909491
3889685321
3891892421
3894331379
3895046191
3896569093
3905876501
3906810217
3917319841
3923700581
3925651759
3928115773
3929142281
3942332501
3942600481
3943365553
3949897879
3953372317
3954403153
3956902801
3957987727
3959240141
3959921521
3971095301
3972326051
3978017191
3978472681
3979234351
3979871603
3982264199
3990545593
3993401411
3996914221
3997931989
4002592133
4003487857
4006754419
4012939849
4018364621
4018755889
4028771849
4034508985
4046006251
4046624371
4049189497
4050459001
4054224533
4058433931
4059250651
4059776533
4063732063
4078866221
4080583951
4084638157
4091862377
4098365041
4103331277
4103661601
4111281089
4114542361
4115768329
4121492761
4121854001
4123803017
4129352231
4130921323
4131650431
4131868591
4142342401
4143145997
4144945351
4151192989
4153751869
4156580741
4166576009
4172694049
4172804707
4173866413
4179639481
4183069511
4185412633
4196870581
4200112351
4200395641
4201507859
4202105251
4214737853
4219113901
4219253741
4229536501
4232966251
4234224601
4242354731
4252723501
4254715081
4255202953
4269992651
4271121161
4280328643
4280497597
4286700961
4290187651
