65
121
217
303
1211
3751
4141
6533
6953
9773
12403
13321
14491
14689
21223
23653
24727
27853
29341
49141
53083
56033
66619
70711
83333
88831
96727
104833
105679
106201
113521
133141
146531
155527
188191
197633
207989
208339
221167
225805
229633
239701
256961
265651
267977
269011
276001
294601
314821
403633
412951
415351
428861
451091
470017
512131
564001
585631
587093
599237
653333
665281
721801
741751
751607
765703
789427
816001
880397
895141
938503
954271
974101
1006869
1066891
1073021
1092631
1096681
1097227
1200967
1219969
1240891
1261591
1302451
1314631
1326241
1328293
1373633
1537381
1539287
1594489
1599329
1729729
1869211
1874801
1879147
1904033
2084377
2248201
2259583
2314201
2348351
2358533
2411101
2475901
2487941
2491637
2575501
2636737
2673001
2722721
2806273
2861431
2935465
2939441
3054481
3166087
3240001
3270403
3286921
3373933
3387781
3432587
3455101
3459349
3510901
3562361
3568661
3596113
3647621
3668737
3710911
3752173
3768451
3818413
3830971
3882139
4082653
4187481
4246169
4330873
4397881
4538161
4570529
4580521
4588307
4729253
4739281
4858801
4908157
4931359
4985857
5059003
5174497
5331313
5666509
5718721
5776213
5873353
6181801
6198961
6279113
6295969
6299261
6360577
6539527
6669001
6687661
6771747
6774499
6840901
6892129
7553561
7648033
7883731
7982129
8086231
8128121
8146909
8256763
8307119
8417281
8502551
8556031
8650951
8790461
8948701
9006401
9128071
9353761
9371251
9516977
9591661
9604621
9707377
9863461
9963073
10018807
10267951
10386241
10402237
10542121
10735841
10951073
11268251
11367137
11519011
11536687
11541307
12076033
12273769
12388951
12407011
12585901
12815463
13073941
13089907
13187077
13338371
13415489
13515223
13616021
13692013
13773061
13859977
14012797
14148973
14233969
14555221
15037433
15038497
15288769
15389641
15504457
15757741
15805747
15877933
15897451
16125427
16458781
16520533
16755481
16786513
16862743
16959481
17250481
17461501
17569441
17898661
18124177
18212881
18314101
18790021
18809911
19051633
19658845
20310751
20633167
20766173
20967157
21116551
21215801
22709657
22994371
23017429
23123017
23129633
23236429
24087809
24540787
25528123
25696133
25859767
25917137
26017291
26093173
26338747
26372729
26424311
26553217
26624683
26687833
26730499
26880127
26977001
27269839
27297691
27797801
27981721
28011103
28317451
28406953
28527049
28646437
28708219
29335681
29460001
29812267
29920577
30058381
30111481
30202201
30256049
30349999
30385201
30551041
30898249
30987809
31354831
31378321
31388281
31561297
31909789
32015561
32429431
32812729
32978551
33476633
33533683
34035271
34376369
34657141
34728131
34890481
35270647
35625329
35798491
36307981
36974341
37115707
37148911
37167211
37577539
37632097
37838789
37935433
37962541
37964809
38341513
38827801
39371141
39676033
40210591
40243771
40272013
40362337
40621591
41070781
41113471
41662297
42275567
42358601
42536099
44320667
44374001
44456497
44885761
45291403
45362701
45425131
45466513
45651841
45879941
46672291
46728533
47273689
47341057
47387503
47600477
47620663
47822861
48064021
48170011
48450721
48693241
49098659
49290337
49444951
49573627
49967521
50056399
50087467
50102473
51088133
51415279
51664807
51725231
51851251
52251277
52412599
52693133
53015461
53145919
53390611
53638903
54486667
54623451
54866593
56052361
57343651
57951629
58465933
58947407
60146371
60155929
60239521
61051873
61690897
61805801
61907461
62018441
62051341
62821331
63300173
63469543
63849031
64042903
64049371
64677601
65123329
65210107
66062881
66558673
67137601
67696201
67760387
67767001
67815149
68182003
68770777
68911291
69146419
69837301
70780777
71598469
71653973
72186421
72244901
72872801
72884701
73289861
74265727
74328013
74557711
74879213
75037381
76813697
77146831
77295961
77622533
78625301
79564661
80217901
80375707
81816547
81926461
84225265
85719871
85722841
87308047
87385523
87706477
87993289
88784767
89056241
89782877
89998273
90014653
91523071
91935947
92820601
93263779
93781477
93977191
94502701
94620241
94760137
96053981
96878101
97083251
97473169
98096701
98104793
98467501
98728033
99036001
100068427
100743967
101618141
101649241
101757553
102642637
102769273
102901633
102921197
103253333
103301633
106017001
106374841
106908457
106941451
107486413
107520533
107869549
107903617
107916769
108156161
108699193
108795853
109427291
109437751
110413333
111340153
111845251
112702591
112939831
114516751
114661669
115190401
115363711
116593501
117232519
117407273
117435839
118563761
118566533
119940061
120744541
122941981
123481777
123671671
125284141
125354941
126600001
128320501
129205781
129623917
130766239
131289523
133158961
133276193
133462561
133592269
134204071
134274017
135506801
136375361
136545067
137092183
137763037
138828821
140309947
140478073
142170401
142930657
144085349
144560269
144744211
144882481
144909521
145018721
145076029
145603333
147567617
148436209
149231809
149407273
149992201
150394609
150403997
150534113
151441949
151487417
151628387
151869763
152016493
152368133
152497621
153369061
153550339
153626087
154010221
155203361
155239979
155859241
156052651
156538201
157352771
157368661
157394161
158082401
159492061
160242301
160475161
161459713
162243091
162636013
165210233
165460141
167856677
168566501
168963209
169234003
169392169
169500833
169746337
170318161
170491777
171482221
171557101
172534051
172947529
173347399
173678203
174223681
174598387
175558447
176434681
176442961
178683877
180286861
180686881
182601091
184285531
185934127
187143661
188595601
189494411
190667467
191859553
193355977
194706823
195970711
196035001
196100623
196287391
196841213
197239591
197624891
197640061
199143523
199765981
200621989
200965111
201213181
202565651
202828601
202951981
204020641
204538273
205729021
206632819
207132481
207896063
208774369
210580441
211069343
211857601
213035761
215230051
216675763
217472501
218793401
218947121
219242167
220728461
221759497
221793391
222258193
223449463
224136013
224582221
225452719
226523137
226978051
227373217
228652201
228721351
228960577
229475663
229539451
229695751
230875921
230879041
231500609
232743529
233148889
233834119
236025721
237029857
237540023
239806561
240049621
242225551
242424197
242685959
243129169
243576341
245679589
245957713
246708073
247920661
250436033
250538671
251120101
251874679
251994073
252552301
253766101
254144017
254417941
254433691
256416883
258278021
258574783
258634741
259765747
261430237
261742807
263119141
267681181
271051351
271442161
271723411
271739983
272313091
273795793
274937851
277650839
279199201
279297541
279451201
279744031
281288801
282589651
284872321
285292369
288086041
288120421
290130583
290344753
290375801
290558731
291985921
292290181
293986337
295321951
296236873
297909811
298204831
298435057
300014551
300633691
300724831
300979369
301271281
302098633
302204033
302934641
303988481
304854481
305513371
305728139
306191621
306822517
307061371
308387881
309407893
311420737
314154937
316328083
316349281
316525483
316804867
317461867
317698201
318465703
318709201
320910661
322382399
323336179
327936601
328269943
329153653
329700857
329901001
329918287
333067151
333373769
333944381
335385409
336842101
337042003
337806043
339033221
344242151
345132481
345579067
345701731
348668321
349138567
349470001
351058753
352638301
356229487
358310177
358922497
359074171
359136289
360848869
361106173
361198241
361514467
364282381
367678981
372595441
372784231
372810719
373299841
373800391
377704471
377806687
378132361
379540459
379586197
379732501
380142757
381587471
382676887
387583841
388695301
389643983
389841661
390609941
393142621
397195609
401376553
402358321
402677921
405042457
405314071
406652569
407155987
408454411
409927057
410633287
412402631
414832969
415039087
415800703
416794897
417500821
417586621
425716927
426100351
426333601
426640663
429423101
431085553
431945623
432525607
434690761
435186443
436119773
437597101
443353633
445887553
446715221
448232419
451893291
452040751
457346737
457704901
459322501
461029969
462058231
462429241
463218371
463317701
465658903
467875211
468950021
469209751
469909513
472126381
473170801
475443001
478614067
481828177
482120827
482174653
483310231
483351217
484322317
487036581
490447261
490894111
491646403
491758573
492327761
492559141
495416503
498679021
503052229
506883529
508125239
508205611
508607101
511121161
513706813
515749963
517503871
517635991
520785043
522061747
522415111
522758233
523464971
523703179
524580541
526971589
528246577
528973031
529875611
531621001
533798539
534754897
537540097
538412033
540218449
542761301
545698081
547445471
550314691
551878741
554494951
555102871
555321007
563298061
563768533
564331697
565422001
567984691
570214891
575224417
575731501
580012313
581603933
584868181
585281791
586830577
586862737
587892277
590414977
591043771
593579251
595062391
596831593
599685943
600963871
609567241
613686607
613919461
618048901
623662903
629492491
630532891
631991491
636226489
644900257
645566321
645879367
648172207
649775089
651861761
651960031
653627413
656187001
656723161
659846021
659943971
661161121
665440561
666103573
666573073
670987021
671444149
674611897
676178011
680860351
689048161
689082901
689103559
691847573
705369679
706196899
706491551
709393483
711675667
713383171
713846429
713900179
714978739
715295177
724407751
724529191
724969087
728139511
728458501
729090001
731059943
733339043
739643491
739825651
741060601
747913811
748466071
751278061
752715757
755575647
756205633
757639387
758353597
758687581
759085273
760199071
762133751
763279939
763798571
768916661
769154101
771063991
771851681
772522201
772984243
773471917
774027781
777218989
781301977
781471001
783002221
784966297
787046081
787267471
788362961
789225319
801093343
801803839
801866647
804932341
804978721
805470307
810024541
810349801
812093257
814056001
818354029
827062351
827980471
829275773
832127489
832870891
833824181
836612401
837281611
837766217
837878149
838357141
839889247
841596913
843703213
844788757
844841651
845951767
846613873
849245167
851830201
855006841
855073301
857041121
865791499
871622291
872098189
872380321
873471661
874048501
874837633
876850801
880951717
881377451
885997501
889189057
892777577
893372173
895745621
897372109
897448561
897715187
897756751
898379357
898553459
901515691
901999099
903390643
905460329
906154993
908357581
911484421
924771493
924940801
925165039
925584631
930317977
934218601
936088031
941941231
944144209
944949127
945154879
947485351
951941161
952920571
955160701
955683811
956558387
957600541
962111471
962375941
962442001
965972659
966129319
967287751
970355431
974774401
975765787
976396961
976892671
977463631
979543937
980537329
983911111
985708621
986271271
991609921
993000061
993195121
994885141
996196741
997488229
998590601
999632401
1000897903
1005571711
1007717257
1008258301
1009140161
1009868091
1010461121
1011319501
1012781771
1013279233
1014119947
1015269391
1019882977
1023685349
1024605121
1025101463
1027744453
1030074937
1033994089
1036949191
1038814129
1042948501
1047668497
1051829101
1053732751
1054740191
1059738301
1061013301
1061597417
1063955713
1064086999
1067558929
1069135129
1069536761
1072824217
1074617287
1075992259
1084952881
1086361201
1091486197
1093761001
1094938183
1096925101
1098000091
1098922753
1101454931
1104017311
1106044801
1109689153
1109749961
1112615393
1117805581
1123942387
1125809401
1128420481
1129390421
1129704161
1130641921
1133222353
1135428031
1137320581
1139110421
1144586791
1144975879
1147158811
1151642549
1151917111
1154176453
1154374651
1154691409
1154967661
1155408409
1157115511
1157514121
1159202773
1159421509
1161531601
1162290977
1163928569
1169744701
1172882719
1173501751
1174448129
1175812669
1177054763
1180970407
1182385121
1191216133
1192412033
1202142061
1204524553
1206153937
1207252621
1207443511
1208312089
1210962059
1213347691
1214134381
1215644071
1215705121
1216881901
1217829817
1217845661
1219858921
1222389761
1224200801
1224393409
1224641023
1226676631
1227501661
1235864033
1240997323
1247804713
1247939137
1252236421
1252900111
1257216577
1258773671
1258990561
1261362577
1261390001
1262106199
1264145401
1264505863
1267154071
1270810087
1271364709
1272866167
1274618773
1283359981
1284585961
1288547677
1289281621
1290372799
1291412431
1294200151
1296078001
1296310471
1299963601
1302145267
1305208297
1308358507
1314326251
1315858381
1315904269
1317437731
1319148521
1320489451
1324081721
1325172421
1325576701
1325857541
1326773371
1326974897
1327026403
1328390321
1328517451
1336942153
1337510401
1338021577
1338605713
1342287829
1343856961
1344782143
1346624533
1349311561
1351204741
1352265949
1356915757
1363200833
1368769681
1371192161
1377189409
1377660887
1378203751
1381647439
1385866861
1391404951
1393946227
1397357851
1401688423
1402373113
1408610503
1408904851
1421409553
1425373951
1425524563
1425759947
1426117393
1436002751
1443652033
1450528381
1451378461
1455060097
1458265537
1458297361
1458967651
1460592829
1462125601
1462393201
1462830391
1463990191
1464137641
1465217911
1466169829
1467817471
1468824787
1470151373
1470810217
1472650999
1473460777
1475522413
1475812081
1476194833
1489427941
1497848491
1501960637
1507296631
1508953447
1512708401
1513869241
1515664153
1516410901
1519129081
1520292043
1521471251
1528632271
1533343261
1538071061
1539828151
1543092937
1543776301
1546249951
1548641611
1551774709
1558913203
1559121023
1560720001
1561800833
1562293531
1564278211
1566590173
1569144547
1570997431
1571769949
1572032879
1573359481
1574362441
1582527241
1584794669
1588247851
1591484207
1594417771
1596215545
1599333401
1600184953
1602074909
1602357139
1605208207
1607644837
1611537847
1611615151
1613842001
1614622601
1616387653
1619328481
1619921431
1622809111
1630062253
1630161541
1634027201
1636644571
1638560653
1648076041
1649461301
1651267291
1651451551
1654537921
1660392343
1661978449
1663725919
1665293101
1678733551
1679240179
1684044781
1686319751
1687491931
1691320457
1694226301
1694484013
1702506829
1707704461
1707759733
1709126833
1715427451
1717269373
1717451651
1718358853
1722679537
1726936093
1728326491
1731541813
1734633871
1735454827
1736122513
1738203793
1738788949
1741080661
1742815621
1743657931
1752840541
1753593031
1760706811
1763702533
1770293953
1772218031
1773777361
1774925821
1778075839
1784455147
1792331861
1793312893
1801649917
1804182257
1808304401
1809923293
1811444461
1820306953
1839598843
1839860713
1844279011
1845368009
1845611431
1852666901
1853376113
1854787271
1856828647
1859787187
1862251597
1863826831
1867906721
1868747113
1874634721
1879109623
1884408623
1885910221
1886657137
1891809781
1893465781
1897321619
1899041509
1900471051
1900767961
1905261121
1906722439
1908612217
1911745067
1914303841
1923591571
1927251943
1928450371
1930447501
1930534453
1932698881
1939640641
1939756177
1944427817
1944756637
1945042181
1950162481
1952809297
1957697081
1958704177
1973864257
1974474049
1975987001
1989628327
1995784961
1996308361
2004299641
2005288121
2006674651
2010149249
2014290751
2018761111
2019805261
2027090431
2028062191
2036224321
2037732451
2042467741
2045787481
2049191761
2054176687
2054583901
2063228203
2082273301
2082440533
2085233203
2085637951
2088923383
2093300401
2094177403
2094644557
2095068439
2098469251
2099570167
2105219009
2108761201
2109240013
2117955451
2119380587
2123112967
2123792551
2129184131
2135529017
2136140621
2137495361
2144172241
2144548033
2145850513
2148672541
2148892903
2152337111
2160828121
2162366251
2164852321
2167107721
2170896001
2171251469
2176016389
2178133901
2181897329
2182666501
2184783401
2185040773
2188955501
2195790391
2197582417
2201659969
2203663621
2205160651
2205388351
2206936363
2209340597
2210688229
2210745577
2213243951
2216267467
2231332357
2234695231
2236490923
2239622113
2240507821
2244074801
2250292687
2253467701
2253741757
2254485439
2256153001
2256666133
2260736353
2262348523
2263196053
2264338231
2272413529
2274348019
2274439421
2280009601
2280105367
2281759621
2281836961
2283430117
2283821761
2286837451
2287447111
2287778473
2290361221
2295964459
2297978413
2298363451
2300039377
2302419601
2304710123
2306716021
2307480211
2309027281
2314044721
2317403089
2319767201
2326280353
2330569541
2331431633
2331499843
2332279951
2332330577
2333942711
2336761627
2338525169
2344054721
2347701661
2352371251
2357529563
2364125119
2368343077
2372832997
2375286031
2375705389
2379610351
2380368229
2385574201
2408235061
2414673271
2430330277
2433213721
2441754701
2448126001
2451830179
2455145101
2461676197
2461719661
2462440753
2464892821
2465134909
2472907141
2483253781
2484931651
2499225877
2504372971
2509554961
2514093553
2525070241
2532226393
2533465661
2540306161
2540487857
2551369531
2552569111
2556832741
2563295621
2565436301
2566454311
2574410257
2577388831
2582799451
2595347539
2596059457
2597294701
2601881911
2602171951
2609471341
2615491451
2617563031
2629022047
2630374741
2630997541
2636173181
2647438561
2650018981
2654691439
2657314351
2663932361
2664757957
2666756401
2677065301
2678252081
2679594751
2684846953
2690034449
2690411257
2693185507
2699471503
2701878941
2704546027
2713562867
2725415681
2728102651
2728624939
2729333647
2733204431
2736054091
2736066667
2737581481
2739938587
2745508333
2752646177
2754734401
2758272991
2763271369
2775739261
2778076421
2780617963
2782793833
2784633751
2785216591
2787689473
2789788849
2790055381
2792943371
2807249551
2807858483
2815816033
2816239141
2824067417
2824256377
2830562561
2843113033
2852595517
2860846721
2871536561
2871629707
2874386737
2875594039
2876779387
2876974057
2882674937
2885972701
2894232331
2897251729
2902512097
2904066749
2913401611
2915953633
2916005909
2919982931
2928955321
2942630371
2945208001
2949663061
2951238883
2952231259
2953329331
2954538497
2958705223
2973446281
2973827333
2977476989
2978650819
2978766341
2979921421
2992394501
2992398319
2995094911
2995146179
3004076321
3008333333
3015555481
3024201611
3024677311
3025155721
3035357921
3038171011
3038412313
3048698683
3051542971
3058422373
3058670677
3059431051
3060059227
3060819751
3077802001
3083647321
3085612531
3090054199
3099265411
3099476257
3100026241
3107237449
3108353701
3110830003
3124618561
3125193319
3128211937
3130386821
3135914893
3136700729
3138555601
3153458897
3155608361
3162838051
3165007429
3167796241
3175526971
3185210881
3189888001
3192171443
3192926101
3198327301
3203509327
3215114911
3220054111
3239620777
3248561821
3248716897
3249335941
3250339051
3251182981
3253543207
3254906257
3257609359
3261194581
3265122451
3265688161
3274919467
3277653133
3278656943
3280018381
3280470913
3280593611
3280624513
3282974857
3283543321
3287063737
3297363079
3298453619
3301652353
3307251221
3311236741
3312763723
3322130111
3322227917
3330940001
3332340703
3342491639
3347704433
3352026133
3358551043
3374582311
3374598781
3377284657
3383622551
3405931601
3408200641
3409527857
3413899789
3429704917
3436450951
3447215939
3448493921
3452566591
3453086513
3453543881
3458341657
3458720143
3462909031
3463035577
3463907761
3468046819
3475361251
3479004107
3480593953
3497642209
3508518781
3508999651
3509345701
3514590239
3542303047
3561432011
3565125271
3579215251
3580051861
3583527529
3590822929
3603648043
3605151241
3607403801
3609741001
3610835463
3625328981
3626219543
3632503913
3634594861
3637758433
3643288741
3649324177
3651150331
3653244673
3653266681
3653632951
3672033223
3689978449
3692149847
3692283211
3693874117
3705725143
3709626961
3713287801
3717260801
3719167111
3723643801
3724447483
3728065793
3743072341
3748638379
3751554581
3785356387
3786045649
3787052221
3791825423
3794917213
3811357201
3813870001
3813919453
3815551189
3815701681
3818610283
3821259331
3829656403
3842917891
3844667737
3846005453
3850186393
3852774241
3859546687
3862668577
3863326897
3885438871
3890921317
3891403729
3891919417
3895046191
3895924033
3912174421
3915262171
3929048791
3951382753
3951636211
3952897169
3955370689
3963520751
3964133857
3967343161
3970582153
3984737791
3987960913
3989027533
3995566621
3995826847
4002751561
4004176961
4005459823
4016789701
4019706769
4027212499
4034657587
4035028861
4060287793
4065336991
4066007107
4091935987
4096823407
4114347781
4121286907
4127050621
4128337693
4133559601
4135506103
4135588813
4138698761
4157008813
4160411251
4164511891
4166089201
4167838291
4174576957
4176142891
4176286333
4197857273
4217502449
4218234211
4219113901
4219928857
4227587323
4233964129
4237200871
4246655341
4246846501
4246940161
4251724627
4271121161
4274288929
4282136321
4282337497
4282671721
4283445403
4284144001
4287184921
4288322033
4294312993
