237
301
473
793
1541
1939
1991
2071
3241
8911
11911
14689
17153
17767
18721
19757
19909
20591
22793
29341
31021
38503
40021
47197
49141
52141
52931
54481
57553
60551
61579
66397
70579
79381
83377
88831
92509
114017
114211
114247
128251
134413
139363
141571
147187
151889
153401
158701
159031
159121
160351
163933
168033
171601
197209
212321
215749
218791
223777
232105
237817
256961
267859
267977
269011
270433
289441
297733
314029
314821
318551
323159
334639
338837
342109
353269
374851
378271
391171
397717
416641
417761
448405
458833
495727
497821
528283
543181
556421
586621
631747
651511
679583
710533
738661
769567
851269
878311
888949
897757
903301
939727
950797
978319
1024651
1047619
1084201
1107169
1154143
1166791
1201861
1276531
1306801
1323719
1330561
1333081
1373633
1403353
1419607
1446661
1474513
1527131
1578367
1584163
1600117
1675597
1693193
1735147
1748921
1773289
1815067
1925617
1933249
1947353
1980467
2004307
2023873
2035153
2045071
2064479
2093983
2129905
2155891
2170081
2184571
2191591
2213767
2246597
2253751
2382437
2394463
2400091
2436769
2538251
2566103
2628451
2665829
2725549
2746477
2800477
2886499
2901673
2989249
2995327
3059101
3070243
3125281
3198001
3270403
3336371
3363121
3424141
3455191
3493447
3499621
3502981
3730273
3925441
3954021
3985921
4026133
4157921
4242337
4278583
4321153
4334701
4480477
4496467
4588033
4588307
4686391
4713361
4728619
4864001
4871287
4932751
4970881
5010371
5049101
5090821
5162059
5166937
5176153
5331313
5368057
5401091
5409601
5448967
5481451
5514793
5516479
5796037
5829265
5860943
5892511
5935279
5947681
6039353
6404029
6409019
6629127
6630721
6653773
6682297
6712111
6733693
6792683
6851521
6934753
6936931
7028821
7154881
7417363
7517503
7693111
7756201
7762393
7820201
7918501
8083351
8108101
8219251
8274619
8417251
8417281
8447879
8805007
8830801
8905381
8936401
9004357
9006401
9088093
9096031
9172357
9257251
9259069
9726241
9780409
9811891
9863461
9993631
10099121
10247357
10374439
10479787
10505701
10507303
10605841
10802017
10842997
10941049
11047609
11087461
11530801
11541307
11606947
11648377
12169711
12179467
12205873
12254221
12705985
12712151
13012651
13171633
13551103
13590451
13725667
13936981
13979359
14053051
14063281
14324473
14632537
14676481
14783203
14799937
14809501
15008033
15178591
15268501
15422999
15449971
15576571
15585907
16042027
16142281
16210801
16331561
16435111
16621851
16637723
17325463
17491951
17616907
17781409
17865193
17870561
18225703
18510769
18535177
18716601
18992101
19226899
19239553
19579187
19582837
19667569
20236267
20236483
20844851
20904913
21091027
21355951
21397381
21799333
21807451
21810359
22335751
22703341
22735153
22876153
23213431
23382529
23547151
23591059
24141283
24186793
24213001
24236461
24388621
24399649
24587093
24662431
24740113
24904153
25210441
25696133
25922053
26444881
26474581
26647039
26774887
26977001
27352705
27374239
27421681
27498241
27736621
27832657
28172629
28383913
28647067
28939159
29046331
29593061
29678017
29683553
29796901
29903407
30741811
30951181
30958201
31181581
31251361
31405501
31470211
31987873
32091781
32429431
32683201
32701297
33161833
33796531
33821977
34407361
34590403
34745047
34756021
35314651
35642389
35681707
35744911
35746969
35845633
35848931
36102241
36448387
36475651
36765901
36953929
36981601
36999673
37232401
37270231
37535081
37556821
37924867
38433319
38603551
39371141
39492157
40102063
40621591
41034301
41121433
41231539
41502217
41611039
42118921
42709591
42714937
42789379
43097401
43127371
43195387
43217401
43331401
43397551
43694111
43798457
43840951
43981813
44114701
44789119
45649045
45786133
46248841
46394641
46759637
46887697
47561761
48374281
49019851
49160779
49735351
49900033
51518269
51664807
51671731
51803761
51880489
52072021
52612579
52863553
53152045
53266681
53542147
53638903
53711113
54509911
55200283
55269001
55391611
55532683
55763161
55830251
56052361
56261911
56308591
57035023
57272359
57477223
57561085
57582847
58210931
58217779
58524409
58718909
59218513
59952731
60566431
60599551
60642529
61024789
61267309
61422187
61658173
61719949
61849981
61855967
62491771
63388033
63405901
64042903
64132837
64175113
64300751
64377991
65078047
65408203
65547373
65565457
65844001
66077971
66578491
66781441
66998317
67194401
67587193
67588951
67626511
67761121
67815149
68182003
68247241
68462551
68467051
68727349
68764837
68770777
68837511
68860423
69826579
69998293
70593931
70620041
70688857
71558101
71592751
72884701
73231321
73645001
73894267
73981657
74112787
74449849
74745331
74770333
74985607
75320341
76570561
77295961
77574065
78689497
78909161
79540001
79739713
80429981
80926381
81094529
81759721
81926461
82606231
84288551
84350561
84811483
84882301
85169393
85240579
86067367
86230693
86405941
86563277
87253261
88227811
88405301
88672651
89260381
90203059
90232681
90341441
90970133
91536751
91637141
92041093
92556907
92625121
93568609
93605743
94612771
94796087
95862151
96227713
96316501
96337613
96630829
96895441
97253539
97796953
98785369
100227781
100635277
101146261
101547217
101718001
102337241
102511441
102703021
102736459
102922117
102974761
103739317
104220703
104524421
105083201
105919633
106223881
106622881
107361901
107997079
108906901
109339123
109573141
110173933
110615497
110877761
111134879
111340153
111579763
111654401
112025369
112307329
113218777
113492101
113729023
115816879
115873801
116151661
116443213
117022001
118254113
118846151
119166809
119552599
121609489
121647043
122484691
122739761
123227911
124477057
125181871
125191331
125499401
126035911
126073963
126234109
126398845
127453441
127649971
128654569
129623917
130472651
131088511
131124841
131819101
132810049
133391611
134176771
134590237
135326161
135498151
137431321
137583181
137755201
138358837
138609847
138649057
138943351
140201569
140296861
140309947
140810237
141069067
141160501
141248381
141631387
142922413
143088151
143236897
143520833
143943481
144369373
144898687
146806129
147652201
148415737
149712301
149821381
149852431
150521999
150651511
150674941
150988753
151275259
151327201
151358059
151382809
152368133
152909791
152965477
153843341
154011467
154287451
154944533
155389181
155882719
156114061
156607441
157368661
159460441
160067857
160210441
160348189
161199991
161553961
161710319
161768161
161881903
161990993
162072829
163138991
163497481
163759753
163791343
163847977
164138801
164178689
164411911
164714761
165938653
166387747
166595131
167472451
168528901
169407409
169771541
170483581
170584961
170782921
171068893
171172981
172673767
172907281
173492801
173678203
173823367
174284377
174598387
174738719
175614041
177167233
178263713
178451857
178482151
178639651
179707747
182894437
182918737
183001933
183012847
184217977
185412679
186330691
187118209
187827643
188184151
189482107
189610471
190053781
190405231
190420861
190607257
191648161
192253249
193240361
194603627
194685481
195106237
195317149
197085351
197247371
198176189
199020733
200393809
200422363
203071903
203231621
203755009
204538273
204814679
205425211
205436407
205719697
206006533
206076551
206304961
207013141
207896063
209301121
209802581
211734271
211782751
213717589
213875251
214038533
214453369
214952791
215682805
215988769
216187121
217180711
217735021
217805281
218112133
218624033
218642029
218716411
219153901
219802589
221793391
222630193
225724523
226056097
227864599
228359251
228381343
228746539
229243361
230163319
230788513
231125941
232460821
232794253
232907983
233322811
233394367
234005857
235257661
235937131
236530981
237321727
237592879
238421761
238622413
238689001
239802091
240096001
240687739
241265161
242729401
244247965
244384867
245950561
246410029
247318957
249331237
249353485
249463153
249654073
250255063
251235181
252450331
252642079
253592929
255890377
256261699
257273821
257924551
258844951
261186001
261507241
263128951
263299303
265607821
266925601
267118417
267152033
268138687
268422881
269524009
269787673
270988271
271481329
271763467
274214261
274445641
275283401
277787141
278586181
279514181
286411649
286647311
287777597
288997633
291185767
292070279
292538819
293243653
293606839
296197513
296457191
298192753
298258711
300215833
300588157
301413001
306777781
307138921
307558189
309738331
310585771
310701119
311177501
311202739
311609059
312299389
312735461
313314211
315809029
316583041
317050273
318214621
319440769
319591901
320841431
321021037
323554447
324171541
326490643
326695141
327792811
328402181
329362601
331051943
331173503
333067151
333571591
333619357
333916399
333944381
336270017
337185073
342569671
346305403
346859521
348177971
348989101
349138567
349180591
351058753
352171741
354143071
355585165
356184721
359238751
359942941
360018361
360502127
361198333
362276251
362753569
363430637
363596419
364857751
366150511
366489931
366652201
369602227
369641611
370157851
370775851
370947991
371187977
371376631
371675221
373165051
374595761
374753633
374801221
375357163
375649481
375838651
377694781
377975881
378150653
378928369
378957331
379072693
379337407
379827397
380039311
383793541
384881251
385519711
386678767
386787701
390609941
391431941
392675141
392784661
392803861
394137547
394476167
395044651
397038881
397460911
399277103
399646171
400374253
400811527
402507769
404840833
405956801
406652569
408580741
410613809
412402631
412936327
414561937
414876013
415141651
415494493
415800703
415814773
416121301
418450027
419528143
419894021
420820801
421150801
421520849
424224361
424871651
424937683
425019823
425062909
429487631
429890581
430833313
431085553
431846119
432866729
434559451
434782783
434911667
436421987
437239529
437247841
439271491
439689823
440219011
443052121
443129311
449241763
449972941
451582231
453791521
454168093
455815153
457274161
460296281
461188417
462033451
463202365
464140369
468500033
468725083
468950021
469209751
469497377
469537681
470536321
471664513
472237013
473750371
476176177
477203959
478104271
478116001
478614067
478927901
479500673
481166731
481239361
481285823
483006889
483226741
484093501
486063001
486338041
487282771
487312957
488207501
488238301
488585521
488919241
489507929
489770863
489894193
490040029
490234951
492015487
492495587
493699441
494689591
494873209
495832231
497229127
500203237
505569853
506022861
507520133
507726901
509299577
510324841
511408171
512768959
514139191
514661401
515028697
515419471
516248041
519319607
519342319
519721427
521531947
523756711
525246809
525793033
527954017
528043753
529214311
530714887
532258271
538292371
539245801
539367337
542761301
543280897
543470851
543778489
547905751
551897389
551977157
552013309
552293377
554118661
554735989
555370237
555820847
555967627
556016161
558767533
559022959
559702153
560612167
560920249
563196133
563905037
563947141
564186001
564770081
564912811
566213113
569561779
570214891
572228929
573584761
573896881
574173811
574692161
574696531
576925057
579971617
580686881
582243341
585281791
586033111
586922051
587116217
591043771
591971689
592953901
594542467
595268269
595590841
595695253
597717121
600196939
600456277
606304513
607152241
607978141
608564461
611716477
613343371
615440641
615760133
620169409
622322231
624787489
625167901
625536071
626497741
630317509
631794469
635568241
637786561
640770157
642697501
644599171
649775089
651420023
652443929
652969351
653209259
655219207
664680043
667827019
668432161
670362991
670987021
674194207
675084073
678407557
679418977
680328181
681303241
682528687
683794343
688165669
688313341
689734393
692948029
694105609
694579345
694691551
700932961
701530633
704304157
706383451
707941417
708030391
708543601
709494089
709912657
710583719
710721001
710741953
711304903
711367763
713070469
715040569
717283333
719020303
722005171
723901537
724769701
724933301
725261257
728458501
728851507
728948041
730174513
731502487
737660323
742716499
744845401
745492207
747363751
747856073
747872581
748329517
748419127
748638001
749172821
751633939
758132201
760090249
760250989
760376807
761284717
762414251
762727439
769954957
770764897
771705005
773488801
774198709
776590363
780024601
781565431
784966297
785098051
786069217
788046901
788495501
788799313
794430121
797563229
798527341
800055367
800418401
800860231
801200467
805859617
806252581
808914881
810060781
811110301
812466121
815021569
815537423
821617039
821666917
823288901
827980471
828130117
829896707
833091631
834244501
838200805
839208439
839599489
839962861
840376021
841217653
841617217
843161887
845569591
846171631
846285001
849245167
850330241
855073301
855748765
860736341
864011161
869109281
870869563
874837633
875507543
875598721
878072071
881247643
882567091
884584891
886155193
889255423
890483777
891840181
893377633
893604013
897310457
907475851
909753781
910287691
912621601
920834197
923992807
926752951
927628417
927942211
929159941
931016971
931053001
932148253
936356761
938030101
938993131
942520597
943476509
945733741
950325697
950371003
952282801
952621951
953111017
956144419
956358913
957143777
959956021
960946321
966359153
966449251
968283247
969514129
970560533
973518001
977755351
979363153
980957071
983868001
986649847
988964471
989810251
991846471
993321187
993723917
994885141
995688601
996196741
1003974799
1011284819
1013798477
1014446371
1018125187
1023472061
1029218851
1029890077
1030818097
1034261881
1034283421
1035192643
1044130519
1045709701
1046012501
1048478413
1048727521
1049144801
1052894431
1054630189
1055982313
1057062913
1061522899
1061636761
1061829121
1064180107
1064519011
1067437801
1070501011
1071806413
1076929261
1082657941
1082947013
1084564999
1086555919
1089682837
1091327579
1098000091
1104314641
1110148033
1110493177
1110978481
1112103541
1112591899
1115131681
1117547201
1118779751
1119659161
1122485041
1124416411
1125342499
1126866217
1127880571
1132046801
1132712029
1133644621
1136142911
1138289041
1142300503
1147418911
1152005713
1153049341
1154840383
1154960731
1159411009
1162202581
1162806913
1166866457
1168150411
1168256953
1171264817
1172224241
1172737147
1172924471
1175136481
1177557193
1177857913
1182992361
1183851271
1184554801
1187887891
1189171201
1189576961
1190139359
1191899851
1193888851
1195694651
1198278421
1201755745
1202368183
1202893561
1203524617
1204176751
1207866529
1209713671
1209735601
1210705651
1213558081
1214820751
1214892091
1215354241
1216269979
1220749441
1223930837
1224200801
1224275329
1239678661
1240182913
1241331209
1245618217
1248228601
1252770121
1261062001
1263293281
1264507291
1266025351
1266425101
1268987791
1270599877
1270667353
1271724781
1272665321
1272869263
1273192285
1275712481
1276378133
1276784209
1276798909
1277019019
1277660929
1280486131
1281998437
1282856833
1285944067
1286035381
1288159643
1288349851
1295039791
1295074171
1296785881
1296976591
1302745481
1303338151
1305602587
1309608739
1311616153
1311805529
1314461251
1315175863
1317182923
1320395737
1323011377
1326448621
1330872913
1331061887
1331474761
1336288669
1337552083
1338247681
1343575381
1347319153
1350245293
1350350191
1350571951
1355528617
1358759761
1360467331
1364378203
1365650161
1368129673
1368774751
1369321111
1369827341
1371960857
1373452033
1378203751
1380015847
1390090621
1390637851
1390955887
1396862113
1397357851
1397844901
1399144291
1401479581
1401694471
1404909691
1421298451
1424435689
1424547977
1425373951
1427543041
1431044161
1432354901
1438648993
1440231941
1441038187
1443652033
1455873103
1455926401
1458128179
1460437177
1463455237
1466693633
1467817471
1468003153
1468184191
1469208791
1469785693
1478625451
1481359159
1483454701
1483463623
1485049957
1486078903
1491552091
1496097703
1496281411
1496410441
1499094721
1499600521
1499867321
1501322321
1501960637
1503478801
1505827261
1509156013
1515664153
1515986137
1519499251
1519739261
1521834511
1523136145
1527557737
1527763333
1532534251
1534732061
1536112001
1537855961
1538071061
1541746769
1541849761
1542287953
1543776301
1544599061
1544986851
1549976383
1554109201
1562393977
1563607081
1563799981
1569769223
1572032879
1579665781
1589375041
1590731777
1594366021
1597978591
1598003761
1598982533
1604234413
1610083333
1614341431
1616767939
1617465961
1617795181
1620302299
1620817661
1624718993
1630062253
1631904913
1633240001
1633565797
1638294661
1640187253
1640992651
1641558361
1643665021
1649307583
1653504631
1656917377
1657600391
1661409289
1669922983
1672266241
1672634503
1672719217
1673513731
1674091141
1674535061
1679596397
1685933449
1689502691
1691745821
1696564891
1697119213
1705641901
1706302153
1706611681
1709881273
1713813487
1714312541
1717239889
1720940941
1721280653
1721857021
1723043813
1723086227
1725174559
1725780713
1729205401
1731077371
1731264079
1744262081
1744945973
1752172003
1753593031
1753814107
1757329399
1760449621
1764709277
1773096931
1775969347
1784865337
1786703497
1790749549
1792331861
1794574697
1795463821
1798391773
1798731397
1800684337
1805153683
1807615811
1808542081
1812553081
1812614041
1817226091
1822873651
1822995281
1823174413
1825143013
1829260551
1830524411
1839860713
1842503303
1846942651
1848613313
1854125501
1854435091
1856277971
1856689453
1857940561
1858023617
1858197961
1860373241
1864092761
1866409861
1870553057
1871052697
1872418133
1872937057
1876485691
1891906777
1900823653
1902303721
1906418021
1909085531
1911197947
1913296951
1913370691
1913422591
1915206647
1916508101
1917399521
1922485969
1924277279
1925791057
1928307163
1929826823
1930403333
1932249817
1932564331
1948396687
1950782777
1952752261
1952968753
1954508161
1954839691
1955219311
1958941051
1962730531
1962955177
1966715537
1967321903
1967573029
1967946037
1969124593
1969242871
1974658921
1979718467
1981681153
1991934881
1994203213
1995107839
1995731011
2003220161
2003569501
2006394779
2014209871
2016261721
2024407351
2024689501
2025231409
2030328721
2033927309
2034039871
2037732451
2038093597
2047492027
2052039809
2060618077
2061251749
2061807049
2062393957
2067492967
2067887557
2069182981
2074349269
2074544033
2080459151
2082222583
2084833081
2086454143
2087296303
2087360551
2089402477
2090189701
2090612833
2096692033
2105502571
2108495929
2110026073
2111781601
2114282017
2115769633
2119465351
2123792551
2128521781
2133876991
2136487981
2146301929
2150550271
2153076001
2153447227
2154873781
2167534783
2170186021
2174671721
2174790619
2178669481
2179821871
2183757409
2184744451
2186232121
2195936501
2201205059
2202205897
2204314003
2213357059
2222720459
2224278253
2233352833
2234003857
2237283721
2239891597
2242174871
2243273761
2248028161
2251461817
2258541253
2262861901
2267484733
2274584089
2278635517
2279502997
2285071933
2294455411
2295209281
2296495447
2301026689
2302837453
2305507051
2306716021
2308512961
2308966661
2314218205
2314822273
2318055793
2326319101
2335341601
2350838141
2352378601
2362345261
2364094861
2369725849
2375590699
2376713041
2380603501
2381919211
2384049511
2389560601
2401060117
2405709571
2411152927
2415572083
2417125681
2417408533
2423195777
2427841037
2431144801
2432761633
2439600833
2441203129
2444565751
2446810957
2448848981
2449191841
2451260831
2455024133
2459272817
2461410073
2463295033
2465024401
2466765001
2468485627
2469879091
2475193609
2476622293
2483253781
2493698131
2494128451
2499183763
2505733063
2511624529
2511861041
2512807981
2519186671
2526964001
2531710021
2536918999
2537356693
2538329089
2539024741
2539090961
2539839727
2540841977
2544804811
2548776871
2563295621
2569080037
2574243721
2577345541
2584018289
2587705669
2591598241
2594603437
2596460189
2600604001
2603336929
2607804013
2609856523
2616295501
2616889801
2617115887
2620964501
2626457803
2626987277
2629352377
2630374741
2640582751
2642967523
2645941423
2660670721
2663326163
2663514685
2674839511
2676053333
2680519681
2683328581
2683456777
2688947461
2690408533
2703714007
2709957277
2712726073
2715365971
2717428033
2720712541
2724541951
2724595903
2728997441
2729020061
2730618871
2735189659
2736066667
2744318737
2746899271
2755443511
2773243399
2774505401
2786157541
2793839051
2806589017
2808127729
2814414331
2815816033
2816084497
2823849793
2824545629
2825682553
2839316653
2842619293
2845848997
2847034657
2851854769
2854966459
2855243051
2855290901
2864096047
2866872781
2870118421
2876205781
2881083709
2888672221
2892431701
2894199001
2910849121
2912326471
2912706217
2914194931
2915953633
2929062533
2930223721
2930831641
2934745399
2939590081
2951996209
2955535507
2957102129
2957948731
2961796111
2968206601
2968944247
2973097121
2995521901
2996944133
3000870973
3008333333
3016431233
3018950281
3019324769
3024595189
3030393901
3044238121
3044636687
3059193391
3060059227
3070144741
3070208261
3077122133
3079819051
3081070423
3084762997
3091977313
3092883371
3094364881
3094462109
3110951251
3112723351
3113930161
3124355501
3125726101
3130386821
3139608361
3142095661
3145485151
3156995299
3161817149
3165075811
3167890771
3168013663
3168847441
3169830751
3172327849
3175526971
3176494751
3176875651
3180313417
3184096301
3185210881
3186492277
3188504257
3189230903
3192323681
3200164147
3200985217
3211012981
3211799053
3213895051
3223965601
3228044821
3232389201
3255772591
3258464689
3261194581
3263069041
3263668309
3273396239
3274264033
3278392129
3283543321
3288491119
3295217971
3299461621
3306393751
3310575841
3316485421
3322551403
3326803201
3332800021
3333586849
3347214421
3347396669
3349218881
3349859701
3350103301
3351247381
3352336261
3355811197
3358139101
3363763231
3363868531
3368686483
3370629241
3374360965
3383477191
3383772713
3391299673
3395120977
3407772817
3420524467
3432881233
3433347809
3445230661
3449747341
3449842111
3453864329
3454497721
3457983401
3458002681
3459071017
3462005977
3464369581
3464705393
3469446883
3470716657
3475931549
3480387041
3482500231
3490433119
3492883081
3493069141
3505243081
3508412699
3508999651
3510468289
3513604657
3519861949
3536220019
3539339077
3545900191
3546090721
3548607841
3551279801
3552562889
3554383141
3555636481
3563340457
3563551991
3563635531
3566014861
3573458761
3573988849
3574087859
3576294151
3579100657
3580867909
3601570171
3614111437
3631470697
3632503913
3640903111
3643586131
3645741139
3659078749
3667362739
3667482451
3673812407
3682446049
3683012221
3692283211
3698276741
3702277801
3704091751
3704116219
3704543851
3709863829
3712814783
3714045481
3720492751
3727371313
3728004281
3736590553
3741975631
3753148501
3760685083
3773061337
3780837649
3784485451
3785056549
3785356387
3789843461
3796293019
3799087001
3803999113
3805015579
3833846641
3850058689
3852965257
3864188833
3865111741
3867345343
3867417313
3869668351
3872902051
3874186471
3875836801
3882346903
3882505771
3889917667
3907461391
3910653577
3924489691
3927374257
3935144269
3942089767
3952343041
3954364723
3958802459
3963736739
3973308961
3975988921
3979234351
3979400251
3984737791
3985245433
3987376849
3989897803
3990325621
3997179937
4001715541
4004278237
4011986971
4013374771
4015029061
4021176463
4026762721
4027965973
4034370911
4041807013
4044905597
4048103753
4057769041
4059776533
4061096401
4065428449
4082192381
4094727847
4095652933
4100934241
4104600089
4111149169
4113586837
4134319093
4135285369
4135919971
4137210037
4139771221
4145350753
4150829593
4156580741
4163105161
4175362133
4176385921
4179008347
4184231899
4185707731
4206085453
4206464623
4212827701
4218093773
4226438371
4235342041
4240777201
4246689241
4248554389
4250837449
4256352907
4258150889
4267640833
4285672747
4288493353
4292494213
4292880139
4294401301
