91
185
309
361
511
721
949
1339
2149
3991
6643
6697
7107
7201
7519
7957
9373
9919
10649
11647
12403
13333
15251
18721
22411
23377
24661
27937
31417
31621
33463
44881
46513
46531
49231
52633
61777
67321
76049
78589
79003
82645
97723
97747
112141
115669
132193
136819
143067
146611
154121
156877
162401
170893
180091
181579
195391
198881
213031
221167
221293
221347
224497
227767
232327
251251
255169
268903
269011
272847
273541
286903
291343
340033
344761
390061
390937
391141
411073
434531
445777
473023
521731
540959
563347
573853
611573
634411
656899
668197
684229
710533
718687
720001
724087
727751
732367
757369
770251
859951
873181
904443
905633
909709
913939
928171
943669
1018249
1055149
1127251
1144987
1170241
1171897
1212539
1266481
1275001
1328293
1355201
1373653
1380767
1439929
1456309
1470277
1509709
1518697
1590751
1602319
1627921
1648921
1687861
1703677
1717633
1721413
1734409
1746553
1778707
1856737
1863907
1864633
1925617
1987129
1999901
2039401
2145871
2250631
2278861
2281049
2308333
2358533
2387797
2404513
2442799
2487941
2512441
2524801
2570329
2671923
2722339
2725549
2737741
2873329
2877511
2989951
3045133
3057865
3076481
3093697
3270403
3290541
3480709
3488347
3524053
3584503
3627061
3657721
3775681
3906211
3913003
3939751
3947777
4003561
4035151
4059859
4082653
4170085
4339699
4414213
4420921
4511761
4652561
4797253
4832971
4909177
4990127
5122133
5161823
5187637
5308181
5436097
5481451
5736997
5770301
5775247
5848687
5906413
6073381
6113257
6186607
6230297
6373627
6390451
6521743
6577121
6639277
6642217
6696017
6868261
6881431
7043977
7159621
7239367
7244239
7607389
7624501
7648033
7924291
8016241
8078461
8106193
8177533
8180551
8252437
8333201
8502551
8548513
8581301
8639353
8857117
8864017
8894653
8917969
8967709
9084223
9234091
9235297
9493903
9537001
10101931
10125361
10218361
10247357
10336411
10391239
10391401
10483171
10751291
10772341
11244061
11378341
11453501
11487529
11621611
11794633
11812609
11917141
12049409
12124351
12169711
12241963
12270259
12405361
12559681
12608137
12613429
12757321
12792001
13035619
13104811
13276481
13295281
13341601
13404751
13773061
13797713
14154337
14324473
14555221
14732213
14910619
15232309
15290677
15383761
15551263
16054663
16158331
16234027
16343251
16388281
16550581
16686001
17001901
17008319
17008897
17014801
17357407
17443213
17699629
17762441
17870561
18443701
18627337
19112899
19295641
19359571
19384289
19503691
19629919
19828603
20081953
20140129
20234341
20310751
20576089
20633167
20802189
21239089
22028203
22283251
22446631
22533761
22591301
22713181
23061949
23129633
23220379
23536327
24126823
24470173
24800791
25050939
25214977
25309769
25370801
25411233
25525499
25617601
26017291
26270245
26549281
27129887
27226981
27230431
27302431
27409541
27463393
27935263
28213333
28358287
28708219
29328157
29583217
29666341
29901847
29915011
30008329
30453121
30815281
31118081
31131673
31169623
31184461
31490801
32148905
32285041
32332301
32413369
32429431
32701297
33025123
33063967
33567451
34003861
35278003
35510383
35845633
35891263
36070759
36142849
36783839
37028239
37037017
37084447
37192321
37535873
37798273
38075731
38159857
39555161
39816401
40173187
41296501
41307281
41909911
42345403
42594751
43287473
43523707
44012233
44068001
44114701
44208061
44373673
45256861
45330781
45409651
45559729
45931117
46094401
46112221
46256489
46672291
47033197
47435779
47661373
48804661
48805939
48837281
49573627
49636639
50443201
50778721
51088133
51250711
51519691
51724441
52464151
53154337
53370029
53390611
53638903
53942803
53949011
54026029
54255521
54303499
54317143
54368273
54386537
54788779
55203121
55287937
55392289
55530161
55777541
55917901
55961065
56130859
56384593
57731401
57737791
58174327
58570961
58846681
59106859
59287801
59309251
59640673
59647771
59904199
60155929
60229121
60398801
60552161
61201009
61454229
61832377
62044513
62441749
63089597
63155821
63388033
63389773
63553621
63745921
63908629
64020001
64597387
64735897
65363101
65400517
65423827
65886481
66124001
66998317
67626511
67932001
67964551
67967267
68380733
68920579
69042191
69140761
69176647
69188077
69485281
69600833
70496185
70760971
70886341
71079661
72089137
72415531
72488365
73401121
73590001
73902403
73963501
74361761
74866273
75601483
76250351
76426021
76578811
76732417
76899601
76924693
77146831
77211749
77594653
77622533
78336883
78980671
79470667
79929503
80176351
80207381
80509339
81048331
81376903
81433591
82553221
83540107
83870047
84107431
84354821
85201117
85285513
86333353
87558127
87803299
87831253
88099339
88707347
89782877
89784581
90153017
90784037
90970133
91057951
91832231
92081903
92556919
93555089
93926197
94187593
95722771
95816683
96214861
96610447
96925921
97071211
97130431
97396597
97401943
97429231
98034751
98891857
99253393
99790381
100248385
100468513
100552609
101004901
101450749
101519057
102358747
103488169
104465887
105706531
105872677
108596953
108674881
109838431
110043119
110765441
110925631
112702591
112709143
112835729
113165389
113197061
113492101
114276905
115249771
115805593
116045827
116148649
116443213
116977351
117771551
117959221
118566533
118846151
119601847
119933353
120994111
123139963
123213853
123399431
124983739
125387737
126428851
126440731
128621921
128987429
129845611
130876751
131028371
132806171
133033321
134176771
134272861
134536033
135647569
137450347
138634831
138736153
139604037
140340713
141157801
142087481
142137019
142587001
142930657
145072351
145186291
145820503
145863911
146843929
147654053
148267351
148910653
149295439
149532571
150988753
151445251
151528651
151650097
152368133
154318009
154340453
154513633
154944533
155692189
156045709
156648583
156688441
157182637
157368661
157542533
157803521
157853521
159442477
162243091
162945571
163903039
165283471
166339057
166595131
167286913
167290201
168535489
168948347
169042457
169746337
170449249
171698653
173218501
173401621
173678203
176172871
176296591
176439979
177349147
177666451
179468623
180264709
180861689
181926109
182547301
182772677
183976849
184731427
185040703
186046369
186188869
187634017
187790131
187824457
188516329
188985961
189337567
189612151
189686503
190092787
190420861
190717213
191983063
192769291
193133557
193879063
194314429
194913217
195218167
196872661
197924079
199104533
199531627
200083333
200341397
200801089
203264251
204438301
204697429
205823873
205873537
206006533
207343757
207967481
209146001
209180159
209323243
210058303
211834663
212015761
214038533
215998831
216126751
216631819
217137091
218112133
218619451
219384397
220252159
220883521
221457553
222294709
222439573
223542797
226265521
226851661
227418133
228094777
228181201
231822449
233207503
233899939
235030577
235683911
237266731
237294817
237570191
237574559
240272077
240707699
241617853
243749521
243829531
244472353
246695197
248540383
250346171
251579251
252079831
252767413
255414979
255866131
256695841
257080207
257170861
258661189
260018393
260534081
260627149
262734199
262979501
263128951
268043911
268254757
268342363
268422881
268505551
271763467
273708163
274090097
275900353
276480271
277477903
277704013
279022837
279156169
280257853
282707461
283741321
283893593
284394881
286023403
286721353
287490127
287586007
288452393
288997633
290320213
291178801
291936637
292179961
293746069
294368801
295027727
295057949
296509357
296565853
297812677
298410787
300450181
300570901
301985051
302648131
304235101
304955201
305594101
306769753
307061371
308519317
308538007
311016737
311411629
312177121
312199213
312252463
314000521
314718871
314825473
319321549
320745245
322467157
324167383
325218763
325599301
325787591
325938251
326655473
326968471
328042639
329153653
329276737
331805233
331868197
332167729
334291981
334963333
335069731
337135501
337160227
342023683
342567361
343216351
344688961
345132481
346798897
347368657
347922331
348849703
349154137
351353077
351384397
352000981
352844101
354176257
354666817
357491513
357744801
357800353
357856981
358175161
358611401
358922497
359364151
359768821
360018361
360375181
361307521
361661941
362276251
363371161
363941467
365004901
370740833
371376631
372460201
374961799
376957153
377021507
377704471
379363267
382536001
382803079
383717041
384522685
384877765
384993451
387530179
388383577
389925629
390419173
391930003
393077581
393530521
395858159
397054153
400313341
400374253
400505449
406707793
407963587
410613809
413670661
413740081
413793001
414087631
415302289
416818321
417088981
418192133
418226581
418247259
418757109
419786161
419894021
420383251
421593031
421860157
422871931
423448651
423587321
425539297
428895271
431749333
433897327
434348377
434443931
434644033
435014201
435750827
435860497
436351159
437239529
439228153
440306461
440437957
440954281
442506709
443041831
443602621
447615073
449346781
451118981
451721761
452330413
453272293
453557287
454745773
456808691
457050361
457410331
458740939
459838867
460486921
462587329
462786271
464012033
465335459
465658903
467418133
469328203
469379263
470752133
471168253
473485417
474887761
475468927
477103771
478075687
482944249
486752869
487707697
490442941
490894111
491646403
492559141
495416503
497206781
498238201
499445041
500520833
501218173
502449481
504623557
508519873
509186467
510639553
511280551
511408171
512490113
514458001
514933891
517567051
517625921
518173327
518399111
520399381
520802719
522199969
523128127
523448801
524581751
525547477
525713959
528473791
529956659
532258271
534821191
536003333
536740777
540506093
540743893
542046161
542536457
542870017
546063049
547118177
549741431
550762759
551112013
551672221
552677671
553737637
553864213
553935313
557234983
557554873
559536721
559702153
559874467
560448631
560907271
561337169
562467361
565016491
565141781
565423051
567815617
570925367
575419021
576171597
576701269
576721063
578458501
579606301
581531041
582124687
585003169
587227411
588033811
588936947
590335831
592953901
592996351
595590841
596995747
599137949
600268123
604759765
608016599
609361567
609474241
610994485
611526781
611529379
612248059
615050587
615244481
616756771
617801939
621356737
621377089
623332529
626694113
628259633
629501923
630182737
630999733
635411947
636111451
636442003
636859339
636936697
637868393
638837761
646443337
650683771
650982907
651177601
651428311
651664513
652923521
655219207
657067951
657414577
657720053
658782397
661956517
664214431
668173801
670208533
671815301
673725469
675041731
679578929
680471041
680860351
681303241
684210061
687886123
689269153
689471063
691263937
692178049
692597647
695327821
696388141
698252221
699498757
701020937
702105733
703703323
704672417
708477997
709802497
713197939
715503037
718092607
720385903
720440033
724007341
724856609
729094843
730955317
731933767
732736621
732842101
732890269
735228451
743370629
746331041
747236701
747298843
748419127
749859793
750160811
750709759
751056223
752607809
758386333
758687581
760264009
760974121
763061797
763146259
769006153
769640873
770909107
773163353
775158931
775368901
775685681
776370401
776728661
778479553
778512913
780384013
780457399
782858953
789091003
793813333
796777633
797633551
798311161
798770161
801803839
804371491
808562791
810602389
811565569
814441633
814878541
815430533
817005421
817509961
819888023
821566561
822390229
823809529
824082181
832236451
832870891
833512483
834782329
837005641
838328131
838728067
839208439
841020181
841741237
843094711
845218309
845338033
846710047
848553031
848793089
849653191
851026261
852081121
852112081
855073301
856338337
856950371
858455179
860334301
861782209
863325079
866916877
867323521
867965251
868677589
869851009
870323273
871023583
871514623
873843847
874290451
878428387
878504281
879076717
881863201
882583561
883407561
884451583
885493927
894872179
895457713
895669681
897087361
899789881
901279801
906844261
906966741
907475851
908349601
913132801
914834801
914897023
920151623
920378233
921570733
922444951
922732861
925126567
925934683
926375293
929854801
932098133
935264093
936065261
937674169
938030101
939964117
940123801
942448957
944242663
945357841
945680683
949324951
955188181
960198251
960370093
970776649
971884367
974774401
975074101
975817987
978254369
978399271
985075681
989035213
989908921
997240861
1001254129
1005402133
1006753201
1010461121
1011284819
1011346001
1012756573
1016770063
1017345289
1021376665
1021844321
1022222167
1022304691
1022388641
1023209551
1023210817
1027744453
1030994141
1031766481
1031809087
1031996351
1034252929
1034283421
1037560681
1038024703
1039740833
1040295691
1041360451
1044762241
1058816533
1063075549
1067064781
1067471113
1067802667
1068579821
1073066881
1079063371
1084952881
1085424139
1088562871
1091401261
1092310759
1097037001
1099140683
1101376711
1103315941
1104171979
1107080677
1107202429
1109527537
1111564121
1112967991
1113419953
1118535889
1120981021
1123433977
1126037683
1126866217
1127993861
1134300511
1135781177
1135984177
1137489043
1138179781
1140733771
1145170153
1145951491
1148701117
1151696071
1155113545
1155281821
1156146751
1157839381
1160529001
1160916211
1161531601
1163439289
1163659861
1168256953
1168706449
1171303849
1171893601
1172882719
1174115011
1182999677
1183305889
1188562541
1189817371
1190041207
1191751849
1195067611
1196969707
1199812159
1202349457
1204176751
1206696961
1207252621
1210901353
1212187661
1213729057
1221560833
1227280681
1227334837
1229956003
1232516171
1233001771
1233200113
1235188597
1237100349
1238866297
1238930659
1238975459
1239295357
1241138773
1243129021
1244042251
1244166857
1244861857
1250896849
1252236421
1257776251
1258065073
1259514281
1259596801
1260309343
1260380377
1261099531
1262389219
1262995001
1264887007
1266557881
1267494751
1268318377
1269295201
1271596897
1273880437
1274240101
1280223349
1282875397
1285407811
1285920847
1290307861
1290999529
1291778041
1292407117
1298258413
1300021669
1300490071
1301776021
1304213527
1307004641
1308544903
1308630163
1308758533
1311412301
1311616153
1312845661
1317979651
1318473217
1321834153
1322398111
1325172421
1325178691
1327026403
1329472211
1329662179
1331915887
1334349901
1337765419
1340845423
1341818101
1344282067
1344420013
1348964401
1352614561
1353332417
1360467331
1362966383
1366855621
1373826781
1375569631
1376233717
1390814413
1401429137
1402248403
1402599311
1404228421
1405549909
1408610503
1410521941
1410810787
1414154827
1414755619
1415075663
1416775897
1420589301
1422247331
1424435689
1424540053
1427051377
1427900833
1430997751
1431192907
1433610977
1440901601
1443652033
1444957753
1446298309
1447945831
1449311851
1452194257
1453791157
1455763891
1458366551
1463992661
1465566211
1466552273
1468824787
1474084657
1476526609
1479647233
1483918801
1491412001
1492585537
1493173441
1494919117
1496207809
1497192269
1498038433
1498310641
1499727511
1500115249
1500661711
1501308139
1502124427
1502759701
1508274181
1511042851
1515483103
1516486987
1519149979
1520007679
1526210677
1526233231
1526537377
1526950153
1527726701
1528899899
1532569681
1536365629
1546249951
1550837381
1569562411
1571111587
1575005777
1576894141
1576933909
1580143241
1585350271
1589853281
1590564601
1592282161
1592595703
1599350131
1604234413
1608729127
1610083333
1614622601
1615896811
1616102821
1616387653
1616693901
1623155329
1624171193
1625925121
1627644961
1628744599
1630062253
1644685351
1648075201
1649863009
1651655399
1652048971
1668793807
1672547531
1673513731
1675121887
1688983957
1689255721
1690914781
1693383121
1695087667
1696609903
1696969441
1697531671
1706908751
1713319453
1714878361
1715427451
1715603873
1716672361
1721663989
1722685777
1723175551
1727730181
1731275341
1736255449
1738190981
1747187821
1750617181
1752172003
1752304321
1752442561
1756772029
1761258079
1769323271
1770354433
1773000829
1777568893
1782318451
1783545473
1786322629
1787934881
1792560881
1796497033
1796679329
1813755331
1815355501
1820204407
1826448559
1828887061
1833328621
1836981721
1839568981
1853207209
1859787187
1869875281
1870663411
1871486387
1874834237
1883736419
1885744001
1889574337
1894909141
1897700113
1904524903
1904558701
1909566073
1910273863
1911197947
1911859951
1933740491
1934962801
1937105941
1940074501
1943507791
1944125633
1945042181
1945830511
1947030229
1947481009
1951469101
1954508161
1962730531
1965139807
1967573029
1969429531
1970495641
1970947331
1970950843
1973686129
1974056491
1981259141
1991237881
2005876153
2014209871
2014739101
2024334049
2026633951
2027351929
2029328941
2030180071
2036654929
2037732451
2042643421
2042880181
2049580889
2050844401
2056126051
2059425887
2060191633
2062505593
2063457961
2068610221
2068713043
2069490277
2071874419
2080995841
2090913437
2093336851
2096510417
2104788151
2105819587
2108764481
2109682681
2110495393
2116483027
2117031263
2119102651
2131620571
2137134833
2139439141
2139462991
2140082101
2152717165
2153076001
2154060721
2157856009
2162352637
2166276841
2171875501
2173700173
2174166881
2174777281
2175136133
2183601107
2183952457
2186008837
2189700833
2197211347
2197813333
2197944451
2200115713
2201930641
2207920879
2220997663
2222983381
2227207399
2234003857
2238856093
2239679287
2240827177
2242724851
2244074801
2248650433
2250292687
2252762623
2257572013
2259202031
2272558261
2276290297
2276606503
2277117701
2279353609
2280635911
2280656953
2287447111
2290316377
2290361221
2292892219
2296276801
2309977441
2314430401
2331181621
2334175409
2340771431
2341336859
2361627307
2362266481
2363491393
2364578503
2365671799
2366454151
2370902483
2381662099
2383939741
2385076987
2386172251
2390781313
2397664901
2404942541
2408136221
2410753021
2413359313
2420684779
2427535381
2433791593
2443708961
2444950561
2449977757
2452359457
2454632929
2455840141
2458231903
2463879497
2464242301
2464892821
2465225299
2470869253
2475994501
2476970521
2480147521
2480483669
2484437671
2485977451
2486831491
2487733333
2488507201
2492999713
2493698131
2496438751
2496613211
2499853333
2502039079
2502525637
2505101851
2508149227
2509207903
2511541567
2519186671
2523796969
2527975951
2531385001
2531762647
2534250013
2535849229
2537442001
2542196809
2552735639
2555758129
2561810161
2572534147
2577995713
2579163931
2581855417
2582443711
2583911093
2591846813
2598580381
2601838861
2606367961
2615656051
2617244033
2623074257
2626185541
2631560401
2635781461
2636051563
2636360191
2641268891
2649909589
2651626121
2658635713
2659939453
2662763467
2670563951
2672651521
2678702713
2691029401
2695064653
2701278113
2707550161
2712224677
2712695017
2715895111
2716344661
2718057301
2722639349
2725131601
2728997441
2733504737
2737312337
2741749889
2746882669
2765751931
2766006253
2770343869
2783468611
2788398413
2791053541
2791594579
2796631813
2800733603
2811122557
2815407697
2823851773
2825939801
2828698133
2831130901
2836406821
2837697773
2838534337
2843447881
2844439151
2852381341
2852587531
2852595517
2859283321
2864687951
2867910481
2873094001
2880632179
2880848881
2881085341
2881996273
2884596721
2885972701
2886402487
2888779051
2889079201
2891647247
2904676633
2909161153
2912836231
2915953633
2925011153
2928412439
2931665101
2932556717
2936922121
2940468301
2945960033
2953752541
2956333409
2966881039
2967405901
2968160923
2970067337
2973097121
2973099541
2978766341
2982807319
2984225197
2984440961
2984619001
2991126881
2996755061
2998202353
3008333333
3012200119
3013708057
3017278321
3018185551
3020166181
3020299327
3031135837
3033944101
3042082369
3044636687
3045181481
3047896621
3061116829
3063683503
3063685633
3065116951
3067665761
3072942211
3073688231
3074086243
3077802001
3080968073
3084027751
3086407801
3098430737
3101053651
3102259031
3102678757
3104041309
3106273189
3112723351
3115939861
3123578849
3131869511
3144031801
3148416053
3148806403
3156599161
3161897203
3167801617
3168847441
3172279133
3174554351
3174698143
3181341239
3182880457
3190035223
3193761041
3203181581
3203333317
3205512997
3205663921
3206203003
3207081043
3208384841
3210892851
3214773013
3215031751
3217744531
3234666601
3241835741
3242286403
3247403887
3248548057
3251814823
3252527551
3255133501
3255203269
3257334541
3259458401
3260095957
3260299771
3261194581
3262091779
3263883919
3285699121
3290754301
3291421069
3294768121
3295217971
3296403601
3304446191
3320270893
3327572051
3329307721
3330883781
3338847121
3351561553
3355161001
3356286541
3359734241
3360811609
3364070533
3371452921
3373854329
3374598781
3380409397
3380740301
3383091823
3387487351
3390564241
3391891777
3394046797
3402758647
3405746653
3406357013
3408131561
3410856457
3411250081
3414736231
3415474189
3425097391
3425189671
3426054007
3428626237
3431305763
3432881233
3436109531
3440195713
3442902121
3443019667
3444048301
3450063331
3450935503
3451881577
3456645571
3457233991
3480908203
3485671411
3495943153
3499865623
3504570301
3508999651
3514437889
3527380819
3528418381
3531575863
3535394689
3536049721
3544171201
3544617763
3548194033
3549920851
3554383141
3559685761
3560209111
3564626101
3566116513
3574087859
3582244307
3583249921
3586833253
3597988303
3599858687
3600904001
3619298413
3620631169
3625328981
3626179867
3628293751
3630434051
3630524143
3651150331
3653269591
3653628247
3654364141
3662252773
3664437283
3665407517
3672961201
3673547641
3677204953
3692149847
3697434133
3702277801
3703389823
3705477401
3709190245
3715543189
3716504023
3720245509
3723104797
3728463481
3730924531
3734611081
3738720601
3739577857
3758383207
3760642693
3764466553
3768718603
3771597061
3784485451
3787284821
3789787501
3790244389
3791207449
3792541969
3797454433
3807308269
3807332813
3825368779
3844952329
3854830981
3863187511
3863326897
3865604023
3868431997
3869668351
3873625417
3882822859
3883439647
3883904641
3884569771
3891919417
3896103559
3899829361
3906654071
3925583551
3929123167
3931360651
3931879267
3932770397
3940621067
3944339491
3952343041
3960538819
3961843777
3973547453
3977260813
3979485931
3982264199
3986664571
3996987251
3997537331
3999455701
4001715541
4006558333
4006771651
4017906829
4025662939
4025801441
4029827833
4030698673
4041605713
4042578403
4059776533
4063270621
4068279769
4070033537
4080879241
4081806919
4092929149
4099144177
4107726169
4110035161
4114002223
4116504737
4118312593
4121703011
4126689041
4149101017
4153135299
4160339587
4163953087
4169425301
4186718201
4212936253
4218093773
4218900001
4219513117
4223711269
4227636337
4228051367
4230238861
4231383173
4246725871
4249915363
4261287941
4279400533
4281406957
4282033687
4283445403
4289470021
4290007063
4292341327
4292902879
4293439723
4294401301
