21
91
93
133
205
217
231
247
341
403
505
589
651
781
1491
1681
1729
1891
2047
2201
2651
2821
3277
3721
4123
4141
4371
5061
5551
6533
7161
7471
7585
7657
8405
10921
12927
13333
14645
14701
16021
16051
16401
17111
17767
18685
20705
21931
22791
24211
25327
29809
40501
41311
43567
46221
47641
48749
53599
55671
57065
60701
61777
62197
70801
71071
71083
74023
82181
83333
94657
94681
103261
109061
115351
125665
137149
146611
153217
156891
160759
164737
169781
171601
172081
188221
189953
203191
208663
218665
227767
228691
241001
251251
281101
282133
303121
304969
338611
350065
355177
359331
363091
398413
399001
407353
421301
433621
438257
455731
486737
495283
497581
498317
508431
509545
512461
514837
521459
530441
566371
597871
605881
607569
653333
678001
679861
707701
708401
711543
752965
769951
780529
787081
802771
838201
841249
848905
862759
873181
896761
924079
949781
979111
987169
995723
1023031
1053761
1085471
1145257
1147057
1193221
1200967
1211849
1273741
1306199
1314631
1334131
1337791
1344811
1350577
1352233
1386967
1409437
1476871
1490581
1537381
1544451
1588651
1654885
1696507
1725801
1793053
1799557
1836037
1844267
1869211
1893943
1958503
1968557
1976701
1987021
1990261
2057977
2058587
2059831
2084167
2181121
2203201
2219851
2251549
2273057
2308373
2322751
2337301
2339377
2423701
2467321
2475313
2480437
2487941
2491441
2601511
2672293
2748023
2780381
2887571
2905897
2906101
2989729
3058771
3076481
3101911
3147661
3289301
3306493
3340693
3383353
3426301
3431941
3463909
3539101
3543121
3647621
3679201
3691045
3768451
3832457
3868291
3913003
3931489
3952641
3964597
4111381
4127323
4143451
4181921
4219129
4224533
4335331
4543621
4583101
4588777
4686391
4931359
4935701
5102813
5185885
5270911
5283461
5378641
5462563
5481451
5508637
5599421
5603333
5718721
5726081
5834851
5927041
6056161
6278533
6298921
6468553
6504089
6696967
6733693
6760513
6861637
6880957
6881557
6943931
6969511
7028821
7061321
7220641
7374781
7398151
7917757
7974121
7992913
8090605
8181223
8295001
8353073
8378371
8582911
8725753
8864017
8871281
8948701
8998393
9121441
9396751
9454039
9495337
9557227
9611281
9733101
9835541
9863461
9946711
9966341
10218361
10232977
10267951
10403641
10496941
10620331
10630363
10698799
10751149
10919647
10924129
11139261
11247661
11268251
11278513
11381371
11477971
11481481
11530801
11736211
11832211
11880961
11935651
12032021
12220131
12286429
12328771
12394651
12397153
12535831
12576217
13073941
13091905
13113101
13390081
13508531
13678331
14053051
14324473
14629069
14729101
14731363
14783203
14792971
14872951
14919757
15525241
15981337
15999751
16287701
16777801
16988551
17081251
17128111
17236801
17378707
17418001
17502661
17557501
17603617
17812033
18054037
18158801
18225703
18342241
18443701
18490381
18509245
18511021
18556081
18733271
19113277
19328653
19488913
19922137
20265937
20290477
20502661
21209137
21654533
21837301
21925063
22028203
22034491
22754089
22885129
23118061
23236849
23464033
23798581
23950561
23951593
24083893
24341101
24353953
24388621
24482503
24550241
24618245
24642239
24651991
24711661
24885901
25014001
25052527
25477091
25526729
25696133
25909453
26017291
26170431
26189731
26219801
26317291
26332181
27039337
27115453
27236311
27292651
27409541
27799591
28088605
28183591
28391201
28406953
28527049
28593811
28769905
29013401
30352441
30735959
31201997
31409485
31925857
32099777
33424711
33503221
33571477
33600533
34084181
34305421
34509619
34548631
34621381
34739983
34884703
35194651
35340769
35798491
35810479
35844733
35855641
35942401
35976781
36733901
36814909
36974341
37439201
37577539
37771231
37964809
38248981
38351347
38407609
38418051
38532073
39095137
39117439
39154081
39520741
39659137
39804031
40108051
40145071
40433551
40621591
40629601
40824193
41069047
41161537
41358061
41471521
41604109
41859951
41914291
42266251
42312013
42551401
42614641
42702661
43029043
43138201
43941049
44039119
44148649
44318977
44826541
45559729
45595945
45786133
46438157
46672291
46705261
47388889
48191653
48253801
48316969
48321001
48481679
48764179
48969031
49023151
50558399
51013285
51088133
52454827
52818977
53054041
53377171
53465881
53701093
53746943
54242761
54275761
54360151
54546769
54641501
54910001
55315021
55945981
56380561
56420033
57466963
57833861
58718909
58724821
59009521
59073871
59318533
59361751
59559571
59725771
60033403
60173191
60392641
60418941
60696661
61230943
61698091
62296669
62522461
62566633
62630605
63001423
63212131
63473151
64098111
64365301
65248957
65625323
65922151
66007061
66133369
66342961
66345221
66401401
66965131
68165761
68314357
68537839
68621701
69306701
70474841
71079661
71139041
71690311
72175507
72379831
72589197
72611701
72852301
73052161
73527301
74608507
75297637
75442117
75621281
75681541
75909367
76443929
76454431
76533901
76797301
77090413
77146831
77598805
77701051
78206917
78644611
79914521
80646841
80860561
80918281
81381991
81431461
81605251
81676501
81792703
81816547
82173701
83204801
84354821
85296251
85503991
85708801
86027329
86077951
86371651
86435857
86456581
86651245
86910019
87111469
87385523
87670837
88455901
89646271
90089131
91104367
91512209
93311573
94347289
94536001
94680337
94775927
95290381
95504449
95833891
95926265
96338089
96618397
96878101
97020491
97253539
97439245
97924217
98444881
100072171
101822209
101931931
102035251
102378151
102690901
102866581
103063471
103141061
103253333
104220703
104826377
105558787
105857537
106590401
106742791
108152441
108493531
109031341
109541461
109838431
110148391
110426257
110566969
110590589
111540001
112063729
112307329
112702591
112729571
112939831
115618321
115837703
115852843
117129421
118429081
118575091
118635841
119271769
119504281
119764321
119917021
120054691
120183361
120196981
120311143
120570319
120704561
121405921
121611617
122134261
122531871
122902507
124574413
125646907
126428851
126440731
127435771
127796861
128027201
129007513
129034051
129205781
129541721
129573373
129762001
130027051
130103551
130225993
130227001
130279391
131762413
131853787
132749887
133227451
133807337
134020381
134176771
134395261
134758801
134767153
135008479
136495411
137340451
137813129
138360223
138653101
139592101
139810133
140621353
141157801
141476881
141526501
141618181
141921721
142774399
142862087
144211939
144304021
145410931
145603333
145878749
145975021
146053267
146822111
147028001
147405259
147663001
148050181
148910653
149532571
149848201
150265117
150331837
151415041
151644011
151775809
152169893
153432137
153890227
154157599
154595953
155276731
156001951
156191851
157542533
158692171
159037729
161304001
161423377
162905761
163394857
163398241
164058157
165836023
165930623
167430817
168086563
168380251
168591511
168941701
170173741
170461951
170520481
171093913
171482221
172116181
174127741
174598387
176886505
177197833
178721791
178889771
178896901
179003471
179103937
179575285
179750561
180104185
180497633
181542601
181552351
182188117
182847673
183524111
184241779
184242331
184746889
185050531
185802589
186084445
186510781
186981131
187190347
187637071
188668297
189658801
189686503
189820369
189836659
190494961
190991467
192941207
194706823
195664571
196287391
197239591
197663479
197794523
199655551
200100781
200546611
200812771
201809071
202382629
203361985
204849271
205345963
205979569
206298289
206795401
207324961
208037011
209556037
209834683
210527263
214678689
215310551
215424301
215456389
216472799
217472501
218044009
218519857
220481047
221793391
222624931
223502701
223966081
224600977
224690221
226917773
229565791
230326561
230793859
230896201
230954131
231230271
231664879
232114433
232173941
232759045
234004771
234564829
235319699
235965751
236343493
236737501
237163521
238568749
238622413
240010603
240785047
242318231
242424197
243576341
244061371
244687549
244797457
245309461
246312977
248312371
249144607
251232433
251706157
251753441
252213949
253447261
253686781
254119321
254265001
257044813
257495641
258020473
259108357
259992685
260736341
261856261
262903051
264455191
264705001
264719041
267151249
267512059
267731961
268009381
268846801
269691301
271584041
271794601
271804499
272313091
275240461
275350021
276530641
277241401
277477903
277787141
278138041
278943061
281501641
282050539
282589651
284166877
284803213
285733141
289125373
289234873
290149207
290197211
290333161
291088513
291985921
293617061
294807661
295419097
296212033
300014551
301969933
303737347
305581561
306605923
309022661
309444241
310693633
310995751
311609059
313158913
313346221
314278273
314283601
315313729
315689977
316032721
316336351
316496611
316972181
316975751
318465703
320454751
320890169
321525571
321781633
321856521
322181149
323122801
324171541
324171751
324347269
325625241
325662161
325787017
326254001
326725813
328962377
331116337
332683351
333698821
334419821
334963333
335385409
336186723
338168851
338454889
338455153
339084341
339195097
341564269
343477681
343595617
344164087
348477751
348794189
349496767
350050453
350132953
350996119
351051421
351833263
352332601
353848661
353918671
355925911
357273001
357277921
357380101
357525673
358922497
359696431
359783551
362443777
364754413
365059111
366652201
366911101
367804801
368009401
368113411
368476501
368543491
368848481
369585211
369806743
370106509
370852777
371383261
371675221
372298721
373806929
373836751
373886749
375135361
375935131
376096033
376169431
376312651
376352521
378010513
378661603
379145801
379687589
380137633
381454201
383793541
384234181
384522685
385725565
386678767
386826709
386932303
387015331
387311107
388610761
389014921
389731609
390189931
390208651
390345223
391589969
391794283
393092737
393611653
397608751
397681139
397983301
402358321
402367651
402684373
403636501
404057461
404840833
406321273
406469281
407729323
410746051
412851961
412862059
413138881
413286023
413399701
413483941
413670661
415865359
419798879
420512905
420766933
422707889
423040861
425711581
426061201
427659383
427871641
427896871
429359113
429718411
430171201
430250311
431148901
432454681
432967621
434343601
435523481
435744805
438111463
438821251
440625571
441139051
442335751
443384023
444402223
444580739
445806271
447571043
449242411
451118981
453195577
453834571
459359011
461567545
462139021
463421999
463803721
465335459
466679431
466704857
468376489
469328203
471535373
472611637
472674445
475121531
475176091
477086741
478746269
479648537
479652901
479754001
480737671
481135021
482155957
482746171
483317017
485743441
486619489
488974201
490703617
493335361
495573121
496328689
497308627
499411981
502092109
503255297
504870241
507683611
510949363
511203551
511611673
513570961
514258753
514286491
516876361
518504533
519470533
519809701
519920311
522047107
522173809
527954017
528043753
528504901
529518781
530228821
530894359
530971441
532094413
532758241
533104321
535517581
537145331
538412033
539921701
540654409
542318401
542761301
544007773
544101481
544660481
545670533
549724033
550254991
550437031
553093399
554334965
555161501
556012531
557058133
558024193
558408709
560484307
564424849
565566001
565753151
568267207
568898551
569327351
569507579
570132481
570334301
571460977
573181381
573201811
575631151
577350419
578191849
578299091
578783083
578821853
579916021
580786331
581575849
582354571
582799951
583936273
586574657
587220607
589308301
591294001
591717787
592336291
593044129
593573605
593651129
594022309
597067471
600428071
601433263
603147931
603255001
604022581
604636033
605221501
608560661
610414807
612830681
615440641
615895897
620928533
622137601
622157779
622334057
623332529
626964151
627007259
629492491
630657889
631881337
632293873
632797111
636936697
638959321
638959543
644453633
645771127
647190253
647265907
648056449
648178339
651292621
651477751
651895009
654288031
655452241
656723161
657133651
660212239
661956517
662611951
664272577
664364737
668304001
668733001
670909727
676243261
679018463
679173751
679396303
680404363
682276993
682528687
684842065
687740149
688230401
689107157
689537441
691300051
692701831
692955001
694017181
694383089
696257927
697005577
698170011
698351611
700370341
700627591
701665897
702683101
707265451
710617861
711424297
712766503
714936349
716095801
717377833
718949281
720452701
720998281
721997911
722134117
724635073
729458299
733488209
735064619
738272333
741343783
743404663
744552649
746331041
747823513
747870779
747912961
750683473
752929273
753435703
753594001
754771543
756729097
757628353
757792933
760200937
760391227
760901527
761932033
764685691
769006153
771171077
773146243
774109627
774771601
775417823
775988033
776044105
776081503
780170869
780384013
780457399
784966297
789375511
790049911
790220201
790422643
791063341
793813333
795078017
795861193
801803839
803014241
803744371
808405183
808983319
809506133
811478533
812949551
813654217
816628051
817076611
818457913
818765357
820444321
821376533
822531841
823951171
826945621
830567347
831821327
834022597
839853109
840264979
846963053
850028939
851703865
853799059
854448191
859050721
859481921
859996477
861286081
863169913
863946931
867022747
868576463
871824829
874420229
878258863
881062501
881125213
882550501
888345181
891104041
891771271
896269951
896791921
897676501
903136901
904257553
904698931
909116641
909505543
909651767
912635011
913896721
914634883
919773583
919916479
920834197
923992807
925112777
927628417
927860545
928247743
933165421
933262261
937887539
938030101
940085623
940776391
942382561
944949127
946963333
947914207
948275641
949696039
950371003
950857741
950875381
953514907
954439999
961258891
962076529
966910051
967423153
967714021
969021761
970355431
971975273
972471151
975064261
977389981
977408147
978254369
980380909
980880317
981357703
984325933
985052881
985075681
986051911
987250289
991609921
993321187
994791721
998290801
1001338771
1002071071
1004209411
1011284819
1012846537
1013147983
1016250247
1021017791
1021064045
1023210817
1025941729
1025956037
1032101461
1032374939
1033629379
1035159049
1039278385
1039379041
1039761913
1040295691
1041956311
1043221141
1043913871
1044043801
1044130519
1044814771
1045618687
1047350305
1048306861
1049531419
1050029641
1050535501
1051782421
1052491183
1054600701
1054877869
1056092137
1062752851
1063513361
1064519011
1064774101
1064959261
1067437801
1069100101
1070063191
1071007561
1075161661
1076666713
1080285823
1081334081
1082541223
1084444481
1086366529
1086592027
1088181571
1091401261
1091925361
1092471073
1095810409
1096651921
1096735081
1097037001
1098000091
1102153249
1102930741
1104194521
1106925397
1107379681
1108706857
1117117093
1119863053
1124771231
1126414073
1127300261
1127419361
1127913241
1129235647
1129716811
1130018401
1132897351
1135425547
1136613677
1137320581
1137746251
1139434453
1143264577
1146283363
1146408397
1147129733
1152793621
1155069661
1155348541
1155690451
1156285873
1158020551
1159804531
1161901183
1163298571
1166453401
1167823621
1168706449
1172395153
1172435521
1174300093
1180635553
1181194261
1183115031
1184162801
1188646903
1189168129
1189576961
1190753407
1191931741
1196200039
1196969707
1201519501
1202073601
1202142061
1205606533
1213347691
1213733053
1214513621
1218302905
1221127013
1222946671
1223648441
1225278401
1226610541
1229762561
1229956003
1231153561
1231428451
1232097751
1237524293
1240238407
1240743661
1241541757
1245431881
1247404163
1247695829
1249047089
1252747945
1256652013
1258221763
1258479211
1258970021
1266989701
1267610501
1270193401
1271364709
1273407031
1277294191
1282467397
1288287991
1290090463
1292786521
1295272603
1299034771
1304696881
1305711443
1306434421
1306536631
1307520469
1308544903
1308630163
1309517353
1311105151
1311616153
1313428201
1316624671
1318026961
1319273077
1319638069
1320214699
1321734497
1323238951
1326290821
1331061887
1334609173
1337525101
1339470133
1342481407
1343575381
1343697847
1344570421
1346316973
1346525269
1346624533
1351066021
1353332417
1354991653
1358150873
1358425741
1361441971
1370183831
1371589873
1373266991
1376483627
1378086121
1381488067
1382117881
1383527251
1384215721
1387962061
1389353941
1393949593
1394244433
1394632891
1397169091
1400801189
1402248403
1403919089
1404012871
1406851249
1408716541
1410264241
1411706431
1412168941
1412756801
1418909401
1419459121
1420661761
1432354901
1435489793
1436168189
1438293781
1438648993
1440231941
1443069629
1443167909
1444061851
1446520069
1448921633
1450469341
1454860691
1455968023
1455977341
1456527461
1457687089
1457737451
1458051337
1458366551
1463124463
1464568381
1465908193
1469960377
1475522413
1479354761
1479647233
1480849831
1484454961
1490351521
1492762133
1494595801
1497221281
1499105119
1502124427
1505130433
1507121801
1508731711
1508762557
1509316901
1510850827
1512595333
1515785041
1516410901
1518039961
1519125529
1520190341
1525781251
1526180251
1527888433
1528441681
1529107651
1530655057
1537531381
1541935319
1543348351
1545824851
1549308001
1552536697
1554393841
1555324453
1558693471
1558913203
1564579061
1567332001
1567830241
1570964851
1571111587
1571352661
1574913551
1575064009
1579812205
1580100211
1591392349
1592989201
1595622997
1598982533
1602556801
1602891233
1603810561
1607530051
1607644837
1607979001
1611420697
1611615151
1616140501
1617921667
1618070737
1621636699
1625261257
1627106821
1630161541
1632785701
1633240001
1638956401
1643302417
1644227341
1657442311
1658046781
1658247053
1660521721
1662221273
1669084297
1669778965
1670522941
1674248801
1678717561
1679596397
1680901381
1683174533
1687049965
1688983957
1691745821
1693341551
1699611211
1707520277
1707704461
1711573333
1714053841
1714727197
1715427451
1718253421
1721749121
1732436551
1734633871
1735915771
1742815621
1743657931
1744266151
1746543401
1746715727
1747024399
1750245211
1760331763
1760464031
1764496091
1767109567
1773001501
1776820033
1778559137
1785274163
1787168377
1795682971
1796654593
1799250571
1800072451
1804906517
1807922491
1815781969
1819050257
1820580961
1827372401
1828887061
1831947001
1835408401
1839860713
1846903033
1851498901
1852317251
1855782821
1863332659
1864092761
1864274917
1866765421
1871592301
1876900481
1878092089
1879828501
1883338663
1885562209
1886336311
1886581801
1887745841
1892689561
1893427981
1893863249
1894598543
1895045901
1900664461
1900687381
1900823653
1901367001
1906722439
1911197947
1914423451
1916523181
1918782757
1922092567
1923320851
1924320133
1924852577
1926797401
1927400201
1931932801
1937105941
1940174209
1942089601
1942492861
1945042181
1945452601
1948516021
1948898429
1949998777
1951469101
1951517551
1955219311
1958224357
1961707721
1962730531
1963529443
1964891113
1970097001
1970256151
1970333311
1974654241
1977932797
1984231201
1985749301
1986940441
1987204801
1988228201
1992264331
1993206601
1998325957
2001670477
2003557681
2006394779
2006674651
2018129521
2018761111
2023122091
2025191251
2028107341
2029328941
2030105569
2031287171
2031980311
2032461451
2038093597
2040739273
2041538863
2046528013
2048366347
2049842203
2050183081
2052510241
2054711381
2060177659
2061929893
2063228203
2066273173
2066334463
2070303709
2076804793
2080459151
2085073033
2087237821
2087605969
2092745431
2096692033
2100570223
2105262433
2106618803
2107466491
2108568827
2109576379
2114432167
2114643217
2115371473
2117341729
2119380587
2136400813
2141087051
2141340833
2144782921
2151613441
2156767003
2170186021
2186353333
2187094501
2192237461
2195607943
2205105311
2208676471
2209827349
2211844501
2212811497
2216093707
2216628367
2218421521
2219008177
2221503799
2224506541
2226894619
2234695231
2244484331
2245238179
2249290597
2253316213
2256153001
2256666133
2258421331
2258956841
2263420459
2264616991
2266096951
2266307261
2271773183
2272875229
2272901633
2278091971
2283040759
2283430117
2283900737
2286320491
2292813217
2293014533
2296894753
2299101391
2299846201
2301828211
2304922231
2305395631
2306716021
2311662167
2314820377
2317332385
2321473001
2323147201
2324067377
2324075941
2328205111
2336566591
2338533181
2339347063
2339962003
2341589251
2347597981
2348675317
2360225737
2360992891
2367885313
2372710489
2380339837
2380603501
2392261741
2401175701
2401992349
2402574121
2411152927
2412172153
2414673271
2422405039
2425925701
2432264027
2432733271
2432761633
2436691321
2437518481
2440293931
2455351651
2463850369
2464892821
2467813621
2468610679
2470869253
2476607681
2480147521
2482820957
2492384621
2493698131
2496506293
2497638781
2499225877
2502281551
2506430041
2507654701
2509687801
2512833601
2514937921
2517572671
2518606273
2519068403
2522841721
2529762781
2532010139
2532630787
2532854197
2533465661
2533915781
2537726491
2542290643
2544014551
2545660981
2546520373
2553268769
2555391481
2558682353
2560891327
2563812577
2564706781
2579268901
2582524319
2584648963
2598933481
2604342913
2615491451
2617106857
2617882807
2618355403
2623074257
2624001001
2624935561
2626783921
2632382941
2634284801
2637901663
2644235941
2650823561
2651182651
2653820191
2660738771
2661262921
2673898151
2674839511
2674980451
2680539205
2686816133
2689427281
2691699961
2693659901
2696344621
2701104829
2704410661
2704546027
2705944537
2706863833
2718074881
2718317911
2728624939
2728997441
2729669461
2730075559
2730595501
2749430413
2754547987
2761545403
2763262837
2767275511
2775208381
2776874941
2781861685
2789057911
2792583553
2797026961
2797433281
2797912987
2803516921
2807197513
2808544523
2812920301
2813512591
2814177901
2822118769
2840871041
2842381631
2849611129
2851488163
2853118847
2864687951
2867279507
2870118421
2873094001
2885331653
2886593473
2886768671
2892483521
2893185871
2894667781
2895561673
2898023521
2900448163
2913401611
2918295451
2920699009
2922816971
2930428001
2934234829
2936994043
2943312373
2947441921
2947686409
2954906137
2960362693
2974929761
2978188141
2987110891
2994415201
2998202353
3005851031
3006545821
3013708057
3020299327
3021135271
3038766517
3044636687
3050357467
3053742061
3057111721
3065203763
3066655501
3074534299
3086361541
3087181189
3087529031
3089467993
3095458361
3097729441
3102234751
3105241441
3106952647
3107879041
3111481351
3112854851
3113847451
3125193319
3126348079
3142291045
3148806403
3149950183
3150972917
3151437617
3152757193
3153458897
3153989219
3157579861
3158172779
3160916551
3163379617
3164918221
3172856311
3177858847
3178297841
3179729719
3184139701
3189623737
3190784053
3200912705
3206529181
3211499413
3214666249
3226135859
3228044821
3229672037
3231373837
3233558021
3234742771
3235016737
3244046257
3245171707
3251714107
3253481041
3260095957
3261418741
3265958609
3275218171
3281593591
3281736601
3291478669
3296558777
3299956747
3301620751
3313438801
3319136767
3338986051
3340230013
3340984501
3341900967
3342005633
3346391101
3347214421
3347396669
3348855557
3349997731
3353152321
3354154159
3361369951
3361986391
3362950807
3363763231
3369251047
3372563239
3373111747
3374598781
3377551171
3380740301
3391299673
3393049711
3397210201
3398362291
3402467969
3404606893
3407772817
3409788649
3411250081
3412964479
3423443563
3432307201
3438283489
3443019667
3444376393
3455241583
3457896259
3458036611
3459730201
3462909031
3464052769
3480466201
3483612109
3484027529
3489450121
3494508733
3496735243
3496754917
3499411457
3504132113
3510468289
3512369857
3516852961
3523820917
3530018821
3538213381
3540421731
3541312087
3547080781
3547913557
3550025667
3550272641
3552510979
3558100591
3562565893
3569515561
3570928927
3573107401
3575256391
3582244307
3584800801
3586833253
3597270517
3598026193
3604125601
3609281593
3610882711
3611111857
3612070747
3615884801
3619298413
3620549773
3627392161
3637204753
3637386763
3638653201
3641016583
3648274391
3653269591
3663084541
3665821393
3669665609
3673744903
3675756151
3683693179
3692283211
3693686741
3693891043
3696208777
3702387841
3708867517
3717700741
3721933801
3724264405
3724542151
3736293461
3737268487
3741447373
3748007521
3751554581
3757771051
3759781369
3762943633
3763583551
3776019979
3781274479
3782102507
3788970571
3790395907
3790528789
3794195791
3796105951
3796283431
3799136881
3805937311
3806586631
3807009591
3813919453
3815850449
3827652991
3828582421
3828864079
3837031273
3840296389
3846951751
3852925301
3853584967
3853636697
3859688881
3863658191
3866820907
3877846459
3880249927
3882346903
3882729131
3887635753
3891014531
3891331537
3891892421
3895046191
3896815991
3897365881
3910848503
3912751441
3915054001
3915785201
3917874511
3918528161
3922951381
3923546683
3928038913
3940139641
3951590441
3952305001
3957981301
3971677951
3972083977
3981024601
3982771183
3989027533
3994332981
3994738103
3995826847
3995992177
3997635013
4005660961
4007116621
4011793273
4019954707
4020144133
4023844777
4031269201
4035028861
4037490451
4047100289
4051585249
4058404091
4059776533
4061870887
4065120241
4066668151
4076419609
4082576387
4086333497
4088583087
4097797341
4099654459
4103331277
4105727299
4106003617
4111765045
4114625761
4116581491
4116631501
4122580877
4127050621
4134414961
4139069521
4139820967
4140070273
4142342401
4160411251
4167557857
4170797947
4172804707
4181184001
4186561633
4187360341
4194712309
4203244711
4210095667
4214375173
4214737853
4223316997
4224943801
4230698371
4231357741
4232138761
4235818861
4240247101
4241476303
4242354731
4243845791
4254484105
4255695013
4276163809
4282671721
4284625591
4286872801
4291402651
