111
361
481
545
697
889
961
2413
2553
2611
2809
6161
7957
10585
11449
14485
14701
14911
17113
18103
22765
27861
42001
45449
45847
46313
47371
49609
55801
59227
60701
75961
84169
88357
100651
125677
134413
139231
145657
147967
160759
162401
181351
186083
188191
198247
216457
218791
315773
325789
328021
331597
382537
394687
415741
431677
438751
453787
455533
459941
462241
475471
491063
605677
614689
647513
655051
699121
708153
718537
727751
872569
916327
922609
942571
1002037
1018249
1043659
1053169
1056331
1074547
1090987
1092547
1148929
1221371
1297741
1302877
1408513
1420579
1446461
1529921
1536523
1573861
1578865
1667521
1690501
1720577
1744201
1802971
1844267
1857241
1858447
1911397
1920517
1936001
1950257
1963501
1964161
1978131
1987021
2141861
2184571
2191591
2193283
2269093
2274145
2289769
2290679
2394463
2427391
2599169
2615489
2628293
2630071
2632033
2638171
2689147
2689201
2743921
2762101
2977217
2997481
3054421
3117547
3155953
3225601
3285361
3289807
3337849
3459061
3506221
3524361
3542533
3764083
3764307
3796417
3797821
4077151
4224533
4226419
4299023
4368619
4452883
4461137
4545751
4610233
4623319
4652561
4740301
4869053
4908531
5027441
5208121
5256091
5412871
5447881
5489641
5603333
5934061
6186403
6198961
6218041
6277531
6278533
6300343
6342701
6450691
7111441
7473061
7484761
7499053
7513907
7521829
7624501
7686401
7788943
7969501
8012845
8017129
8362201
8417281
8725753
8796061
8805007
8835301
8921291
8927101
9007519
9080191
9131401
9174421
9174829
9810841
9862399
9891743
10256641
10267951
10479787
10501933
11042281
11046449
11107121
11268251
11341177
11415301
11541307
11619739
11795281
12060541
12140101
12322133
12352393
12417131
12422251
12732151
12887971
13374409
13748941
13781809
13872751
14006189
14069701
14131987
14154337
14263471
14486413
14637151
14671801
14687681
14725099
14783203
15039169
15060641
15197491
15198301
15223001
15506401
15560651
16004221
16097413
16520533
16661633
16786513
16853077
17256961
17322499
17449417
17462881
17804821
17841977
18124177
18809911
19021601
19038097
19264057
19464787
19523857
19578847
19582837
19683001
19893469
19975429
20045033
20205319
20296901
20416393
20459011
20747533
20770201
20780299
21007081
21191609
21397381
21482479
21582217
21807451
21925063
21991201
22091671
22325521
22870741
23061949
23095717
23427889
23585563
23633053
23925133
23941237
24034561
24506641
24542929
24589577
24686311
24706081
24904153
25737319
25810027
25873471
26017291
26254531
26760791
27223951
27492581
27509653
27798461
28437763
28469981
29230081
29458573
29469637
29570941
29914561
30542131
31150351
31201997
31513501
31775341
32239111
32559859
32681017
33120341
33460621
33465697
33639031
33842071
34060219
34519211
34641379
34890481
35310493
35555851
35798491
36037327
36310321
36355705
36419269
36630793
36947051
37038145
37119409
37439201
37649503
37785457
37962541
37982557
38576521
38903287
38967253
39169321
39561803
39676033
39887849
40675981
40990681
41710411
41789323
42503231
43036003
43626061
43823011
43957603
44465221
44729569
44760581
44885761
45537901
45787085
46060801
46657181
46672291
46763809
47398051
48555209
48628801
49598209
49735351
50125249
50213089
50838679
50984701
51533929
51644833
51693151
52101121
52374451
52434517
53306881
53389153
53560681
53638903
54238303
54252901
55185133
55384033
55527121
55763161
56419381
56465641
56713681
56718433
56751553
57222553
57693491
58092139
58104307
58389931
58398469
58730813
59232601
60011599
60470917
60583681
61334849
62055607
62336023
62384731
62659489
63167743
63318169
63535771
63745921
63877171
64020001
64175113
64216381
64266427
64377991
64855621
65291297
66725209
67816589
67902031
68102641
68189101
68324257
68563301
68621701
69139201
69885649
69899347
70177663
71452357
72108421
72124249
73254127
73527301
73705633
73721341
73743301
73961521
73981657
74379713
74874869
75294641
75621281
76903553
76941901
77146831
77439521
77594653
78043771
78091201
78644611
78854899
78919271
79046521
79411201
80294887
81264613
81376903
82103143
82487159
82606231
83518531
83665621
83686429
84123469
84633301
86120143
86563277
86739073
86868143
87051229
88883551
89452889
89517299
89896717
90347041
90970133
91259299
91433281
92747071
92917657
92921911
93591721
94536001
95110021
95297261
95391421
96028001
96158833
97177589
97223491
97253539
98027161
99971821
100216981
100402681
100444051
100907047
103163221
103846051
103906981
104220703
104524421
105479537
105558787
108451649
109507663
109541461
110631841
110925631
111202297
111291181
113243737
113295943
113492101
113657347
114473881
114539023
115804501
116360051
116443213
117129421
117691501
117817519
119092541
119706517
120881851
122581801
124574413
124736113
124995473
125267311
125868943
126211307
126854993
129205781
131117941
131819101
133735699
134093233
134176771
135167131
135647569
135917489
135969401
136048513
137033359
137340451
137668483
137932321
138028871
138958791
139766761
139810133
140309947
140810237
141184891
141639989
144070961
145033003
145206361
145850041
146156617
146272901
146871841
146967913
147555331
148109473
148559149
149196079
150870529
150988753
150991921
151837093
153890227
154287451
155203361
155474051
156687169
157405249
158895281
159461333
159781981
159874021
160114781
160210441
160776481
161158601
161459713
162243091
163076761
163177037
163892587
163968617
164887273
165965779
167472451
167604607
168380251
168479317
169086341
169137517
170491777
170549401
171379409
171886513
172272187
172704301
172907281
172947529
173510021
173678203
174188899
175151161
175760353
176609441
176917529
177254533
177943273
178414279
178482151
181191221
181629529
181736017
182202697
182322401
182547301
183203749
184180789
187050529
188248789
189686503
190037921
190212181
190464289
190824817
192545317
193244407
193330237
193374451
193875557
196287391
198365617
199725541
199971421
200100781
201573737
201789127
203992237
204582457
205270561
206437741
207132481
208464887
208969223
209323033
209459279
210402277
210517709
213834853
213907471
215300581
216821881
217035223
217720621
217852237
218112133
218363239
219080401
221391227
224136013
224294533
224562473
224582221
224617541
225843841
226474441
226523137
227444101
227475601
228575411
232771501
233394367
234869009
235193323
235250885
236022769
238616897
238824151
238997431
240785047
241434271
242225551
242589491
243576341
243583201
244682587
245719949
247054531
247215341
247588963
247881805
250229631
250436033
254165929
255389743
257618089
258969565
260018393
260156101
261703417
262979501
263128951
264015553
265731931
266160337
268505551
269095733
269392201
269532283
270765697
271289929
271636201
274214261
275645581
276460601
278974417
280835153
281146469
281288801
281724301
282343069
284518711
284597821
285111667
286854947
288117721
288120421
288369643
289499761
289975291
289996579
294560873
294807661
295705261
297438161
297842353
298204831
298362241
299020177
301101607
301821301
301945159
302204479
302560501
303639337
305464661
307061371
307629401
308550061
309039139
309998341
310978027
311624389
311967433
314222131
314283601
314736661
317123173
319053281
322122329
322762007
325141001
326187473
326613151
326695141
327774721
328537357
328681711
328949419
329153653
331009093
331760101
331964417
333410201
334291981
334302571
334743811
336208627
336267713
346305403
348182641
348668321
349262281
349752913
354118231
355230937
355297301
356030599
356643211
357060691
358770959
363626761
364110001
364852441
366487201
367042691
368046097
371376631
375321643
377192353
377625581
378232669
378469933
379300501
380239861
382386271
382903693
383425351
384040001
384166963
385038721
385401017
385606981
386407757
386952421
387586951
387833531
387911467
388131591
388721869
388920613
390321673
391865801
392803861
395067457
395278561
396864469
400806031
400939771
402243841
402879793
403015477
403095421
408032101
414014221
416142049
418717993
419741749
421150801
426061201
428180191
428403163
429194431
430021873
435167389
437491237
438306553
442088239
442341433
442754251
443708917
443763181
445472113
448382089
449242411
451898191
452265661
452807513
454828637
456690961
457274161
458441803
460585861
461272267
461843713
462712421
465505633
465658903
465777401
468934003
469934851
470063791
470572381
473170801
473694943
475468927
477238081
481239361
481339741
482120827
483214117
485637931
485715383
486063001
486596053
487549739
488250593
489745171
489846529
490500121
491646403
491872063
491900371
498053249
498746273
498808001
501984601
502019581
502389553
503255297
504282241
507206701
507250153
507441943
507960001
509930911
512303611
512381101
513321331
516764063
518196373
518820101
519834827
521803141
522009853
522824905
523304389
525085093
525127777
528447449
530630701
532558441
534521131
535252867
536003333
536680621
536740777
541453147
543478433
544861633
551906149
552039841
552489271
553887941
554118661
556613377
558690373
562423681
562572011
564621067
565746637
565834571
567973441
568776083
568902001
570325267
573183451
573981631
574870753
575328097
576728651
578185301
579923731
581603933
581618143
585281791
590751661
591043771
591698911
591900241
594843299
594987769
595616227
596803177
599253583
599916277
601334611
602339209
603527599
604888301
605219113
606886561
606923329
609244501
611852671
612776161
616238407
616483379
616732807
620928533
627034339
628173289
630496621
631019843
631794469
635261381
642395287
648041161
648263387
650327761
651305491
651514753
653625449
655868179
656726761
656793899
658233413
660966353
661443931
663699961
664282051
668436619
669298501
669400513
672294481
672396721
673015229
673725469
676220791
676880821
680609551
680860351
680872651
682460501
682655999
684634133
686934529
687358057
687650491
689055841
690460363
693008233
694415467
696447181
696464597
699041593
699322423
703777519
705883951
706112137
708012859
708719839
711304903
711675667
712650881
712963693
713629027
715543393
716646233
720068161
721391101
724097599
725191013
727956181
731709259
733348981
737261953
738820351
743832091
752514793
755914681
756194587
756996601
757670293
758204149
759431251
764425081
765480451
767297329
768440063
770687479
771767329
774109627
776728661
776948761
778351141
779566211
780025321
780178001
782942539
784042309
785190451
788240533
788940833
789221941
789445691
790466023
792894523
793813333
794168317
796370891
799108451
802077601
803642285
803744371
803939797
804329611
808010851
808562791
809542273
810927661
815596147
815697133
818687141
819062267
822672943
823407799
825032131
826621573
827595793
828499393
836404093
839853109
840749761
844907863
845338033
845414659
847162681
848583391
851026261
851778817
852999481
853066369
853778999
857060101
857538991
857592913
857902861
859579481
863984881
867022747
869109281
869851009
872380321
876340711
878770751
878949541
879196897
881863201
884304037
884614611
884737081
885528461
891052507
891527491
892975873
893079361
894367883
897943159
901612243
902096161
902987551
904393361
906057403
906655049
908016301
915641821
915847319
915935177
915941737
917780737
918400033
920407777
920673001
921057301
921134551
929177461
934229377
934682239
935725697
936266945
938030101
938376181
943685959
946034057
946495369
946936373
949536667
950371003
952112747
952379731
953055097
955057151
955134181
955188181
955371871
955527301
959901193
960076627
960370093
967287751
969528337
970560533
971454193
972471151
972877231
977046533
977770531
980356877
984133441
985052881
989178301
990314971
996228221
1006072057
1007713171
1011127181
1012710571
1013232529
1015269391
1017412523
1018712971
1018713463
1022088889
1023862753
1026955909
1026967285
1027281943
1030424089
1030527757
1031093317
1031961379
1032967111
1034252929
1034526901
1036733653
1036995919
1039740833
1045534231
1049018185
1050721561
1056163747
1057157089
1058816533
1058989231
1064197567
1065477739
1067041999
1067323951
1070063191
1073250151
1074292561
1084087073
1084197217
1085798819
1086444001
1086623101
1089174013
1090333021
1091401261
1092215521
1096620253
1100212777
1110148033
1113419953
1117004257
1120581989
1121468419
1123433977
1123529851
1125236117
1125439537
1127377843
1130973691
1131135097
1132788751
1138289041
1140441121
1142649019
1142799521
1147129733
1148181841
1150922851
1151301979
1152161191
1155939709
1159030693
1160439101
1162110171
1162619701
1163227759
1166005283
1166240833
1173529957
1180878139
1189817371
1191156961
1192047031
1192780691
1195468801
1196807401
1200459163
1203394651
1206048637
1207108761
1207252621
1210427161
1212162001
1212297847
1213347691
1216726867
1217829817
1226978633
1227096001
1230338551
1230818359
1242227647
1243831861
1244629657
1245989471
1246110361
1250708629
1252031981
1254041449
1254948337
1256115547
1256824561
1257776251
1257870981
1261362577
1268946253
1276166263
1282996261
1286664751
1294357051
1294639001
1297092721
1297848509
1300263049
1300577281
1308998741
1309723213
1311105151
1313224249
1313596201
1316475749
1317157217
1318126321
1318240939
1320395737
1322756609
1323086563
1325810687
1325857541
1327026403
1328256247
1328898841
1329451931
1330633393
1331413333
1331561207
1333449067
1335954547
1341911299
1345523401
1346821561
1347387361
1354991653
1356241321
1357262351
1364320729
1365250321
1366222009
1367490601
1369059737
1371779641
1376799577
1384219009
1389546841
1393957531
1394560801
1396183367
1403607971
1407200923
1412651017
1419162109
1420725121
1426068821
1427250511
1431651131
1436681401
1438535791
1439456761
1442479681
1443305293
1443496447
1448921633
1450277011
1451164711
1451737981
1453672481
1458134141
1459666651
1463678641
1465217911
1465908193
1466685793
1470616291
1472650999
1475153161
1486078903
1486564301
1492311547
1492762133
1497965713
1499758849
1502217181
1502682721
1506035917
1510800481
1516777021
1521734597
1523388133
1524708013
1538071061
1542788521
1549340801
1549810501
1552668979
1555019429
1559121023
1561514263
1561896421
1565411461
1567090867
1575064009
1576823137
1579328173
1579718017
1582277201
1582527241
1583568163
1584388951
1586613491
1587455939
1592595703
1594933831
1598982533
1603745527
1603810561
1606912081
1613864449
1614341431
1617278881
1619680147
1621636699
1621749377
1624486967
1625795351
1625925121
1627647751
1629100621
1632033829
1634916361
1642736519
1643390911
1644173371
1644689597
1645600079
1646590843
1647890623
1650682153
1652932513
1656917377
1657063871
1657119223
1657599511
1663451551
1666779073
1667150087
1669017073
1671854029
1673513731
1674535451
1675383631
1680901381
1689455881
1695731083
1699611211
1700985943
1707699491
1708549501
1711134377
1724493757
1725217121
1726356391
1730705707
1738466029
1738851007
1739057633
1741436533
1742708773
1744510861
1744718011
1744789061
1749619433
1751504581
1753593031
1757000341
1759760311
1760269963
1760746501
1762484041
1764259001
1766453401
1767803047
1768701871
1768719349
1772196481
1774273411
1777323985
1777380301
1778233969
1780074871
1781623351
1784491523
1792331861
1795218787
1796170351
1796654593
1798138483
1801830421
1802892889
1803827401
1811079271
1811444461
1813073653
1814001619
1816853581
1820306953
1831947001
1835724749
1838453203
1840525831
1842013951
1844470513
1852015181
1852869061
1859787187
1860054841
1861026133
1863332659
1869092161
1871363093
1873216507
1875289441
1880447977
1885651153
1885915841
1888635401
1894069921
1910273863
1910858773
1913296951
1913422591
1915756351
1922554801
1926133021
1931066509
1935545921
1937093929
1937105941
1937902909
1943024581
1946714551
1951655351
1952968753
1955219311
1958203591
1960098001
1970256151
1972073161
1974255937
1977257441
1987047323
1995731011
1998520273
2009621503
2010170161
2015920001
2018761111
2024334049
2024517601
2031869449
2036943019
2039888131
2042467741
2043173273
2043684001
2048518441
2050291393
2051419609
2055277589
2057006233
2057835781
2058072041
2065505249
2071874419
2082535531
2087028067
2089217131
2090066947
2094177403
2094644557
2094785401
2096692033
2099131217
2099782213
2100304879
2112221497
2112716845
2113746013
2115769633
2116483027
2117576707
2120096161
2123112967
2128003741
2130134533
2135567821
2139542371
2139556681
2145850513
2146301929
2147274781
2148892903
2149969471
2150969633
2151018223
2160828121
2161345951
2163245233
2168211901
2174777281
2178678431
2181945277
2188728341
2197813333
2199036997
2199931651
2209836631
2216352331
2217507881
2224183501
2230036681
2234695231
2239660333
2245519981
2250292687
2254748527
2254796281
2256748777
2257303031
2257331101
2264726267
2265751769
2266033771
2273314051
2276606503
2277117701
2279876509
2280743011
2282908981
2283430117
2284660351
2296099063
2298363451
2311710253
2312446711
2321540401
2325625021
2328205111
2337425113
2347597981
2352378601
2356166843
2358129673
2358137489
2364467977
2365443001
2378691811
2379028837
2380603501
2383488529
2385059041
2393903047
2395340867
2396506351
2408122121
2411519941
2412172153
2414673271
2423814361
2427686977
2428812289
2433791593
2437794721
2439600833
2441432503
2441760679
2444736533
2448357481
2455764097
2460987901
2461410073
2464177951
2469879091
2470214251
2472090373
2476680991
2480803657
2484548947
2486671601
2494615399
2514929581
2521447405
2529410281
2540970721
2543746921
2550780277
2556139357
2570146801
2571162001
2575558171
2577345541
2585281861
2585640961
2590160557
2594603437
2602017601
2602378721
2609385001
2615984641
2617106857
2618627563
2625912901
2626287617
2627854153
2631711283
2634980083
2637904831
2643625909
2651887331
2655596521
2668246153
2669935001
2673898151
2674839511
2677147201
2677330423
2683456777
2685837529
2690408533
2690867401
2695115473
2696940089
2698333457
2701522279
2703479497
2706863833
2707998481
2712191351
2712664991
2722042481
2723921281
2723932801
2724552907
2738053141
2739128243
2739341261
2741301751
2743738003
2747319583
2749430413
2749479607
2750500111
2782795861
2784469609
2791715143
2792468521
2805642217
2822521411
2822712247
2827322293
2828715137
2829745909
2837697773
2843545231
2848494769
2848854499
2850189949
2871974561
2880579241
2882674937
2884465729
2904046861
2905698209
2909830701
2912326471
2913401611
2917777171
2920121851
2924719207
2929062533
2929762837
2930831641
2931708097
2936428741
2939594407
2945525881
2955933023
2956724317
2957162101
2960219107
2968049461
2978766341
2980728661
2989297033
2995146179
2997462841
3003661097
3003887629
3009904873
3011747317
3014101261
3016925101
3025152913
3028976713
3033944101
3047224001
3047408101
3049214761
3050734241
3055215547
3063685633
3067321921
3072692731
3076617637
3076638781
3081527551
3083647321
3085908851
3085917011
3086407801
3087679057
3103930553
3113202011
3114643583
3115939861
3121278121
3121792543
3126053377
3127874413
3134453599
3135890647
3136934657
3141306001
3143282221
3143871361
3155534285
3158465767
3164043499
3165808501
3168013663
3170262409
3171542261
3180981781
3182727593
3182891401
3182945221
3185944273
3187071031
3187421077
3188996411
3189888001
3190894141
3191387629
3195769901
3200985217
3201123131
3208669337
3212989129
3213895051
3226445389
3235943521
3239174233
3243537751
3249533197
3251586241
3251835001
3253404013
3256366051
3258268201
3266372203
3276102787
3301335577
3304307341
3305195077
3311236741
3311748091
3320669437
3322551403
3339446707
3345003851
3348956521
3349997731
3352448089
3355159921
3363763231
3367151789
3376277753
3378367801
3382049731
3383477191
3390524561
3393689833
3397422541
3399039073
3404168197
3404629339
3407609221
3407952169
3419916593
3423222757
3430706401
3434575327
3435208943
3435370933
3441582241
3446334767
3450935503
3464040131
3469828477
3479697709
3480387041
3482137231
3484529533
3489410443
3497214337
3501319501
3504126377
3504722521
3508614517
3516661331
3523820917
3532275919
3549400489
3556373647
3563551991
3566428301
3570928927
3575224669
3580768981
3584800801
3585582103
3601083511
3603030637
3606333751
3607632601
3609494533
3613674121
3621618331
3622487779
3640221289
3640796531
3642034261
3642436321
3648274391
3649674073
3663427249
3667793039
3670572517
3673744903
3683344561
3689985137
3694870951
3697278427
3697434133
3700762201
3704711293
3715034551
3725963011
3729870721
3731618911
3733646491
3733807663
3734708071
3736164121
3736366189
3742812583
3743072341
3746121361
3748638379
3749317001
3759781369
3767166817
3767865601
3771099383
3781274479
3781937251
3782578031
3785940199
3787052221
3800306971
3800358151
3809018947
3809838101
3810027431
3818355121
3820239481
3833329981
3852576619
3853342711
3853511897
3866820907
3875633581
3879268901
3887635753
3890921317
3892217401
3892928203
3899074411
3901794301
3903711841
3905876501
3906604459
3923941429
3929709529
3937723453
3940128001
3943365553
3945525853
3950325583
3972326051
3973915817
3982926757
3991999699
3994507441
4008976417
4017749647
4026492241
4039126801
4062138917
4062620381
4080054833
4090231237
4092962287
4094818523
4100559041
4113586837
4114542361
4115677501
4115768329
4118614813
4126424287
4139069521
4140098713
4147919821
4150272193
4169103779
4173472631
4181350177
4181626891
4187906581
4193710099
4196523101
4204605623
4219726897
4232966251
4242354731
4243002619
4245269029
4246655341
4251724627
4257749881
4280175829
4282033687
4283445403
4284625591
