9
15
39
45
65
117
195
341
481
585
703
1035
1141
2101
3277
4681
5921
8197
8321
14911
15211
17671
18721
24727
26335
31621
33607
34861
41581
48011
48709
55969
62063
65131
72631
75855
83333
88357
94657
111361
115231
117569
118957
159901
183847
190873
227767
256059
256815
269011
282133
286903
317251
317341
360533
374393
398413
432461
443311
445777
470017
489997
504701
605711
642109
643305
658711
661981
668629
701521
736291
765703
769567
782563
818201
847261
853469
859699
871561
896041
938467
951481
978421
1010581
1010651
1025505
1033853
1050985
1101679
1104349
1189351
1200967
1208953
1283311
1302451
1314631
1336111
1345321
1406989
1463749
1584133
1588651
1603213
1683401
1748921
1774397
1813187
1827541
1857241
1898999
1943581
1973089
2008597
2035153
2062727
2207659
2208151
2251561
2439151
2488081
2499677
2652721
2843209
2920369
2966421
2990681
3030121
3074417
3146221
3193369
3301849
3342827
3354961
3375041
3403163
3547291
3581761
3595979
3654691
3879089
3942271
4173661
4402763
4411681
4417001
4931359
5038771
5204101
5213729
5269291
5280787
5292631
5308181
5354197
5355001
5477941
5495681
5566051
5621971
5681401
5835331
5906413
5952857
6471931
6675751
6955087
7028821
7162429
7214969
7333811
7423771
7652653
7879681
7886251
7949761
8056951
8069701
8095447
8180767
8371177
8455951
8532161
8688737
8856731
9178369
9272233
9273547
9353761
9467767
9468811
9533701
9693091
9729301
9743891
9780409
9834781
9839737
9852281
9912361
10073311
10256641
10362997
10386241
10620331
10647757
10792981
10802017
10843961
10989091
10990513
11222569
11736211
11756317
12140101
12207673
12322133
12368431
12788491
13042147
13146211
13187077
13322261
13392917
13447631
13700839
13773061
13786601
13975711
14589901
14652991
14783203
14913991
15188557
15198541
15403285
15802681
15884821
16030117
16175743
16290181
16324001
16462297
17064007
17170171
17349307
17398161
17645689
17812081
17870561
18067501
18535177
18719947
18809911
18838933
19194211
19252003
19333231
19600739
19669271
19986643
20162611
20425753
20692741
21306157
21474181
21623659
21654533
21813661
22062239
22415527
22529473
22624409
22876153
22950817
23095717
23210881
23382529
23620423
23758033
23913319
23941237
24084581
24227311
24242261
24268651
24451991
24550241
24589577
24686311
24872009
25696133
26173909
26237611
26705233
27012001
27625261
28257071
28896165
28941139
28979731
29059699
30058381
30542201
30544363
30758851
31181581
31328011
31439437
31726969
31775341
31888873
31902553
32158621
32373577
32429431
33063967
33612661
33721813
33801571
33974513
33999491
34178233
34614169
34723279
34865471
34890481
35213459
35833771
36053333
36765901
37390501
37649503
37983727
38010307
38248981
38407609
38736881
38918501
39154081
39353797
39465091
39634201
40631441
40641481
40675981
40961537
41662721
42474547
42563333
42709591
42734369
42844999
43838341
43938731
45786133
45879941
46672291
46977421
47084383
47473531
47925121
49019851
49408741
49451947
49484933
49735351
50119541
50249761
50377321
50823151
51160693
52431721
52936801
53706997
53728711
53773367
54140683
54449431
54816059
54866593
55384033
55450357
55763161
56034343
56160133
56287001
56380561
56539393
56653771
57211057
57422431
57605617
57692081
58148017
58647499
58668481
58848017
58947407
59218513
59639581
59788931
60873151
61724041
61754941
62289541
63962401
65254393
65844001
66007061
66096253
66596261
66984919
68245909
68314357
68616829
68976331
69502267
69900553
71395003
71937109
72337813
72543547
72604561
72611701
72657103
72884701
72993601
73902403
73961521
74927161
75163465
75621281
75823457
76129987
77146831
77258101
77309809
77605277
78201667
78299131
78304549
78364621
79417801
80597431
80668391
80918281
82291609
82690471
84020401
84288551
84485161
84838471
85226689
85719871
86333353
86854721
86911283
87051229
87217561
87430253
87749521
88266961
89050417
89439577
89517299
89784581
90670861
92696911
93034321
94091197
94502701
95129035
95652241
95652481
95687201
96093691
96147811
96648931
96783151
96904081
97276141
98241499
98993281
99036001
99489541
99945007
100107619
101649241
101979431
102358747
104988673
105957601
106094957
106169761
109181773
109422181
109611521
110005111
110672641
111248563
112091299
112106161
112788905
113197061
114208231
114275701
114742321
114849901
114895691
115085701
115613641
115781293
116682721
117662981
118262497
119327563
119413897
119576777
119665099
119710951
119794849
120708001
121812637
123771511
124312189
124899659
126386261
126691063
126816083
127561201
127597513
128495011
129205781
129767551
130693393
130944133
130959781
131256451
131267977
131762413
132143617
132683347
132737431
132908473
133795889
133800661
134125421
134384069
135490681
135785971
135917489
136201591
136682281
136900513
137200981
137599831
138264001
138764671
138995039
139952671
140201569
140978749
144375739
144764929
145015043
145603333
146841241
147354413
147379051
148652767
148910653
149328001
149796001
149848201
150415987
151337131
151722601
152597731
152992321
153432137
153691807
154461287
157405249
158068153
159134011
159236281
159373061
161216021
161459713
161674511
162243091
162696691
162800161
163937701
163957201
164279569
164896007
164961763
165074449
165938653
166379557
166595131
167148601
167881121
168380251
168412501
169234003
169315651
169396921
169500833
169503937
169523993
169655641
169746337
170335379
170885881
171147601
172674121
173336941
173401621
173492801
173915911
174598387
174753289
175385953
175518883
175883041
176227829
178691329
180729181
181444517
181702393
182920021
183271741
184256647
185870089
185939071
186756151
187244071
187505707
187670347
188516329
189211351
190375921
191991673
192475999
192984991
193708801
193918187
194127799
195727057
196075949
196804441
197991109
200721793
201152407
201261061
201366577
202130197
202597249
202705441
203228167
203432689
206437741
206712521
207132481
209213929
209802581
210935041
212146507
212338351
212842891
213172273
214038533
214089751
214271443
214316833
217396481
218160097
219246721
219847783
221378317
221695051
221817961
223648333
224215531
225441043
225724523
226359547
226437979
229123379
229822253
230697073
231194965
231365401
232554017
232743529
232794599
233165371
234870301
235060381
236333833
237687851
238421761
240272077
240784637
242047811
242225551
243576341
243971531
244994437
245649581
246081841
247808191
248152843
248998829
249675581
250245645
250837051
250873261
252552301
253269871
254080831
254405713
254781451
254900101
256416883
257105521
257596811
259264591
259614013
261079061
263128951
263494459
263776987
264137437
265731931
265767589
265784853
266147857
267078169
268993621
270185693
270460681
271830469
272060521
273126751
273480637
273553363
273894997
274908917
275958691
276531781
277477903
277650839
278943061
281477701
281885851
282118453
284518177
289151741
293377739
295643089
298204831
299132021
299671921
299993053
301698181
302204033
303144269
303639337
305464661
305574221
306785051
307061371
307508881
308282521
310062433
310345813
311671361
311966851
312773141
314154937
314278273
314311603
314343361
315084379
316583041
317445173
318465703
319160437
320454751
321781633
322913743
324317557
325621141
326371441
327328093
328402181
329087089
329153653
330267235
330416633
330710851
330784921
332740981
333383363
336273211
336293579
339794641
341066449
342266681
342614533
342892891
345701731
347335297
349030411
349470703
349713493
351828601
354390037
358954891
359089091
359499781
359696431
360018361
364192973
366487201
366786001
367156859
368113411
370398617
372038627
375517777
376096033
377187031
379687589
380137633
383269459
383699201
383793541
386407477
387173491
388733791
388920613
390178153
390609941
391431941
391436053
391495343
391510351
391774961
391930003
393323221
393330361
393413833
393740839
395044651
398724701
399365611
400374253
403104913
407761771
408955003
409639501
410926267
411047407
411364981
411430441
411840833
415108891
415383649
417345673
419198711
419894021
421294681
423195323
424294289
424750033
430131781
430313101
431945623
432669511
434068831
434230067
434343601
437297801
437491237
437547889
437866087
438111463
438550939
441680611
443120437
443353633
443407469
443627647
444660421
445459093
445806271
450196695
451081751
454929049
455616611
455933521
456006013
456320801
457033429
457054753
457320533
459248641
460585861
463459781
465093091
466017847
467491753
468725083
470063791
471697799
471928321
474211921
474892741
474970501
477258301
477320537
477871963
481447009
486711259
487600961
488104681
490803461
490894111
491872063
494116831
495411859
499051021
499411981
502382561
503671297
503865727
505239737
506189993
508125239
508873009
510015031
510336433
516775361
517662001
520346731
520399381
521165713
523476649
525682405
527631553
528254533
528524221
529537537
529875611
530555813
540281351
540379841
542761301
542883223
546462337
546911569
549378121
550109233
552231661
552338989
553080001
554118661
556001377
556648409
558024361
560335231
561439633
562467361
567352391
568073287
568923301
570605713
571125967
572020333
572123521
573248089
573435133
573786487
575534093
575991451
577042201
577242583
578784109
579914201
580786331
581055623
581618143
584288533
584771311
586019071
586206901
587625841
590545661
591396571
592807517
592987201
594474229
599135767
604916071
605095921
606886561
607269961
607662091
608360539
609059295
609347341
613606561
614607631
621718241
625060801
628673557
631219409
633471301
634316401
636111451
636442003
638397257
638817301
639979621
644004817
645771127
648827821
649497967
656723161
658205659
663592801
664574653
666353143
666637417
667526239
670018801
670208533
674041051
674194207
674555521
679239451
680860351
681303241
682460501
682528687
686917771
687128671
687344197
689327731
689978719
691233791
691472071
693708289
694093141
694903871
696447181
697791403
702683101
703480601
705129361
705883951
709912657
710192129
710445121
713983141
720385903
720629449
721096153
725919541
727459921
728884801
731404631
735087809
736828709
742712401
743302897
743404663
747318613
748959709
751420561
756205633
757485389
758493601
759586519
761932033
762239809
762428071
763142927
763967047
764675749
765378241
765947911
768377737
768458461
770975503
773131927
773286889
775417823
776081503
776579791
776694649
778975471
780457399
784508701
784783477
786185611
786700171
787267041
794042701
796970929
797696689
797775353
799758521
801575011
803037329
808587137
811111009
811891747
812865643
813355957
816002419
818162563
821272273
822459529
823902451
827980471
828197947
828615059
828634561
831328933
832048447
832127489
832656701
837829627
842960981
845338033
848037823
848090377
848341313
851287861
851783921
851948791
853799059
855610381
859043117
860036737
860092801
860334301
864979901
867110501
867323521
867859591
869003731
871157233
872014487
874290451
877532671
878090977
878462603
884304037
886538291
887795221
887970359
892777577
893079361
902133961
905569619
908349601
909646411
910949177
912621601
912859201
916381273
918600751
919078889
921134551
924775699
927719361
928560679
929106601
929612701
930806441
931840531
932098133
933184801
933729421
937359701
940123801
941548753
942788263
946993499
947342353
949375891
949445593
951232133
951941161
955134181
955849441
960370093
960611191
963647653
967634221
968133739
970355431
972471151
973368481
975842741
978563041
980674447
992291031
997666363
999260501
1004013589
1005123421
1009720237
1013543911
1014906761
1015129421
1015269391
1016729481
1017699061
1021257007
1028244457
1030336651
1031268961
1033994089
1035128701
1036562269
1037750617
1040307241
1041681733
1042271029
1043898241
1045600417
1046405377
1048066591
1048385671
1049783173
1050904531
1051412461
1052459533
1053732751
1055437633
1055520647
1056655711
1058816533
1058989231
1059873071
1062661273
1063091459
1064519011
1064904311
1065072921
1066643761
1067323951
1068873121
1070158877
1074054241
1075100041
1077367607
1079536069
1080708091
1087546549
1087835977
1090858081
1093637491
1093916341
1096690141
1099140337
1101454931
1102143281
1102361989
1102847353
1104194521
1105782913
1105794601
1105941689
1108867433
1108973251
1114075387
1114915729
1115107851
1116301231
1118346157
1121176981
1121798789
1124330131
1125617077
1125743887
1127880571
1129716811
1135103867
1135791691
1137320581
1138471951
1144852337
1144905217
1146478411
1147961251
1152585655
1157839381
1160155151
1161562823
1161728287
1163832589
1167331681
1171035251
1171305631
1171441961
1175136481
1176476467
1177054763
1177674811
1180970407
1185743521
1186915861
1192774361
1192815779
1193229577
1196521601
1196969707
1197667213
1198760589
1200456577
1200738001
1202683373
1208818447
1213347691
1215915571
1219858921
1221908689
1228645501
1232853007
1234142281
1237168099
1238737121
1240443761
1246094981
1247069689
1247804713
1248252457
1248885301
1249785941
1250700907
1252426591
1255550371
1256905813
1257360391
1258903981
1260690619
1261949539
1263592981
1267666051
1270249073
1270287751
1272546673
1274915041
1276378133
1280837381
1281683131
1284674899
1285142977
1291412431
1294261781
1295074171
1295155837
1297558081
1299026101
1302145267
1306742221
1308470333
1308544903
1308793417
1309645651
1313514563
1320420601
1321058213
1324344341
1325761037
1327070281
1327805407
1328033233
1328623463
1331413333
1332633277
1340264017
1342288981
1346692121
1346808457
1348591141
1351126057
1351150651
1351199401
1358425741
1364320729
1368203929
1370257201
1373410081
1375780577
1378203751
1380151991
1380202513
1382453333
1384148473
1385526361
1392523921
1394632891
1395354049
1397169091
1398646591
1401429137
1406106787
1412756801
1413750031
1416400021
1419575167
1422388489
1422732823
1436932379
1440823231
1442017807
1449555241
1452806911
1453672481
1458103573
1461354497
1462576123
1463165531
1463858509
1466762281
1469268961
1475784469
1477422187
1482416281
1484522011
1487387611
1488204217
1490013001
1493173441
1494021871
1494916771
1497262321
1498117697
1499815651
1506706741
1509224401
1512500839
1512898819
1515664153
1519237981
1522818793
1527763333
1529691827
1536112001
1537444151
1539235189
1540550413
1546701391
1546905331
1549603213
1551674141
1552342807
1558913203
1559121023
1566802511
1573689151
1574779201
1575887647
1579079503
1581576641
1582791937
1587455939
1588247851
1589749801
1591598581
1592102137
1594058857
1608729127
1611615151
1614341431
1614423661
1614830201
1618070737
1623673673
1625597569
1627972633
1628194681
1630062253
1630161541
1633240001
1635488401
1635548221
1637181571
1646677441
1650287083
1656205021
1658247053
1658849089
1662315201
1663142651
1667440111
1667833201
1671062671
1672239389
1673513731
1679130641
1691892007
1696259137
1698707377
1698745231
1703477827
1703844001
1712405917
1713319453
1713369991
1717810529
1724833531
1727026633
1728587677
1729633751
1737205229
1738190981
1739057633
1741080661
1745927773
1746278821
1752172003
1759477399
1760013487
1760049271
1760153617
1760864431
1761374257
1769148751
1774649501
1775807531
1775969347
1776272473
1778949607
1780945501
1784323201
1786169431
1789612891
1793045101
1795211419
1800815351
1801093939
1801659421
1803937591
1805555201
1808745671
1808838557
1813268791
1816986529
1820306953
1822413187
1825095631
1825143013
1828593583
1828887061
1830969583
1831947001
1835926457
1839568981
1842210721
1852666901
1867033501
1867134751
1867329073
1869786689
1876485691
1879201297
1882534921
1883509633
1883724301
1885021777
1885915841
1891935271
1894909141
1897877081
1902957967
1905685741
1909085531
1910834861
1911238921
1912540297
1914852829
1915892401
1920301951
1921786001
1930403333
1933862911
1944427817
1944452249
1945350259
1950575551
1951469101
1952968753
1962730531
1963355501
1969429531
1970006977
1971985219
1977984919
1984474507
1985751941
1987332361
1987640741
1988228201
1990759261
1995964153
1996163233
1998913411
2003220161
2009745697
2016481477
2018362363
2018378641
2027347561
2030565781
2031090029
2032389157
2032928171
2034039871
2039249491
2039585893
2041842541
2042445283
2043245767
2045688961
2049293401
2050844401
2053647553
2059739221
2061108937
2067887557
2072488771
2075429203
2080995841
2083203571
2084656321
2089402477
2090066947
2090356787
2090456993
2094031171
2096692033
2097317377
2112003001
2115041431
2117576707
2136140621
2138923057
2139462991
2142302741
2143567373
2148892903
2148943207
2152476941
2157646771
2159713351
2162993981
2164119049
2170186021
2176164143
2181075121
2182185281
2189700833
2192682143
2193153271
2199437857
2210643553
2216267467
2220382627
2220930977
2239679287
2244074801
2244781837
2244835297
2249565709
2250724801
2251297687
2252071867
2257703491
2257950601
2258555041
2259174331
2274200441
2277246991
2279159091
2283040759
2287452067
2292068143
2297978413
2300319061
2300356301
2303920721
2304344813
2307480211
2308966661
2313828791
2313963991
2317579951
2319724441
2323866169
2324690287
2332745029
2335525903
2337424939
2342359699
2345907961
2349294193
2350043767
2350196311
2350561441
2354859751
2355320101
2358193447
2360225737
2362421953
2365443001
2368935721
2381708009
2382182221
2386213057
2387201329
2391672271
2392261741
2395229201
2396290807
2400732181
2403802133
2404698791
2417408533
2418212491
2418501541
2422236601
2428870753
2428986913
2439600833
2441432503
2446893703
2447358211
2447917093
2455840141
2464892821
2481571577
2489275121
2491092451
2492967313
2494128451
2495487397
2500871341
2502833213
2510085721
2517714091
2520917821
2525115079
2525502817
2533465661
2535722113
2536737361
2539285057
2545067281
2548381613
2550212767
2551331467
2551885267
2552783381
2555016481
2557070513
2560600351
2567101249
2567780641
2575848043
2582799451
2585118341
2595568501
2597228173
2598183683
2598674059
2600611861
2601657181
2601838861
2603060461
2606367961
2611561313
2616180821
2618289103
2621808089
2621977627
2624811481
2630818231
2641480381
2643585551
2644366861
2654851387
2656254481
2661906001
2663623271
2677890367
2683025627
2689818073
2695064653
2700286993
2704524967
2709237361
2713497811
2713562867
2715365971
2716344661
2720566549
2722639349
2729496961
2730051241
2730595501
2738041967
2738101477
2740576313
2742476815
2743738003
2746839877
2746982801
2747709691
2754547123
2754547987
2767099861
2772376069
2774083831
2787691141
2790372577
2790618139
2796401581
2797912987
2804325101
2815317649
2817096307
2820986813
2824854913
2826128971
2828698133
2847423001
2851529311
2852980561
2859424501
2860191781
2867521861
2871974561
2872325011
2880052969
2884777601
2886402487
2894983381
2904604973
2925998167
2926957393
2930733481
2930831641
2933267371
2933588503
2934533281
2942376457
2948039401
2960470801
2963489761
2970804061
2973815681
2976797683
2977476989
2978011651
2981828521
2984139481
2987957941
2988134717
3015777493
3016086247
3020161351
3020423491
3020799259
3028125781
3031492729
3034348321
3036216811
3037698211
3056666881
3058670677
3063683503
3067438369
3070208261
3074133791
3075296251
3077066059
3079878931
3083426191
3090151783
3100742747
3108148937
3118572577
3120684071
3123893683
3125740283
3130386821
3137359033
3137756161
3156168097
3158172779
3161955457
3162838051
3167134813
3169761211
3180773521
3183799783
3186087757
3189888001
3191296499
3193749721
3195638893
3197941979
3199373269
3202895821
3203278399
3204639391
3207079591
3210223249
3213895051
3214785817
3215584609
3216762067
3228044821
3232912621
3235016737
3236491553
3240445447
3241158391
3241593109
3244420531
3249335941
3249960143
3255232229
3256366051
3257334541
3258425633
3260598391
3261194581
3262279177
3262472797
3273820903
3274430833
3275139061
3278916457
3295189769
3295362727
3296403601
3309379531
3320796223
3329397739
3330875089
3332340703
3332800021
3337760779
3342491639
3343603873
3347214421
3348747361
3356804557
3359776879
3361874671
3368467531
3369251047
3369744451
3375595891
3376339513
3383774521
3398362291
3404168197
3404479093
3407609221
3431631241
3434575327
3437891777
3438861301
3442157321
3445470001
3453599587
3462909031
3467821087
3470716657
3480908203
3484736677
3496558301
3496895641
3497214337
3498145489
3501783067
3502970551
3508999651
3510497593
3512369857
3517216459
3520270283
3521383951
3522337171
3523039129
3525265801
3528544751
3533662129
3557827183
3561774721
3568924171
3581831761
3595553893
3597270517
3598086241
3600985249
3601570171
3601612451
3605151241
3612833281
3616574081
3625328981
3639046373
3639398911
3640710889
3647915347
3648049259
3649965281
3650751619
3665921491
3666214051
3669763357
3679113199
3679477231
3692283211
3700595629
3706404781
3713287801
3717260801
3721884013
3726370561
3727608961
3727957487
3730428283
3741323389
3751446511
3756859921
3759743821
3761558011
3781314101
3790906153
3794102191
3806586631
3808444993
3813919453
3814257457
3815850449
3820239481
3823155001
3829656403
3839663641
3842157287
3846157153
3853010351
3859546687
3863475901
3866514361
3867345343
3868727809
3869414473
3869668351
3872050561
3883157461
3886515361
3886660031
3891919417
3892928203
3894489871
3896533621
3897241129
3902553007
3903028183
3911878297
3913404461
3917450353
3920177773
3922842577
3923171803
3927983809
3939319201
3949346941
3953863807
3954403153
3958029979
3978642529
3980267771
4004215069
4005547297
4005639919
4005660961
4010917093
4020928367
4025662939
4031225273
4033846601
4034230201
4035699721
4037015239
4039584061
4050202501
4054155649
4054279081
4072946959
4075249361
4080891673
4118535721
4120554613
4122849683
4126074697
4128883159
4134219589
4137377077
4140507853
4151958779
4156580741
4159268821
4167456859
4170428173
4176385921
4180883689
4191241609
4192936201
4194250201
4197341149
4211841869
4223828071
4225064681
4229737981
4231051861
4238910461
4240777201
4246940161
4250911061
4255766969
4256304719
4271761519
4275477361
4277526901
4282561219
4283445403
