553
685
1111
1371
2071
2353
2761
3097
4681
4795
13015
15081
17767
19669
20017
25351
28153
28831
34441
38503
42121
43621
49771
54115
68143
74665
76867
85591
95137
96049
98611
111655
112861
115669
118301
138471
153181
166499
167761
182527
188191
191407
194401
197633
209761
216161
234757
234881
249631
258229
264721
271937
278861
306433
318553
328021
337573
344121
359659
378805
382123
416641
416911
480331
493885
497503
502177
513613
534061
561241
561601
577657
636641
651121
651511
657871
658297
785881
829051
849211
873181
893761
946921
1073689
1082401
1127251
1127611
1128333
1164083
1261879
1272821
1317529
1361837
1373653
1390229
1418635
1433407
1453717
1481419
1523181
1555849
1563151
1570973
1636753
1714753
1723649
1796969
1802569
1803601
1816921
1828861
1934227
2008597
2075701
2121445
2167309
2195821
2215333
2237017
2251549
2256409
2411809
2503447
2532421
2604571
2673337
2692387
2699551
2741311
2748871
2780381
2813059
2848217
2911931
2967301
3051137
3114829
3125281
3165391
3167539
3232237
3278017
3294199
3313927
3320893
3383353
3386827
3450331
3482419
3534091
3584491
3593391
3647621
3649141
3683161
3700741
3734147
3756541
3785331
3812941
3828001
3896515
3905581
3919511
4063481
4063501
4095743
4110697
4111381
4181921
4331111
4353481
4469551
4496321
4541329
4674781
4686391
4717189
4743803
4858801
4908745
4942081
4955689
4975489
5039809
5102551
5102959
5173601
5176153
5200591
5228791
5246467
5362333
5384785
5397991
5404801
5412871
5449819
5575013
5576617
5665241
5906413
6146941
6157441
6192733
6214561
6249541
6468841
6503833
6565651
6733693
6812749
6967081
6991849
7236581
7515823
7718617
7797301
7808611
8073169
8184601
8206351
8219251
8264461
8312473
8487781
8507731
8516551
8782741
8805007
9009817
9017067
9026935
9031651
9277633
9309835
9342187
9371251
9439201
9493903
9895217
10168393
10386241
10402237
10460353
10501681
10532273
10618609
10620331
10679131
10792981
10940755
10990513
11047609
11182421
11349703
11394721
11537569
11628883
11717491
11799361
11867497
12093121
12140173
12169711
12170395
12271909
12297601
12555619
12671011
12866491
12924241
12949309
12975691
13170601
13216589
13275841
13307383
13449313
14005441
14406157
14654047
14890261
15268501
15358033
15450189
15525241
15614671
15757741
16042027
16097413
16253551
16398541
16564879
16605121
16702519
16705021
16806451
16851727
16967441
17102395
17170577
17314231
17762441
17954777
17977441
18067501
18443701
18736381
18809911
19239553
19364563
19377451
19403869
19628701
19689049
19948051
20081953
20261251
20300077
20394001
20754049
20826055
20904799
21292159
21546379
21732271
22187791
22274881
22320073
22340293
22369621
22598731
22694401
22922155
23338837
23679169
23731489
23941237
24186793
24242261
24653617
24772673
25145719
25365919
26325541
26332181
26597227
26605573
27038047
27201497
27388531
27722857
27798461
28074617
28146961
28296781
28352449
28914817
29134837
29354551
30058381
30131011
30856281
31040833
31181581
31434391
31496887
31650061
31703431
32195071
32322067
32786371
32825473
33120341
33146717
33852073
34084181
34324417
34359001
34482281
34756221
34856167
35497603
35510383
36181087
36532147
36953929
37167649
37597351
37936471
38010307
39016001
39217861
39507301
39527301
39922957
39972871
40210591
40279699
40699933
40916591
41193829
41467213
41764201
42012001
42091327
42190801
43016009
43085351
43103521
43658371
43957603
44054617
44403521
45769645
46094401
46293067
46304731
46358209
46474381
46483633
46543213
46633861
46649521
46672291
46724131
46728533
47093311
47253781
47331445
47452087
47461129
47718751
47925121
48182641
48565567
48835033
49075963
49392113
49459801
49896001
50101813
50102551
50134465
50195533
50431273
50823151
52448309
52664851
53108461
53115097
53363269
53389153
53638903
53787529
53789147
54772381
55830251
56069401
56160133
56472085
56814353
56872153
57117621
57631543
57680491
57906841
58692239
58954897
58986091
60033403
60683041
60857319
61170391
61307021
61363541
62099137
62500673
62589133
62964613
63606563
63745921
64020001
64024273
65168845
65398897
65562031
65962933
66096253
66124297
66278083
66444971
66619391
67065571
67706501
68164849
68324257
68462551
68475889
68672251
68953319
69017581
70230931
70461331
70905097
71218001
71602649
71936899
71947681
72259777
72336161
72611701
72757543
72958177
73981657
74426887
74544443
74601121
75017251
75191131
75888037
77146831
77248081
77295961
77600881
77622533
77907499
78084931
79078357
79739713
79770881
80337661
80467321
80641531
80695981
81291047
81954133
83175085
83280007
83703469
85667863
85719871
85770311
85828681
85942639
88140001
88943401
89612611
89816411
90203059
90758701
90894037
90950545
91433281
91711411
92131771
92409547
92626201
92645437
93453119
93489139
93591721
93778963
94158091
94409113
94536001
94792951
94972751
95594617
96699821
96940621
96943463
97399039
97444657
97605685
97796953
98288009
98611213
99262013
99338521
99701449
102432709
102690901
103253333
103620323
103875631
103878811
103906981
103983907
104083351
104336101
104471101
104524421
104909653
105170941
105233941
105842571
105848071
106564739
106941451
107222809
107486413
107831851
107997079
108071837
108189721
108699193
109507663
109541461
109556821
109681631
109963901
110646043
111661133
112384621
112403353
112573267
113040509
113323123
113495119
113919901
115072291
116151661
116977351
117210281
117991351
118227037
118277581
118668031
121099829
122099713
122638589
123270401
123434929
123655411
124314301
124793521
125481841
125520991
125646839
125997121
126243401
126428851
126432001
126440731
127758529
127885127
128050019
128230861
128536561
128654569
131705245
131881429
132338881
133441001
133736767
133745815
134384069
134925953
134957911
135968197
137200981
137813129
138316153
138653101
138689741
138749521
140309947
140493673
141184891
143168581
143271941
143500681
143555329
143704181
145376353
145377277
145410931
146272901
147567617
147741697
149075131
149089381
151071553
151622695
153440743
155624401
155840777
157976551
158409721
158976121
160378861
161184013
162026869
163903039
164411911
164569003
164887273
165291001
167730949
167834567
167881121
167958961
170407421
170584961
172125893
172232369
172790951
173401621
173678203
173891869
174178351
174286729
175006757
176886865
177439061
177637153
178094071
178170511
180166645
180230933
180799201
181647497
181814851
181992961
182193643
182483179
182675803
183484571
185325001
186118711
188101657
188463601
189686503
189876731
190494961
191230621
191393861
192498751
194534737
194575519
195100057
195664571
197239591
198168967
198917479
200083333
201182957
201590677
202011295
202343821
202828601
203725523
204388471
205364251
205548529
205807701
205823873
206504033
207132481
207615871
207714253
208075033
209802581
209990881
210312829
210337027
210673201
210879649
211038859
212146507
212320351
213151961
213228121
213298801
213389191
214454773
215039423
215161459
215781889
215979511
216474259
217496681
217805281
218772097
218970937
219029329
219112381
219367019
219669451
220243879
220252159
220531501
220883521
225127981
226061921
226359547
226366003
226523137
226982209
227418133
228919231
229752901
229931627
230392441
231237505
231540121
232061737
232794253
233554231
233988721
235658431
236115569
237265321
237900769
238517569
238627297
240060151
240096001
241247647
241471297
241716331
242126173
242589491
244061371
246382711
246446929
247878667
247912897
249679501
250612831
255465271
255873637
256324099
258661189
259229233
259614013
259720231
259859071
260736341
260839321
261039481
261870841
264205801
265897217
266286151
266292121
266303731
267078169
267180817
268505551
271199701
272205361
272264971
273174721
274244545
274840021
274937851
275283401
275799161
277847029
279377281
280312003
281347291
282339361
283241011
284166877
284688937
285932701
286258897
288577171
289289683
289289773
289679941
290149207
290273491
291582721
291946453
293625109
294807661
297791209
298204831
298986001
299222101
299776687
301196359
302751505
306191621
306924973
307061371
307302061
307377073
307595713
308496781
308686951
308739857
309190897
309419623
310532431
312680633
312773141
314393623
314445097
315838711
316349281
317173081
317237851
319167157
321395881
322510549
323554447
325197217
326046529
328225285
330947329
332908111
333771731
334291981
334540711
335390329
336100213
336161953
336900097
337077595
337135501
338458807
338767435
338878513
340587199
341096881
341223763
342614533
342664081
346305403
347347087
348547931
349487051
351826021
353322581
353991817
354048481
354645649
357974623
360591793
361014949
361307521
362826361
362932491
363245581
364108061
364221929
365118037
366373121
366537961
367475413
368302273
368476501
370740833
374753633
375410179
379354561
379982377
381683849
382318431
383753521
383793541
384415981
384484147
384656791
386026561
387311107
388277921
388972403
389732971
389733401
390178153
391323431
391431941
391663273
391774961
393094969
393135121
395695045
397443601
398113201
401735489
405183301
407438849
408599497
411257351
411988207
412067501
413053999
413207173
415108891
415476343
415586251
417205351
418104829
420732961
420868729
420882463
422707411
422826301
424593497
424852237
425161621
427088719
432525607
434951281
434974411
437029477
437596651
437866087
438247427
439637911
440341073
442871183
443129311
443353633
444847729
447015921
447070991
448065973
448210603
448232419
450016901
450901441
450998407
451390529
451893291
451906757
451999153
453692647
453800761
454963279
455461471
457157851
457320533
457410331
458756113
460560151
463947541
464978221
465377041
466290949
469328203
469598221
470000833
471882331
471976237
473170801
477004327
478245763
478746269
478784381
479737649
480605273
481720501
485122811
485328187
486711259
488229523
488328913
490234951
490518181
490756139
491646403
491714609
492976901
494559111
494657791
495062443
495407749
495573121
497118007
498172501
498488761
500792941
500985941
501134563
503080201
507805621
508606771
511121161
512706121
513118351
516014887
516465007
517551211
517771211
520999981
521552873
521840257
526976803
528013333
528524221
529145821
532859801
533647741
536741161
536794561
536867801
537662665
537926899
538272241
539019361
540170101
540621181
542883223
543148681
544861633
545793263
545922721
546150331
547082407
549162511
550746031
554497441
554632855
555321007
556076971
558088637
558933161
560206417
561235681
563963191
564138451
565680079
566578189
567126971
568569781
570767033
570905587
571749499
576691741
579150121
580686881
584815811
587336401
588083791
588727457
588807301
590751661
591545641
593475871
598285931
599334211
600700981
602460673
603415933
603629329
607919209
608030417
610075981
611852671
613965041
615440641
615818911
618389581
623662903
626388271
626645611
627826909
629907841
630888481
634855033
636111451
636134461
636936697
637599881
641329921
643182037
644781343
647942989
648012773
648728149
649775089
649977421
651088747
651699757
652923521
655815473
659846021
662611951
664692601
664766461
666640801
670438861
670567301
671663701
671743901
673778827
674194207
679113961
679933921
680471041
680609551
682460501
683042617
683116849
684687721
689443273
690907771
691131349
691225543
691472071
692144671
692323651
692663329
694271791
694656901
696336967
696446719
697005577
697968571
700090903
700208137
700794361
702453571
705883951
706863343
709848499
709941461
710168507
714490481
716322547
718602949
719538431
721267399
722995211
723417301
725590711
727459921
728458501
728600449
730806121
730894681
731075491
735476965
735493681
738823303
739591831
739666621
740435203
741464161
741784429
742272961
744944041
746331041
747086537
748990171
751428991
755304541
760498289
761285713
762133751
766733257
767126117
772957301
774533843
776120941
777280687
779148181
779281123
781091329
785190451
786460897
786604801
787085857
787518451
788134561
788882953
788940833
791098159
791376733
792447521
793443661
794076211
799525063
801866647
803883893
807115753
808149481
809506133
810097601
811478533
813506401
814056001
819896365
823319521
823809529
825053041
825372313
827644219
829737221
832127489
832854199
833342177
835897093
837766217
838276651
842077501
849429671
851759357
852888391
853811209
856195267
857538991
858805351
865142071
865580509
866008153
867304369
867965251
869561281
871230721
871740937
874812641
874837633
879442981
881441669
884304037
884602801
885594169
886056641
886180429
887993569
892848421
893869313
895961377
896842181
897724873
897916207
899211145
900546167
901941141
904505611
905326381
907514561
911366167
915000133
915743251
917880413
918757127
919152193
931970449
932653457
932936005
933184801
935010277
936438247
939657673
944029997
946314961
946963333
951067361
951871159
954732853
955134181
955675351
955938901
956573647
958581817
961238209
962442001
962726077
971726801
973647781
975669871
981569611
982312907
982498483
985075681
985708621
991609921
994491541
995817841
996003361
996310927
1002071071
1002779201
1006617601
1007713171
1012846537
1014747941
1014772015
1015269391
1018125187
1018568521
1019155937
1019807119
1020412801
1021019455
1021077991
1026331013
1026460073
1029890077
1035387137
1035988087
1036969627
1037097433
1039629361
1045171469
1048478413
1049531419
1052029231
1053732751
1054395497
1054919581
1058816533
1059193297
1061855539
1065805681
1066945189
1067064781
1068103099
1068761027
1073066881
1073299501
1075737601
1075921741
1077511471
1083324527
1085904061
1088673997
1089682837
1092902533
1093363703
1095205801
1097899507
1100297479
1103977711
1104691729
1108739251
1113221341
1113542977
1114496821
1116714413
1120297697
1123406047
1123433977
1126866217
1126998913
1127993861
1128450151
1130979741
1132794301
1134342151
1134696067
1137303091
1137440251
1140944569
1141065421
1141153651
1142150147
1143730459
1144075279
1144518841
1145627551
1145951491
1148556683
1151484049
1154327341
1157603401
1160358359
1162163215
1164268281
1165757479
1167639355
1171375649
1172817151
1176849973
1177392451
1179103213
1179800191
1180093741
1182385121
1184554801
1187887891
1188399001
1192951637
1198186837
1202142061
1206280513
1212628367
1218556873
1219968811
1221044653
1223586881
1225127989
1225695511
1228672513
1229406121
1229956003
1230818359
1232020417
1233375151
1234125721
1234646533
1237524293
1238891431
1239159001
1239927193
1240628407
1243417489
1243525921
1246687171
1247875903
1248065459
1249220053
1249875001
1253554147
1255978333
1258492831
1259514281
1260937721
1263424429
1264887007
1267068331
1267133311
1270658833
1270877557
1271512681
1277446591
1278335503
1284024589
1285742377
1288046101
1292925421
1296596401
1301897027
1307985313
1311616153
1314722431
1315612607
1318126321
1321734497
1326193891
1331413333
1331820253
1332474751
1332633277
1332743651
1333088569
1333215703
1335940057
1336245721
1338851011
1346624533
1348720957
1348964401
1353432721
1359481589
1363735921
1369624969
1370043133
1372681861
1375684831
1377988201
1378154251
1382117881
1382626519
1383795323
1387766461
1388431801
1390722001
1392447937
1394632891
1401914467
1402248403
1402827901
1403656591
1413406627
1414154827
1415851597
1418365873
1419459121
1424172421
1425109243
1425632209
1429821751
1433928581
1434177821
1434433069
1434560569
1446153361
1446779017
1448517281
1452063451
1453548403
1457122393
1461243589
1465217911
1467507637
1469268961
1470308401
1470437411
1477422187
1477561717
1481412781
1484742533
1498117697
1502124427
1505245951
1511042851
1511558533
1513701071
1515175087
1517503105
1533555271
1534833761
1534857391
1536053257
1537508311
1540208251
1540550413
1545311461
1546195015
1546232573
1548686081
1548724321
1549213891
1551656377
1556329633
1557593881
1561800833
1562915407
1563607081
1563973717
1565665537
1566439381
1567830241
1571111587
1572040861
1573316167
1574362441
1575825689
1583230241
1583658649
1584918217
1585153441
1587455939
1589211553
1590394313
1592042929
1592225449
1592595703
1595120473
1600976431
1601133421
1606749061
1609886881
1614078649
1614341431
1617586471
1630161541
1632031829
1635150991
1639718065
1640086337
1641337303
1644173371
1650682153
1651200013
1654795201
1656017353
1656730279
1659190061
1660065391
1661409289
1669678081
1671679439
1679819041
1681874335
1686354757
1688983957
1689014539
1690914781
1693268841
1695419041
1695803203
1697213407
1701932527
1710452281
1723086227
1725217121
1730549017
1731275341
1731675961
1731995497
1734394201
1736159671
1737349199
1738910023
1742031061
1748603149
1749803401
1757765801
1760706811
1764313651
1771085863
1772433703
1780945501
1788861331
1790737693
1795211419
1800584101
1802907613
1804069471
1804182257
1808043283
1811640029
1814039605
1814883541
1820306953
1823859649
1827309763
1828682101
1828887061
1829245091
1837174123
1838068051
1839860713
1843265971
1851118501
1852317251
1858416301
1861026133
1863332659
1866629071
1866986893
1869885421
1872366931
1876064191
1876503385
1878116521
1883509633
1884554083
1886244553
1888311041
1900823653
1914824297
1916508101
1916523181
1920358551
1921159021
1924304141
1935590473
1936109963
1939808261
1942274647
1943951041
1945290733
1948133617
1955219311
1955448679
1957122551
1962006157
1963626607
1967196001
1967280449
1983847751
1984328789
1987793965
1987893821
1993168061
1993694977
1998520273
2003569501
2004299641
2005360351
2017921291
2021564473
2026633951
2028685753
2028812399
2029597597
2032335317
2034039871
2035751761
2039281861
2046528013
2048930479
2057019691
2058234967
2062444501
2062838221
2064877291
2069788465
2070076741
2074596109
2082440533
2088768533
2092687651
2092731409
2093590297
2096692033
2097607591
2104489741
2107449271
2107644991
2108568827
2110737367
2115762031
2115818197
2117576707
2119720315
2122390441
2123792551
2136357055
2142324367
2142945793
2146495297
2148433739
2150849317
2151933701
2162368645
2162457949
2165196001
2168501869
2170185517
2175136133
2182185281
2183000227
2185129861
2185435937
2196427741
2197944451
2201924341
2203751593
2203856497
2216196373
2216267467
2216719537
2217609283
2220217561
2220556901
2223367681
2223471251
2224234381
2225782031
2230011421
2230305949
2231332357
2234693521
2234695231
2238476497
2241880033
2245519981
2247843907
2251732033
2253937861
2254796281
2257770511
2261004513
2268928751
2269307587
2270039995
2276774273
2279130751
2287452067
2295209281
2298773143
2298773161
2300319061
2302051849
2311645177
2314968661
2315203831
2319724441
2322648901
2325965713
2328781393
2329584217
2330595821
2332745029
2336135311
2337568579
2344700093
2345907961
2345935411
2346579739
2347414609
2347597981
2355233221
2361316621
2362122541
2371547869
2373567701
2379610351
2385066461
2385076987
2385548881
2385574201
2391137281
2394549091
2398220329
2400444551
2403623713
2405072429
2405312053
2405552119
2409645631
2414439217
2419391449
2421700381
2423264131
2423580951
2425477237
2431204873
2437783223
2438403661
2450347633
2452563119
2452746671
2453170549
2454143413
2455024133
2458231903
2459539765
2462440753
2464892821
2465078071
2470767037
2470965037
2471771251
2473322729
2483253781
2485230751
2489462641
2489647861
2490370219
2494128451
2494984321
2495936659
2498788657
2499887461
2507792473
2508817537
2509629211
2515507021
2515992013
2516234251
2518368701
2528007193
2537847551
2542196809
2547183157
2547825151
2548776871
2553045097
2563505281
2563994413
2572014799
2577885661
2594603437
2606455441
2607584401
2609849089
2614448881
2614911553
2617769611
2621897461
2624298329
2629820731
2633210581
2636360191
2647877917
2648169217
2651179777
2652996691
2659939453
2679524473
2681218321
2696237215
2697854017
2701340191
2702286529
2703521141
2706550519
2712724291
2715347233
2717010313
2718057301
2723932801
2725490689
2728730287
2734079407
2736697351
2742893651
2746476559
2761545403
2777784803
2785216591
2786818357
2794990177
2797954069
2799734455
2802853819
2810416681
2817344401
2821591651
2821710703
2822521411
2824912621
2826128971
2826925781
2833047577
2841190381
2843053741
2845141393
2845931451
2851854769
2857201297
2858105251
2860846721
2864096047
2865356761
2872327321
2874386737
2885559601
2896171921
2905002521
2920866169
2925995101
2929612687
2938409881
2948673901
2949119191
2949904393
2954538497
2973099541
2978188141
2990578771
2994980647
2996042419
3005627041
3012155701
3023049727
3023094619
3041880049
3042763501
3049647301
3051547049
3054297403
3065493229
3066754241
3070208261
3072773533
3074534299
3078612967
3079494151
3090851921
3091880741
3093102377
3100742747
3111148097
3118411501
3118538471
3118633351
3128171933
3130386821
3135040133
3143854201
3146902111
3148453477
3148806403
3155685823
3165111613
3180742577
3180981781
3181425157
3182945221
3189888001
3190125781
3190875001
3195537623
3195638893
3201021497
3207087283
3208919131
3213895051
3219811323
3221470801
3233558021
3233844841
3234415313
3239616121
3243537751
3248285401
3250416287
3253404013
3255786451
3259595539
3263097641
3269988541
3272759701
3275267617
3276930229
3278151631
3278670181
3279216361
3282974857
3289086991
3291431779
3292900183
3296410921
3299142911
3303000541
3306393751
3306955411
3310898779
3336009931
3336787873
3339531521
3340984501
3347028583
3349997731
3363443611
3367041721
3380409397
3382261579
3389409871
3391469371
3392092129
3394646965
3396405041
3398227309
3407609221
3407952169
3411931951
3429342001
3438427285
3439040851
3442964671
3445470001
3448620793
3453240551
3461605561
3461828551
3463907761
3467194201
3474071911
3480264121
3480908203
3495385441
3499894819
3506629309
3523896529
3525862741
3531277159
3537280361
3538751581
3539610803
3555124453
3555149053
3559144321
3559730051
3566014861
3571168591
3574835101
3575243953
3579178399
3580051861
3583375681
3584800801
3592214513
3600470101
3602204257
3611906803
3622271117
3622403827
3630770683
3631828481
3633160021
3640903111
3642034261
3642255181
3642436321
3661416461
3662503093
3665242951
3673724641
3679657997
3681305359
3685647701
3689695981
3692283211
3696208777
3701299603
3713233729
3726894403
3727828501
3729520969
3736846387
3743072341
3746114941
3756859921
3758383207
3759859081
3760622689
3761631613
3765418333
3766040389
3769190821
3777060823
3787052221
3790319081
3793548991
3802283311
3803614651
3806390989
3809018947
3816953449
3820174051
3824076673
3829656403
3831949313
3833317741
3836565241
3838174661
3843692971
3856659643
3874186471
3881210581
3882346903
3887683021
3905876501
3907187089
3908015821
3911926241
3919352953
3922199821
3940725541
3942332501
3948370171
3953218427
3963590359
3971677951
3971721409
3973846391
3975156691
3979234351
3982264199
3987340033
3987598201
3988410541
3992257401
3993905623
3998552185
4012771271
4021752001
4023311231
4034969401
4039933213
4053249523
4057769041
4058843641
4062489421
4068102949
4068837631
4075322089
4081806919
4095650791
4103448553
4121286907
4125509041
4126424941
4128469381
4150540171
4156580741
4159699679
4164191203
4175289271
4176824657
4179558841
4183664101
4206758533
4209736801
4223453963
4224632329
4225458121
4228090903
4233056437
4243744201
4248771337
4250911061
4267369549
4268779531
4274060311
4279133119
4280153021
4282615597
