235
481
679
939
1645
2701
3601
4187
6943
10249
10349
13333
15051
16441
16589
16721
22795
24727
26281
26599
27231
27307
36379
38963
41003
58493
79003
82849
83333
104653
112141
113401
115231
133237
136681
144841
145351
159565
175489
201241
217891
222529
235801
252591
257041
262873
264223
299963
303857
313441
319507
328021
330929
374791
395371
424789
440155
465229
487813
488881
489997
497407
504109
521863
535441
548497
556421
582341
587861
651511
651781
665281
668197
736291
753251
760481
765703
773431
838577
906193
928243
939727
954271
1032533
1056331
1097821
1152271
1184071
1188461
1215077
1221295
1252697
1304377
1310531
1314631
1335427
1446461
1533115
1550011
1566589
1590409
1651631
1675969
1690501
1697483
1703677
1730977
1765321
1786123
1863907
1893963
1904033
1920073
2005043
2160973
2173159
2260021
2261953
2463803
2503489
2508013
2560081
2603381
2604571
2727649
2795519
2876701
2988649
3006877
3064179
3065413
3092233
3126337
3239237
3264797
3285361
3503197
3528763
3768451
3814357
3917663
3946717
3962281
4219331
4224533
4314829
4360621
4499701
4504501
4543621
4673233
4906441
4906961
4924217
4955861
4975489
4975961
5090821
5148001
5293201
5903497
5929977
6121291
6151949
6154219
6157601
6226193
6333721
6388363
6440281
6453847
6539821
6566671
6823393
6924121
6952037
6955087
6955541
7006099
7054081
7512517
7543477
7656833
7992913
8031691
8083351
8265781
8340389
8507731
8540641
8549065
8650951
8917969
9339703
9439201
9707377
9726301
9780409
9808651
9881041
10018807
10218797
10320047
10341241
10391401
10479787
10509751
10538681
10875565
10919647
10931029
11015797
11049367
11088013
11122483
11169797
11300897
11358043
11726927
11736211
11841103
11867021
12290087
12295801
12318541
13073941
13098721
13605509
13631731
13694761
14108261
14218361
14233969
14307301
14662117
14782573
15794881
15898039
16042027
16046641
16253551
16570511
17070751
17213473
17449417
17545921
17705161
17754067
17843281
18171457
18225703
18673201
19191709
19570951
20010901
20236555
20502661
20622031
21262817
21355951
21397381
21546379
21880801
22028203
22187791
22342861
22369621
22372633
22669501
22828651
22848541
22949173
22981351
23011507
23053867
23354017
23731489
24169141
24201211
24290779
24847873
25038841
25859767
26280073
26362571
26700241
27188201
27409541
27790999
27832087
27872443
28066721
28527049
28979731
29171701
29227531
29564609
30219757
30505501
30924979
31189051
31817633
32091781
32274199
33120341
33775303
33840397
34060219
34163221
35078413
35168723
36148603
36404371
36578389
37106959
37408141
37736533
38010307
38248981
38270377
38983723
39258577
39295153
39676033
39684157
39966697
39972433
40024681
40263889
40465501
40621591
40748401
40828241
40975651
41260771
41427697
41710411
41899981
41929087
42518591
42563333
42584401
42661081
42679981
43606027
44236891
44254423
45026087
45318561
45822109
45879941
46633861
46637027
47093311
47281691
47573611
47728501
47844213
47887663
48125437
49573627
49751971
50495509
51088133
51664807
51909811
52204237
52306489
52737055
52824127
53363269
53390611
53498449
54407893
54529861
54924927
54959161
55726961
56160133
56747237
57211903
57631543
58278041
58647499
59421809
60259681
60547831
60788671
60886351
61078931
61189201
61299683
61539239
61754941
61840651
61946881
62249797
62943301
62952877
62988433
63696349
64036831
64042903
64377991
64629941
64855621
65255273
65316877
65886481
66932851
67406149
67706501
67722931
68060659
68323309
68462551
68474071
68976331
70694791
71558101
71567887
72202177
72228521
72604561
73254127
73705633
75320341
75642157
75663451
76258297
76307617
76923461
77594653
77605277
78785657
79110601
79417801
79463701
79525261
80669557
80699851
81816547
82165513
82886551
83248513
83900017
86027329
86243701
87783871
87873719
88562371
88644013
88681933
89998273
90273751
91602267
92139433
92811889
93453119
93591721
93888419
94301281
94502701
96028001
96265243
97071211
97219361
97871699
99722729
100317691
101178771
102037487
103143583
103850737
105040321
107903617
107997079
108000349
108234491
108729629
109063627
109879837
111806831
112828801
113789773
114329881
114385721
114805597
115328981
116090081
116673481
117186037
117463789
117485957
117879031
118172251
118465615
119184451
119324305
119710951
120708001
120787759
121499071
121618723
121774901
121887001
123513601
124608073
126428851
129524669
130876751
133800661
134274017
134274421
135039451
135308881
135798067
136373707
136783967
137518597
137813129
139551301
139792069
142131553
143644307
143914051
144013393
144052021
144627499
145603333
145949509
146474551
147770585
148910653
149196079
149407273
150723847
152255611
153549079
154378351
154481641
154492231
155688391
156538201
156977929
157790023
158147047
158398397
158489501
158782891
159081841
160730389
161216021
161289649
162991141
163333213
163759753
165283471
165930623
166196293
167978903
168766177
170491777
171147601
171149749
171393041
171679561
172018667
174435697
180089251
181799213
182083931
182204821
182340341
182920021
182947507
183760831
183778607
187176601
188382487
190197421
190328839
190758349
191127613
193949641
194331421
194970469
195218167
197239591
197619241
199104533
199674721
200131273
201789127
202759591
203659591
203824661
204229001
206894161
207132481
207179611
207685567
208655591
209244709
209464921
209711431
210459283
210461959
210830401
212146507
212730467
213628033
214281757
214852609
217513609
217517653
218112133
219039661
219802589
219882601
220012591
221793391
223051141
224813881
225104233
225610573
226359547
226509361
226943029
228379021
228856559
229646701
230247841
230419381
231405701
232940161
234005857
235276471
238608661
238622413
239636323
240096001
240643639
240661801
241408681
242067841
243092701
244061371
244086121
245023279
246006877
246838301
248611453
250760987
254537713
255749341
256303759
259765747
260518801
262589629
262660633
262833871
263084521
263428181
264350521
265112447
265622801
265687567
267152033
267468709
267826609
268505551
270240769
270525737
270783251
271763467
275320351
276784129
277787141
279377281
279926011
280283401
280312003
280748749
282776201
282826111
282892843
283484449
283543123
286023403
288173257
288630343
289289773
291185767
291461633
291823633
293423261
293606839
293685481
295110341
297051763
298087793
298204831
303639337
305464661
306191621
308952547
311213701
312223213
313192657
315463847
316289161
316975751
319440769
319489873
321021037
322539731
324055609
324093601
324574651
325046201
325787591
326088253
326695141
328573477
332448229
332976961
334065661
334291981
334298257
335304691
337096889
337311067
340208197
340637365
340946281
342265951
343240189
343959617
344255551
344865617
346528423
348177971
348673231
349483447
349832801
352957771
353722513
353932801
354208831
354870431
355888963
356604421
357582061
357914701
358922497
359499781
360266189
362205367
362297911
363245581
366641599
366805261
367589581
368476501
368559691
370740833
371566073
372027907
373396171
374325841
374753633
375697141
377052521
377458849
377818611
381116881
384979213
385991191
386480681
387188561
387759709
388176601
389909449
389959321
390609941
391513019
393965419
394585211
396036877
396106261
396438811
397226383
398103001
398897695
400374253
404235721
405454849
410458771
411388561
411706291
414395701
415098161
418192133
418617281
421508071
423933241
424768321
426659353
426896891
427165601
429360361
429890581
430152097
434181529
434929951
435735301
435736453
439714133
441604681
444927309
445243531
446984407
447642817
449680819
449886257
451002491
453137777
453557287
453810169
455159293
456245329
457320533
459248641
459387451
460486921
462316177
464294377
465810391
466165261
467267467
468886771
469328203
470752133
470896201
471105181
471272299
471779479
471812701
474970501
475468927
477086741
478317601
478639829
479586301
482214421
482447111
485829901
486711259
488656981
489482911
490518181
491752711
491848897
497521741
498238201
498442951
498662561
498969197
501047731
501068881
502686713
502954141
503578237
505314829
509551201
510182137
512193457
512682509
516775361
518752513
518820101
520277287
520809451
521648909
522594481
522684647
523978817
525124867
525526817
529214311
532530013
532688401
533490193
533600033
536003333
539746111
539883583
543467629
544660471
545738203
548339761
550026661
550109233
552163333
552536461
553484501
554118661
554494951
554599051
561235681
561637861
563356921
563525827
564258451
565356541
567815617
568569781
568902001
570606131
573862021
574712351
575133131
575750501
576295591
578166499
578191849
579091393
580565233
584868181
584913181
587059471
587336401
590435917
593728489
594007345
594164971
596142643
597931597
598371107
598561393
599279983
599981257
600053411
600285421
605417731
606376373
610511617
615354367
615416341
615569059
616681291
616979521
617279821
617496001
619432321
620169409
620412409
622998427
626879161
626937937
627578459
628396081
628884577
631722731
631881337
633289807
639364937
641673961
643316461
644004817
644010253
645775027
647190253
648000361
652969351
662865083
664603801
664689281
667232641
671620051
671933971
674318017
676880821
677953669
679367431
679435531
681303241
684696937
686486581
688899361
689327731
689537441
691395871
693567337
694656901
696102401
697332497
699894001
701430811
702683101
705345481
706326787
710174203
710617861
711374401
712898569
715931173
717096641
717655093
719956483
721807201
724969087
726640423
729068359
729098101
732909503
732987061
736398277
738519685
743052991
744118657
751056223
753509359
757221977
757485389
757559713
758056531
760131139
760692661
760954657
765406153
767553151
771087491
774599351
776081503
777668401
778762501
784966297
785036909
786567783
787133663
791864011
792586369
793192201
795490747
796066571
796401269
801123451
805407301
805699201
808070257
810295753
810613273
811374709
812036461
812093257
815224463
816599413
817534873
818243479
818687141
819638569
822767041
828646051
829259305
829744327
830256643
831868171
832050661
832185451
832870891
835961311
840749761
842270761
842889601
845338033
845970313
848654017
849119401
849669761
849704671
852329563
852650321
855134993
856047589
856371899
856425571
857672227
858419011
858602263
859577743
860543797
863597863
867032651
867706201
873301001
875273221
875690311
876694183
877385731
877532671
878072071
881573051
887335177
887795221
893696887
895866295
903704491
904203637
904876361
905281021
915080347
922780057
925964251
926067841
926802059
929987983
930061133
934333601
934777621
935447137
938030101
938680051
940724555
943685959
946869661
949324951
955134181
955591237
955609903
955616231
956191507
957718345
962375941
965406961
967112593
970355431
974099389
977867377
979027237
979377433
979648771
980957071
982748929
985809457
989841673
989908921
996196741
996310927
1004752181
1006454467
1006690681
1012110793
1018703479
1019091943
1020220661
1024557271
1024824373
1027233049
1035917137
1036995919
1039201255
1040234231
1040594101
1040840863
1042217983
1042553311
1042920721
1043218321
1045165357
1050422101
1052330971
1053892001
1056264211
1056462779
1057459409
1061998253
1069341481
1075564921
1079829241
1082687971
1086477809
1092215521
1098404941
1098433051
1104194521
1108973251
1112106973
1112311663
1115207297
1115910727
1117547201
1117895717
1117948393
1120293193
1121091089
1123106503
1124199259
1126972081
1127475961
1130081989
1130322943
1135556173
1135685633
1137732451
1141548007
1142708791
1142953153
1147710211
1152088033
1155272779
1155690451
1159896277
1166475601
1166779981
1175122961
1179443893
1180076693
1184267779
1184298943
1184554801
1187535581
1188319211
1188978607
1191468251
1192252987
1192984201
1194711337
1201142251
1203082381
1207252621
1227304891
1234190161
1234946719
1236344177
1248663601
1249486399
1258133131
1260332137
1261570133
1261949539
1263236213
1265359393
1265696251
1265885917
1268287667
1271450441
1276233793
1285113715
1289281621
1290538873
1298748457
1304428753
1311004813
1319142313
1325329297
1325761037
1325968651
1326448621
1331187901
1333678963
1337600053
1340121257
1341166751
1342632293
1344468941
1346599081
1348924501
1350125869
1351126261
1358503801
1364378203
1366250161
1372681861
1374832501
1375684831
1376588431
1380465131
1381196755
1381243709
1381355641
1381647439
1382453333
1389675541
1391649073
1391890033
1393497595
1401547687
1402248403
1407548341
1408610503
1409792801
1410521941
1410898987
1412665693
1412783413
1418365873
1421475031
1423857493
1426068821
1426319563
1430661181
1431284251
1435173361
1435912039
1448096131
1449438131
1449801289
1449840547
1451635201
1453053197
1453548403
1460269201
1463178817
1464103441
1467817471
1469580841
1472650999
1473740707
1484071681
1487265469
1487387611
1487669411
1491510899
1492762133
1494646801
1502434501
1505540497
1511042851
1513891351
1515175087
1524585841
1524761881
1527763333
1538071061
1538608681
1539583921
1542689581
1544206163
1548690409
1551184493
1557402949
1562337071
1563607081
1564637101
1567090867
1568916311
1574362441
1574404189
1577738683
1580664721
1581616081
1589307919
1589749801
1593759361
1595550853
1595622997
1598982533
1606749061
1608564739
1611467131
1611615151
1614005089
1614275251
1614512251
1615316221
1619680147
1620841253
1623794113
1625680961
1626585577
1627128751
1627644961
1634697949
1636447513
1642554421
1645859251
1648218431
1650490129
1651317301
1660392343
1661167061
1663808455
1664787235
1669890883
1670091421
1670522941
1670707613
1672715419
1675121887
1675289629
1676396521
1683583741
1684418401
1690914781
1697310187
1697567803
1698483601
1701129281
1702740943
1704141601
1715427451
1721857021
1728960133
1730705707
1734228721
1738190981
1739074637
1739529457
1739864449
1740068221
1742664421
1745145113
1749686401
1750094011
1756327009
1760460481
1760706811
1763702533
1764313651
1764571493
1764897361
1770665861
1771539713
1774649501
1776820033
1776975553
1777368013
1778233969
1783334719
1787127817
1810892929
1821689101
1822479751
1822563793
1828762531
1832448421
1834787393
1834799371
1839568981
1840009891
1851862021
1852419853
1854070399
1873177693
1873218241
1873723457
1876447927
1876485691
1880544907
1886526721
1891401007
1893301937
1893863249
1894573309
1896689737
1898826463
1899768763
1901586961
1903296313
1903543687
1905080347
1907221681
1907630551
1909803001
1910223901
1916829901
1919774629
1920301951
1923188513
1923715117
1927333297
1933571971
1937105941
1942015237
1942125249
1943951041
1947563941
1947683431
1951469101
1952968753
1957624607
1961208853
1962310267
1970256151
1976295241
1976381419
1980529181
1985320369
1985348527
1988672533
1998520273
1999817009
2002663741
2005360351
2009621503
2012126461
2017729117
2023246501
2025112501
2027306107
2028685753
2030715251
2030956715
2034039871
2036514187
2038141009
2046790513
2054080729
2059739221
2063228203
2068421713
2068474321
2068541353
2072240081
2073184699
2076388291
2077519207
2077815853
2079463049
2082643109
2083711837
2084728801
2088768533
2092225591
2094177403
2094437687
2100254941
2103743321
2106051313
2126151977
2126800747
2136758329
2139462991
2141033203
2145253333
2148892903
2154252259
2156567291
2156767003
2160402451
2165183077
2165224177
2169323861
2170186021
2174647417
2175406201
2183000227
2185331609
2186527523
2188955501
2194801057
2195607943
2197944451
2200115713
2202205897
2207488813
2216123671
2216267467
2217879901
2222647741
2229771349
2231476987
2234003857
2234202049
2236928341
2237180431
2248496897
2253176951
2260585651
2267953021
2276606503
2278847191
2290361221
2291827609
2295337441
2296094737
2297978413
2298373153
2301745249
2302598863
2303998597
2305256171
2306881261
2315137261
2318964821
2331431633
2334900811
2335341601
2336355841
2336667071
2338552039
2340241537
2342409691
2349498499
2352660269
2352888091
2356013557
2359981109
2360196721
2364967061
2368654861
2369012651
2370185221
2371308341
2379610351
2380085989
2381330881
2387525141
2391616459
2393394551
2398148551
2401080961
2405914759
2408122121
2411152927
2416458119
2418501541
2418525607
2425052749
2432879429
2432948737
2438616997
2443400389
2448374689
2448573539
2453830471
2458231903
2460473797
2463879497
2467519541
2470560509
2470869253
2480147521
2485674283
2487733333
2493698131
2499853333
2518069191
2519098057
2519186671
2525548573
2526566041
2531385001
2532630787
2536218721
2538947809
2540567053
2542938493
2548683019
2548776871
2550070951
2554061777
2556385141
2557797167
2560596193
2561654099
2561945401
2563994413
2566589287
2566804501
2567101249
2569080037
2572964371
2575558171
2591157001
2601376513
2604431881
2607894169
2609471341
2610024103
2620964501
2626769521
2629623907
2634028811
2636315639
2646326429
2648671957
2653497565
2656228147
2673898151
2675285593
2677147201
2681528401
2688981979
2690408533
2695496077
2704546027
2711713481
2716157989
2716681801
2717428033
2720128321
2728600417
2738053141
2741749889
2746882669
2747862937
2754268021
2755623217
2756877841
2767009207
2777784803
2783626249
2783771017
2784864961
2797903873
2809227961
2809689601
2810260207
2813512591
2813637611
2817882607
2824066649
2824256377
2825624881
2827961221
2828698133
2829940409
2832748397
2837917633
2841986603
2855046421
2855661121
2858583961
2866785991
2866815199
2866872781
2871465637
2873094001
2876295241
2876743669
2880052969
2881429741
2886402487
2888372657
2905028173
2909183149
2910607363
2913401611
2916055661
2916139981
2918295451
2920069417
2923345063
2926391329
2927963231
2931358769
2933588503
2950944907
2956929949
2968206601
2970228199
2972420323
2974080649
2986018729
2988688453
2992394501
2996276869
3003183961
3008333333
3013708057
3014899273
3022923151
3025529713
3029512243
3031242061
3032535707
3032898163
3047600641
3055721897
3065203763
3066754241
3068378743
3071769361
3077771497
3080319859
3083053387
3085454509
3087531581
3091354111
3093001717
3094781797
3106501891
3109183841
3112636489
3120612587
3121433281
3128381849
3135040133
3141005981
3142863751
3146902111
3157579861
3161255047
3162941251
3164355001
3165007429
3168608791
3171651751
3172036897
3175669531
3177303097
3183337841
3184139701
3189732781
3191296499
3195509041
3208074409
3210980953
3214785817
3215031751
3221323993
3247318717
3262627803
3268448821
3270354721
3280593611
3282974857
3284003251
3284462161
3295039457
3298453619
3301987861
3305847763
3307251221
3315207197
3322551403
3325973411
3335899927
3335945531
3336348349
3337399189
3339645013
3342491639
3349997731
3355382857
3358551043
3363763231
3368713681
3374598781
3375949001
3376010723
3382983521
3386721901
3389790013
3394046797
3400186921
3401510113
3403386251
3406188787
3406192721
3411943121
3413780371
3413931629
3414879833
3420524467
3430765921
3431313307
3436071949
3441611557
3442964671
3447628981
3450935489
3450935503
3472577659
3479969593
3480908203
3492883081
3493069141
3496282927
3498805861
3504653401
3506277457
3508999651
3513786961
3523820917
3525054721
3527380819
3536777317
3538213381
3553567057
3555423083
3577059977
3579293341
3579905759
3586833253
3586986503
3590310169
3595199507
3599103691
3600223213
3602997841
3606377149
3607838011
3609395011
3612070747
3616574081
3618463571
3640903111
3642034261
3645098921
3645846221
3648210265
3652449149
3661339771
3669968569
3670802521
3675439303
3676871719
3677468161
3682630327
3689046037
3696015853
3704091751
3715977761
3717260801
3723104797
3733646491
3737201357
3744550501
3749429191
3760983029
3774745873
3783363601
3785356387
3788668027
3789787501
3795267037
3797234443
3800306971
3806566321
3806669491
3808052041
3808690229
3808862281
3813283939
3819381661
3828830921
3835537861
3841324339
3844789027
3847447393
3850888651
3853060697
3853584967
3860828311
3861362551
3863392057
3881746513
3889731781
3892217401
3894053311
3895046191
3896034943
3897241129
3905583823
3905686529
3909374191
3914298415
3915262171
3926505001
3928805273
3937526911
3942332501
3954403153
3956669671
3969707401
3972548131
3987830927
3989551501
4000370851
4001715541
4007907751
4008051433
4018641667
4028995297
4033725697
4039299227
4042578403
4045146673
4046045257
4048989001
4059776533
4062489421
4071163097
4078037993
4079877037
4084336453
4098157311
4113586837
4135146209
4137709421
4140323911
4142981287
4155505201
4156580741
4167331667
4173838327
4186823297
4195068571
4197853921
4204605623
4215857077
4219598287
4221129007
4226815517
4235818861
4243845791
4244122829
4245493001
4245839401
4248771337
4250917441
4251724627
4253330929
4256352907
4258854451
4267640833
4271333837
4290127579
4293440023
