49
65
85
221
343
687
1105
2321
2413
2465
4141
4265
6517
6541
8911
9061
11089
12403
14501
14981
19951
22321
31621
35785
38503
43561
47197
54913
55357
55445
56033
59291
64681
65513
72505
83333
91001
112141
129823
162401
182527
185179
188513
192221
194041
195853
197209
207929
211141
211411
218791
226045
226801
235999
243581
252601
255991
269011
275887
297773
310993
314821
321581
366523
377719
385003
391501
415241
432821
463241
470017
473561
523621
551449
552721
578771
585469
585631
594541
597871
601441
608203
636641
705473
716141
721801
729829
736291
736751
816001
827659
914551
915161
916327
929633
942565
1032533
1044469
1053761
1141141
1152271
1163527
1293337
1334581
1361581
1362481
1420579
1464601
1492663
1565497
1577467
1626041
1729729
1800517
1863907
1864193
1909001
1953671
2035153
2091181
2150953
2253751
2313841
2358533
2369809
2380351
2489527
2678413
2848217
2855299
2887613
2909297
2957281
2977217
3052183
3056621
3337849
3366091
3378733
3437113
3455101
3470921
3564001
3580741
3634633
3647621
3679201
3713641
3752173
3801641
3903257
4101637
4178539
4209661
4228687
4260403
4361581
4402333
4448351
4469471
4652561
4666093
4668469
4671577
4732051
4801537
4935701
4947541
4985857
5012717
5518237
5582389
5718721
5769947
5979247
6024251
6089671
6140161
6261685
6272449
6278533
6368689
6416401
6612541
6688039
6779137
6881557
6905089
6931211
6955087
7081147
7120513
7232149
7406311
7509701
7518037
7717081
7822081
7883731
7962697
8012189
8394373
8725753
8769949
8795401
8902741
8959567
9057061
9083761
9174829
9273661
9376963
9533701
9585541
9611369
9744827
9846401
10433431
10778041
11027383
11048941
11153101
11210431
11243053
11506409
11565601
11621849
11633641
12068029
12097331
12136531
12296663
12350521
12533431
12555619
12709819
12890503
13048993
13053811
13131721
13163473
13172521
13177751
13205521
13390081
13404751
13647691
13694761
13696033
13909559
14009761
14056111
14233969
14324473
14331331
14446081
14913991
14976991
15358033
15394517
15604321
15888313
16156481
16253551
16601201
17645689
17898661
18024751
18175361
18409861
18674713
18809911
19582837
19607561
19609633
20181617
20272253
20542981
20609713
21105943
21181447
21261001
21489679
21653591
22168411
22174021
22212551
22237741
22245961
22363741
22657309
22935217
22962649
22981351
23088077
23261713
23718577
24290779
24464149
24730309
24740113
25162741
25509331
25525499
26272457
26295901
26412439
26474581
26789033
26841781
27089245
27283205
27334385
27558721
27956503
28054423
28101511
28823041
28850719
29329357
29395891
29524717
29812267
29878381
29971873
30301441
30544363
30824399
31040833
31181581
31296193
31334881
31394665
31715713
31762441
31794241
32331301
32612749
32956717
33007201
33134785
33136153
33166849
33840397
33998431
34400731
34526521
34840681
35066819
35333161
35732497
35739469
36267001
36480263
36724591
37649503
37962541
38347921
38722301
39217861
39219461
39428251
39465091
39786979
40800817
40817131
40825405
40866751
41710411
41826943
41962807
41976001
42275567
42699041
42702661
42758983
43667317
43838341
43861393
43957603
44760581
45877861
46121641
46318651
46584037
46585771
46977421
47131657
47248961
47253781
47647117
47759041
48064021
48071761
48314773
48679649
48791389
48821543
49023151
49345463
49573627
49735981
49994179
50355361
51856201
51876301
52202653
52808053
52885873
53965441
54014101
54025801
54470491
55530161
56005783
56012641
57068701
57120001
57133789
58104901
58157779
58755877
59287981
60011599
60048641
61609717
61755751
63016001
63061417
63365653
63397751
64041869
64872571
65254393
65559647
67194401
68182003
69999169
70760971
70771307
71003101
71558101
72027001
72108421
72540073
72541099
72782851
72993601
73031837
73771549
75935971
76479397
76894651
76927805
77295961
77516191
78027251
78672151
78773621
79371469
79411201
79524301
79649921
80947657
81376903
81571001
81691261
81816547
82141357
82593793
82606711
82682881
83378761
83830033
84633301
84911401
86500765
86876177
87485833
88106131
89340661
90014653
90796681
90970133
91367431
91381753
91433281
91798991
91918633
92438647
93576151
94135321
94583377
94919419
95313947
96142927
96878101
97603633
97624117
98034751
98266751
99921371
101519057
102957157
103042241
104852881
104905777
105479537
106096771
106522979
106988351
107016011
107903617
108699193
108726601
111872659
111993967
112517393
112702591
112730479
113492941
114582637
114658561
114849901
115790485
116151661
116296601
116497531
118392301
118579441
119118121
119710951
120236707
120702529
122508107
123040985
123273001
124439041
124573501
124929601
125711251
125868943
125997121
126904051
127028513
129205781
129235601
129767551
130194109
130497391
130800433
133158961
133800661
134696801
134908417
135864691
136545067
137518597
137777473
137932321
138336661
139708207
139936217
143210233
143431697
143793451
144905417
145206361
145975021
146093689
146481193
146659801
146686009
147405259
147959467
148436209
149087401
149389633
151230301
152067001
152187091
153589801
155328053
156897211
157038553
157182637
157555501
158090311
159270589
160086781
160225139
160348189
160526593
161304001
163408163
164104513
164194381
164411911
164630089
165938653
166187009
166219129
166318657
166349137
168949771
170026099
170155279
170680751
171557101
171747577
172667821
173403871
173678203
174062621
174211201
174361951
174433663
175602641
176609441
176977921
177678071
177710413
179680537
181037581
182423713
182565073
183524111
184343281
184758127
185040703
188516329
189904513
192280951
192826621
193296517
193710367
193849111
194159881
197239591
198043151
199086841
200629619
200962213
201261061
201576523
202008313
202036501
202130197
202463057
203231621
204308521
205235561
207183601
208157419
208330627
208387117
208940851
208969201
210339397
210461959
212522113
212640721
213717589
214069879
214191623
215161459
217522561
217535459
217957489
218025481
219029329
219802589
220759883
221171401
222524347
224139241
224266321
226109599
227614213
227854609
230357761
230454001
230697073
232695541
233394367
233542843
234033061
235101511
236206781
237917333
240311449
240976981
242650717
244915471
247155791
247920661
250436033
250904899
251284153
251753441
252375781
254433691
255437671
255927181
256979609
258522877
259099081
259141583
259496641
260182061
262021981
264350521
264384469
264806701
265485329
267360913
267569857
268626181
268921969
271264351
276802721
276935251
277477903
279065377
280395649
280450633
281596591
284166877
285520033
285734473
286023403
286118071
287225303
287483491
289287601
290312401
290338561
291145537
291918079
292651633
293315131
294017251
294562549
297775483
298192753
299671921
300724831
300778207
301413001
301870999
303164317
303591421
306191621
306764191
309303037
309422033
309487127
310210561
310287121
310693633
311778457
313207357
314191721
316349281
316467901
316898893
318896257
319022371
320442107
321646681
322971751
324010061
325842481
326478709
326995267
329119237
330747301
334793551
336577921
337160227
337198843
338308361
340464001
340483573
342265951
343548881
343666181
347347087
348089281
348566401
349138567
356438851
362619181
364484341
365837851
366446599
366685357
368113411
368551243
369766405
370718897
371283067
371376631
372432451
375357163
376096033
377041393
377310953
379270651
380137633
380530751
381767797
382216537
384993451
385319089
387311107
387595441
387924517
388576207
389457451
390825271
390855739
391750741
392124151
392803861
393430717
393683137
394451821
395044651
396819865
397364113
397700503
403069933
403336051
404864701
409371151
410102881
411782089
415586251
415800703
416260391
416493091
418351231
419878801
421150801
423448651
424301641
424411501
427825027
430449493
430532717
430733701
432626011
433271581
434343601
436686461
437866087
439343191
441969751
442181291
442982041
444407531
445634911
446715221
448563127
449501761
449636017
450866021
453992111
455190187
457639393
458966711
460625281
460678681
462992261
463118041
465335459
465414973
468017617
469209751
469598221
470000833
470063791
470070811
470752133
471814001
473694943
473750371
474468229
474663887
474970501
475969231
477209701
478245763
478892881
479961421
480607579
481089467
481967399
487539001
488656981
489177361
489802951
490894111
491646403
492559141
493977037
495068059
495148933
497282101
499445041
500985941
502254061
503369729
505275187
506370439
506416591
510779039
514661401
515658601
518752513
519167617
519809701
520399381
521935781
522779611
523377961
525255197
531264811
533214751
533370377
533600033
535736449
537043249
538338601
541071181
544583821
547477057
547600639
547838201
547839451
548405201
548853841
549724033
551856551
553585891
553904677
554092631
554118661
554658751
557548801
558771931
559702153
566328937
568648981
569199691
574696337
575133131
577216861
578185301
581354881
585281791
587506129
587994361
590078161
591809081
592760057
592953901
593682907
597342461
598774573
600785813
601334611
602593441
606390301
609244501
611812321
611852671
611928901
612816751
613343371
614141249
615752051
616685887
617279821
618033001
622265365
623332529
623606413
628355719
628465457
628782127
631767943
632278081
632936743
633281419
635314597
636111451
636449269
636936697
638493901
639350401
640977373
643642301
644240741
644947031
647070529
647190253
652716301
652923521
655808077
659941021
661426561
661560961
662222107
667563487
669930829
670085683
677582989
679975003
680022883
681303241
681447131
682015951
682460501
682985671
683122573
684634133
685903681
686124451
688436893
694656901
696447181
697672249
702948091
703126993
703510493
703655131
706363093
710721001
711397333
712650881
714104627
716169301
720385903
721303243
721849789
723914897
725971151
727083001
727174441
728851507
734614303
734793467
735651601
735774661
737192689
739643491
741745531
742376341
742712401
743512001
749546029
750632137
753900577
756959963
757087651
758374079
758687581
765378241
766057421
767675503
769006153
770965127
772702531
773131927
773722531
773803601
774316201
775334057
785190451
787310203
788246341
788327107
788940833
789401209
793045561
794624419
799162561
802102201
803523781
804820001
806879737
811478533
814056001
816024161
817315441
819276571
827980471
828105881
829737221
829774401
832727713
833047477
834082817
837281611
837843931
842824981
845951767
846033661
847731887
850028939
851703301
854319269
854868257
855982157
858910501
859147651
859400071
859769191
861206261
864070001
866427283
867022747
867706201
869109281
878504281
878590733
880288049
880554547
880938689
881545813
883448171
884485897
885156121
886695109
891052507
893153521
893604013
896231953
896663461
898448761
898966801
899091649
901984931
902096161
904148251
904221641
906019393
909566191
910020833
914717761
915641821
918400033
921134551
922944439
924551249
928742413
929142901
929497817
930909169
933184801
935794081
936662687
937770037
939448693
940991731
946323841
947342353
949317217
950552683
951436921
951941161
952791001
955609903
957756761
960198251
960527189
962116681
963696337
963750961
965844271
966501199
966874093
967287751
969188689
969208549
969665657
969927401
971103097
972471151
975765787
979377433
987106681
988978889
989810251
991609921
993885751
994076591
994853551
998849281
1005745261
1008253273
1010037931
1010461121
1011262519
1011284819
1012505551
1014450617
1014756181
1016183491
1019658641
1020213991
1022479705
1023500017
1025411941
1025956037
1028018413
1029357529
1030459201
1031723971
1032139021
1033144561
1033267051
1038260873
1038997633
1041738989
1044916051
1045353583
1045600417
1048177651
1049443627
1052903149
1053732751
1054867951
1057376107
1057762681
1058151901
1061730451
1064756897
1072839941
1073473723
1077217021
1079536069
1084952881
1090108181
1092902533
1093555937
1095264437
1096774631
1096877777
1100510413
1102576301
1102989301
1108706857
1112831791
1114226857
1119902089
1123433977
1125907111
1127409551
1127485823
1127993861
1130199211
1131544981
1133110837
1135428031
1137320581
1141155121
1143217351
1143286621
1143730459
1144624031
1146743443
1147039423
1148416021
1149074011
1149954049
1153394801
1154343961
1154840383
1155025639
1156764913
1156995407
1157445451
1159098953
1159421509
1163168077
1163227759
1172473237
1174894501
1175565361
1182231227
1182405589
1183104001
1183403141
1184162801
1189576961
1189817371
1195369561
1195694651
1196364727
1204176751
1206453691
1207388009
1210393801
1212479399
1214998867
1215630473
1221044653
1221543233
1224768229
1227334837
1228194163
1229956003
1230818359
1232853007
1234125721
1236692521
1238018797
1240474841
1242494911
1244973445
1247875903
1248140521
1249279691
1249785941
1251773353
1255001671
1255663267
1257093821
1258962541
1260076501
1260387311
1260782161
1261099531
1261570133
1261851517
1263293281
1268018093
1268469781
1268469811
1268923993
1270120177
1271735011
1272769751
1272866167
1275619753
1280319841
1282274731
1286035381
1286298133
1295074171
1297556023
1302145267
1303644413
1309723213
1311254171
1311616153
1314780557
1315858381
1316613187
1321734497
1323238951
1324344341
1325172421
1327029997
1336404901
1336537441
1342481407
1345217227
1345514101
1346394511
1347387361
1352453257
1353742561
1355853007
1356002281
1357146061
1361441971
1362515701
1362764257
1364378203
1367432137
1371321541
1374644107
1375019101
1375236721
1375684831
1376069119
1378203751
1381647439
1385627077
1389353941
1392189569
1394632891
1397966851
1404012871
1404253369
1408680001
1410341377
1414938377
1415979979
1416141931
1417958891
1425860101
1430509151
1433928581
1439359651
1439602639
1440231941
1442111041
1444441861
1446812641
1451596801
1453548403
1457715901
1460280259
1463992661
1465217911
1467566101
1471147391
1472221921
1484742533
1486161673
1491098911
1495233739
1497055111
1503421453
1505432881
1506643601
1508850841
1509156013
1512052081
1515718807
1516972051
1518057289
1521221473
1523816257
1528254817
1529705629
1532228141
1536365629
1538232463
1541272951
1547543161
1548686081
1549603213
1552636807
1552668979
1557996571
1558913203
1561306249
1562794351
1563799981
1565690029
1566954401
1567090867
1567830241
1568259001
1570018741
1570997431
1576415233
1577211721
1579079503
1586548531
1588213577
1588472341
1590910501
1592435467
1592595703
1592969501
1593706201
1595290789
1596190801
1596962723
1604234413
1607705761
1609138081
1613151901
1614381133
1616767939
1618133101
1618435171
1620380719
1625597569
1626258523
1626557011
1627588943
1628304091
1635548221
1635565471
1636435201
1642354033
1642868137
1643396801
1644689597
1646337379
1646349841
1646590843
1648102129
1648765231
1652932513
1654156453
1661807071
1669497877
1671603667
1673513731
1674248801
1676048497
1677101167
1678151707
1678641011
1680901381
1681519771
1686285901
1686298447
1686354757
1687336633
1692605041
1694367193
1697119213
1697558501
1697675869
1699279441
1702738837
1707022711
1708497407
1708873057
1710345323
1710368839
1710616321
1711635661
1714454941
1714529389
1714842361
1715095171
1725217121
1726007797
1729633751
1730239333
1731249367
1735915771
1738190981
1738724653
1743984601
1748100181
1752172003
1752373345
1756105933
1758205501
1758656989
1760706811
1761526057
1762030639
1762308623
1763981381
1767126913
1768395001
1769148751
1769642593
1771021351
1773096931
1773900833
1774628041
1776025531
1776073781
1780882411
1781410481
1785055889
1785931193
1791875621
1792442737
1793132881
1793945413
1795178647
1798365643
1798391773
1802131729
1802778901
1805555201
1807751977
1822657981
1829211451
1829383471
1829984531
1834980529
1838453203
1840009891
1843051687
1847657581
1855694699
1856009377
1856045269
1856924933
1861026133
1864009153
1864274917
1869875281
1870674037
1875981313
1877445571
1878691753
1880504033
1880880431
1882427681
1884992653
1891234921
1892134501
1896689737
1900687381
1904524903
1907488381
1911067159
1913422591
1914303841
1915407821
1921199941
1921309633
1926138061
1927251943
1939369531
1944125633
1948161547
1949646601
1949987519
1950782777
1952968753
1959594019
1962955177
1964145151
1967088727
1967345443
1969429531
1977827329
1981260541
1984121641
1987732891
1989835417
1992858827
1994203213
2000436751
2005755937
2017331083
2019805261
2024948701
2028685753
2033509747
2033860321
2039986187
2040948397
2042467741
2042507251
2042845351
2045584711
2055581659
2056513741
2058333751
2059640951
2059972021
2062074431
2063228203
2065040353
2067874273
2067887557
2071973119
2072334881
2079328469
2080301057
2080689031
2083455001
2086356763
2086843361
2088110491
2091848221
2093818861
2095002631
2096510417
2104759801
2114698291
2120096161
2120914153
2122127521
2123792551
2131620571
2131674161
2133876991
2136400813
2144294857
2144961253
2147452451
2148887651
2150849317
2151430051
2156767003
2169323861
2170551167
2173912129
2175022981
2187844561
2196100411
2196839041
2203663621
2205529201
2216123671
2216494177
2217879901
2224183501
2224278253
2225383441
2226182191
2227207399
2228389321
2228945671
2231794681
2240511313
2241880033
2244047261
2245486051
2248302673
2253693641
2257572013
2258956841
2260621681
2263466977
2263594717
2267091391
2271784087
2280256513
2281498649
2281910401
2285660833
2287245997
2291686141
2294230841
2295654937
2297978413
2302224361
2314820377
2321551751
2326368857
2332461949
2333874919
2338635691
2339290441
2352381721
2364949441
2366923087
2375894809
2378435941
2381033431
2382071861
2382915901
2385059041
2385076987
2385174331
2387333959
2393317291
2395521217
2396191153
2396775907
2399258863
2400954461
2401861951
2403802133
2404003969
2404942541
2412172153
2414281303
2416897957
2420406487
2427845551
2441264941
2441432503
2443725241
2447469487
2448819001
2452746671
2456536681
2458104223
2461871497
2463546361
2466847801
2470214251
2470478701
2470869253
2480343553
2481134947
2482682131
2485230751
2485674283
2485711031
2485846441
2490533977
2490974777
2493698131
2497638781
2502571033
2507395279
2508178843
2508456301
2512327189
2519186671
2532630787
2533465661
2533915781
2539839727
2540469901
2546486689
2547746447
2551369531
2552536841
2552735639
2553133441
2555907331
2555980111
2556832741
2559741409
2559984571
2560808041
2565233113
2568560051
2572276681
2578088971
2580496591
2581982989
2581993373
2582799451
2591111185
2593965343
2598933481
2601806701
2612565191
2622582361
2626555933
2627007007
2630455313
2636330381
2639022721
2655357841
2656296091
2658355057
2659477789
2659939453
2676053333
2677167511
2681460461
2683297741
2683869157
2690408533
2690411257
2692329001
2700110351
2700894673
2708669377
2710290241
2712126559
2712456601
2715421901
2722464119
2723453701
2725238461
2727132509
2727923201
2732955937
2734207081
2734516009
2735309521
2738184697
2744393851
2745577817
2752293481
2756446663
2762709271
2766006253
2771071031
2775980593
2778076421
2778813041
2782563541
2784581731
2786364931
2793293689
2795883479
2800207681
2806589017
2806730551
2809786591
2813467621
2817036091
2818090001
2819053969
2823260953
2826128971
2836666001
2842453351
2851982381
2853252013
2855071801
2857919401
2859646219
2865164491
2866783501
2868467257
2873094001
2877769501
2877801229
2879084671
2879830913
2882176001
2884966573
2892483521
2894667781
2912575321
2915953633
2916139981
2921552653
2922552865
2927266123
2931708097
2933563781
2939594407
2946016891
2947790341
2955807667
2955922219
2968983701
2969220409
2970633301
2975096953
2981424493
2983900033
2986528151
2996755061
2998202353
3002340349
3005281603
3023009809
3024211087
3025350343
3026226673
3028972213
3029622611
3042630533
3054297403
3055803031
3059747461
3065104673
3069581791
3070208261
3072773533
3077122133
3086767657
3089013313
3089749969
3094462109
3106875241
3110152417
3116456071
3117042721
3121936271
3130386821
3137756161
3149795293
3150670177
3156161009
3157579861
3165010577
3168479665
3172658653
3175526971
3175607249
3182880457
3187939921
3189701011
3197620441
3200985217
3205012963
3208266811
3213895051
3226864033
3228044821
3233558021
3241152779
3246601987
3247318717
3250552201
3260095957
3260365373
3260594173
3267127531
3273091529
3277538821
3280593611
3281593591
3294375001
3295351441
3295769527
3299142911
3300548473
3316838051
3318039541
3327889561
3331537351
3332340703
3334237201
3335457329
3344191241
3351753703
3352776701
3363483589
3363763231
3376759433
3382261579
3383477191
3387352321
3387676961
3397433869
3399415867
3401510113
3402234749
3406091701
3410552701
3411338491
3411523441
3413957779
3414819409
3433541959
3435848983
3448739269
3450935503
3456011131
3460390429
3460462363
3462547279
3464236901
3466398673
3467484391
3470006161
3475337977
3476599237
3478866931
3498145489
3504434431
3515283721
3516738451
3524762179
3528544751
3533888737
3537821071
3550063477
3551279801
3573842581
3584800801
3590126777
3596491907
3596940097
3597507607
3598590817
3601552249
3602006101
3610123501
3612298321
3614770573
3616574081
3618244081
3628465889
3636081721
3637831753
3644918659
3647581471
3651150331
3651796627
3652775041
3665242951
3666918109
3673201789
3685991041
3690456181
3692283211
3692426431
3694411001
3695023639
3698276741
3699833761
3704116219
3709794061
3714045481
3720728873
3723290689
3725164411
3730125871
3732674401
3734017561
3734447513
3747570989
3749780509
3766153843
3767348881
3768263207
3776698801
3793282093
3811338287
3821370103
3825498029
3826699537
3828582421
3834017263
3835001171
3841324339
3848262053
3859353683
3860506711
3872894143
3874186471
3876760609
3878936029
3886515361
3892928203
3895924033
3902037751
3903525163
3904321745
3909088301
3910653577
3914322001
3922842577
3929295217
3939026801
3939429079
3942600481
3951382753
3952593817
3959983099
3960636751
3960653029
3971095301
3973046923
3976127285
3983455297
3987528793
3991500451
3992590351
3994062751
4002931819
4014000493
4020144133
4022882041
4039299227
4041807013
4045853557
4046700863
4047464957
4051494673
4055746861
4057195309
4060942381
4061009971
4066007107
4067887501
4073353243
4077021691
4081755637
4084942681
4086437587
4095650791
4100037769
4100934241
4103331277
4105308673
4106442751
4112516957
4120791671
4135310821
4140869671
4144945351
4145008513
4172137201
4172606407
4173243121
4173866413
4174894081
4176385921
4189357987
4195864261
4202024743
4206695677
4218069049
4226624497
4229084081
4233578551
4234027601
4235887891
4244933449
4251443821
4256226371
4265456911
4274270051
4275230917
4284625591
4289470021
4292302577
