9
65
205
259
533
1441
1921
2665
3439
5257
15457
23281
24617
26797
27787
28939
34219
39481
44671
45629
64681
67069
76429
79501
93521
102173
105877
109861
113401
121537
128627
181579
191959
194509
196093
213851
217801
275887
278653
286903
292945
318551
325981
340033
401191
425969
462961
497503
498451
509971
561601
591229
602671
622585
710533
722261
748661
804805
831793
841249
909271
954271
960301
1082191
1122769
1260871
1433407
1441091
1463443
1586293
1651123
1683361
1755001
1869211
1916545
1925617
1963501
1970299
2091181
2140921
2202985
2212291
2219131
2227091
2358533
2400091
2479051
2545181
2546771
2603989
2604331
2831441
2887571
2944261
2999221
3116107
3118921
3136141
3167539
3338221
3363121
3375041
3610993
3760051
3815011
3830971
3850001
3856711
4074907
4113841
4166839
4321153
4576513
4610389
4848449
4931359
4981153
5006569
5049971
5120743
5155637
5268511
5297293
5406031
5419751
5444489
5587399
5770201
5918965
5979247
6035009
6056161
6193639
6213049
6621763
6643669
6671611
6783793
6952037
7423817
7624501
7686401
7725901
7801273
8086231
8093605
8329231
8417281
8507731
8595361
8650951
8669891
8725753
9040069
9080191
9172357
9227417
9322591
9450241
9585541
9659413
9808651
9811891
9835541
9885943
10218797
10297009
10465753
10615903
10683553
10849681
10905331
11047609
11391179
11644333
11789117
11894821
12261061
12267271
12322133
12407011
12413647
12762685
12899891
13647691
13859761
13909559
13939253
14324473
14459761
14480573
14600191
14687681
14892541
15087931
15329777
15560651
15796889
16343251
16354837
16520533
16621501
16766329
16900687
17282101
17316001
17443213
17552497
17622865
17714539
18054937
18063559
18179803
18303319
18612289
18809911
19622791
19669271
19924073
20118085
20365021
21303343
21524041
21578377
22266487
22590251
22994371
23212897
23464033
23501311
24273401
24550241
24915085
25052527
25171771
25276421
25342411
25413361
25514507
25909453
26272457
26544493
26566273
26671951
27301123
27532657
27731701
28014481
28392913
28527049
29413171
29415871
29458573
29853631
30193471
30342313
30824399
31037719
31118081
31315033
31423519
31436123
31513501
31630327
31794241
32091781
32291501
32498929
32504239
33040477
33547921
33571477
33908981
34159201
34429081
35340769
35524289
36142849
36255451
37528783
38129851
38676301
39020941
39050245
40239781
40266731
40489345
41452759
41509141
42002021
42254737
42332683
42709591
42956497
43029043
43036003
43140319
43331401
44148649
44421431
44635223
44796161
45819541
45931117
46657181
46672291
46728533
47381821
47606077
48064021
48134497
48943291
49019851
49401601
49425769
49426441
50997451
51241367
51623501
52936801
53182009
53585299
53962351
54026251
54029741
54190579
54767881
55533277
55821041
55996123
56495071
56549929
57189001
57522847
57529357
57833861
58807453
58828771
58986091
60559993
61141909
61755751
62289541
62423551
62870627
63351293
64042423
64042903
64972801
66086819
67137601
67496711
67826431
67902031
68463337
68512867
69080923
69139201
69273137
69290411
69485281
69500929
70122079
70738183
71071561
71498507
72759277
72872801
73247561
73364785
73568881
74573869
74925971
74927161
75320341
75642157
76129987
76655921
76966991
77648941
77781241
78448609
78815593
78949217
79411201
79464533
80104033
80207381
80345597
80867953
80918281
81433591
81455137
81965671
82155481
82198201
82574509
82882753
83520191
83620051
83645901
84998503
85952701
86120143
86204581
86385587
86425601
90056161
92622289
92696911
93610111
94612771
95283337
95451361
96053981
98025121
98034751
98721127
99456257
99722729
101365867
102358747
102678031
103524151
104852881
105520213
106051177
107032817
108596953
109210901
109541461
109838431
110329451
111202297
111448723
112702591
112723007
112939831
113519267
113605201
114305441
114516751
115805593
116090081
116296601
116467201
116613641
116806141
117401293
117445987
119184451
120248173
120288001
121374241
122486587
122584897
124855551
125222599
126035911
126354385
126693989
127534243
128536561
128622649
128987429
129413549
130761793
130944133
131248307
131989733
132332201
134068411
134205391
134287477
134384069
134490301
134696801
134767153
134913197
135023257
136962151
137340451
137766163
138158411
138450113
138829657
139592101
141618181
141619861
142411601
143106133
143713627
145072351
146613013
147243313
147842531
149477791
149532571
150988753
153920449
154679227
155088449
155203361
155715481
156854611
157451963
157978271
158068153
158326279
158782891
161952101
162096901
164292577
165283471
166192885
171924947
173068309
174421777
176044079
177052789
177349147
177623161
179106937
183350539
183726091
184698881
185040703
185816593
186054721
186298573
186654241
186750779
187248307
188817371
189098869
189109621
189904513
191326141
191859553
194159881
195654817
195859273
196049701
198200731
199608031
199686631
199789441
200445037
200629619
200931589
201233791
202592251
203266411
203330401
203485051
203793559
207588991
207816421
208125901
210217573
211893499
212256301
213035761
213954043
216762671
217186537
217805281
218165687
218603617
218642029
218793401
220252159
220436831
220531501
220883521
221257609
222571231
224582221
227418133
227597569
228994603
230697073
231405701
231509041
232554037
236123101
236617741
237265057
237321727
237727249
240272077
240459901
240689401
241572673
242277043
242729401
243768643
244915471
245070751
246446929
247002731
247920661
248003281
249141421
251643913
254199733
255143617
255829961
255866131
255889279
258634741
259169501
260036281
260265911
262229761
262833871
263941627
265196989
265564721
265576081
265687567
267152033
267559627
268505551
268781773
270952193
270984001
273480637
276542401
277880401
278700949
279022837
280312003
280835153
282720031
287260147
287546797
287715121
287762509
288086041
290558731
291236977
292538819
294107801
294825359
296382901
296509357
297641653
298241809
301000363
303220927
304672051
305594101
306692917
310693633
311403061
311624389
313037731
314532161
316315117
316583041
317008411
317868211
324051253
324495427
325242481
325270369
326377399
328402181
330262843
330416161
331934989
333067151
334356023
334609441
335917583
341342497
343477681
343560229
344183473
344819977
345312865
345347713
345787751
346080391
346305403
347368657
350297777
351058753
352459697
353722513
354749951
356043433
357395347
358712691
360948151
362276251
362569201
362937961
363245581
365752757
366652201
368030287
368113411
369107869
372038627
372180307
374336701
374703127
375441247
376957153
377802751
377806687
378348463
378583813
378641297
379270651
379818353
380137633
382325311
382386271
387324869
388616941
391930003
393087847
394980643
396717319
397102841
398582917
398866513
399671641
400142167
400374253
400557109
403095967
404864701
410746051
411840833
414519113
414876013
416168461
416474137
417223301
417345673
417378641
419615173
419894021
420235579
421365611
421942951
430926337
432394021
434343601
440973721
443353633
443708917
444007873
444098903
446200021
450956437
451002491
452605921
453919201
455461471
457274161
459011191
460816957
463579201
463885381
464688701
465991861
467135281
468500033
468631591
469209751
469636081
470705761
471284731
473478937
473750371
476792473
477461651
480210331
481637381
481734401
481828177
483306601
485551021
486063001
489786841
490518181
490693897
491758573
491988043
494211661
495062443
495068059
495573121
495814051
498238201
498442951
498662561
499937707
500985941
502763701
502954141
503298461
509658733
510425569
510925609
511121161
511203551
513846413
519365941
520874993
521165713
524151253
524416681
527954017
528043753
528992669
530048293
530882965
532094413
532800133
534452531
535272187
535724191
535774081
536000221
537084479
538906471
540317051
540654409
545738203
545859217
551056351
552695599
553368943
554355187
557794177
559702153
560612167
562572011
563504371
563616353
563975029
566705171
567292657
570606131
573896881
575419021
575738611
578575999
581618143
582040693
584027081
584868181
585281791
585914297
587444287
588956479
590356357
590990453
591043771
591813517
592769633
594979561
595606909
596714509
597904231
598488601
603624943
604794049
609244501
610127911
614226761
615416341
620169409
620928533
620966413
621071299
622045937
624732421
625482001
627886657
630918367
631881337
632117107
634467461
635147101
636859339
644614433
647190253
647355143
647679397
649067209
649919701
653260633
653343463
656893693
658308223
660354151
661725751
662555713
663184999
663414313
663509251
663699961
664745657
666434791
666630259
667619839
667993061
668826283
669546433
670567301
671235373
674737523
675106651
679396303
679975003
680196001
682377281
682655999
682675183
685903681
689734393
690805321
693138349
694271791
696336967
697395421
697502921
697619671
699653431
699832117
700839761
701798081
702424951
702683101
705209671
706415453
710617861
711255691
711265501
713946133
716169301
716379409
719337823
719794661
720184001
720385903
721636801
726366001
726427937
729090001
730704133
730761457
732402343
738820351
741181547
741470549
747035959
751546801
753480421
753509359
753886657
754020361
755864321
756265033
756318751
757834531
759085273
760264009
760974121
762140801
765186581
769006153
770909107
772702531
774351733
777647471
780178001
780259711
781154377
787085857
792282451
793854679
796096361
798321709
803014241
809298001
811169797
813312193
813361771
816178373
817506337
819888023
821272273
821376533
823426963
823669949
823839241
829512001
829932601
832646389
832870891
833091631
833610751
839208439
841329301
842338099
842790101
847340657
849606031
851990017
852729121
856457489
857067751
857100421
857167561
861286081
862069079
863995141
865353133
868113937
868448911
873953869
874837633
876464201
877272181
877532671
880269881
880696741
882301421
885493927
887171941
887570599
888320557
895489757
897249601
897676501
902079361
902096161
903704491
904505611
906471301
914363641
914524099
915056843
915743251
916428067
918400033
918661501
918757127
919078889
921167941
922595533
925625341
925964251
934186861
936662687
942357979
943795201
946618289
948393559
948845377
949324951
949358801
951232133
953370133
954924013
962726077
973629031
975317561
977254081
978563041
979363153
979474213
981331321
989740891
995971079
1000526851
1005201445
1010461121
1012601251
1014328603
1017496261
1020892531
1021118017
1022271769
1023405373
1024289281
1024824373
1024966801
1027744453
1030354417
1030960657
1031961379
1032101461
1033064341
1034283421
1037090011
1037356417
1037849177
1041619141
1053059521
1062973633
1067558929
1068761027
1070941987
1074220489
1075100041
1080425119
1081607311
1083348841
1086650911
1096925101
1098404941
1101376711
1105196203
1112352571
1121176981
1124469361
1125286237
1130106797
1134001021
1137752887
1142524501
1152793621
1155040147
1158486013
1161625457
1161965369
1164523931
1164999553
1173711001
1175136481
1175810731
1180970407
1182495497
1184554801
1185957709
1188221201
1192809577
1194676673
1195369561
1195703339
1196847667
1198398631
1200281437
1200387137
1205606533
1213171021
1213619761
1214531209
1222877491
1224200801
1225278401
1226980903
1232097751
1234125721
1238539777
1238891431
1239927193
1240457167
1241383249
1242693121
1244828341
1245528541
1246110361
1247373271
1250700907
1252420201
1255663267
1257102001
1257776251
1258282741
1263565801
1266054193
1268485633
1273359907
1284845761
1290677789
1299216421
1299666131
1304746483
1307281471
1308544903
1309382713
1313428201
1318652581
1321734497
1323136501
1323238951
1323407251
1325172421
1325697199
1331499097
1331604427
1335361609
1338579257
1340121257
1342287829
1350245293
1351424257
1353433819
1353440233
1354103743
1354991653
1356241321
1362132541
1362810433
1363200833
1371762001
1377314737
1377764953
1379140141
1382453333
1384675681
1387766461
1390697177
1399144291
1402248403
1403871533
1405748959
1407953971
1409323777
1414755619
1421189551
1421324497
1426068821
1426439321
1429064839
1430021347
1431651131
1431691441
1432354901
1433119447
1440231941
1444095001
1445018441
1449146807
1451585521
1453385701
1453725631
1455060097
1456231393
1460115763
1469741761
1472650999
1474746001
1477763387
1478045281
1479276223
1481489719
1484071681
1486564301
1486728641
1486939369
1491134221
1497192269
1499367281
1502416861
1504832033
1506540421
1508642701
1516071547
1520190341
1526537377
1532569681
1532755369
1533767203
1536694933
1538012449
1538046761
1538919881
1539587449
1540188791
1541346211
1542299513
1544599061
1547512723
1548417809
1549617319
1552535129
1558913203
1560400139
1560823093
1560971119
1561800833
1564579061
1582547851
1582750429
1583230241
1583658649
1585501877
1588137437
1588247851
1589307919
1592595703
1606749061
1620646177
1622695873
1622872651
1627644961
1627647751
1633443073
1639767209
1642868137
1643535217
1643931181
1645377337
1648076041
1648652869
1650682153
1651911721
1656947671
1657191901
1663829201
1665295201
1665597781
1666794841
1667690317
1672173049
1673157281
1673513731
1678151707
1682454019
1693368451
1694938519
1698511249
1701021587
1701129281
1703866993
1705146049
1707421633
1711155391
1712877197
1713109399
1713367291
1717737841
1720994833
1721178937
1722306779
1722463471
1725379811
1726356391
1726964341
1731275341
1731971699
1732991017
1741080661
1744605097
1747165897
1749257371
1749360727
1750412161
1750803169
1753593031
1756397521
1756580557
1758720071
1766311681
1766948551
1768213009
1773444551
1773806413
1780581433
1784425231
1788945679
1790023861
1792331861
1794574697
1803308057
1804559557
1807694593
1813522465
1813675681
1815767621
1817334481
1820346481
1822479751
1823766557
1827091633
1827260641
1834576633
1840178341
1844279011
1844574889
1846511641
1851493981
1854940231
1855197671
1856689453
1870674037
1871597659
1874850349
1876900481
1877420173
1884669361
1889528033
1893873367
1897700113
1900104383
1906722439
1909759051
1912549241
1913296951
1919586271
1934350351
1937010641
1937238931
1939604509
1944427817
1948133617
1948803097
1951386721
1957084741
1958083381
1959757801
1962730531
1965139807
1966182401
1966319083
1973142407
1976660981
1977932797
1978167181
1989628327
1997844157
2000436751
2010252637
2020170601
2024869991
2045584711
2051593633
2052500347
2055106171
2061126433
2063228203
2069182981
2074292879
2078651161
2090852749
2091848221
2095908491
2103632039
2106856001
2108764481
2110103491
2114808187
2117185051
2122216123
2122961677
2123112967
2129979043
2130156361
2141640001
2144961253
2156767003
2156839249
2157581791
2158602577
2160114001
2160304441
2163769841
2169323861
2179878031
2194649659
2196463963
2199129067
2214761251
2217879901
2217929851
2217930587
2218990321
2222840107
2228023601
2234162401
2242724851
2247044977
2250035713
2252298539
2259782839
2266645757
2269307587
2271699167
2276606503
2280503941
2280656953
2287582201
2291657257
2294455411
2298363451
2304710123
2306811911
2310044101
2312963333
2319724441
2321251129
2321473001
2327748337
2335341601
2335522393
2337670031
2345907961
2350015039
2350043767
2355216001
2361903571
2362345261
2365443001
2375590699
2376191569
2380603501
2381106661
2386828117
2401402309
2406594163
2409801143
2413704031
2418857929
2432441573
2438403661
2439600833
2446893703
2447702821
2449191841
2452528261
2456404231
2458231903
2458874683
2459637181
2461103329
2463246113
2466435301
2470869253
2474859073
2478406673
2489777137
2490533977
2490831487
2499183763
2505465289
2505827941
2508378961
2511924601
2514929581
2525693987
2525929351
2528015201
2530394593
2532579547
2533533841
2535840511
2545660981
2549408401
2551590791
2553045097
2554393879
2556832741
2559446653
2560432009
2577083279
2578735351
2581668799
2582246701
2582524319
2585837251
2591622197
2592608819
2598933481
2599472899
2605482601
2614773121
2623985407
2628703213
2629245841
2634284801
2636977969
2637526711
2639982091
2643585551
2644557301
2646147001
2646547201
2649418241
2653176913
2653637747
2654851387
2654993251
2665885997
2683162513
2695151449
2703714007
2704546027
2711356301
2716344661
2717549929
2724552907
2731296961
2736066667
2737789441
2743738003
2753095417
2755825183
2761545403
2762895565
2768248321
2769217201
2776874941
2781199481
2784937993
2788738657
2789751763
2790281551
2802534877
2814414331
2817352289
2822521411
2823100561
2824256377
2826128971
2832748397
2834658553
2840871041
2840923361
2848531729
2849658241
2851693501
2852049661
2854300201
2855661121
2857024451
2858105251
2859283321
2861486167
2865729721
2872327321
2889760931
2913401611
2917899527
2927499301
2930428001
2933563781
2945852371
2945960033
2947262551
2951544961
2954487551
2957320351
2973569581
2976315457
2981559565
2984431339
2989220221
3004224137
3005851031
3008333333
3023049727
3026575009
3030393901
3031571071
3046516901
3047600641
3052020457
3062066971
3062737723
3063685633
3071678317
3075032731
3083053387
3087935621
3091197391
3092808787
3097527577
3105619531
3110830003
3112723351
3115224883
3121433281
3135040133
3136811761
3148806403
3150110269
3155441437
3158172779
3161757457
3162866621
3171651751
3172327849
3175526971
3177323131
3177449713
3185374321
3187421077
3199437601
3202895821
3205012963
3210646627
3213895051
3217744531
3228492961
3245383481
3245454829
3245556239
3249335941
3253658959
3256366051
3258163037
3261194581
3267036007
3274526287
3275550169
3277780661
3279763589
3284258833
3284315149
3294768121
3307251221
3312416251
3313334647
3315139717
3321683633
3322975969
3323925991
3325814201
3329284561
3332340703
3335899927
3342005633
3347214421
3348060811
3350290609
3355222291
3361025461
3364070533
3368823121
3372516001
3377650277
3383772713
3393083731
3394650971
3397433869
3399273361
3401510113
3404154151
3413780371
3414819409
3415379701
3435208943
3439186873
3442461877
3443317021
3450935503
3453354607
3467821087
3476369563
3481509799
3486054241
3491756479
3495943153
3496644001
3497642209
3502365571
3503841139
3504936907
3510295177
3510614251
3513043117
3517062121
3518062801
3520909237
3529344607
3538213381
3544849001
3547145027
3552388001
3554383141
3554817481
3570793969
3570928927
3573195097
3602006101
3611686157
3621780529
3623836187
3627307249
3634084871
3643651057
3644934247
3653266681
3656110921
3656268391
3656511073
3666207637
3694411001
3703707121
3718428121
3719733697
3721884013
3728600611
3736496341
3761082697
3775385011
3797157911
3799219951
3800306971
3801498541
3803679181
3804352303
3806324341
3807645859
3812822413
3816081361
3824339819
3832413097
3832953601
3845485513
3861751531
3874456321
3877846459
3886465201
3888925501
3890736481
3895924033
3897823819
3918520321
3926933557
3931879267
3937179553
3947704777
3951813601
3960021643
3968219161
3970206629
3973308961
3990085441
3992064721
4001715541
4004875373
4005660961
4019238761
4032345601
4042578403
4043092567
4046045257
4046252449
4058229121
4062489421
4086058321
4088005729
4088838913
4093481081
4098188053
4106260033
4111149169
4116972385
4124156311
4127673631
4128379201
4142995639
4165491749
4167331667
4169613187
4169961857
4179008347
4180604191
4183413671
4187639161
4190486257
4193357629
4206758533
4211049529
4214321521
4218093773
4223726911
4227636337
4228090903
4230539809
4232966251
4235818861
4235887891
4237634407
4247616941
4250911061
4252403803
4256297551
4258745041
4263014701
4265045797
4268939281
4270028101
4274270051
4275534481
4282136321
4282976281
4285338433
4294566721
