91
95
133
169
217
247
403
493
589
629
1073
1183
1729
2821
3211
4123
5239
6533
7657
13333
17767
18241
20581
21463
22477
25019
25141
26599
30535
32689
33001
33227
36673
38081
38503
40021
40321
42127
53599
61337
61447
73801
74803
79003
90361
91001
97921
99541
100381
104653
105679
111055
113521
117481
125401
127639
131401
138415
143011
145913
178709
182533
192001
194273
206981
226801
230323
310465
317341
341531
357601
410041
432821
458989
485293
520171
597871
606101
610021
625049
629801
638011
644707
696787
726311
736291
754585
770251
842023
878219
906193
939727
970759
999283
1006801
1047001
1112701
1169101
1170715
1185419
1200967
1230121
1318573
1337509
1338961
1349629
1354477
1389581
1446877
1461251
1537381
1626041
1648351
1683361
1703131
1711711
1795963
1809697
1853911
1869211
1872871
1891241
1893943
1971811
2064673
2093519
2179601
2186497
2227091
2284453
2287831
2409481
2424731
2473201
2510569
2524801
2551393
2604121
2635921
2722721
2741311
2882713
3030121
3070333
3089683
3246541
3324511
3419455
3442753
3443497
3560761
3568661
3641911
3702001
3732229
3761377
3821101
3822607
3877945
4004611
4024297
4024621
4145401
4169881
4177189
4238191
4433341
4615207
4861207
4928641
5020289
5122133
5136859
5148001
5160415
5293201
5351537
5508607
5539717
5627953
5886079
5902049
5903497
6123241
6186403
6236257
6253921
6259303
6330721
6787327
6868261
6890563
6918727
7115851
7298101
7462001
7519441
7520291
7568191
7751641
7924633
7996067
8010811
8070217
8086231
8231653
8336137
8582911
8664601
8917969
9056881
9152533
9157429
9371251
9382465
9763751
9863461
9864941
9868381
9986869
10028413
10153781
10161151
10386241
10479787
10768231
10778041
10841209
11143951
11167861
11247661
11466113
11530801
11541307
11720441
11762461
12057301
12057371
12059741
12245281
12497539
12544633
12641707
12799697
12811801
13014001
13047583
13073941
13374593
13390081
13419667
13449619
13628401
13996951
14009581
14056111
14165587
14544259
14687681
14729101
14746373
15083641
15247621
15399091
15565069
15885937
16253551
16671223
16691191
16786513
16883371
17286613
17569441
18149869
18861553
19239685
19291577
19361189
19429801
19576399
19708921
20261251
21069721
21116551
21285881
21671453
21813661
22035917
22112911
22669501
22713181
23313263
23426335
23944921
24324871
24463621
24482503
24487831
25276421
25700221
25971691
26215921
26485231
26566273
26570071
26977001
27617581
27812857
28318931
28329133
28351453
28449961
28453195
28769701
28813573
29111881
30326881
30652949
31256401
31405501
31715713
31975441
32199857
32457031
32624677
33177953
33946501
34084181
34129321
34865471
35732497
35845633
36163093
36177301
36307981
36386939
36578389
36827797
36851959
36953929
37577539
37736533
37819877
38110661
38340955
38389351
38714237
38886211
39513137
39547171
40021609
40062413
40465501
40621591
40629601
40917241
41298985
41607721
41826943
41906761
42036679
42456233
42536341
42714937
42813613
43036003
43957603
45559729
45819541
45880213
46633861
46731889
47299123
48125437
48481679
48960409
49019851
49030381
49487833
49621087
49748335
49751971
50523661
50759141
50836435
50997451
51088133
51425011
51500521
51773731
51780251
52926829
53241373
53370029
53655551
53983577
54306121
54511021
54824641
55965013
56196901
56408311
57833861
58051883
58059001
58449847
59318533
59788931
60161401
60199483
60207631
60229121
60416945
60574729
60657241
61414861
62551109
62609233
62723887
62810371
63317215
63799471
65673739
65827021
66085591
66257461
66318101
66351841
66437371
66573151
66998317
67642513
67902031
68165761
68314357
68735591
69424981
69485281
69600833
72642571
72711601
72821719
72884701
72993601
72998043
73092043
73254127
73951939
74126611
75037381
75644251
75776581
76479397
77295961
77871691
77940773
78177277
78582451
78795181
79417801
80727751
81244951
81759679
81799741
81893611
82690471
84159451
84410551
87155713
87401887
88418599
88554871
88930463
90239941
90273751
90498689
91367431
91912321
92835667
93255895
93431521
93980251
94502701
95277091
95829131
96894071
96907721
98340089
98728033
99908191
100176751
100662941
100948609
101450749
102901633
103098761
103524151
103983907
103998889
104089879
104278199
104663089
104887315
105367813
105730801
105812731
107895023
108220339
108596953
109437751
109541461
109756081
109936249
110135821
112040461
112382801
112759039
113108399
113142187
113492101
113940597
114305441
114366313
114704773
115448447
115981921
116240389
117609977
118392301
118566533
118623727
118892881
123387391
123582929
125766577
126793063
127028513
128027201
128419943
128507431
129517181
129762001
129762883
131868451
131973151
132028541
133382341
133391611
134295061
134384069
136496803
136790161
137340451
137433751
137851409
139592101
139810133
139952671
140309947
140349733
140598613
140767901
140770213
140862349
141255451
141475861
142930657
143088151
143106133
144154351
144530083
145820503
146156617
147019441
147424001
147464941
148388131
148540561
149172433
149532571
150651511
151845121
151941451
152309917
153589801
155342521
157803521
158097151
158233717
159874021
160378861
160676131
161199991
161600843
161952101
162141143
162167281
162410557
162646207
163140847
163513153
163515529
165283471
165654721
166442251
166595131
168380251
169608067
170947105
171068893
171515719
172035841
172546793
173252449
173401621
174307897
175087849
176590213
176597821
177455701
178168537
179100937
181150561
184016281
184627201
184778917
186125633
186809041
186949189
187320481
187790131
188516329
191648161
191652313
191798881
192241901
192769291
192800833
193133557
193230577
193341451
193564757
194140189
194908441
195369641
195628451
195654817
195664571
196075949
196279201
198118201
198939511
199022441
199143523
200801089
201319039
202468477
202539259
202859371
203145157
203231621
203269177
203402611
204271021
204814679
205235561
206757541
208075033
208817377
209020045
209266669
210339397
210812311
211261951
212256301
212941513
213035761
213651361
214159709
214852609
214927399
217396481
220790881
221793391
221850415
222651901
223051141
223502701
225078181
225842647
226853801
227169559
228087301
228772237
228988033
229353655
230179495
230534611
231076301
231606373
231996205
232460821
234870301
237260791
238315519
238565713
238622413
239605231
241834741
242831269
243590281
247752571
248419001
248502997
248604019
248696839
249599113
249679501
249793301
251067961
251306581
251667011
252619003
252888781
253158751
255927181
257053273
258740341
262478071
264984301
265876913
266006723
266636441
267559627
267573581
268309273
269799391
270342581
272399491
272497285
275283401
275509081
277453177
277997833
279649813
279879595
280312003
280687331
281960911
282391901
282881371
283210049
283887361
285790621
288640021
289166605
289308673
290197211
291461633
292074091
292433321
293045033
293379001
293625109
293792357
294187217
295560757
296509357
296854693
296884121
297404801
297812677
298569961
298593121
298948021
300202981
303091507
303651041
304616647
304764721
305464661
307253377
309437573
312223213
312773141
312799777
313791751
313972309
314311603
315689977
319287151
319886351
320058203
322198501
322762007
323901007
324495445
324860005
325070989
326035001
326745361
327328093
327774721
330710851
333443461
333764341
334555819
336265073
337135501
337543957
339033221
340863307
343958749
345132481
346305403
348141301
348749767
348849703
349395367
349403101
350454479
351099097
352178083
352418041
352459697
352735351
352874611
353573281
355671541
356194357
356604421
363304289
363685799
364857751
366438089
366511951
367156859
367688707
369667561
370740833
371080399
371411137
372392281
372671041
373669453
376458901
376957153
377217851
378510401
383425351
383793541
385033709
385038721
386430073
386925551
387695491
389301001
395900557
396005437
396106261
396257401
397608751
397806349
397936177
402334033
402677921
403139815
403434031
405739681
406577441
409219037
410363011
411047407
412402631
415108891
416090599
418226581
419285161
421246513
422209981
422449801
422707889
423109201
423664723
429691393
429890581
431218321
435306881
438456209
442871183
444869713
445887553
446144161
446411993
447312841
448006885
448904597
449550799
449837881
450178151
451746307
452075251
452115161
454174801
454774951
456089771
456108643
457320533
459208321
460300381
460816957
461063023
464666203
464912839
466758181
467083399
471664513
472568407
473750371
474468229
474701389
475969231
475996667
476140289
476231881
477320537
479489557
480141811
480271177
481098307
481135021
481367185
481734401
481967399
482183521
482244533
488731349
490447261
490894111
492199051
495416503
495573121
497238851
497690593
498059647
498601351
501134563
501779821
502954141
507190069
507686393
509302873
510278021
515591371
516271627
517426921
518097385
520785043
524151253
528043753
529570351
529862371
533600033
534360781
534661261
535426261
535702301
536003453
537442613
539019361
539443213
540427031
542497201
544385869
544622551
544861633
544934431
545604181
545670533
545719721
548845529
550109233
550254991
551140129
552163333
554494951
557548801
559702153
560258917
560335231
560454115
560484307
560698979
560907271
563702581
564553837
564947371
566689927
566705171
566820013
567292657
568125673
568598941
570059953
571502513
572105621
574036261
574692161
578458501
579956653
579971617
580087873
580686881
582768553
582966529
585261637
585281791
586509481
587444287
588768151
588951661
588956479
590414977
592094863
595180657
595378141
598647781
599279027
601971241
603726643
605713153
609678401
609693841
609867889
616238407
617460209
618159601
618206051
619988029
620090857
621291403
625820911
625955551
626577563
629838569
633600529
635129681
636111451
637592957
641814179
641835811
642290027
642858613
643552501
645675617
649410763
649425931
650333377
654671317
655024861
655059961
655372705
657067951
659828443
659846021
663642509
663760681
664094431
665431681
665495461
667142191
669528667
670475761
670567301
674031931
674843401
675013861
676880821
677851241
678904939
679832081
679948921
682576297
686870209
687436219
688720429
689548201
692948029
693567337
694722877
695828893
696042901
700252673
701471821
703787551
705538387
706847513
710617861
711304903
711367763
711675667
714334591
715040569
717295321
725988841
729068359
734260891
735495361
735582037
737955289
739478017
741949837
741981871
742055953
743324359
745964371
746775301
750631033
752550913
754071001
758687581
759622753
760139263
761346389
761599499
764474831
775167457
776081503
777469309
779880517
781047653
786297751
789375511
791063341
794399041
794931481
795160477
799448359
801966991
805198049
806367671
806939351
808010851
808562791
808914881
809278087
809506133
810701951
812219239
814924027
816031001
816606121
821421901
823039123
823484017
823672201
830664451
832879009
833651449
834244501
838253041
838470001
841592657
843138001
843153763
846133153
850028939
856301227
857294813
857448467
857450287
857536187
865158385
866008153
872414431
873252641
874410241
875314441
878374621
879706741
880554547
880922657
881824291
882065227
885009119
890037481
891706861
893377633
893439389
894809791
903136901
905655661
907826101
908632297
914067241
914283121
914628719
915641821
917380721
917807003
918661501
922732861
922845241
926577577
928766257
930662111
931834261
933960239
934132627
934905721
935794081
938030101
938443213
941363281
944500519
944737921
946323841
946963333
947485351
947829251
947854811
948958777
949324951
949384549
950371003
954051281
956427481
956687761
957479993
958128931
959238979
960076627
960888913
961627819
962442001
963696337
963744493
966526201
966924157
968413217
970586713
971443591
971446627
972419881
972594223
974722471
975765787
977770531
980140951
980356877
984254181
985563217
997094179
998914561
999825737
1000058203
1000785013
1000958503
1002261781
1015339441
1015753601
1020220661
1020652165
1023816613
1024336951
1025082871
1025956037
1028018413
1032162391
1034283421
1034768771
1036699489
1037627051
1041306901
1042553311
1043025601
1046269561
1046635531
1056013351
1056335671
1057822207
1059193297
1059873071
1063440781
1066237283
1070063191
1072839941
1078837817
1080004609
1080956827
1081552369
1081835537
1083565921
1085862961
1086488497
1088416421
1088831389
1093097017
1099170007
1100199953
1100927281
1103704691
1108306621
1108973251
1109120461
1113527521
1117004257
1118881501
1120880447
1127767153
1127993861
1129235647
1130274881
1130322943
1132901953
1133013457
1135103867
1136417407
1137320581
1138289041
1139089537
1140262201
1141716097
1142150147
1143730459
1147018787
1148416513
1153164097
1156995407
1157445451
1157839381
1159357301
1161262357
1161524245
1164453319
1172378593
1173330751
1176799897
1182405589
1182586751
1186060639
1186915861
1188605087
1195753763
1196625041
1202842513
1204176751
1205606533
1207106321
1213409737
1215354241
1219554811
1219858921
1222823389
1224811729
1226271961
1227357223
1228914611
1229956003
1235188597
1236886597
1243898273
1247373271
1247526853
1248065459
1250347345
1250700907
1255953541
1255983901
1256187217
1262600011
1265099617
1266482017
1267133311
1267412581
1267643557
1268946253
1271684401
1275619753
1276816771
1277919469
1278335503
1280319841
1282568741
1282875397
1290403501
1291412431
1291773451
1297901953
1299113447
1301204087
1301856601
1302145267
1303644413
1304746483
1304882911
1308544903
1309940201
1313514563
1314780557
1314976153
1316119751
1316169541
1320072851
1323931781
1327745989
1329662179
1330826881
1331061887
1334349901
1336532011
1337510401
1344420013
1346624533
1348964401
1351550617
1356241321
1362493273
1365822797
1366608377
1369303963
1376168851
1376588431
1382453333
1382700211
1383282901
1386975871
1387744009
1388972353
1394632891
1397832991
1397911789
1400081777
1402248403
1404909691
1406851249
1407802631
1408150087
1408610503
1408870747
1410278581
1410521941
1413297979
1421189551
1424418373
1428311873
1431044161
1433928581
1438027831
1442437897
1445675617
1447034513
1447624001
1451105599
1452477481
1452806911
1453882987
1458051337
1458581909
1462393201
1463178817
1465685527
1466979151
1467817471
1470298201
1474376203
1479147031
1481223329
1487478511
1490334113
1495252171
1497695431
1499941241
1501255141
1502759701
1504350541
1506240737
1509007921
1511842309
1516410901
1517423851
1518898381
1519061263
1520585431
1525781251
1527188461
1528254817
1528273553
1530438031
1534140217
1534218517
1534333801
1537855961
1541154653
1543654921
1544048983
1544599061
1551525571
1552636807
1563906151
1565157205
1566463531
1569144547
1572080977
1576604329
1578611501
1579079503
1583644819
1583966203
1584498187
1586548531
1589853281
1592254121
1592595703
1595197757
1597951741
1597951937
1599349711
1607416273
1610083333
1611615151
1615803253
1618147241
1619474221
1622399839
1623595051
1625352769
1630307617
1632785701
1634735167
1639295461
1641672271
1646183419
1646848117
1650920129
1651451551
1654168261
1660899451
1663451551
1674658133
1681812823
1682349401
1683976841
1685137361
1686282379
1687150721
1695419041
1699851055
1709133401
1710753001
1714144513
1714322377
1715328289
1717738543
1720630759
1721857021
1723305403
1726007797
1727222251
1727809073
1729283329
1729884511
1733820001
1736159671
1739057633
1739529457
1739674049
1745213821
1757976377
1758821065
1767803047
1770236893
1771447019
1772218031
1782817501
1790023861
1794136627
1795216501
1800812477
1805980453
1816853581
1818827141
1820306953
1821800611
1822479751
1823785853
1828887061
1832479741
1833531649
1838453203
1848010627
1850199859
1851118501
1852585783
1852666901
1856689453
1857168991
1858745641
1863821437
1867906721
1869059071
1871955881
1878691753
1890851257
1894909141
1895530681
1904758369
1908975373
1909566073
1911198241
1912702051
1920525521
1922029381
1922039857
1922131921
1926126721
1928355703
1931886601
1933571971
1936752767
1936802869
1940424631
1943339917
1950787763
1952951671
1952968753
1953661621
1955911721
1962730531
1965114151
1965695131
1968289051
1969698371
1973864257
1982300377
1985348527
1988672533
1990655941
1994568283
1997844157
1998945811
2003220161
2004299641
2008477729
2016481477
2017308673
2018761111
2019810929
2027306107
2030363311
2031136229
2033818501
2035057949
2036995211
2041101133
2041993591
2046770701
2048653321
2058163561
2058328733
2065001527
2066203891
2068610221
2068867841
2070736561
2074708711
2080459151
2081470073
2082146617
2082440533
2084035927
2087028067
2090066947
2095621301
2101873201
2102594251
2103632039
2105612857
2115244601
2117955451
2122609061
2125054493
2125449721
2131620571
2133876991
2135567821
2140082101
2140106995
2141033203
2145963601
2148788881
2151081073
2156567291
2157021265
2159101253
2167577527
2170929781
2171600113
2174988817
2177402401
2182371481
2189218319
2197813333
2199931651
2202644431
2204338501
2213563261
2217879901
2218416619
2221159091
2222788921
2222805289
2224183501
2224396351
2224902601
2226537799
2227168981
2229468697
2234671051
2237303701
2245872289
2246725469
2248354153
2248655179
2250920701
2254469101
2255013643
2267091091
2271142567
2271784087
2284113311
2284548721
2286310321
2290361221
2290979701
2293235227
2295658909
2297149453
2297733173
2298727121
2299675159
2306716021
2307480211
2308234381
2312038807
2312963333
2314610401
2316278221
2327932129
2328792211
2330338249
2333326729
2336667071
2340771431
2343903745
2346024017
2359057039
2362478311
2370902483
2372275837
2373041201
2375894809
2376769741
2380502581
2383939741
2387502961
2387525141
2388694177
2390201179
2391028399
2392934389
2403802133
2406157561
2417531131
2417876461
2420684779
2422241291
2422377301
2425249601
2425477237
2425925701
2431909327
2441432503
2466559661
2471465747
2472015561
2472362833
2472592439
2473333171
2485197041
2487390571
2487604351
2489275121
2490174919
2490533977
2490892277
2493165673
2501650333
2511861041
2514929581
2520648397
2528236441
2531255941
2533915781
2539673191
2544804811
2546257177
2552684485
2555271569
2555370341
2558755081
2568819601
2574105649
2577345541
2580061579
2583322381
2583416221
2587770907
2590991401
2598183683
2601509743
2603175257
2608960201
2609385001
2611523377
2614443721
2615748031
2616180821
2617882807
2620151297
2622993661
2629245841
2638974181
2645794001
2646378037
2657314351
2658291481
2663213701
2665320547
2667946817
2668734847
2670298867
2679296401
2687655169
2699471503
2704909237
2712535471
2713868203
2715046777
2717428033
2723910103
2724560551
2729422723
2739606451
2741782651
2743738003
2746882669
2751012991
2751794209
2753369515
2754547987
2754814753
2755426357
2756063377
2761096081
2761545403
2763262837
2766006253
2779375651
2787058609
2788367921
2791053541
2795036611
2805248137
2807269201
2807354881
2810260207
2811499237
2814177901
2819716121
2826128971
2833990849
2836553257
2838265249
2842332931
2843249011
2846732617
2847112951
2853118847
2859299101
2869466461
2870118421
2871232033
2871974561
2879389631
2880279937
2881429741
2882759041
2886519971
2890316801
2891201779
2893025701
2897844041
2898101221
2899354429
2900172535
2901785041
2921857741
2926272103
2927266123
2929108501
2932186289
2932825351
2933563781
2934756973
2935043959
2946040561
2953589821
2959839871
2960417461
2965000993
2968933001
2974766173
2974793401
2981590051
2983904323
2985507235
2991723949
2995146179
2996498881
3019764853
3021123043
3021560971
3022921207
3022959367
3023473867
3028125781
3044518969
3056100623
3056666881
3068534701
3073369451
3076891201
3077122133
3085072481
3085166701
3089872073
3112854851
3114276619
3118879621
3119506193
3126561607
3127455731
3127639511
3156383011
3160603993
3162199373
3163106953
3167959369
3170613601
3172658653
3172789219
3176853473
3177206851
3177449713
3184139701
3185944273
3186445681
3187421077
3191910401
3197310541
3197389201
3203278399
3208158361
3208172401
3211599343
3213895051
3214785817
3215031751
3215212153
3220406047
3224909767
3225547151
3228492961
3244355713
3249904477
3255246091
3269381611
3274430833
3280018381
3284003251
3286184287
3288875929
3289233553
3289940501
3299311555
3300005537
3302869921
3304052371
3304861393
3312673381
3313287493
3315023797
3318036541
3321409111
3323773531
3326740201
3326803201
3327091957
3327587693
3332340703
3333016177
3339755581
3340230013
3352026133
3353152321
3354055253
3361920211
3363483589
3371693063
3371778763
3382776013
3383614291
3383780401
3390564241
3390807281
3394122161
3399901517
3400581253
3415551031
3420524467
3427715713
3428596601
3438147169
3449173963
3452794001
3453310261
3465686701
3472366421
3482182009
3495642949
3495943153
3506003467
3508999651
3513282211
3516352153
3519779341
3527015461
3528544751
3528784711
3538213381
3541312087
3545113783
3570928927
3575178181
3580801093
3583581511
3584800801
3592431973
3595439551
3595831207
3595978219
3605151241
3609104621
3609494533
3611556997
3612391451
3613555765
3617250469
3621772151
3642034261
3642255181
3645984161
3648274391
3649965281
3653628247
3656511073
3667604383
3670423747
3672754633
3679657997
3683484221
3684206737
3688061441
3696160001
3697278427
3699542233
3704091751
3708905341
3711225751
3715659341
3717478831
3728989441
3729097633
3736510471
3736959949
3744211501
3744467473
3744500131
3750865651
3751961263
3756507301
3759781369
3765418333
3773061337
3774351901
3777134131
3779491777
3784123501
3784398433
3789843461
3790718501
3793914631
3797234443
3799822717
3804689549
3821155171
3822070561
3830100715
3830311781
3832440901
3842470817
3843146341
3845485513
3846861481
3847106803
3849225271
3851598751
3851645617
3855024007
3859943377
3860929801
3864072671
3890166853
3890631817
3890736481
3893239261
3896103559
3897241129
3897691141
3903711841
3917848663
3928115773
3928256641
3931879267
3937024981
3937526911
3943340089
3944565857
3947204197
3948272641
3952640999
3965737051
3979485931
3987794201
3988188991
3991544129
3992418811
3993401411
3995220419
4000742821
4001417101
4004215069
4005382429
4006361197
4027565891
4030598293
4031225273
4042578403
4047462301
4047767989
4056115171
4075241633
4077582631
4080724111
4084959151
4085511487
4095032789
4095561961
4098374521
4106260033
4111819171
4115791961
4121492761
4121541181
4126475141
4139820967
4144945351
4148337271
4153789781
4159792027
4172694049
4173153661
4186561633
4192060699
4192628707
4200388417
4202817481
4206006229
4210929721
4217739181
4218011801
4218900001
4222617001
4228090903
4231931521
4240695481
4250911061
4258081801
4267640833
4270688497
4282136321
4286338829
4287986041
4289470021
