9
25
69
207
325
445
481
925
1241
2225
3085
4097
5785
5803
7107
9073
9881
12025
12937
15425
16465
17161
17593
19951
29341
31201
31609
35881
40105
49981
50881
54913
55553
57521
58969
63139
66305
68251
73657
79003
82513
109241
114145
115231
133141
144433
146611
182527
183401
184939
188191
188501
197633
214045
237817
243169
256059
269011
274565
275887
281537
286903
290629
293281
299081
301417
306353
324221
340033
360533
385003
409537
410041
436897
443463
464161
476971
496189
497377
497503
527101
565001
575741
592411
651511
661981
679001
713869
721801
765703
773917
796729
810121
868001
912073
931431
944401
983401
995089
1009661
1024651
1041457
1053761
1056403
1112539
1154143
1163801
1200967
1208953
1209937
1239325
1282777
1285579
1346413
1357441
1372825
1390397
1414981
1419607
1483885
1493029
1499581
1502257
1505981
1564021
1593113
1690501
1714285
1729561
1809697
1869211
1896961
1907851
1973089
1996151
2031781
2068721
2207659
2337301
2601397
2603989
2604331
2670209
2689759
2728361
2743993
2910389
2944261
3072203
3114217
3114707
3117817
3231523
3270403
3287161
3387781
3438667
3595979
3647621
3658177
3673081
3707371
3818413
3900271
3939751
3991201
3991373
4026553
4039813
4059859
4156321
4166161
4177507
4209661
4229551
4255903
4265257
4298527
4359769
4361389
4415581
4439779
4475521
4598229
4920301
4922413
4977773
4980769
5202961
5310721
5348113
5398273
5423713
5459203
5633317
5774801
5960291
5983825
6093883
6214891
6330721
6504089
6541657
6566671
6569911
6590431
6765883
6868261
6905089
7143571
7170913
7370671
7519441
7910713
8011459
8055419
8066467
8086231
8209657
8332381
8380651
8417251
8482861
8615281
8621341
8864017
8917969
8940881
8964001
9324169
9353761
9455779
9493903
9863461
10236619
10303151
10303701
10505701
10524253
10661593
10745029
10769419
10829413
10899523
11169797
11328409
11541307
11555623
11726201
11763001
11875501
11888621
11979199
12081833
12169711
12262321
12417131
12589081
12602921
13053433
13163473
13188319
13384141
13388273
13520329
13623241
13706863
13773061
13861189
14049361
14435891
14438089
14497267
14783203
14910481
15340933
15354487
15455233
15576571
15995449
16084525
16253551
16398541
16447009
16520113
16684501
16710049
16870961
17116837
17399611
17705161
17751337
17846725
18157259
18361939
18370831
18751801
18796981
18809911
18966641
19528231
19607561
20552201
21042001
21236797
21236993
21461707
21654533
21696949
21769721
21993421
22269739
22349251
22363741
22994371
23110561
23484737
23708089
24179347
24597217
25525499
25739389
25981325
26042641
26254531
26256401
26304041
26332181
26413153
26424311
26694361
26736067
26748307
26824547
26879101
27120631
27340979
27409861
27492581
28708219
29111881
29574931
29914561
30371821
30436771
30861403
31116241
31118081
31189051
31334881
31372801
31893481
32402413
32429431
32676481
33120341
33146717
33203893
33796531
34043101
34045273
34590403
34696531
35170525
36307981
36974341
37176101
37472401
37649503
37804633
38240893
38263501
38270377
38720441
39154081
39211597
39378067
40173901
40554193
40621591
40828241
40863061
41133343
41681251
41848687
41987111
42615409
43036003
43248871
43357343
44318977
44639533
44958841
45193413
45676689
45880213
46977421
47253133
47356171
47388889
47494693
48612527
48943819
49417381
49735351
49881313
50186041
50581081
50683547
50794525
51600529
52217101
52283107
52612579
53104393
53373497
53390611
53416873
53904691
54181381
54229051
54520247
55533277
55729957
55830251
57028321
57068701
58344589
58679941
58833217
59318533
59856193
59992759
60033403
61078931
61201009
61380821
61469227
61621561
61747531
62566093
62693401
63024001
63553621
63781901
65866291
66300551
66778447
67406149
67468033
67850417
67902031
67996567
68022319
68324257
68380369
68462551
68485831
68512867
68837921
69030901
69605957
69772321
70771307
71079661
71269885
71345633
72123509
72543547
72641497
72734041
73014943
73517501
74345263
74574737
75187561
75351613
77518981
77594653
77622533
77964043
78127123
78413497
79464533
79624621
79756021
80190361
80304001
81312463
81816547
81981769
82149601
82823173
83333881
83403041
84164033
84225709
84413033
84572893
84686561
85863233
86243701
86484269
86684051
86758073
88536911
88644013
88794551
89998273
90273751
91135969
91367431
92479841
93591721
93739361
94532041
94873417
95765251
95838433
95937393
96028001
96894071
96904081
97796953
99138631
99456121
100257763
100907047
101152133
101649241
102921197
103253333
103409953
103484347
103934657
105183289
105285049
106510321
109521457
109879837
110646043
110717861
111357349
111540001
111862801
112013281
112702591
113492101
114366313
114698137
114713281
114855941
116701003
116875093
117771551
118566533
118901521
119550817
120236707
121099829
121346149
121852201
121898561
122752477
123671671
123938641
124932751
125307421
126185473
126564043
128536561
129205781
129856481
130811773
131193259
132245291
132307603
132806171
134295061
134696801
134767153
135647569
136900513
136925101
137200981
137340451
137716651
138030721
138634831
139756411
139810133
140575777
140846567
141519901
141770143
142715185
143611357
146854339
147448513
149389633
150988753
151358059
152922641
153054001
153890227
154895833
157069189
157341931
157368661
157462273
157770397
158397247
158496911
159775591
159874021
160065953
161298721
162026869
162151291
162587233
163340941
163476001
163639241
164542457
165039373
165588413
167002663
167608351
167692141
167986141
168456889
170337179
171080177
171147601
171314371
174095237
174383791
175082689
175318963
177439061
177527671
177580177
178193611
178482151
180022597
181222609
181382401
181647497
184259623
184829581
185653333
186312589
187130633
187487081
187767721
189265897
189960109
190285885
190328321
190328839
190761731
190853821
191219341
191965073
192447403
193227259
193918187
194159881
194389903
196287391
197163097
197239591
198268639
198690017
201576523
201590677
202531501
202984217
206006533
208133881
210275017
210830401
211948321
213875251
214249657
215072061
215786321
216126751
216444923
217123069
220252159
220759883
220883521
221884001
223502701
224361677
224932969
226637371
227132641
227600641
228876127
230805037
231210337
231248299
234745729
234775129
236438441
237321727
238001653
238007141
238448905
238751171
238833421
239357413
240785047
241094491
242650717
243576341
244061371
245943937
246015181
246794269
250552531
251230081
252406201
252853921
253018921
253535581
254265001
255829961
256845293
256887523
257228623
258242273
258503701
262834217
263128951
264350521
265487713
267152033
267449953
267559627
268505551
268626181
270421867
271565713
271763467
274952371
277704013
279065377
279096001
280312003
281288801
281537647
282589651
282649501
283020013
284339201
285350599
286984321
287537641
287601887
288386809
288683257
289079029
291088513
291357673
293346637
293355001
293615911
295419097
296888551
296979161
297624961
298157311
298859023
299088193
299798731
300905713
302047969
302204033
302380219
304129753
306008501
308160451
308316763
309148153
309300709
309881879
310344467
311272243
311671361
311955071
312055169
312798397
313338061
315392731
315406177
318795481
319113791
321886139
322236721
323304001
323329519
323705971
324048817
324967171
325938251
326998939
330619381
331934989
331990381
333916399
334291981
334609441
334660411
334963333
336893257
336895751
337135501
338455153
338756341
339033221
339195097
339575377
341155321
341406241
342265951
342567361
342664081
346009393
346795639
346816843
348460061
349470703
350616373
353226521
353829059
355232197
355297301
355334041
359238751
359596267
359643079
359696431
359914231
360089801
360729821
361173691
361557631
363245581
367328977
367891213
368476501
372585061
373017409
374410961
375321643
376957153
379429381
379530091
380182331
380272525
381415027
382087531
384522685
385220881
387351121
389733401
391930003
392803861
392964349
394689371
395938717
398804239
399365611
399586069
400374253
402752533
403104913
403579333
404065531
404595641
404667649
405794353
406466029
406858999
409081037
409461889
411391801
411988207
413138881
413719441
416678263
416687707
417450497
417767201
418192133
419462227
419871281
420383251
421779961
421942951
422209981
422992333
423180661
423352801
424027711
424033153
424213663
424315751
427940413
430532717
434932961
437247841
442226623
446414621
449837881
449894461
450214909
450759817
452799379
452928841
453032137
453557287
453919201
454174801
454828637
455933521
457274161
460585861
461272267
462139021
463628551
463920817
464620561
466764409
467875211
468304783
468500033
468950021
469737419
471208453
471664513
472792357
474377023
474406045
475534441
475695451
475969231
477627751
477707869
477840931
478614067
480668347
480817801
481637381
485506897
486743921
487282771
487381571
488229523
491848897
492995539
495416503
495573121
496361311
496665577
497285713
499217833
499559419
503865727
511385767
513706201
513761329
514185857
514458001
516719761
519342319
519603937
519920311
522655801
523170421
523476649
523819451
525296521
526256963
526570201
528136001
529605731
530717833
531190537
532800133
533600033
535025737
535517581
539245801
539389481
543087829
544861633
545350171
545547521
545738203
547523569
548265041
548497501
548792203
550319893
550635373
551180431
552706201
553597241
554658751
555321007
556488811
556560871
557548801
557758783
557876479
558035713
559897889
561103241
561265291
561817589
562101121
562467361
564770081
567585001
567815617
569199691
569332177
569784403
570214891
570605713
573136513
576023801
576701269
578185301
578191849
580485753
581055623
582768451
582799951
584570491
590414977
591251761
591291851
591727613
592769633
595512721
598371107
599570077
602507809
603255001
603616789
605341837
608560661
608917753
608963227
611852671
612816751
614117813
614742241
618629551
619770433
620169409
622044361
623662903
625536071
626756573
635107309
639156841
640973101
640977373
645556481
647817913
649230331
649497967
650758561
654218489
654607297
654649789
657742681
660328825
663086449
663311041
663414313
664574653
667563487
667651961
667827019
670909727
676273027
678431279
680427001
680471041
681303241
682460501
682528687
685667317
687144889
687637931
690455501
691000441
696447181
698666249
702411379
702568351
704204905
705037097
705883951
706915009
708347971
709770401
713312783
713383171
713946133
715427861
715503037
716308121
717096641
719296803
720385903
724568833
726665647
730704133
731233513
732302231
733714193
741214237
741965821
743404663
743407471
747654643
749546029
753567371
755914681
757158533
757262521
758638771
762680029
770488009
771916069
772293853
775136251
775210369
775477321
776081503
776249251
780178001
784966297
786157087
787209277
788940833
789375511
794102779
800055367
804298309
804743785
805470307
808624027
808914881
810097601
812093257
812782567
815430533
817178107
822520747
823839241
824915617
831611017
832870891
833342177
833982953
834746431
835883353
837843931
838200805
841167007
842640241
842960981
845376533
846171713
849606031
852081121
852662401
852790249
854581807
855073301
857538991
864232525
865923097
866008153
879160063
881291561
881863201
882261361
882879121
893159737
893517197
895736161
900347647
905050801
906471301
907514561
908349601
914027311
914668291
915847319
920013233
925729669
927317681
929220737
933770051
936196843
938030101
938417617
941325361
943271569
946220641
947651963
949324951
950655961
952900609
955529257
955938901
956595571
957139217
957765607
958940321
959940433
960946321
961868617
962620429
966000881
967423153
973431301
973647781
975681793
975876721
975988651
976252681
979363153
982324591
985052881
985075681
987286501
988698881
988978889
990743041
990870119
994885141
996228221
997869727
998590601
1002728761
1003062061
1004044801
1005402133
1008788509
1010712925
1011319501
1011333061
1011346001
1014747941
1015053481
1017138511
1022388641
1023405373
1025411941
1026580111
1028316041
1031935787
1032101461
1034283421
1035159049
1035917137
1038476209
1039247719
1041946849
1042499641
1042553311
1048478413
1050535501
1050721561
1050957601
1053800353
1055982313
1057362601
1058276081
1061935393
1064783851
1067323951
1067437801
1071072001
1072198847
1073066881
1075490821
1076080261
1079063371
1080730771
1080956827
1083174283
1085145601
1086330673
1088416421
1089682837
1091401261
1093270511
1100285321
1101210377
1101376711
1107379681
1108143193
1108973251
1110148033
1115131681
1116589111
1117968517
1119549049
1124501401
1125772519
1126414073
1128042583
1129716811
1129911847
1130274881
1131502681
1133402327
1133818561
1134156901
1134225601
1135577953
1146920321
1151917111
1152088033
1157839381
1161562823
1166153059
1167684751
1168256953
1171121185
1172395153
1178313113
1179075097
1179870101
1180804201
1183709759
1186350337
1187500801
1187695711
1188221201
1189817371
1192540441
1192948597
1195524181
1196852273
1204034959
1205691433
1209503557
1210393801
1212297847
1215354241
1216330769
1219833577
1220786449
1221127013
1224747217
1231869601
1234125721
1236577981
1237644307
1238566451
1239003487
1243182541
1247804713
1249102849
1249461247
1252482601
1255260511
1255663267
1257216577
1261099531
1261503469
1261873621
1265099617
1266989701
1269335341
1269852193
1270596493
1270700461
1271095057
1277996959
1279033001
1280524321
1281683131
1284188963
1285566647
1291412431
1295750893
1296416161
1298757329
1301044681
1302901339
1304553251
1305832289
1308544903
1308758533
1309740329
1310696111
1313172481
1313428201
1318240939
1320327391
1322860289
1325172421
1327026403
1328256247
1329028537
1331419321
1332159637
1338247681
1348802101
1349329801
1350014761
1350185797
1358503801
1361979481
1364320729
1376177221
1377352351
1386264961
1393165577
1394247157
1396711573
1399144291
1402248403
1402770001
1402886269
1402910521
1404228421
1406945821
1410521941
1413581401
1413741841
1414755619
1414987003
1415769601
1415964961
1424614423
1427845987
1430446951
1432979393
1433163761
1434177821
1434780257
1440752827
1444401281
1444555117
1453548403
1457149697
1462198389
1463178817
1466406121
1468592539
1469268961
1474579163
1479647233
1480849831
1487387611
1488547673
1489976797
1494595801
1501194397
1501280273
1504363489
1511558533
1511582269
1513888157
1515664153
1516410901
1522088371
1524191173
1528936501
1529648231
1538014213
1540208251
1540454761
1541291977
1542542453
1544599061
1548459397
1549308001
1552778501
1554888437
1556881637
1559601941
1562630779
1565893201
1566087433
1566173281
1566954401
1569296717
1575632043
1576187713
1578611501
1579144051
1582547851
1583568163
1584369889
1594247143
1598982533
1601701921
1606614817
1607530051
1609773985
1611467131
1614423661
1616387653
1617874441
1618435171
1624486967
1628723401
1632397057
1634695021
1634861971
1644689597
1651200013
1651880413
1656280033
1657615261
1658247053
1668378871
1671276601
1671603667
1671714241
1671830119
1686282379
1687526353
1687533667
1690512641
1692605041
1696222459
1701422479
1702532567
1703156017
1707375287
1715427451
1718090221
1718790599
1722463471
1723305403
1725675451
1726294285
1735915771
1738851007
1739529457
1739864449
1743657931
1747129231
1747507393
1752241823
1757148121
1757381941
1757585563
1763267221
1763702533
1769900551
1770619393
1777190651
1783334719
1783669891
1787197843
1797160951
1798774381
1802510669
1805201261
1808542081
1813073653
1818474869
1818928567
1820306953
1821505717
1822051771
1827087527
1828887061
1831947001
1833888061
1842995629
1847230379
1848934561
1850863801
1858260811
1861547689
1867726331
1869092161
1874288665
1876485691
1878368311
1878691753
1882413649
1883566549
1886690681
1893873367
1896514561
1896557599
1900823653
1901881801
1904524903
1906235119
1907545711
1908107953
1908867127
1911153091
1911197947
1913422591
1917051013
1919365561
1922485969
1925318431
1926560329
1928465911
1929605329
1930534453
1934350351
1941537151
1943419897
1945042181
1951469101
1953114001
1955219311
1958478337
1965097567
1969429531
1970333353
1973142407
1981420561
1984474507
1989665497
1992430051
1995784961
2008477729
2011297009
2017509601
2018129521
2030180071
2035223303
2037682001
2040432101
2050839121
2054080729
2054418523
2055634561
2057494993
2063345509
2063650051
2065682065
2067887557
2068022761
2068147243
2073912961
2076282721
2084932279
2086236181
2087420713
2089282339
2093609269
2094644557
2103297551
2106618803
2108299363
2111128837
2111548193
2114876837
2117185051
2119380587
2122773101
2123614351
2126839177
2127401411
2129979043
2131727413
2139018181
2139462991
2142302741
2143114381
2146068721
2148892903
2150205121
2151018223
2151933701
2156774221
2159239219
2165120959
2165523553
2175136133
2177392523
2195607943
2199931651
2203663621
2203751593
2203856497
2210722201
2212397641
2213712499
2219008177
2221010749
2221244089
2227175689
2229367351
2230305949
2234833217
2238980129
2239679287
2239725097
2240507821
2240618689
2241270487
2242724851
2245519981
2248028161
2249565709
2254796281
2255353721
2259674201
2260590061
2264787253
2269307587
2270842771
2271428251
2274770197
2283040759
2286789301
2290325137
2297067967
2300319061
2307480211
2310779413
2314044721
2314820377
2318964821
2321551751
2322556081
2323866169
2323877119
2324330551
2324511883
2329229197
2331142921
2331181621
2333010751
2337670031
2339616161
2340862093
2352586601
2358098893
2362421953
2362879261
2369602813
2371769401
2372976563
2373212703
2376169451
2376462401
2382563233
2385364087
2385383261
2385574201
2387502961
2390720641
2398711801
2403802133
2411927641
2417234821
2418132361
2420684779
2424553051
2426471581
2426893663
2427065881
2430632101
2433791593
2435733721
2437965241
2438050837
2441264941
2444736533
2446262911
2446810957
2454349969
2461807363
2462440753
2462445091
2470214251
2472295393
2472946481
2473982089
2476405369
2493698131
2499126673
2501632537
2502617671
2503327549
2504671261
2512485151
2514093553
2514929581
2516871421
2525957851
2531385001
2531996587
2533915781
2534808079
2536918999
2537105761
2551178779
2552569111
2561793361
2562244921
2566804501
2578735351
2581668799
2599466689
2599475299
2603070919
2604128651
2609294101
2612388601
2612923801
2613382201
2615048701
2615703121
2617832897
2619875393
2623523449
2631711283
2631959821
2634512107
2635202881
2637357427
2644892641
2645498881
2656296091
2660839091
2665319441
2666107117
2668589857
2670171059
2674839511
2674927279
2675680013
2680883617
2685400741
2686816133
2689365491
2690408533
2699704171
2700745381
2712726073
2712967177
2715365971
2716921243
2717794657
2724484291
2724552907
2728558867
2728624939
2730075559
2734207081
2741749889
2743793281
2749177537
2750753851
2751828433
2752646177
2761592467
2762734699
2766006253
2767489561
2773995481
2778850801
2779483351
2780249239
2785216591
2787998641
2822521411
2824053751
2824417597
2824685161
2826128971
2827961221
2839992427
2846892931
2853424741
2861847253
2863006061
2863136501
2863410593
2865893509
2866502357
2866872781
2867713969
2870118421
2871232033
2871974561
2873823889
2874386737
2874693427
2878499977
2881429741
2883264887
2884644869
2884789153
2893877011
2916247819
2919982931
2921394529
2926518337
2927499301
2930570501
2935029841
2945549881
2947114801
2949260801
2950800343
2957690449
2965395931
2968944247
2980119481
2982803191
2984004437
2987414977
2988886825
2994483493
2999506021
3006370981
3006404119
3007477051
3010194097
3013708057
3032775703
3037303961
3040336001
3063685633
3066644573
3070208261
3076638781
3085056127
3094678705
3102234751
3107937529
3109464091
3111603713
3111642049
3114276619
3114574321
3115667521
3118411501
3119161361
3121855153
3122652425
3135040133
3142244953
3145877353
3152169439
3163106953
3168156001
3172658653
3178441297
3181824857
3182382131
3184139701
3197941979
3210672667
3213029233
3217744531
3221205697
3223538641
3224734129
3234184711
3238486921
3246879553
3248561821
3257355865
3262472797
3263568901
3273820903
3282887071
3283131781
3283794937
3288292549
3293769779
3295985281
3307251221
3317659237
3320847721
3324991801
3328354801
3328761773
3331867127
3349997731
3351456769
3352152961
3358551043
3360511981
3362709377
3366280991
3368006801
3368686483
3371852501
3371956369
3376765081
3383437231
3383864881
3385896001
3387969397
3390564241
3400107101
3400530121
3404423017
3406188787
3410240947
3439085959
3441666181
3441859279
3447569863
3448857661
3456738181
3460065541
3465407977
3466718027
3468274879
3469409143
3484579141
3484668791
3489367813
3496644001
3505243081
3510154051
3520909237
3528544751
3532170097
3533166271
3542303047
3543672793
3547140301
3547777349
3554383141
3564156121
3565010191
3577943251
3592462501
3594918601
3596071201
3596904271
3601570171
3602524537
3603227981
3606377149
3620019943
3634367311
3634815991
3637831753
3640796531
3647073949
3649299487
3649965281
3650158849
3650948731
3653266681
3653628247
3659702911
3667342603
3669316801
3670789261
3679947751
3685598557
3695080561
3709226837
3712618279
3717260801
3718428121
3721840667
3727680581
3729361057
3734455817
3734656039
3745163341
3759569911
3760896133
3767348881
3771099383
3775272901
3783410569
3784271501
3791731429
3796618801
3804731471
3804864857
3806586631
3807282961
3807578881
3812822413
3842941741
3845485513
3850000321
3852262831
3862903045
3877846459
3879678601
3887635753
3892179691
3892762105
3895924033
3899431729
3903525163
3905876501
3910932191
3915052747
3924627925
3940128001
3940139641
3951885043
3952423069
3955054027
3955367417
3974572801
3998620117
4001715541
4004016721
4005319771
4020144133
4024172041
4027121809
4029341947
4032259123
4034208301
4037072651
4041356801
4044905597
4045525021
4060942381
4062010429
4072578901
4076107811
4080622201
4080739681
4086437587
4106260033
4121128133
4121286907
4122000541
4126803913
4131541009
4137120721
4140553477
4142995639
4147919821
4165686337
4197853921
4203530741
4208653141
4209537179
4214356147
4214940157
4217540191
4227243337
4227636337
4231512709
4232966251
4236931931
4246655341
4246940161
4250911061
4276336681
4284420401
4285858523
4291107151
4294778671
