85
121
309
1105
1387
1441
2465
3721
3751
4033
4333
7107
7363
8911
11041
15251
15851
19669
21691
21939
23377
29089
30857
31621
32689
34861
37231
41329
44671
45005
47071
49771
81217
83261
94657
94697
96139
98159
101881
109061
111361
111763
115051
117013
121753
145321
153017
181351
186457
190651
191351
194701
197209
197633
206981
218791
222283
229633
234469
265651
282133
286903
288331
292571
306085
310381
314821
344191
349487
374393
405511
438751
459709
479119
501643
510469
512191
518977
549061
550551
566401
569059
586343
587861
597871
629581
635545
642001
653333
673501
688183
690733
694153
714653
729829
741751
765085
802567
832231
910543
916045
939401
943669
954271
970841
976873
1038801
1163053
1200967
1201861
1261063
1303561
1373653
1433407
1459201
1528933
1530787
1551553
1590287
1600951
1629181
1672991
1681471
1730641
1741627
1746553
1854961
1868101
1884961
1899451
1963501
1993951
2035153
2084167
2123497
2290201
2371777
2387797
2393501
2400091
2595581
2775241
2807897
2846761
2847421
2953731
3052981
3062347
3114707
3117547
3154309
3200819
3204241
3270403
3280933
3285361
3403163
3471911
3566581
3584491
3585601
3715897
3828001
3985921
4024081
4111381
4149461
4150387
4255903
4314967
4387973
4417631
4504861
4504951
4543621
4686391
4757981
4779139
4785457
4952603
4960621
4962497
4990861
5099221
5122133
5130739
5148001
5206001
5248783
5375341
5466793
5652191
5695591
5768533
5979247
6081701
6154219
6214741
6279967
6349243
6559723
6642217
6680209
6733693
6765331
6924781
6976201
7078429
7090753
7162429
7267051
7355671
7358051
7519441
7571881
7878049
7912311
8086231
8095447
8199307
8224471
8270333
8385191
8405857
8410243
8470337
8899661
9089029
9245589
9367129
9549541
9946105
9973693
10308223
10335781
10374439
10407073
10501681
10679131
10703801
11541307
11805907
12038597
12121129
12331801
12407011
12415001
12641077
13188319
13694761
13696033
13921171
14020063
14295061
14428819
14506309
14557897
14713421
14821431
15197491
15306019
15422999
15602941
15604321
15888313
16132321
16253551
16254253
16355809
16648417
16661633
16879501
17372701
17593381
17795471
18109921
18440461
18701327
19194181
19462801
19703503
19715281
19922137
20177701
20187399
20609713
20722111
20994401
21694285
21892681
21989857
22340293
22697281
22703341
22953673
22964761
23261713
23369821
23678533
23708089
23731489
24228847
24437561
24642239
24663241
24813559
24920839
25353193
25557121
25936201
26428249
26474581
27012001
27664033
27722857
27832657
28509517
28597061
29043757
29059699
29362033
29581501
30134813
30321421
30662731
31037827
31256731
31286053
31762441
31778587
32926771
33045121
33161833
33492721
33567451
33583111
33723817
34035271
34043101
34060219
34163977
34209913
35507749
35703361
36255451
36342109
36974341
37060849
37267741
37270231
37376509
37736533
37964809
37985209
38404441
38852053
39371141
39447181
40904389
41277601
41467213
41560597
42026419
42358601
42685171
43258951
43591469
44975477
45506791
46003231
46456763
46584037
46659331
47583397
47716969
47903701
48222841
48316969
48605701
48821543
49030381
49573627
49639297
50581081
50718851
51088133
51145277
51280531
51283501
51346777
51923761
52344073
52578307
53311393
53649871
53655551
54368273
54637831
55384033
56532271
56659639
56943811
57120001
57135511
57253561
57833861
58239067
58372291
58986091
59009521
59426221
59836573
60033403
60552161
60837841
60851671
61363541
61492201
61587167
61732001
62163109
63249661
63384413
63388033
63873991
64041869
64175113
64829563
64961051
65144101
65254393
66345221
66470449
66523211
66620737
66910741
67134601
67829311
67861543
68245909
68563301
68638147
69147431
69303193
69678307
69829813
70711311
70886341
71079661
71497861
72624301
73213141
73379953
73705633
73902403
74343949
74375851
74480901
75221023
75644493
75888037
76164013
76783153
78324709
79277563
79650119
80168857
80980993
81705979
83637401
84350561
85562821
85719871
86317073
86438857
87723091
89439577
89463691
89532271
91587943
91875073
92265053
92479841
92899321
93357361
93453119
93803851
93974467
94117249
94259881
94385701
94536001
95113201
95279527
95451361
96232501
96943463
97316173
97863529
98034751
98040001
99259091
99380041
99766711
99830713
100017223
100226323
100907047
101421301
102960433
103122137
103819621
104220703
104311621
104331151
104419531
105746873
106051177
106146091
106315063
108079313
109437751
110022383
110192401
112013281
112560083
112702591
113166167
113757751
113954161
114057761
114305441
115272037
116045827
116474257
118172251
118566533
120152233
122148001
122299213
122388883
122827537
122859661
124225961
124488649
124544513
124666499
126440731
128536561
129200801
129205781
131254651
131334851
131338747
131496371
132130879
132338881
132408277
134145169
134208061
134918893
135201361
136453901
137455867
138176251
138567337
138736153
138901937
139363927
139371541
139509553
139592101
141618181
141887341
141921721
144531073
145192303
145591153
147131701
147476831
148044373
148684763
149075131
149228917
149511079
149532571
150023303
150415987
150582517
150594049
152797927
153589801
153705553
153890227
154011467
154859071
154982683
155859241
155923151
156045709
156123397
156524471
158408821
159687937
159714211
160438441
161124401
161216021
163749601
164063797
164187601
165788491
166442251
167238611
167695069
167709281
170856533
171093913
171850361
173678203
174167407
175600741
176563321
176709421
177284467
178091443
178122361
179132851
181563331
183778607
186046981
189837343
190700179
193843621
193918187
194120389
194771461
195180421
197311087
198485107
198648529
199143523
199476479
199789441
199896569
201289141
201931073
201939123
203363521
204020641
204300541
204428537
205636101
206304961
206480449
206632819
210517709
211210511
212146507
212648547
213546943
213767191
214738903
217186537
218642029
219373177
220339351
220471841
220720273
220792349
221858911
223012801
223051141
224294533
224464501
224855821
225853633
226474441
226720777
227132641
227475601
228225733
229240513
229243361
230088497
232173941
232788109
233250551
234015157
235667401
238609243
238824151
240574951
241626991
241743601
242067841
244644901
244693153
244848001
245127331
247155791
249718951
251284153
252108209
253744465
254120791
254781451
255296731
257538353
258076393
258434749
258634741
259765747
260518801
261901873
263295143
264265429
265020001
266064481
266983501
267559627
267623549
268278991
268505551
268995889
270093001
270828937
271739983
272313001
272316781
273592603
273841237
274012801
274683421
276076321
277133809
278138281
279065377
279199201
279544057
280312003
281080721
281709429
283767181
285111667
286154137
288194581
288324091
289105741
289197241
290186401
290537729
293175065
293711573
293987233
294089671
294629347
294936841
295995841
297108701
297935329
298288927
298362241
298387171
298772209
299449729
300188071
302011849
303343321
303417157
303651041
305236727
307773493
309039139
310087297
311213701
313966369
314154937
314184487
314445097
314555077
315838711
317342551
321807523
322427951
324429361
325938251
326747197
327336913
330016541
331623307
331989551
332976961
333067151
333072541
334522703
335758021
337243537
337550347
338451401
339072301
342575857
345022313
345249721
346583773
347610931
348566401
348998917
349180591
349359361
353815801
354870431
356515039
357840913
359696431
359961691
360661069
361173691
361307521
361458505
362733463
364987873
365074139
367644689
368848481
370874191
371675221
372664321
374325841
374703127
374842961
376642501
376829587
377806687
379099201
379586197
380756687
382536001
382709263
383740561
384223921
384417001
384800731
385319089
385490617
386654831
386923601
386938761
387530179
387583081
387728587
388826213
391477591
392275381
392803861
393010939
395044651
395207107
397700503
397806349
399577351
401489089
402279403
402752533
405119681
407151811
407979947
409372237
409419811
410044951
412081259
412235591
412936327
413300707
415800703
416474137
416877091
417767201
418667401
418681759
420723661
421246513
421365611
423448651
423890587
424134901
424411501
424750033
427659383
428648221
428716261
428892927
429890581
431556301
431721271
434181529
434644033
437083417
437807371
438349003
441139051
442592701
443407469
443623051
448563127
451118981
453280969
454305349
454766287
458081969
460643179
463125937
467090641
468511229
468715807
468799159
469598221
471059621
472126381
473750371
474082717
474502711
475651807
478317601
479289637
481529161
481720501
484825493
487890703
489530983
490234951
491506891
491646403
493961737
494873209
495159757
495530281
496036873
498002149
502573651
502818181
502954141
503123377
504870241
505691551
506304961
506568043
510008311
511015489
511203551
517567051
521338141
522047107
522788921
522884881
523139509
523478981
523703179
523916311
524151253
525246877
527505859
527626639
528043753
528446339
529258601
531681281
532800133
533600033
533660051
534754897
534997159
536680621
538412033
539774923
542497201
542628547
542911997
544588153
545738203
547281851
548839801
549308761
552163333
552914071
553818331
554658751
554968241
555465601
558088637
559702153
560907271
562209121
562467361
563947141
564592601
565336361
566328937
567899281
568902001
569332177
569784403
572766251
573183451
575331481
578185301
578358409
581101903
582261901
585114241
585914297
586197361
586509481
587444287
587647201
588267007
589872641
591459991
592971721
596506681
598169581
600666571
600768751
603415933
603752761
604398029
604636033
604821169
606824401
607269961
607983169
609361567
609380437
610511617
610691441
611770513
612790921
613562797
617335549
618311227
618946147
621100741
622796401
627508759
629130449
629998867
631881337
631919665
633289807
633595201
635165701
636442003
638493901
640804243
642708001
646417201
646443337
647190253
647421589
649410763
653495221
656226901
656824033
658046881
658520101
658557077
659846021
660550091
660859651
661610041
663699961
666084833
666434791
666664447
669546433
670208533
670567301
670673893
671077201
673134769
673794001
674234201
679396303
680247601
681989353
683582447
689366233
689443273
691395871
691631617
692178049
692930813
696102401
696447181
700705171
702347881
703365889
704659411
706915009
712485181
714123551
717382501
717653129
717653333
719632691
720440033
721566973
721609673
727784401
728458501
728602169
728777953
733342873
733726621
736016061
736469651
738898409
739178821
739643491
745493761
750094151
753574537
755304541
755864321
755914681
757158533
757644889
757997137
758353597
758512151
759210271
759641609
762595627
763785751
765275221
765406153
767287379
768241381
770746451
770835451
771548761
772539457
773131927
775136251
776249251
780384013
781589587
781608349
783132409
784810297
787567501
787838833
794408317
794430121
795425401
797219821
797947201
800706937
801093011
804801313
804984571
805470307
807034463
807218413
810097601
810099001
810448073
813083101
813185311
814056001
814103221
816947077
819739729
821376533
826945621
828380953
828579079
829239301
837832927
840308431
841217653
843064531
843463501
844788757
847324843
849002081
849606031
851703301
851990017
852503737
852642961
855050701
856303597
857538991
858045001
858437929
863914801
865894681
866008153
867022747
868316467
868331677
869352193
871878349
874906201
878940833
880869277
881824291
885493927
885517331
885683821
886020481
886142269
886618813
887570599
890687621
892216951
892874161
896467339
898379357
898960483
903136901
906078673
906844261
907475851
908468569
908766863
909521911
915743251
915976517
916044139
917030881
918757127
922915537
927220823
931949521
932098133
932653457
933581381
938376181
939059749
939964117
943157989
943795201
946069279
946409527
950693251
953370133
955938901
959518573
960796051
966526201
970586713
973129561
974809921
975110657
975535741
976396961
977254081
979363153
979476751
989908921
991609921
994876579
996565771
997695661
998489017
998849281
1000776841
1001705893
1002726913
1003632673
1007713171
1008216553
1010700289
1011284819
1015269391
1017194011
1017579203
1017984371
1021017061
1022386513
1023405373
1024289281
1026239911
1030354417
1032171673
1033331681
1041401287
1042056901
1043218321
1051513801
1052056501
1054188973
1058444227
1059019831
1061084701
1063727491
1065602609
1072916021
1075374767
1075505341
1079536069
1080124657
1082870911
1084429253
1093253389
1094654009
1098169717
1099637267
1101231541
1101376711
1102346551
1103102191
1103173033
1105322653
1108329379
1113419953
1113831161
1115131681
1115416633
1115509907
1115910727
1122316561
1123406047
1124231561
1124324941
1124868121
1129541401
1130973691
1134387307
1134764801
1135685633
1138508159
1139635981
1142300503
1144891351
1145273473
1148946391
1153783927
1153791721
1155069661
1155348541
1156995407
1162265833
1163168077
1165840369
1168256953
1171106263
1172104979
1172817151
1177054763
1177281451
1179800191
1182385121
1185495599
1185934417
1186996273
1188646903
1196017481
1198880261
1200647701
1202050873
1202142061
1204034959
1204446673
1210869073
1212556547
1213347691
1213619761
1217504291
1217704729
1218152581
1218386353
1219493437
1219554811
1220841721
1224200801
1224211801
1224610207
1226485261
1230433289
1231041041
1234946201
1236032227
1240628407
1243506139
1243540877
1248235033
1249713433
1250059951
1252236421
1254150661
1255949377
1266557881
1267133311
1268603209
1269095131
1270287751
1271207387
1280837381
1283359981
1285612297
1285742377
1288349851
1292178221
1292407117
1300490071
1301204087
1303719617
1308758533
1309382713
1309531861
1309750597
1310783801
1311584737
1312845661
1312944931
1315167349
1317357553
1321414901
1322911903
1325362501
1325479541
1328233451
1328979541
1329255217
1329662179
1329921871
1332237961
1332633277
1333215703
1334838961
1336100959
1336487041
1338605713
1339059979
1339892639
1340722001
1345514101
1347480541
1347775291
1350685001
1358095327
1363200833
1366175257
1368515329
1373329927
1375684831
1376583751
1378203751
1378265743
1381052737
1381805671
1392189569
1393253089
1394640941
1396183367
1397169091
1399092209
1405902961
1407953971
1408607371
1408610503
1409840671
1413741841
1416051521
1416144133
1417680113
1418674357
1419459121
1423246771
1426068821
1432884811
1436131621
1436984767
1439756137
1442667601
1443340267
1444063813
1444441861
1446819401
1450124131
1450180673
1452759401
1464233101
1464544321
1465454101
1469956003
1475718301
1478852929
1486564301
1486994851
1487478511
1488453571
1489587997
1490056501
1501194397
1502124427
1503184411
1506964933
1507121801
1507620619
1510172749
1511342501
1513189547
1514301179
1514880721
1517884183
1519056241
1527303601
1527587101
1528936501
1530194401
1537460929
1539598393
1540454761
1552661551
1552925851
1556329633
1563108427
1563217657
1567450831
1572069709
1572934897
1573689151
1579079503
1582277201
1583230241
1588735201
1590506611
1590844669
1593066071
1594048177
1598966563
1599353473
1608212587
1609921171
1613154511
1613705083
1614341431
1621274227
1624628251
1626170381
1630062253
1635548221
1639426951
1640736649
1640964163
1642513153
1645020833
1650187993
1651200013
1652928061
1658247053
1665293101
1666465351
1671603667
1673447977
1674091141
1674966829
1676311151
1687491931
1694466673
1704801601
1706198341
1708549501
1709881273
1711153837
1714113529
1715427451
1719454591
1724874751
1728960133
1732991017
1734317201
1735849873
1739529457
1744605097
1744680053
1747165897
1747678927
1749747301
1752500401
1755835141
1757148121
1764288901
1767803047
1775969347
1778460637
1781415043
1782642601
1784146771
1786682413
1787371813
1796170351
1803308057
1804030801
1804265191
1807922491
1815566101
1817457121
1820306953
1823174413
1826017831
1827702101
1829245091
1833603931
1842173077
1843051687
1849606681
1851176161
1856009377
1856689453
1858098497
1858276081
1863332659
1869124879
1870396861
1871880067
1877445571
1878099541
1880508631
1882534921
1889169673
1890851257
1894818241
1897658731
1899027649
1902303721
1905283801
1910134309
1913422591
1916523181
1916872291
1917353059
1918228159
1921309633
1921379329
1922742151
1926259219
1930447501
1930534453
1934350351
1945397359
1946163511
1947053971
1948627823
1948803097
1949646601
1956329201
1962730531
1963580653
1965356947
1968156061
1970097001
1971081841
1973488441
1975247539
1982386591
1994203213
1995751891
1997679139
2003220161
2007066569
2008843477
2009621503
2013957919
2016439297
2016495433
2021078617
2021176501
2028519019
2029328941
2030476111
2030517301
2032335317
2032528321
2035004161
2039025619
2044309249
2048900869
2049861661
2056513741
2059972021
2067774941
2069182981
2069305463
2073912961
2075592947
2082837251
2091151441
2094437687
2096692033
2102708641
2106894791
2112572053
2114282017
2117497537
2117576707
2119124351
2119961089
2123792551
2126151977
2127197489
2127758161
2130134533
2131822801
2135052001
2139462991
2141744221
2142302741
2144961253
2145796651
2150969633
2155428829
2165196001
2169163643
2169323861
2170278337
2173018501
2173579801
2177445601
2188728341
2190007073
2190708941
2193375451
2195257201
2202205897
2205160651
2208799363
2213540281
2215493713
2217879901
2223511501
2224183501
2224278253
2228831641
2229367351
2234000341
2237310701
2239324561
2241880033
2242032841
2243273761
2244870307
2250292687
2252298539
2253376133
2267091091
2272287601
2273778391
2283275101
2290361221
2291267681
2305594513
2309911651
2317403089
2317498451
2317578397
2319724441
2319891307
2323290901
2324596933
2325792751
2325965713
2327117887
2328618241
2331181621
2334023071
2338877101
2344054721
2345197951
2355622721
2356042303
2359300891
2359525751
2368368253
2373402781
2375894809
2380603501
2385574201
2386172251
2386273553
2398220329
2401992349
2404942541
2404994957
2413973071
2414422849
2418090949
2419277491
2421244921
2422082491
2423226317
2431786901
2434053469
2435792461
2436691321
2442634381
2443646651
2446113931
2447469487
2448318961
2450997631
2455024133
2456797501
2460154369
2469607139
2477851153
2484361573
2484988459
2488742371
2491365983
2493261233
2494128451
2494504069
2495713201
2497692913
2499853333
2500570847
2503043551
2505610837
2514960409
2515436251
2517017497
2525693987
2527975951
2529225007
2530394833
2534250013
2534292487
2535981761
2536246381
2540972071
2548381613
2550780277
2551223533
2551598071
2552292913
2553045097
2560600351
2563970737
2564452801
2566958267
2573028713
2576446753
2578088971
2579163931
2592910699
2597294701
2598940801
2600611861
2604347167
2612753809
2618047997
2618627563
2623074257
2625047521
2626457803
2631262201
2634284801
2636360191
2637357427
2641145473
2644235941
2644869781
2645780971
2648671957
2650162267
2652882373
2657314351
2658692801
2659835641
2673898151
2677274251
2682724591
2683376497
2690094919
2690829073
2691018787
2695064653
2699916241
2705944537
2709376001
2709957277
2712456601
2715365971
2720566549
2723932801
2726963137
2727058951
2728997441
2729496961
2737208041
2738053141
2742119407
2745342331
2752534271
2754547987
2761545403
2765292841
2766403333
2770269481
2776405211
2778469129
2779477741
2779791871
2781427111
2782170851
2791771093
2793531223
2795883479
2796986989
2804470327
2806648241
2807780977
2812310971
2812672981
2813512591
2814177901
2828698133
2833391233
2837700265
2838534337
2839509223
2842125281
2842592551
2853118847
2862962429
2871465637
2873094001
2873339569
2881354027
2889079201
2894983381
2895004927
2895140767
2899354429
2906196061
2907595561
2909802631
2911481213
2912073991
2913401611
2933101921
2934157591
2934285223
2934471791
2935330651
2939762941
2941267831
2945208001
2945240231
2948673901
2952993187
2968206601
2974766173
2975096953
2976407809
2978188141
2978766341
2984677291
2988423673
2994620597
2996944133
3018075967
3018147217
3023190241
3023483761
3025431337
3027477349
3027653791
3029512243
3034978753
3038412313
3044816213
3052682201
3054297403
3056100623
3058168517
3063683503
3069031421
3070208261
3071729443
3072094201
3074083651
3090054199
3103288631
3110542489
3110830003
3120894649
3123455401
3123609787
3128899393
3136605361
3148416053
3149083261
3149561731
3150110269
3164355001
3169419229
3179713321
3180808921
3187709263
3189888001
3197941979
3199095769
3199606019
3199918213
3203380891
3208241983
3211499911
3213895051
3222121813
3224478739
3226158209
3231570707
3233377051
3234038147
3240242513
3241726321
3245595139
3248891101
3249807211
3258887941
3260817941
3280215151
3280967353
3281279821
3281593591
3283453003
3284160097
3288686501
3299532251
3321908809
3323138443
3323879329
3326803201
3330604451
3332303099
3339531521
3345103357
3345634157
3349218881
3356387623
3363763231
3378217879
3387401047
3388238101
3388400833
3390418133
3393454627
3393760861
3404646433
3408200641
3411338491
3423580481
3433178689
3436674121
3444674851
3453354607
3456363601
3457084141
3458341657
3459980641
3462909031
3483956503
3489867961
3494512201
3496210513
3502470913
3505364101
3510048541
3510883531
3510991261
3512967697
3518080981
3520909237
3521383951
3524086333
3525054721
3541832269
3555555571
3557516719
3559421017
3568781399
3574087859
3578617841
3580051861
3587553971
3591338701
3596659921
3599858687
3601083511
3601115623
3601528901
3602006101
3606377149
3608949761
3609494533
3612647119
3617633251
3627781867
3629796061
3631661801
3631828481
3632738101
3637386763
3637831753
3638903851
3639595177
3640042351
3642292681
3650390353
3652809721
3654340769
3659940701
3668696963
3671279371
3677468161
3679113199
3679665329
3691220773
3692149847
3692283211
3694606111
3700470337
3718428121
3722902627
3726810959
3728463481
3728989441
3733504441
3736293461
3738393901
3741957689
3745094293
3761091937
3765914699
3769349897
3781051309
3781501249
3783782941
3789227051
3795206827
3807252307
3820731391
3821449627
3823155001
3829656403
3830629151
3834589501
3835367281
3839518801
3844305499
3850058689
3858229321
3861265669
3863004001
3866820907
3869854129
3877846459
3880877387
3882729131
3886035871
3888382961
3895046191
3896963857
3898212553
3900299531
3901632313
3911700001
3915262171
3917848663
3924347671
3924467321
3935990269
3936990201
3937994413
3940622047
3942332501
3946396499
3951029161
3954221377
3954334159
3957330341
3960585721
3961215217
3961312801
3963736739
3965270401
3970673947
3971677951
3973328731
3974080889
3979234351
3988288279
3988389547
3989454031
3990200221
3993062509
3993251281
3994913203
4000718401
4028995297
4031514001
4037490451
4039274021
4040027489
4041234091
4044096053
4051531969
4056767821
4063793347
4067083171
4069991791
4070949121
4077952309
4079877037
4086816311
4088827657
4091041501
4091862377
4097752597
4105248967
4112485301
4112558413
4114526881
4117035457
4118784101
4119397105
4138611661
4139729623
4141945001
4157741881
4159606231
4160182051
4160927761
4161808751
4165810723
4169765101
4174073731
4175289271
4176385921
4179008347
4183664101
4186823297
4187360341
4187585431
4192060699
4212877901
4219854071
4220681471
4230582409
4231919971
4235818861
4235887891
4248893971
4248899161
4250911061
4263507091
4263649699
4272594119
4277526901
4283463781
4288319561
