133
447
893
985
4033
5713
7471
8105
8119
10585
12805
17767
19951
21073
21421
27307
38081
44023
44801
54161
56033
60701
68761
75851
83333
88831
89441
90751
96139
98881
104791
110701
113401
114017
118333
127697
131821
133141
146611
162401
166531
177311
188501
229633
231793
247105
265651
281101
282133
285671
286903
292189
293401
294061
314821
318061
319337
319507
328021
340033
390937
391141
416641
451081
451351
456301
458989
469081
485357
497503
555397
631765
653333
663171
726433
753481
783511
811921
824149
860611
878233
963857
994507
1018249
1063861
1079827
1128871
1135817
1141141
1152271
1200967
1232443
1258093
1268021
1371601
1373653
1446461
1451791
1454933
1463443
1503391
1537381
1596685
1603213
1663213
1729729
1811573
1885157
1987021
2049031
2104873
2131591
2140921
2162941
2181121
2182267
2253301
2253751
2435833
2467561
2520541
2538251
2545181
2568193
2579557
2608453
2627551
2687389
2734021
2795519
2812711
2918371
2948947
2958103
2976487
2994751
3055585
3059101
3076481
3125281
3183907
3195157
3306097
3358369
3455101
3470921
3502981
3506791
3514513
3520531
3593521
3818413
3822607
3828001
3899491
3913003
3942271
3969127
4086541
4090501
4127329
4209661
4314967
4448221
4476443
4519831
4865239
5083585
5146759
5162461
5275843
5444489
5447881
5462563
5652191
5745661
5834851
5872591
5886079
5960761
6115729
6154241
6182453
6304069
6328321
6360577
6675841
6851521
6868261
6969511
6976201
7062697
7198951
7344947
7686401
7711507
7744349
7780501
8023051
8086231
8231653
8343649
8399371
8672569
8795401
8902741
8964001
8971737
9018241
9080191
9174829
9378097
9456679
9567673
9846401
9863461
9867547
10054741
10195781
10224991
10403641
10458001
10468921
10542121
10754617
10865489
10919647
11060057
11137237
11661511
11736211
12318541
12331801
12397153
12417131
12560253
12589081
13068151
13374593
13516651
13545937
13807333
13936981
14149981
14324473
14569777
14676481
14779051
14913991
14943377
15008033
15258151
15491969
15525241
15576571
15616481
15995449
16024933
16042027
16331701
16571401
17174561
17270369
17604931
17737381
18063559
18095533
18342241
18408553
18463019
18507809
18641717
18809911
18901213
19840811
19947271
20179873
20208091
20261251
20619971
20668961
20756905
20968501
21238769
21496261
21676271
21978133
22028203
22110901
22167289
23092861
23156101
23464033
24352541
25150501
25525499
25645681
25696133
26017291
26280073
26332181
26678941
26906881
27409541
27477217
27509653
27762157
28346683
28362637
28886089
28989871
29111881
30411201
31078529
31150351
31157641
31411381
32429431
32486497
32503201
32795551
33328153
33600533
33614917
34084181
34581331
34835659
35138041
35180881
35270647
35287381
36314371
36504199
36974341
37354465
37675771
37804633
37962541
38135329
38423729
39003581
39463807
39656497
40062413
40158469
40168213
40465501
40621591
41027227
41088013
41710411
42149971
42547537
42666037
42709591
43036003
43199729
44117011
44278741
44859403
45184393
45586451
46268531
46808401
47014453
47283601
47513851
47593711
47793203
48064021
48170011
49250777
49896001
49991663
50053543
50063417
50102551
50823151
50997451
51038749
51961621
52446337
52748827
52754293
53403421
53638903
54529861
54956921
55167943
55316647
55384033
56052361
56322961
56602219
57569041
57833861
58312171
58725703
58986091
59226841
59632885
59840537
60033403
60280651
60493651
60707983
60957361
61100551
61363541
61533631
61616881
61907461
62289541
62423551
62563333
63553621
64042903
64377991
65254393
65363101
65372959
65866291
65995651
66123121
66345221
66478501
67611121
68045833
68154001
68563301
69331201
69600833
70109551
71245021
72115831
72611701
72705901
73413469
73705633
73961521
74678911
75182329
76494391
77334769
77594653
77637463
77648941
77694497
78304549
78769261
79251485
79464533
80104033
80637571
81227059
81376903
81422953
82274317
82835545
83890513
84045301
84247963
84333901
84701371
84705083
84890737
86120143
86385587
86438857
86703937
87056941
87270793
87558127
87637763
88683631
88741171
88768051
90014653
90203059
92060021
92645437
93105893
93596281
93980251
95178091
95863741
96028001
96101191
96474043
96892049
97416337
97530973
98752291
98907997
98993281
100907047
100924741
101276579
101979431
102358747
103042241
103448809
103552373
103906981
104588329
105081061
105957601
106314931
106664881
107772211
108710521
109004239
109427291
109779841
110004691
110225329
111291181
111610991
111756271
112798579
112918591
113197061
116400253
116701003
118172251
118421959
118901521
120236707
120702529
122581801
124105747
126386261
126428851
126914041
127028513
127044781
127602971
127619243
127664461
127901005
128957471
129524669
129850793
130783297
131256451
131257727
131508301
132950273
133121017
133391611
134295061
134336287
134777221
135192601
136053163
136272931
136864141
137033359
139301191
141069067
141095269
141160501
141809581
142131553
143168581
143827321
144346879
146272901
146359009
146930253
147480961
147889741
147905339
149532571
149915011
150010837
151720853
152277127
153384661
153625601
154010221
154135411
154148777
154252621
156463159
157799377
159520141
160165897
161124401
161158601
161632531
163138991
164408701
165283471
165525377
167472451
168058045
168456889
169771541
169824721
170832037
170985169
171314371
173496289
173678203
175049737
175385953
176597821
176947453
177349147
177811129
177979381
177995611
178263089
178416127
178918741
178937851
179298571
179679787
180250901
180556967
182188117
182294911
182825581
185870089
186054721
187143661
187248307
188821951
189905101
190212181
190494961
191845249
191951761
192241901
192746401
194339081
194556451
195043213
195757381
196049701
196075949
196279201
197239591
197324173
197795753
197991109
199372501
199405441
199789441
200436859
201360841
202565651
202983793
205364251
206585437
208264081
209301121
209802581
209983159
210517709
212361761
213035761
213681841
214038533
215809177
216542327
217186537
217517653
218953307
220340101
220471841
221216641
221817961
223051141
225130321
226359547
226474441
226720777
226965751
227132641
227444101
227613871
228594241
230223011
231071131
232582801
233308681
233609491
234610291
238200901
239146951
240272077
241094491
241249633
241748167
241985033
243281809
243692489
244061371
244306151
245545531
245781097
247588963
249751987
250612429
250907581
251663837
252722557
253239751
253613587
254405713
254781451
255866131
258101317
258234401
261856261
262097389
263428181
264138661
265336639
266206231
267351679
272343751
274090097
275712533
277259881
277748641
277787141
278206501
278943061
279022321
279199201
279377281
280769437
281288801
281898167
282343601
282769771
284632111
286171201
287284141
290954341
291086401
291834397
292489651
292821313
293792357
295057949
295605731
296237239
298516417
299675297
301413001
304918261
304930837
305913301
308321399
308550061
309419623
309742841
309970081
311609059
311696971
312214157
312355441
312485167
312828685
314541811
315407641
316583041
316659583
317215501
318183937
318896257
321021037
325016851
325688731
325837081
326931601
327328093
329155741
329558329
331683971
332318551
332976961
333072541
333910391
334006051
334291981
334963333
335304691
336372299
338455153
339858541
342265951
342567361
342664081
344820631
344966599
345497281
345674071
347173777
347370461
348668321
349470703
353932801
355274137
355395811
355831543
356488231
356643211
357422737
359696431
361198241
361373501
363881057
364021549
366178051
366487201
366802273
368113411
368476501
368714431
369610237
371781523
372044641
372495989
372573433
373669453
374208661
374577139
377979169
379270651
380501881
384314131
388277921
389064589
389244497
389849071
391436053
391573729
391923379
391944463
395858159
395881501
396755713
396864469
397700503
398731961
400253701
400803613
402191597
402752533
405956801
406577441
407282851
408597391
411006443
411525841
411589417
412638217
414027781
415168531
418617281
418717993
422177491
423366211
424632913
425160721
425918593
427370371
431278291
434644033
436897819
439714133
440306461
440583859
441132751
442459651
445806271
446715221
447571043
450214909
450866021
451232447
452330413
453557287
453992111
454044781
454796161
454827559
455034817
455812447
456320801
458071051
459387451
461115691
461289601
462827665
463105739
464102071
467037229
467135281
467491753
467949301
468950021
469379263
469767691
470063791
472126381
475371251
475446511
475468927
475480391
476136937
476667361
481831681
482356387
483029821
485555747
486587137
486722497
487618561
488366863
489584671
490518181
490703617
491240011
494650333
494873209
495148933
495178201
495412633
495627031
499534439
500064631
504152965
506359879
506370151
506648413
506883529
508346173
509288131
509551201
509735839
511408171
511514881
512150689
512977327
513384301
513713431
514602001
515576881
516243197
517456337
517551211
517697641
523478981
523617179
524925751
528013333
528214201
531580349
532094413
533600033
536334049
536682511
537150091
537945809
539019361
539031511
539234821
540621181
541158853
541453147
544599901
544670389
544861633
550866031
551872171
558987997
562342411
563975029
564331697
568073287
573447799
573862021
575419021
575534093
578191849
578490007
579956653
583149991
587634961
590414977
592467451
592807517
592987201
594682201
596649769
596831593
597458413
600893921
601575031
602306551
602339209
602946217
603264421
605741803
606588473
608185981
608262961
609646789
612816751
613919461
615097603
617645531
619656001
620017609
620378449
620928533
621028351
621356737
622157779
622334057
623662903
624688189
625373281
629631103
633640129
634039561
634359217
635165701
638321791
638586697
644181313
649657301
651232951
652979233
655327177
655833685
656837305
663509251
663619717
663699961
665943841
667352701
667563487
676273027
677334683
679018463
679151651
680921851
681158209
681502441
683146129
684634133
685007137
685073341
685182745
685440053
685975501
687329821
689537441
694505089
696042901
696388141
699408793
701480953
702859301
704838889
705366769
706363093
706991113
709695361
712255699
712676071
713778521
714539701
724310593
726054067
726348121
727083001
728851507
729549727
732473953
735201013
736817821
738782777
739314391
739663921
739683437
739932901
743404663
746425801
747325237
749020861
749496089
750052097
754574881
756205633
757639387
757894831
758056531
758493601
759309121
760777063
761440891
761875721
763369111
764923477
765406153
769006153
769154101
769178941
770330669
770592409
773131927
775368901
776370401
777109021
779414893
781373041
783624661
784966297
786638651
788027731
791069729
793390817
795172181
801831781
803014241
803744371
806914631
808562791
811043953
815037757
816690551
826945621
827724109
827980471
830401651
831667777
832533067
832870891
841217653
841590583
843917401
845376533
846311047
847027063
848800741
849495067
849606031
850182209
851026261
851830201
853650797
854868257
857538991
859397689
859579481
860506693
862069079
865844981
867965251
870764959
870813663
873716521
874048501
874410241
878490271
878940833
881125213
886180429
887736301
890687621
892799057
892938619
897024751
897916207
900347647
904221641
907475851
908529781
909425791
909646411
914628719
916428067
917697061
917893793
922971713
924753523
929559403
930320491
931184201
933354031
934186861
934290251
935707621
938574631
939448693
940134977
942088201
944832533
947332387
948639721
950211217
951232133
953370133
958762729
959918381
961947127
962620429
966790393
967423153
968137897
970776649
972471151
972486469
975765787
976396961
977770531
986066461
988978889
991523479
994517533
998849281
999260501
1000541311
1000891553
1001938609
1003048621
1005745261
1009051933
1009140161
1012621501
1012710571
1012876561
1016411329
1018125187
1020725161
1022001553
1023640381
1028017201
1028018413
1031961379
1033197551
1034952001
1037627051
1038453761
1039740833
1040295691
1041112297
1042074713
1043549911
1052487437
1055437633
1058277151
1060794769
1064507123
1064519011
1065262843
1067221391
1067240191
1070969189
1075992259
1077664537
1077799357
1080041701
1082755477
1083354817
1083565921
1084444481
1086202081
1086592501
1088035363
1092902533
1093459867
1093916341
1095780251
1096651921
1099140337
1099186817
1105800001
1108525771
1111114663
1115666113
1116320641
1117168453
1119895393
1122736501
1126998913
1127993861
1128420481
1135425547
1137561251
1139434453
1141931617
1142300503
1155690451
1157839381
1161562823
1162265833
1163168077
1164406501
1166876771
1167331681
1168221121
1168256953
1168295941
1168924303
1169932541
1173008971
1175812669
1177673647
1182070351
1187065111
1189168129
1189817371
1191468251
1193005477
1196969707
1201359361
1201518961
1203144031
1206022973
1213347691
1215518617
1222923829
1223782297
1224493321
1227973441
1231153561
1232853007
1236939229
1241057849
1247875903
1250656621
1252222619
1252236421
1255663267
1257102001
1260685297
1264887007
1268018093
1269481501
1271030437
1272866167
1274508661
1276581307
1279841179
1281635521
1283359981
1289281621
1291777111
1292096521
1293469519
1294261781
1295952913
1297150331
1301909761
1306742221
1307985313
1307996281
1308035611
1308544903
1313172481
1313546051
1316981467
1317979651
1323011377
1325802559
1330872913
1331526463
1336796761
1336848031
1339505663
1343126881
1348034401
1359586817
1359803413
1362463807
1372191089
1374303407
1375007941
1377031463
1377829441
1379598221
1381325009
1384887529
1390583401
1392189569
1397117191
1397447479
1399619131
1402248403
1404228421
1409107981
1410890041
1412651017
1412756801
1427775361
1428059029
1430021347
1431059197
1432900771
1434735457
1440231941
1451434001
1454781169
1455763891
1459015451
1461978211
1463178817
1465215361
1467817471
1471541143
1472221921
1472299009
1472929381
1474227217
1474648021
1476359011
1486958743
1492654549
1492762133
1494595801
1498310641
1499094721
1499890141
1502682721
1503210829
1505442901
1511042851
1513888157
1515664153
1526597353
1532755369
1537461871
1537466491
1538011561
1538071061
1540454761
1543654921
1545505673
1548553609
1549597921
1552494131
1560129607
1561644091
1563630589
1563824861
1564310677
1566173281
1572452197
1572777551
1572934897
1574362441
1578562589
1579158151
1581576641
1586864761
1587109229
1587385297
1587895921
1592595703
1593706201
1594022321
1597951741
1600949351
1605194197
1610810251
1614423661
1618435171
1624030129
1625925121
1625963471
1629986521
1630307617
1632955381
1640509561
1641685711
1642919329
1648290841
1649863717
1650682153
1654432669
1661461121
1665597781
1667715017
1667960633
1668176641
1674658133
1681724801
1684495009
1685490101
1685819791
1687265857
1692346153
1694226301
1697203171
1697759911
1698478393
1706199923
1706620549
1713319453
1714935457
1715427451
1720368161
1721982979
1729369651
1738887751
1740440683
1743657931
1747050001
1748405737
1752190049
1752817081
1753593031
1760706811
1761445237
1763702533
1765607579
1772267281
1775658259
1777891417
1779954023
1780454677
1785414061
1790267051
1791426787
1795273943
1798365931
1803442159
1808238521
1812099073
1817614441
1818352531
1818827141
1821541003
1822479751
1827702101
1834199251
1835114401
1837133761
1840009891
1840840321
1843925581
1850876707
1852496761
1863332659
1864009153
1865215577
1866409861
1867151437
1870658809
1872701041
1875078011
1876485691
1878261841
1878978977
1880544907
1890430679
1890641773
1894955311
1899431857
1902848851
1904180473
1904524903
1907221681
1910668033
1921079161
1924304141
1929841117
1930534453
1934635121
1936642471
1942089601
1952068381
1958704177
1970065681
1971032221
1972073161
1973290801
1974452783
1978198501
1985262049
1985348527
1987047323
1995784961
2006500651
2017509601
2025310909
2031669001
2036628553
2037233839
2040432101
2042467741
2049030173
2053128361
2057756611
2062268473
2068867841
2069182981
2076587129
2078047687
2083711837
2083821751
2090448361
2090667461
2090685241
2091501751
2091558913
2092339211
2096490523
2098159097
2100369517
2104116361
2109583561
2120753251
2123112967
2123792551
2126563253
2131620571
2133876991
2139462991
2139637831
2139768541
2141087051
2153076001
2156567291
2165183077
2173699991
2173995529
2175728251
2177408293
2177445601
2181723751
2182314961
2184744451
2185216697
2188748057
2194422751
2196314569
2197805017
2197992871
2203751593
2204806027
2212785121
2213357059
2216352331
2218416619
2222840107
2224183501
2224506541
2225200801
2230305949
2231945201
2244728011
2255503721
2260550797
2261372143
2263594717
2264745313
2267429599
2273377681
2276847707
2277117701
2277332641
2279128129
2280256513
2280656953
2280880127
2282458579
2290361221
2292089609
2296894753
2304456053
2304534511
2306844181
2307480211
2318964821
2319329503
2322795817
2324454793
2332461949
2337670031
2338004743
2342289601
2349205321
2352371251
2360519701
2365443001
2367432649
2368219351
2378397397
2402192041
2403802133
2404912501
2405651513
2414157871
2419194433
2423192581
2425334501
2428870753
2439600833
2446810957
2446893703
2448357481
2452043401
2452114261
2455764097
2456472271
2460498271
2460578821
2462091001
2469547081
2490831487
2493307909
2493698131
2494128451
2494660033
2500152859
2511396901
2512670357
2526457741
2530618177
2540314219
2545831261
2557434461
2563295621
2567780641
2578088971
2579163931
2579510491
2585059621
2592901321
2594938417
2597294701
2605133101
2605557781
2616180821
2617106251
2621734921
2623988521
2626457803
2627143891
2630374741
2631711283
2640443917
2640854701
2644366861
2647219121
2647851781
2649538081
2649767137
2651386501
2651800549
2654346241
2655271249
2656296091
2660726881
2660783591
2660957989
2668095181
2671407701
2686816133
2699072641
2701878941
2701920341
2711713481
2715365971
2717428033
2722464119
2722868947
2724560551
2725818937
2733569497
2734668077
2737039141
2738491211
2738687617
2738925901
2740388407
2745144331
2745342331
2749504577
2755706251
2756877841
2759502565
2761966219
2763612151
2772733373
2775335173
2778517681
2783486557
2785738693
2788398413
2798992811
2801094451
2805609997
2806496551
2806827451
2810334259
2815035053
2815816033
2817882607
2824417597
2825682553
2828698133
2837169721
2837697773
2838534337
2840998681
2841190381
2852013361
2853252013
2855661121
2856469465
2864687951
2869934491
2871629707
2874610513
2874828751
2884966573
2893587139
2897251729
2899369891
2904229333
2913401611
2914711831
2917556209
2917744171
2932852319
2933588503
2945688461
2953030681
2956092101
2962040581
2962108073
2976930001
2978011651
2979028909
2979185761
2982072601
2984440961
2994536801
3008333333
3012669661
3013708057
3017887471
3024677311
3027022153
3028125781
3031304407
3033185401
3035081561
3036079729
3042630533
3045493039
3050357467
3050401681
3050865031
3054586921
3066754241
3068534701
3069786901
3069987157
3077659411
3077802001
3085566121
3086767657
3102259031
3108629309
3116456071
3119161361
3120137203
3124696177
3125276191
3126490537
3128899393
3133282081
3133694549
3144383569
3146902111
3147615451
3148269359
3148795789
3151353941
3161377129
3163106953
3168101053
3172290067
3175434667
3175526971
3175904033
3181341239
3181356263
3183882571
3184090561
3184441937
3185944273
3190010363
3200416363
3206529181
3213895051
3217915759
3218805673
3220025401
3223024289
3237709213
3251820241
3253543207
3256478521
3258269101
3259849861
3265622203
3266092801
3274189201
3275671969
3278392129
3280215151
3282974857
3284679379
3286184287
3286409921
3292900183
3298453619
3299532251
3299550391
3304446191
3304861061
3315139717
3317396311
3319374169
3322459981
3323945921
3324028919
3328354801
3334200061
3340579729
3341009401
3342005633
3347901793
3363568741
3363763231
3364070533
3367112461
3367488001
3368823121
3371272381
3381214981
3387237361
3394046797
3397199401
3399890413
3400390073
3408131561
3408200641
3410145421
3414055859
3420352339
3432881233
3440232193
3443541793
3447533191
3450935503
3452289067
3453362881
3454181761
3463907761
3475361251
3481538581
3484107841
3497594101
3501212051
3502970551
3502998451
3505243081
3505364101
3508999651
3513664551
3515337131
3515906899
3516469223
3518343973
3527163701
3531436801
3531927211
3534517513
3536568041
3537173809
3541895177
3543772441
3552562889
3554383141
3559066513
3570928927
3575636821
3576294151
3580950871
3587178841
3587236981
3607632601
3608501321
3609104621
3616574081
3617391961
3620959337
3624431071
3640066711
3643480501
3645410165
3645942019
3648568501
3653119051
3667739611
3672977101
3674305801
3676490911
3678588373
3679455079
3681790981
3699020257
3708533641
3712492129
3714640441
3724539001
3734195287
3751005457
3754880291
3756206213
3757929187
3759555857
3769407181
3780257881
3785512483
3790244389
3806030489
3806586631
3811357201
3814207759
3818466901
3820724767
3824339819
3828001561
3837159503
3850058689
3861362551
3863326897
3863986309
3867110281
3867826673
3873681901
3874523017
3878586001
3883439647
3884909491
3889818451
3890921317
3892217401
3892928203
3896103559
3903711841
3904075297
3905857331
3908413559
3921091441
3926200321
3934531603
3934797241
3936227041
3944621101
3950479409
3951462901
3952640999
3956902801
3969787267
3983087011
3989454031
3991164857
3995268289
3996884347
3996987251
4011325697
4011861361
4022584231
4023311231
4024558051
4026822577
4030698673
4035028861
4043724931
4044096053
4053328921
4054583737
4057960381
4065328117
4075241633
4079665633
4080054833
4081180951
4086437587
4087390501
4095674309
4100037769
4111401313
4114224001
4120241221
4121492761
4127050621
4129609261
4142995639
4148229229
4150829593
4156880029
4168267981
4173603481
4175362133
4178535769
4185434681
4191454411
4196173073
4200339791
4209624901
4210095667
4210929721
4217455243
4217739181
4226184349
4228090903
4229079089
4235818861
4237767073
4243744201
4250383957
4252621801
4261731829
4266690751
4285739221
4294648873
