15
121
847
3097
3751
4033
4141
7081
8921
10991
11521
13747
14209
16093
16297
16531
17803
24601
25141
28381
29041
32689
33001
35371
47197
48133
48709
49141
57841
60701
68671
79501
88507
98131
115231
136981
138061
146611
146791
152731
156997
171601
194221
196981
226801
239701
239791
254689
261289
267859
269011
273529
326233
337441
342109
373249
377533
385003
416641
420343
422281
437251
481601
486157
502153
505171
544363
600503
604117
605263
651511
660313
736291
752221
765703
780361
793639
816001
819541
827401
849577
850513
851089
890401
938821
946695
960367
999823
1004653
1020983
1065301
1123201
1163621
1174861
1185901
1190681
1200967
1210849
1212751
1226413
1245889
1345501
1346869
1352569
1373633
1394171
1419607
1696633
1735147
1735841
1789453
1793071
1793221
1898999
1909001
1945663
2062727
2091013
2103929
2126671
2150533
2161501
2235871
2244817
2263501
2284453
2337301
2358533
2386297
2466133
2488081
2510569
2536741
2543689
2623159
2746589
2817001
2887571
2901889
2933141
3042061
3052981
3086317
3213313
3270403
3285361
3342827
3363121
3364001
3375487
3568661
3593461
3604201
3609341
3768451
3863251
4029601
4101637
4108409
4150387
4151083
4219129
4322579
4417001
4458161
4499701
4576513
4705171
4798117
4808681
4868701
4983151
5049971
5122133
5245381
5268511
5292631
5448967
5672041
5718721
5925307
6121291
6255341
6278533
6319601
6402151
6441503
6469471
6564961
6577121
6727951
6779137
6901001
6955087
6998761
7056299
7108561
7210501
7288241
7306261
7571881
7612151
7652653
7686401
7742431
7847953
8021651
8160521
8231653
8405857
8467687
8477801
8551999
8595361
8602513
8650951
8655511
8721217
8807171
8929181
8943271
9320137
9373801
9382913
9459031
9467767
9533701
9694081
9812921
10403641
10496917
10517581
10568503
10813321
10837601
10923331
11516941
11607961
11767001
11917141
12032021
12055717
12169711
12417131
12862001
12942823
13012651
13448593
13544851
13701871
13968721
14019391
14026897
14053051
14108261
14575091
14608133
14687681
14712337
14758687
14781181
14783203
15008033
15079141
15604321
15614161
15621499
15706021
15757741
15979081
16324001
16354837
16661633
16666813
16805233
16862743
17111641
17236801
17349307
17388673
17803759
18063559
18666701
18759841
18888893
19194181
19196101
19222061
19449199
19578847
19938619
20536001
20622031
20633167
20685097
20779487
21397381
21707479
22087477
22148983
22721791
22918141
22947181
23105497
23346509
23454901
23476447
23606507
23849869
23867071
24037021
24388621
24703213
24778177
24862657
24989041
25052527
25150501
25590511
25696133
25936201
26026309
26115107
26435011
26442631
26886817
26906137
26970661
26978407
27625261
27644311
28074617
28371001
28549337
28572961
28595221
28646437
28685881
28910491
29413171
29545801
30145681
30301441
30500345
31009177
31201801
31252369
31545697
31741813
32091781
32332301
32974567
33069079
33120341
33146717
33242353
33473413
33600533
33885011
34055281
34097467
34590403
34890481
35661601
35732497
35820937
36024913
36142849
36196481
36246937
36425341
36765901
37035337
37214731
37261357
37505161
37649503
37730969
37736533
37771231
37959703
38903287
38971661
39684157
40102063
40210591
40433551
40583251
40917241
41003713
41151097
41509141
41657821
42026419
42196573
42606331
42702661
42885929
43036003
43113677
43231231
43331401
43594321
43661257
43838341
44068001
44269021
44375101
44465221
45046513
45566081
46155409
46511161
46731571
46909051
48191653
48481679
48533761
48908521
49019851
50462959
50764981
50825881
51145277
51460327
52036321
52522021
53145919
53154337
53390611
53638903
53711113
53759707
54459841
54816059
55304881
55610837
56196901
56209183
56978683
57066859
57253561
57609397
58183423
58570049
58624273
58798801
58947407
59172871
59501863
59690411
59964241
60155929
60505201
60738257
61754941
62015491
62289541
62412001
62712281
63002501
63300173
63749197
64042903
64175113
64344589
64769381
64983361
65844001
66007061
66300551
66439921
66496993
66596261
66932851
66994471
67201489
67653433
67693321
67984981
68727349
69502267
69829813
70688857
70872229
71937109
72244901
73580077
73827601
73902403
73944697
73981657
74052421
74328013
74378033
74740051
75351613
75642157
76232581
76422571
76523371
78233479
78234133
78459971
78644611
78933181
79343923
79557001
79625701
80104033
80220649
80273737
80304001
80695981
81376903
82606231
83530019
84191509
85519337
85572631
86067367
86523109
86610071
88020833
88644013
88928431
90014653
90176329
90803429
91129991
91281451
91618381
92479841
92625121
93431521
93568609
93571633
93980251
94245337
94502701
94753093
95290903
95518601
96018661
96232501
96527131
96916279
96925921
97177589
97548883
97865737
98255141
98720461
98728033
99945007
100891993
101519057
101954077
102038719
102337241
102600421
103744261
103846051
103906981
104684581
105184951
106314931
106485121
108999301
109247179
109838431
110312773
111291181
111540001
111961081
111967471
112165931
112288061
112828801
113378161
113840743
114026177
114193729
115039081
115190401
115351933
115517287
116332351
116791261
117129421
117186037
119764321
120236707
120258781
120266147
121226531
121406321
121766149
122597473
122647561
123165121
123864841
124640377
125226683
126211307
126386261
127448551
128413501
129363157
129726931
130175587
130606547
130710121
131915593
132186757
132498481
132697193
132858001
132976459
134295061
134967277
135798067
135894319
136717981
138403981
138901937
139363927
139952671
141069067
144714439
145736879
145949509
146560571
146758843
146975401
147106189
148652767
149532571
150011821
150143171
150435133
150988753
150992587
152368133
153369061
153697601
157394161
158496911
158513629
160426729
160860451
161304001
161318401
161669431
161951917
162379081
162458381
163098791
163548683
164301931
164578051
164952217
165733681
166026421
166820333
167138857
167692141
168566501
169234003
170122357
170584961
170832037
171328523
171515719
172035841
172116181
172272187
173475457
177439061
177730279
177874313
178918741
179071051
180531289
181889921
183220489
183228211
184577941
184746889
185389891
185653333
186125633
186846301
187546133
187652401
188382487
189612151
189734791
191191933
191882203
192071521
192135403
192518173
193374451
194389903
194714027
196419169
198044257
200083333
200966041
201789127
202565651
203089927
203231621
203269177
203302891
203893141
206504033
208264081
208399231
209060797
210442519
211445209
212456161
213476129
214374689
216474259
216961591
217472501
218495479
220471841
220568041
222571231
223051141
224582221
225879023
226202741
226965751
226987133
227512651
227590637
228009301
228587341
228842209
228856559
230255071
230719813
231299713
231506713
231540121
232155847
232717559
232794253
233419033
233553629
233789977
235928071
237126779
238171201
241225997
242368169
243200299
243346153
243537361
244203751
245569171
246152653
246447709
248290927
248478121
249036089
249200821
249331237
250216801
251056111
252888781
252892681
254054369
254781451
255296731
256665571
257608261
258852961
258891991
259488037
259765747
260107993
260849821
261962317
262480501
262954297
264001519
265418401
265731931
268207409
268512641
270447157
271085671
272002831
273083887
273599971
274214261
275091217
275240461
275516749
275767441
276542401
277588139
278388881
278819743
280229837
281743801
281960911
282840181
283732621
283824001
283955617
285091759
285111667
285154201
285197329
286023403
286079401
286257089
287762509
288063917
288630343
289806821
291251161
292961183
293731021
295321951
297766561
298362241
298772209
300778207
301120831
302173579
303285119
303343321
308550061
308919931
310855091
313392271
314736661
314970121
314970451
318045649
320454751
320672521
320782991
321004147
321379171
322545203
323705971
324186451
324545851
324929207
327328093
328531981
328564477
330801841
334581361
335304691
336408553
336893257
337291579
337461979
339033221
339166351
341425631
341735621
342052751
342212509
342848689
344064109
345132481
345478381
345674071
346118081
346305403
348141301
348217183
348818497
348989101
350771053
351843049
351921337
352876301
355297301
357241361
358716493
359705371
360145633
361173691
363432371
363941467
365485177
366205939
366551539
368113411
369463387
370573517
371376631
371600461
374195473
374325841
374593981
374858821
375673817
376793719
377171681
377300557
380142757
383434291
384030217
385328251
386677501
387188561
387359473
387662449
389064589
390612221
390943711
391786841
391930003
395044651
395264101
397285153
399238813
400374253
401717941
402354049
402769441
403095421
403095967
403460429
403763401
403898881
404012831
406738333
409693681
412205053
412643569
414087631
415476343
415800703
417100183
417604321
418104829
419169229
422957329
423302657
423448651
424411501
425194111
425918593
426272221
428619943
429254587
429890581
432525607
434503213
436790593
436897819
441489077
445072057
446829571
447191893
448727581
449553133
451059841
452330413
454480517
456392641
459215563
460816957
460900801
461854261
462021281
462876691
463628551
466376149
466758181
468431791
468723331
469209751
471345781
471697799
472491181
472814413
473617513
474138523
474651451
475992397
478941751
481089467
481846429
481984049
483006889
483029821
483351217
485328187
486633577
487137457
488708257
490518181
491646403
492512863
494650333
494873209
495832231
496476017
496615981
497822029
498442951
500119801
501226891
503369729
507877147
507960001
511203551
511408171
512400421
512788741
517280347
518257429
519721427
520304089
520399381
521289001
521867741
522948311
524151253
524404651
527210263
529056347
535566721
536258227
536426317
540132139
540362341
540621181
544952341
545738203
549533221
550109233
550437031
550538743
551961721
555016771
556488811
557160241
558088637
558977761
559492561
562945321
567737633
569939521
571765321
572446951
573344029
573584761
573817861
574692161
575419021
576327841
577475911
580686881
581871841
583886383
585261637
585281791
586862737
588645709
597250081
597458413
598086451
599646841
600148151
601171201
604066597
604088371
604636033
606318511
608042471
608709481
608952739
609244501
609956569
610511617
611812321
612790921
613332721
615244481
616015469
616701691
619409701
619830469
623608957
625536071
632112451
633289807
641572441
643093201
646816633
647679397
648339769
650758561
651514753
652737871
653017121
653085091
653260633
653349271
656723161
656793899
657926731
660061081
660238153
660390049
661969111
664942321
667201001
667867597
670298569
672300973
673778827
674360941
674931931
677491681
678407557
679657157
679975003
681303241
682528687
683116849
684517501
685797841
687605533
689327731
689456069
690043201
690135881
690422839
691366909
699248431
699342229
701089523
706368713
707760199
712584433
712650881
714841201
715427861
715543393
716169301
716383511
717096641
719230273
720385903
723248551
727799081
728851507
735432773
737702911
738965797
739389511
741981871
742712401
745690241
747083891
747972359
749172821
749456461
750160811
750632137
753022201
754020361
755808337
756318751
758142883
760027241
762133751
763369111
765245881
774833149
775135201
775234681
775468121
776249251
784966297
789949381
796066571
797510689
801803839
804978721
806599249
808114481
811477603
813411089
815147149
815546821
816002419
816718681
822767041
823961419
824212621
827980471
831762851
832048447
833267737
834174433
834611777
836015257
836438701
837766217
838483297
839090737
839268139
847395109
849606031
851026261
851778817
855073301
855328321
856768639
857448467
858032573
858725869
861243769
867032651
867119233
868316467
868707643
870142879
870559777
871021441
873953869
874193891
874837633
876099331
876289501
880654601
885528461
885594169
887795221
887838197
888428269
891717451
892011121
893377633
895111813
896231953
902307199
906627191
909116641
909646411
911484421
915068761
918063343
918400033
924335371
926077811
926802059
929238913
929374601
929893231
931138081
933200123
934968217
940340743
940724555
941548753
945907261
947485351
950693251
951232133
952791001
955998529
956799787
960198251
960370093
962049089
962257339
962375941
965587681
966000881
968139019
968324881
968529637
972471151
974373361
975388081
975765787
977770531
979804009
981521893
985563217
988559821
994876579
994885141
1004523031
1007713171
1010060563
1010371981
1010461121
1010872201
1014904441
1015064281
1015269391
1017411781
1019582017
1024388653
1026431561
1027744453
1029890077
1031102263
1031268961
1032101461
1034475601
1036480861
1040156417
1040295691
1040728459
1040840863
1041112297
1042327801
1043049313
1046405377
1048642561
1049917867
1054999441
1055512369
1057140089
1062708557
1063980761
1067558929
1069094251
1069979689
1072839941
1073539951
1073897777
1074585601
1076701879
1082228167
1086051461
1093761001
1099186817
1099407457
1101623381
1108706857
1109120587
1114598413
1119539387
1119550381
1125038377
1125907111
1125915919
1127880571
1128020141
1138289041
1140798043
1144296691
1144669501
1147710211
1152166681
1153164097
1154960731
1156154497
1156995407
1157919301
1158664921
1159104403
1159488269
1164015241
1165956121
1166468239
1170172819
1171441961
1172259917
1172404061
1173501751
1173544297
1174447081
1175136481
1175308721
1175577001
1177674811
1179740161
1183945849
1188646903
1190753407
1193875489
1200402337
1202317723
1202683373
1203502483
1205077651
1209229477
1209299617
1213347691
1215017519
1217756131
1218251131
1218900541
1219064491
1224200801
1229956003
1234646533
1234946719
1236888881
1239621559
1241774171
1242958501
1247804713
1249785941
1250509501
1250700907
1253655649
1254948337
1257102001
1257216577
1260082747
1262016253
1262377397
1266054193
1266775741
1274335651
1275538591
1280000437
1280257469
1280303389
1280707681
1282847491
1287075079
1287936469
1291412431
1293469519
1299062101
1299350161
1299627421
1313428201
1314775441
1317157217
1318664537
1319795479
1320492847
1321594961
1333281577
1336375261
1343296657
1344420013
1346159827
1346624533
1346994449
1348897591
1348964401
1351700911
1352265949
1354615921
1356241321
1362250891
1363989901
1365950683
1370717951
1371998071
1377960481
1380921553
1385866861
1388412811
1388972353
1389675541
1389960353
1393896001
1395198817
1397169091
1401380011
1410825751
1410834601
1414753387
1416214661
1419459121
1421970397
1422311671
1422413347
1423067801
1424287099
1424993041
1426068821
1426319563
1427845987
1427900833
1429258447
1430620561
1431187759
1435661569
1441054931
1443074557
1443652033
1448924101
1451523761
1453876129
1454180581
1454938651
1456844033
1463992661
1465454101
1469768653
1471689073
1472508181
1472773261
1477142395
1477289941
1477623421
1480849831
1481200813
1483303867
1490926471
1491219227
1491574561
1492762133
1497262321
1498646341
1498692661
1505540497
1506281159
1511042851
1513035301
1516410901
1522590589
1523488919
1532468969
1533344803
1536063601
1538701009
1544599061
1546418257
1547125507
1548945721
1549977089
1554902353
1564930831
1566954401
1567090867
1567338121
1568184463
1571930999
1574362441
1575581671
1575887647
1579897021
1587577867
1589749801
1591085497
1592342071
1595017217
1596089051
1596190801
1602839737
1604932963
1613842001
1615451761
1617795181
1623493609
1626820301
1627644961
1632031829
1640581883
1642736519
1645020833
1646276647
1657773163
1664575771
1666245001
1674658133
1675468441
1675589609
1679596397
1684462127
1686701281
1687491931
1689368017
1690914781
1691320457
1694729671
1695419041
1697213407
1699611211
1700327353
1702172911
1706135831
1706730373
1707699491
1709909293
1712956681
1714110371
1714538863
1721061497
1726730417
1727847073
1730007301
1731541813
1737847411
1738893217
1741080661
1742382601
1743657931
1744510861
1747678927
1757148121
1757585563
1763622361
1764313651
1766244283
1769267761
1769832557
1772218031
1778233969
1789197919
1791426787
1792442737
1793056771
1803016261
1804559557
1808205701
1812470689
1814332631
1820346481
1823883727
1829107991
1830480929
1837686449
1840202789
1844279011
1849964117
1857605137
1858127881
1859787187
1870762717
1878691753
1879201297
1882534921
1887030181
1888415117
1890681409
1891912321
1893873367
1899027649
1903394191
1905283801
1906208227
1910051551
1911859951
1915608241
1930403333
1931151511
1932405439
1934350351
1935451201
1937105941
1945350259
1951568041
1952102137
1955771767
1959538027
1961707721
1966182401
1969316561
1969429531
1972073161
1974056491
1976671573
1980255547
1980529181
1982454293
1983939931
1986633713
1987277971
1988004911
1993292281
1998880943
2002039181
2003561051
2005288121
2018761111
2022885001
2023205801
2023246501
2025677161
2026055377
2026592509
2028416021
2029334923
2046770701
2052017741
2056131841
2060471741
2066730781
2068610221
2069182981
2069413291
2080932085
2106500587
2106618803
2106856001
2109138209
2109240013
2109895243
2117933385
2118931019
2123005111
2123112967
2130622813
2131414513
2142302741
2142320311
2144172241
2151933701
2153447227
2154340709
2156767003
2157736891
2168869949
2169448003
2175136133
2179515601
2184744451
2188728341
2188955501
2196343601
2196427741
2197779961
2197813333
2203227599
2203649197
2212181731
2218421521
2231332357
2234695231
2239679287
2242724851
2245490041
2249776201
2250292687
2251732033
2252285017
2252475989
2252903039
2260590061
2267884963
2269491451
2272657553
2276606503
2277117701
2277332641
2279738761
2280956297
2283289681
2291677111
2294455411
2295209281
2295973837
2298727121
2300626093
2304120001
2304365281
2306508679
2307480211
2309991301
2318964821
2325273421
2337670031
2340456319
2341421867
2343539269
2346070573
2355320101
2365443001
2367271183
2382827101
2383939741
2384846911
2384989141
2392391431
2394233351
2395791451
2411983169
2414862451
2415871753
2418525607
2423226317
2426692001
2436927907
2437606711
2439600833
2440613561
2442153169
2442282433
2448374689
2457899983
2461719661
2463796987
2468524735
2472907141
2474659771
2478597409
2480147521
2483253781
2487542401
2492874281
2493302809
2494128451
2500092013
2500492361
2504727751
2514929581
2520770201
2526566041
2528236441
2528867713
2528913157
2535320251
2542955731
2544326929
2552569741
2556547411
2558956763
2559446653
2560407571
2560600351
2563295621
2566804501
2570248297
2579214529
2581073893
2581944289
2582423533
2582799451
2584782001
2586061363
2591450323
2591962249
2597928961
2600611861
2604315457
2604887041
2605557781
2609928721
2624623891
2625072451
2626769521
2626783921
2627472739
2634284801
2640208609
2645941423
2650180649
2657414971
2665382089
2667521893
2669905987
2672605657
2674839511
2676368311
2681041843
2681913817
2683025627
2684382251
2686816133
2687320709
2696344621
2697709051
2701920341
2704383551
2705147101
2712456601
2715365971
2717428033
2721256777
2729324521
2731248257
2732693371
2733204431
2733504737
2738151547
2739606451
2740766059
2750349601
2750435651
2753095417
2754547987
2754803521
2760482929
2762929391
2763982957
2766172501
2766403333
2775980593
2777780149
2781872623
2788386611
2789534515
2795883479
2797912987
2806307089
2822521411
2827961221
2829140893
2837406781
2841139117
2850264451
2857919401
2877228667
2880377911
2880934981
2883905333
2895004927
2899835959
2902844431
2904375811
2907431071
2913401611
2914194931
2916578071
2922985171
2924847041
2927963231
2928878191
2929612687
2930570501
2934096647
2934791947
2939594407
2945960033
2948237639
2957892553
2959450063
2966779609
2967913651
2970633301
2973538531
2981628121
2986528151
2991775643
2994415201
2995097503
3009840091
3015272833
3021451273
3023423537
3024242731
3028125781
3029114887
3033844153
3039238819
3047224001
3051133471
3055507361
3058670677
3062944501
3063683503
3066754241
3068534701
3086407801
3093113497
3099035053
3100485943
3100488967
3100610329
3104043391
3111254851
3118266127
3121736611
3122371271
3126776671
3127028563
3133096561
3140886169
3145845761
3148416053
3154371361
3157579861
3162878071
3167134813
3176669809
3177858847
3178551797
3185322053
3192820651
3195058001
3198459187
3199918213
3204692881
3206399921
3215031589
3215584609
3225729601
3227088097
3228044821
3229602401
3233558021
3235191751
3244976741
3249069601
3253543207
3260095957
3260589697
3260858813
3261704941
3261837041
3265122451
3282119899
3282974857
3295217971
3296558777
3296787649
3298412081
3305341243
3309379531
3313018801
3313196881
3315139717
3318087193
3322551403
3328354801
3330502201
3332294633
3334200061
3337201121
3338399401
3340178987
3340314829
3342178531
3349858051
3350863309
3356585107
3359462881
3363763231
3365110981
3370675393
3370726201
3373344481
3374142841
3374957881
3379834151
3382983521
3388722481
3399205591
3404168197
3410552701
3428447149
3430848583
3432881233
3436018939
3436587001
3441061051
3442833857
3446538889
3452691097
3456473399
3459857617
3461215409
3464421661
3471396169
3482137231
3483807247
3488723921
3488911219
3491235023
3491923051
3497043653
3498558841
3506824049
3509136091
3513650701
3516352153
3516852961
3517984513
3518080981
3520199609
3529051417
3538213381
3543446341
3558939721
3560114681
3563206489
3568019461
3571168591
3572164663
3583581511
3584542681
3584800801
3584972749
3588323443
3591336361
3599831647
3607226281
3616503937
3628526287
3633742501
3643480501
3648025049
3651585247
3667561801
3668926801
3670099921
3671733781
3675125689
3679485811
3682630327
3696042149
3697434133
3698173681
3699800551
3707824033
3709626961
3719483857
3721251613
3721668481
3723137881
3728463481
3729782263
3733646491
3734708071
3737123567
3743072341
3748638379
3750010129
3757929187
3768056731
3773061337
3776019979
3777753181
3781787761
3786682369
3793612981
3796103677
3798040471
3800306971
3805160213
3812822413
3816152047
3823342507
3845525863
3850835663
3856226863
3861230129
3863326897
3864740281
3874135651
3874471147
3875965417
3876961861
3881588887
3883051573
3883750471
3886603561
3887635753
3887657761
3890985529
3902735143
3902738533
3908131991
3910653577
3913007743
3914893327
3918144449
3919402033
3920350201
3926200321
3927983809
3937526911
3943365553
3949617673
3951382753
3968871469
3971677951
3982017601
3982252051
3982956319
3983921191
3986664571
3993276673
3998714617
4001715541
4002592133
4005883571
4005944581
4006005131
4020144133
4042578403
4054394191
4057238201
4061408551
4066807057
4067887501
4073721409
4074119681
4080009301
4086437587
4090231237
4104993601
4110711751
4111281089
4121013521
4124799617
4131868591
4134125893
4140507853
4144945351
4153067599
4156580741
4156885391
4160203213
4164397609
4166627203
4167848221
4170387493
4171540729
4171870169
4173476887
4176385921
4191454411
4194299257
4199773033
4206758533
4207160401
4214129041
4218900001
4224407381
4232787521
4236927151
4242354731
4248232633
4252692089
4256352907
4257780001
4258174141
4264830181
4270688173
4293524897
