15
217
341
1261
2701
3661
6541
6697
7613
13213
16213
22177
23653
23959
31417
50117
61777
63139
67721
76301
77421
79381
80041
102341
113491
115231
145993
160147
163073
164737
170941
178709
197209
210817
249631
267977
269011
275887
288163
293401
295121
339607
340033
410041
449279
488881
518977
547507
597871
668197
679729
694153
697159
721249
721801
729061
751843
764941
772471
851269
859951
876961
891901
916327
926593
954271
981317
983555
994507
1024651
1032533
1065241
1089991
1097227
1230121
1258093
1297741
1298893
1335703
1411177
1436683
1461241
1496881
1537381
1590751
1600117
1628533
1675693
1682221
1716161
1735841
1760357
1802971
1803413
1863907
1869211
1882909
1893943
1963501
1983901
2001001
2008597
2035153
2051089
2158003
2181121
2205967
2295871
2314201
2314657
2322139
2337301
2387797
2401213
2734021
2737201
2814283
2815321
2861209
2872321
2972657
3117547
3264797
3306097
3375487
3383353
3414113
3488717
3523801
3623077
3835703
3862207
3964501
4073653
4095743
4219129
4224533
4225057
4298527
4316089
4378321
4417001
4538071
4591123
4671577
4767841
4845317
4972801
5004253
5006569
5090821
5176153
5371577
5382649
6070681
6192733
6473809
6868261
6936521
6969511
7393651
7551361
7706401
7785187
8086231
8163167
8186569
8197309
8333333
8856193
8951713
8958601
8965789
9006401
9338323
9353761
9444943
9863461
10518377
10619821
10637941
10679131
10703801
10813321
10919647
10924129
11192017
11337097
11415301
11578169
11709601
11862709
12032021
12331801
12356389
12461815
12890503
12908113
12909889
13012501
13324411
13622521
14549113
15847511
15999323
16100833
16588727
16862743
17443213
17502421
17535671
17649101
17689387
17759681
17835013
18357389
18487921
19182583
19384289
19553827
19972009
20261251
20317111
20521993
20576089
21395611
21415297
21465461
21601273
21884803
22187791
22259989
23236429
23316751
23348849
23743369
23871013
23946601
24443057
24920677
25276421
25509331
25696133
25741279
25981231
26017291
26224801
26331337
26461801
26597227
26886817
27012001
27509653
28406953
28769701
29076097
29112749
29485171
30050791
30195901
30206443
30490849
30852361
31091989
31470211
31579417
32091781
32122721
32956717
33120341
33401551
34225661
34773421
34890481
35407711
35661601
35981713
36053333
36974341
37483301
37649503
38013711
38021563
38347921
38390741
38407609
38810689
39547171
39581869
40272013
40493521
41485441
42498439
42698023
42984589
43036003
43085561
43786289
44039119
44068001
44122321
44242357
44390809
45221551
45583201
46265927
47131657
48191653
48321001
48323683
49174201
50693761
51425011
51503671
51535481
51627817
51876301
52028083
52448309
52820769
52851499
53080901
53293771
53487001
53638903
53818147
53848621
54368273
54453073
54837649
55005001
55308331
56029933
58449847
58679941
58692239
58986091
59631211
59676121
59953741
60032101
60157621
60229121
60679501
61078931
61363541
61543681
61829741
61848199
62212699
63437419
64173751
64992929
65357167
65887867
65906023
66342121
66932851
67768387
68461573
71741041
72098471
72108421
72543547
72637993
72821719
72884701
73527301
73745281
74354017
74927161
75303079
75501247
76923461
77594653
77597257
78093181
78644611
78672151
78703057
78795181
79145683
79442239
79969897
82134113
84303001
84460741
85371859
85719871
86385587
86712931
87416653
87558127
89322839
89421931
90057101
90112177
90353089
91283761
92517041
92645437
93565601
94612771
94775927
95002849
95391409
96878101
96904081
97071211
98907997
99040201
99441637
100662941
101152133
102641183
103253333
105330631
106374841
106477669
107016011
108032101
108759457
109529809
109783543
109926763
110043119
110536621
111357349
112664137
112819801
113595497
113740933
114006721
114366313
115193551
115727077
115804501
116613641
116673481
116701003
117662981
118172251
118277581
118809019
118861373
119353723
119693267
120628111
121820887
122325589
122505571
122898709
126428851
127417123
127442197
129716731
131041747
131819101
132186757
132338881
134224777
134677051
135969401
136200437
136413203
137932321
138336661
138872449
139952671
141851491
142774399
142882561
144088165
144369373
144654067
145820503
145897741
146021633
146245289
146733247
146884393
147287141
147595603
148359509
148572685
149157937
149649919
149848201
150155039
150255323
151830551
152368133
153513097
153617341
154314601
154560431
155715481
158071609
158168341
160906351
161216021
161426357
163726513
163892587
163903039
163954561
164411911
164887273
165184207
165283471
165309919
166595131
167692141
169234003
169402531
169523993
169548611
169700081
170491777
171440179
171776107
172586459
174223681
175334251
175843471
177188311
178385729
178482151
178865623
179820257
180028973
180102421
180115489
180497633
181615177
182362951
182547301
183484571
184081577
185040703
185653333
185874751
186407581
186842681
188191111
188516329
188766709
189714193
189941761
191587159
192241901
192857761
193210759
194389903
195848819
196279201
196404737
197247371
200350153
200441723
202532287
203231621
204229001
204590387
204814679
206504033
207830267
208671541
208774369
208818811
210023917
210459283
212097601
213719101
214592069
215509771
216126751
218112133
219132107
219171583
219669451
220222297
221695051
222651901
224080921
224294533
224762101
225192067
225822601
226359547
226637371
226978051
227603731
227935849
228178861
230035501
230195341
231405701
232114433
234511157
234715021
235553761
236372989
237126779
238171201
238908251
238940771
243081217
243673921
244750201
247403509
250216801
250240021
251056111
252853921
253681801
254781451
256630529
257164801
258503701
259392839
260736341
261162589
261596719
263953999
264540037
267127411
269547739
269865901
270868561
271973161
273832879
273949561
275260091
275933281
276820241
277535989
277704013
279744031
280105169
280229837
281726347
281898167
281960911
281997217
282843559
283229491
284166877
285014311
286023403
286591901
286774073
287715121
288460217
292538819
295539949
299449729
299671921
299736181
299789221
299819143
303300433
303817411
304930837
306845449
307849741
308550061
310619791
311425381
311944011
312485167
315181837
315731131
315911971
316336351
316810561
317662291
317915701
319167283
321091553
321781633
322240519
322607935
322662913
323648681
323901007
327158569
328751809
330470053
331868197
333285583
333916399
336477041
337806043
338625883
338821051
339713833
340080241
341394439
342614533
343026091
343334209
343581085
343958749
345380443
346009393
346245257
346257049
351052153
351910021
354870431
356534641
357777421
359499781
359696431
360191651
361660781
362121601
363078181
363373543
366214207
366259807
367663465
372044641
372383857
373669453
374654681
376030073
377171681
377187031
378380671
380760421
381298711
381706651
382402099
382536001
384472481
388363561
392883157
392933377
393351349
394034911
397074793
397501873
398844161
399224611
399323611
400963993
401939981
403825141
404465651
405900991
406577441
409988737
410680357
412835347
413670661
416508797
418192133
418196489
418741823
420864289
422298151
426061201
428648221
429202541
430707661
434644033
436145821
440576537
442226623
442758151
443708917
447247963
447370201
450064031
450242099
450759817
450953537
451730359
452076967
452799379
455897521
457050361
457274161
458172709
458361415
461272267
463628551
464012033
464308303
464942113
467929001
470000833
470752133
471168253
471272299
471697799
472602289
472708321
473024441
474555885
474654529
475969231
476205761
476501273
479693761
480772601
482164597
482241241
482599673
485921521
487890703
488207501
490234951
492559141
493108481
493961737
494873209
495411859
500497201
501134563
502104373
502389553
503071001
504519649
505400149
505691551
506329487
506359879
506960021
507219211
509279801
510375601
511123441
511436147
518504533
518820101
520566751
522779611
524151253
524915509
525646801
525669377
526067821
527749363
527954017
529214311
529774669
532017355
533772121
537084479
539484247
539688133
541948961
543478433
544294081
545355163
545738203
545793263
547512701
549765163
550488751
550625419
552163333
553602583
554494951
558035713
559155637
560907271
568898551
568902001
569770603
571792651
573584857
574327531
576512467
576691741
580677457
580686881
585775499
586197361
588942847
589251961
593348537
595590841
595616227
598403557
601568881
602496973
603783391
605961049
609244501
610672897
614742241
615924901
619174739
620169409
622334057
623894239
624409177
625694329
626275651
633386227
633709873
634022023
634467461
640861337
645771127
647190253
651514753
651646507
659302093
659432281
659526601
659931241
662154481
663086449
665495461
666888401
667081801
667827019
670851091
671071591
677419531
677841851
680860351
682460501
684979693
685846561
689842759
690801229
691306457
697791403
702112321
702683101
705883951
707765837
708995071
709879301
711465353
715158253
715427861
717653333
720628705
720708661
727117351
728458501
728794369
730716823
736933427
743404663
744634441
745576141
747012241
753594001
758978281
759472561
760131139
761908993
761932033
764923477
765167801
765186581
772539457
776081503
776342533
776728661
778472561
782991679
783307841
784810297
786436111
788495501
788870251
788912021
789375511
789707707
792282451
792476101
792999853
794801503
796434181
797407271
798527341
798699331
799412051
802477453
807857389
808562791
808914881
816024161
817893181
830664451
833181847
841252651
842824981
844877881
844935859
845951767
853877641
854605459
856301227
857294813
862422173
873631027
877532671
881214067
881824291
886297051
890878609
894177361
894177649
896231953
896901461
897756751
897916207
901646929
903228481
908982881
909646411
911569231
914102311
915096991
920375821
921134551
921705601
929604781
929651713
932098133
939947009
941363281
944657443
947485351
948393559
948834811
950885461
956558387
960730513
962375941
967371721
967714021
974259469
975765787
979543937
979804009
984761407
984866977
985089271
988978889
990889921
993000221
994999591
1008725737
1008793699
1011319501
1016411329
1021281301
1021730629
1023112861
1023640381
1024605121
1027744453
1030307521
1032149831
1033600307
1034283421
1039247719
1039379041
1039480129
1039740833
1040295691
1041752251
1054999441
1057062913
1058816533
1058977921
1058989231
1059692383
1060329469
1064519011
1067802667
1068617369
1069979689
1070941987
1071290551
1072839941
1072898711
1079326249
1081269421
1084242361
1088226731
1089317941
1089544303
1091535721
1099176761
1101623381
1105782913
1107080677
1108487563
1108688869
1115910727
1118512489
1121216191
1127495209
1129390421
1129716811
1130893999
1135058101
1135477333
1135791691
1137732451
1138471951
1142300503
1143367273
1143730459
1146219301
1147018787
1149032981
1153936477
1155348541
1162974217
1163343239
1166795473
1166866457
1168098499
1168967353
1170722863
1175854441
1177674811
1178227027
1179740161
1182385121
1183338241
1183978823
1190647613
1191216133
1202828131
1207673567
1208012849
1208677141
1209168001
1210930631
1213347691
1213558081
1215848047
1217829817
1218710791
1219452191
1220496313
1221127013
1224200801
1227141007
1230818359
1231892713
1232853007
1236032227
1237757191
1240812289
1242160921
1242227647
1251604873
1252236421
1254379351
1255135501
1255531091
1256780071
1257102001
1257742001
1257776251
1262139271
1265344897
1266557881
1269295201
1271429671
1273213901
1274386849
1276901531
1277483341
1286298133
1288449001
1291624801
1292771803
1294261781
1295074171
1296034249
1300490071
1301504497
1301698927
1303073377
1307520469
1307968741
1308470333
1308544903
1308758533
1312845661
1313022881
1316169541
1318815391
1320411977
1321024321
1323086563
1324232893
1324702801
1327814401
1332626989
1333449067
1336054807
1337434561
1340121257
1340368279
1346599081
1349467547
1353440233
1356071803
1358142823
1361809961
1365662917
1366587661
1371328081
1374483793
1376757901
1384331873
1392189569
1392257461
1392273169
1395564127
1396711573
1396936261
1397357851
1397678699
1401238441
1405445119
1407183361
1408706209
1416144133
1417897909
1424435689
1425373951
1429064839
1429854113
1430123689
1431363649
1432548937
1433707063
1436675041
1438334983
1439807029
1441865881
1445178001
1455266413
1460437177
1461307717
1463756881
1463793053
1463990191
1468088161
1469768653
1472650999
1472719711
1473489169
1474074181
1477178761
1479647233
1484071681
1484476489
1496621827
1497221281
1500759751
1505137657
1505432881
1511042851
1511558533
1511751601
1517410909
1522669051
1522838791
1527303601
1528102801
1530655057
1534165099
1540117801
1549603213
1552103821
1552668979
1555316911
1562337071
1563607081
1569515617
1570964851
1572518131
1575887647
1577121547
1579079503
1587646933
1587883771
1592595703
1592734501
1598982533
1599958711
1601700451
1610787457
1610975371
1614963061
1616387653
1620380719
1621656997
1622961571
1623493609
1626557011
1628740387
1633928801
1634893651
1637635163
1641767131
1645020833
1645057801
1645253989
1648272601
1648562359
1663725919
1668423961
1672477273
1674658133
1676680405
1681270967
1684636907
1687285601
1687924631
1694484013
1698095617
1701129281
1705315501
1706302123
1707704461
1713601217
1716774481
1720958401
1722306779
1723487369
1725261049
1727194153
1728016597
1735084523
1739864449
1743657931
1752172003
1757585563
1760706811
1774317241
1774869013
1776399059
1781093227
1782433903
1786258307
1788598477
1790749549
1803016261
1803201751
1804906517
1808131111
1811422559
1812099073
1815767621
1817621401
1818906031
1819050257
1825572271
1833328621
1841246749
1842249517
1847665579
1852317251
1853780689
1856682127
1856828647
1857827449
1859787187
1864684867
1865243113
1871501633
1872857933
1878500647
1880544907
1880696107
1882810777
1883431279
1887348271
1897700113
1899525601
1909566073
1911153091
1914115061
1920840391
1921309633
1922187601
1930342721
1930534453
1934324999
1934350351
1934685793
1937902909
1943951041
1944016417
1945340801
1947245323
1949584501
1951469101
1954508161
1962353933
1967098919
1967245849
1971354883
1979362687
1979933491
1985383931
1985574931
1987277971
1989628327
1989651413
1994026141
1998690001
2000420815
2003220161
2004299641
2006394779
2009395411
2010226249
2017815271
2019404011
2020581389
2021914801
2024289961
2026442101
2026622467
2027289733
2028958471
2030600833
2032093991
2039888131
2042467741
2042507251
2043947131
2044431541
2045584711
2045651389
2047861171
2049196537
2050780507
2057835781
2058943339
2063228203
2064198739
2064453451
2065795399
2066681161
2067887557
2068501051
2075850817
2075853001
2076804793
2081894293
2086454143
2093968531
2094177403
2094599593
2095397959
2097580697
2101470541
2104299793
2104577833
2108010391
2117576707
2119102651
2122496683
2125407373
2126800747
2132033329
2134680241
2141033203
2147177233
2148788881
2150969633
2156567291
2165407429
2167577527
2169536191
2169646561
2173907821
2177032051
2183302801
2185248913
2186527523
2187580487
2188132433
2190092941
2194241551
2196343601
2197813333
2206271629
2209471489
2210069431
2225733157
2225831977
2228631637
2234695231
2237356903
2238280147
2240507821
2244220661
2256666133
2257069201
2257510823
2260585651
2265120769
2269659937
2276670061
2278700629
2282553901
2290361221
2311558021
2312668801
2318550433
2318964821
2321690281
2325294241
2326772977
2327748337
2332308469
2335362319
2336370151
2344700093
2350196311
2366444701
2368671661
2375894809
2381752351
2382665101
2383788691
2392891489
2393026579
2394233351
2406375343
2409385793
2412172153
2414673271
2416897957
2419866571
2420630213
2427841037
2435308919
2445579907
2447298481
2447936017
2451830179
2454602911
2455024133
2466422029
2470797341
2485587497
2486831491
2488507201
2490533977
2491608577
2492874281
2501815201
2503267981
2511731203
2523500929
2528291341
2530618177
2532630787
2537105761
2537738963
2545934077
2546257177
2548452451
2560600351
2563295621
2566804501
2572432801
2576132209
2576890621
2577833917
2578735351
2580604891
2581380391
2582799451
2585281861
2588664331
2600611861
2602442071
2611500013
2611561313
2613471661
2623206697
2629899157
2630734801
2648671957
2656494271
2659939453
2676053333
2680883617
2681140519
2683025627
2686813751
2694645631
2697636061
2708397121
2712456601
2715365971
2718695701
2723932801
2724552907
2724595903
2729333647
2733949261
2734668077
2736541501
2738053141
2749558369
2750130301
2750435651
2752397443
2758078201
2763262837
2765751931
2777784803
2781389953
2791053541
2795883479
2803995559
2805628801
2807249551
2814002297
2821817071
2822521411
2827604341
2827961221
2832735121
2834570311
2839631621
2840963203
2845140481
2846878111
2849624291
2868467257
2870737201
2871232033
2874351931
2889439027
2894603611
2898023521
2899294889
2902962217
2904097957
2904942097
2906215231
2909527981
2916175721
2919369961
2929762837
2932295209
2932664803
2933267371
2933588503
2934573871
2945549881
2945960033
2958516271
2979130691
2987518717
2987634469
2993521501
2995665971
3000119329
3003074161
3003661097
3009217771
3011419981
3015265177
3016428013
3019069747
3031135837
3034691893
3037295801
3042630533
3044976001
3047600641
3049647301
3054297403
3056653003
3063685633
3066142561
3066754241
3068038667
3073495253
3076617637
3085908851
3100485943
3102234751
3105340219
3108912479
3109728337
3110663771
3113676931
3116834401
3136802101
3137756161
3140799751
3142350787
3142863751
3143282221
3148649029
3148806403
3151353941
3162028921
3167979097
3169351847
3169830751
3172279133
3174150641
3174698143
3175948297
3182945221
3184139701
3184305721
3206203003
3208669337
3211997891
3213895051
3221205697
3228293377
3229220017
3234199771
3234759841
3237992101
3238363261
3245782591
3252489649
3255246091
3259520767
3262105909
3264213499
3265249561
3267761381
3268841941
3284569081
3287378401
3289068127
3309372529
3313304557
3314214721
3322130111
3322171393
3322556821
3326057281
3331300033
3331422343
3332303099
3332340703
3339981877
3344457601
3346957153
3361838453
3364070533
3369102941
3374598781
3382983521
3387685687
3393689833
3395203519
3398397773
3399415867
3402758647
3404051983
3404168197
3405812507
3407609221
3409329071
3415379701
3419647921
3424035761
3428526817
3432192961
3436018939
3438861301
3440739661
3449243089
3467319967
3470694433
3481198013
3490035457
3493084351
3494479771
3495943153
3497607433
3508999651
3532275919
3540726031
3550119781
3556373647
3557092969
3558759313
3563960419
3569671901
3570928927
3578037781
3578189341
3581485561
3590206801
3591357631
3592521461
3594918601
3594968821
3597270517
3597554611
3598681171
3603802801
3605151241
3615936751
3621992533
3623846081
3634983073
3637831753
3639723979
3645984161
3648416701
3648424231
3648856201
3650592667
3653628247
3654451711
3659240371
3670423747
3672977101
3673148929
3679657997
3686791201
3689283457
3692539841
3696429241
3697278427
3703843873
3708240401
3714456149
3721933801
3726810959
3727481941
3727828501
3731774201
3741041561
3741975631
3751554581
3759810401
3765400381
3779112079
3779428481
3780471031
3780837649
3782896111
3787284821
3789843461
3796105951
3797234443
3797423323
3797575219
3798794101
3803679181
3813919453
3830599711
3833846641
3834589501
3850071751
3851603809
3853734319
3861301459
3869363737
3872282497
3882327151
3891367747
3896689501
3905876501
3908908033
3912312961
3929063401
3937699693
3944609533
3950782001
3955054027
3962810881
3976678421
3984737791
3987960913
3998620117
3999921383
4017006233
4018641667
4019435113
4025474641
4028995297
4029869101
4032259123
4034208301
4042578403
4065204401
4074544531
4086500617
4097840581
4104021137
4105727299
4121286907
4135133031
4135506103
4144637719
4164110627
4168468861
4172804707
4175289271
4176385921
4187906581
4190349671
4193710099
4200339791
4201794451
4207181161
4211519131
4220681471
4222411337
4231737001
4238331689
4241083195
4250383957
4251724627
4251904273
4258293001
4263630211
4266371761
4282136321
4285058701
4290209281
4293478021
