169
301
411
703
1339
2981
3277
3977
4521
5257
5461
5611
6541
7601
8911
17407
17767
20591
27613
31201
32293
38191
45451
47321
49141
52039
56033
60691
64801
65311
69231
72541
73817
79501
81571
99883
102779
111381
113401
118301
128627
131881
132193
153401
166531
170431
174439
180991
181187
187261
192713
194509
200431
203521
207991
226051
226801
237841
264773
269011
272749
282133
284001
320503
326677
334153
338665
339697
347777
349487
360533
375961
376993
389509
412309
412933
416641
432447
447851
460507
467251
470137
486487
497503
518941
531931
556417
571051
578771
604117
613567
640749
663171
676507
694321
779299
795341
798901
805561
816073
858601
871333
921251
929633
939727
963857
964411
1043359
1125181
1130093
1147751
1164083
1183921
1194841
1195393
1197373
1200967
1225191
1234507
1302451
1386391
1397047
1405297
1451791
1505897
1509161
1523471
1530787
1535731
1537381
1580321
1590751
1683427
1832101
1841611
1869211
1898401
1940167
1963501
1964257
1983745
2014913
2025343
2059871
2084167
2139523
2163001
2177341
2185561
2325849
2358533
2375377
2452901
2480689
2488051
2488879
2493471
2676521
2713201
2725861
2781241
2813059
2818567
2872321
2955451
2977217
2987167
3022561
3026497
3107513
3124011
3342827
3355249
3375487
3387781
3395731
3537667
3540881
3568661
3582619
3595979
3647621
3685499
3695671
3846079
3946717
3991873
4056151
4075553
4155689
4178539
4187679
4336879
4414561
4522649
4664551
4686391
4906441
5017351
5020801
5060971
5095177
5160013
5275843
5305021
5331481
5360017
5411501
5437681
5499751
5603333
5690251
5902849
6073931
6186403
6199051
6231331
6255341
6357891
6388363
6454243
6622351
6631549
6634057
6733693
6955087
6969511
7351921
7375369
7653829
8181469
8366909
8437339
8559787
8688737
8735521
8815453
8822381
8927071
9131401
9198421
9362389
9393301
9604387
9664117
9732629
9784951
9960749
10079401
10141837
10447601
10733599
10733941
10837601
10849571
11137237
11351341
11391179
11541307
11795041
12169711
12170413
12207361
12507067
12721073
12950881
13261939
13368027
13377817
13421237
13544851
13885087
13936981
14056111
14324473
14615017
14717341
14899351
15145417
15213073
15330711
15576571
15617041
15915511
16042027
16134169
16173751
16199821
16210801
16270781
16398541
16520533
16748887
16787809
17415883
17561071
17569729
17812033
17941243
18225703
18352819
18535177
18553441
19123471
19233943
19307263
19411939
19453981
19658611
20006089
20081953
20092051
20196013
20279563
20576089
21205939
21215801
21455191
21480787
21484477
21670451
21807061
21813523
21966013
22187791
22211431
22533761
22678657
22701979
22987061
23628331
23928041
23963869
24037021
24195151
24641821
24822619
24875293
24927349
25613701
25696133
26038381
26268617
26455153
26597227
26694361
26737131
26875069
27110497
27236311
27331921
27392041
27409541
27704189
27758347
27780061
27917449
28087093
28103041
28785907
29266361
29448631
29458573
29460001
30141469
30529693
30795661
31118081
31686319
31778587
31817633
32249941
32322067
32544313
32572411
32786371
33132097
33704101
33721813
33846013
33931423
34133701
34590403
34639123
34718763
34817353
35818421
36333551
36448387
36533431
36642451
36981601
37035337
37472401
37649503
38351347
38455633
38637361
39455321
39463807
39547171
39669841
40189703
40664737
40743649
40800817
40863061
41559961
41770481
41835817
42312013
42563333
42852811
42884151
42884731
43141519
43341281
43893937
44068001
44122321
44318977
44332969
44458493
44671001
44777491
44826541
44963029
45110413
45129901
45379129
45786133
45950437
46045117
46373701
46392061
46633861
46647721
46724131
46804421
46932133
47216913
48022697
48264517
48530173
48612527
48653971
48665551
49020301
49048561
49402543
49584547
49735351
49783639
50087467
50125831
50130001
50408821
50517517
50581081
50681339
50893741
51004171
51627817
52519291
52657403
53035747
53638903
53660641
53680537
53740831
53931547
54116791
54316801
54478291
54554839
54674551
54688159
55317457
55412891
55464481
56101681
56193001
56365561
57678473
58524409
58570429
58668481
58725703
58735447
58859441
58986091
59169661
59457901
59484441
60430561
60584641
61078931
61259821
61564621
61872583
63120373
63696349
64173751
64553707
64594897
65282977
65395331
65638427
66124001
66186583
66345221
66622951
67120291
67432961
67816589
68768569
69252283
69382951
69639931
69680221
71345633
72108421
72721097
72840037
72884701
72976009
73527301
74822881
75634651
75644251
75663451
76164013
76802101
76964271
77526049
77555713
77608537
77622533
78234133
78640957
78644611
79310897
79323427
79403113
79511203
79791337
80375707
80748271
80748391
80925847
81587353
81594871
81816547
82452061
82454881
82798679
83099521
83288339
83328961
83483531
83584609
84090043
84350561
84354821
84568201
85719871
86038261
86484269
86727439
87113671
87139273
87558127
87599539
87649381
87749521
88099339
88225201
88930609
89116993
89238759
90718321
91649301
91805407
92037749
92316781
92625121
92779831
93431521
93591721
96142927
96779281
96894071
96925921
97211341
97230079
97253539
97268329
97446961
98337691
98556673
98589961
98785369
98971141
99036001
99171031
99732509
99945007
100431241
100591387
101152133
101276579
102358747
102392737
102584971
103253333
103301633
103466107
104220703
104524421
105199669
105692453
106485121
107900927
108003673
108140401
110502433
110912311
111455527
111575341
112310411
112828801
113236891
115039081
115228801
115576133
116145221
117308977
118387447
118463981
118566533
118846151
119341069
120236707
122093017
122423233
122839417
123166619
123596251
125064781
125324473
126211307
126428851
127102639
127602971
128143601
128987429
129606427
130207309
131762413
132028541
132872601
133564081
134295061
134354639
134792089
134998801
135172045
135308881
135969401
136790161
137340451
137932321
139027201
139133611
139369729
139852327
139902181
139952671
140384161
140633011
140716591
142391089
142940183
143088151
144505271
144601081
144973487
145377277
145736879
145975021
146021633
146843929
147028001
150991921
151958623
153101441
153589801
154034981
154086781
154157599
154420289
154591567
154822741
155752567
155859241
156201241
158296273
158993953
159270589
160016851
160114781
160463917
161035057
161735785
162671497
163667467
164279569
165525377
165771901
165848293
166339057
166442251
166805633
166814533
166948289
167160013
167466241
168568111
170446249
170596201
170782921
171100819
171314371
171515719
172116181
172200991
172987081
173678203
173696359
174989701
176609441
176910103
177254533
177294781
178918741
179102597
180997001
181647497
182947507
185103673
190934371
191047429
191648161
195218167
195755953
196796263
199574701
199674721
199789441
200791009
203330401
205479121
206623873
207132481
208113079
209007229
209802581
209949841
213087403
213625651
215310551
217186537
217293961
217396481
217517653
218112133
218535643
218624033
219131681
221042581
221961041
224007037
224600977
225197887
225912961
226400461
226437979
226523137
227418133
228483377
229820251
229867817
230059127
230206861
230526011
230534611
231322513
231610891
232319953
232771501
233543341
234621769
234691381
234869009
234869699
234907837
235469609
236172511
237687851
238001653
238043851
238517569
240141287
241370179
242208581
242277043
242657857
243224857
243576341
243844759
245388781
245687401
248290927
248436641
248952001
249842671
251284153
251460973
252457369
252722557
252912091
253158751
253536427
254299431
255264697
255320461
255866131
256129471
258757201
258844951
259824839
260186389
262508851
262780093
262833871
263494459
264222943
264950821
265564489
266147857
266534191
266550181
267559627
268262749
268505551
271349401
272282161
272774477
274236901
274257017
277756051
278141377
279509891
279956821
280340287
280747801
282589651
283229491
284555041
285197329
286111201
290344753
290807651
291088513
291283441
291685381
292290181
292409651
292440581
294322471
295278757
296482033
296509357
297273859
297967393
298589521
300580237
301428761
304642823
304764721
304918261
306638413
306798577
306859861
307086607
310152961
311609059
311671361
312033061
313139191
313192657
314184487
316087633
316275319
316349281
317816569
320589181
321886139
323008841
323801911
323818381
324067921
325330081
327179191
327530477
328645621
329153653
329769721
329788981
331623307
334963333
341389021
342567361
342614533
343105201
344255551
346015811
346795639
348177971
349138567
350309779
351843049
355297301
356663371
356960731
358416577
360872551
364143551
365858011
366487201
366674761
367239223
367678981
368133481
368515327
369610237
370388051
370573517
371054701
372199807
373433971
373669453
379474369
380760421
386649121
386925551
388695301
388823491
389457451
389758321
395264101
395951713
396035641
396225923
398271949
398814023
401518657
404263861
404864701
406066151
406612441
407194453
409146403
410361641
412755721
413183539
413670661
416652931
417027451
418928605
420288823
421080001
422103133
423448651
423459631
424437391
426341131
427356439
427655521
430833313
432523051
434363179
436215739
437444431
437581871
437597101
438097141
438349003
438628601
438883777
439309261
439331491
440250331
440306461
443353633
443407469
443688649
444223261
444840761
446714701
448334041
450242099
453557287
453992111
454315243
457274161
458948491
459387451
460585861
462208037
463122361
465848689
465991861
468334169
468504091
468725083
469825663
471168253
471535373
472640323
473694943
474307681
475969231
477776161
480139501
480424543
481190701
483029821
488085251
488585521
490894111
491080801
491646403
492559141
493380841
497521741
498713473
498860101
504913363
507960001
508606771
512210053
512838601
519743251
519958561
520399381
521165713
521472377
523662431
524433521
524704069
525127777
526697189
528043753
529281853
531580349
532094413
533600033
533654479
533856727
535311991
536295841
536690233
538055239
538337801
540016817
540427031
540789287
542761301
545142673
545670533
545738203
546886601
552852721
554118661
555196951
555321007
556105691
557424183
557667817
558185233
559547773
561439657
564630859
567815617
571791853
571882921
573181381
574327531
574998841
575156671
575945177
576691741
576697343
582186701
582654151
584868181
585261637
586344001
586830577
591043771
594937981
595612171
598687601
600876289
603179893
604603981
611463169
613519291
615244481
615752051
615760133
617645531
618599801
619480601
620994817
623332529
623471001
624732421
625842713
626654953
627508759
630888481
631231381
631314811
633536723
637641371
637664887
639839269
642437071
646443337
647400301
650122897
654135589
655452241
656227853
658908259
659526601
661321511
661539979
664736171
665197859
665998921
670208533
670567301
671816237
672296533
672447197
675893791
678497221
678742351
680471041
680937511
680983817
682528687
686043661
686059921
688319077
689459761
693947311
697791403
700338053
700627591
701980991
702075709
702182989
704415343
705538387
705883951
706835971
709879301
712579591
716089879
717653333
720440033
720699871
721828661
723865801
731075491
731195011
732059911
732987061
739679851
743227651
746194351
746425801
746935729
748163989
750160811
750631033
753594001
756205633
756265033
757272707
759622753
761599499
765378241
770727329
770746451
770909107
771550201
775135201
776324473
776728661
779281123
784369891
786478681
787540879
787610821
795425401
798508693
799317133
804061171
804978721
811103281
811359649
811909841
812518601
813083101
814205617
815109373
816917707
817869697
818931061
819499051
822390229
825685381
827980471
830231821
830567347
831821327
833155951
834558517
836333969
836521183
836612401
842298319
843703213
845376533
846606981
849606031
851255461
852081121
853555177
854187181
855910001
856416553
857100421
858078331
863609113
865020631
867022747
868373881
870142879
873631027
873953869
874193891
879485311
881214067
885493927
885740381
886917301
890108183
891052507
891706609
894809791
895227061
896406589
902344361
903660341
906655049
906822773
907812391
909425791
914319127
915641821
915941737
917025823
917481601
921268891
923837641
925625341
928742413
929295661
929497817
930032941
930662111
931184201
932098133
933643279
934290251
937887539
938376181
939188251
940707289
941056273
941191501
943261049
943371451
945090121
945233641
948088301
948710881
949324951
950371003
951232133
952791001
953370133
955609903
965749201
966449251
968978161
971556121
975471337
975765787
977770531
980957071
984008089
984167083
984220261
985052881
991505233
993216451
993885751
1001526841
1005745261
1005767281
1007713171
1008142311
1008592219
1010461121
1010529511
1011172751
1014292945
1014616583
1016338273
1019347811
1019426521
1021281301
1022088889
1022842333
1026387433
1026677431
1027491539
1027579321
1027744453
1027824229
1032101461
1036969627
1038929977
1040131051
1040234231
1040295691
1041820867
1043079661
1050721561
1051998841
1053732751
1053935917
1057689023
1061730451
1064519011
1069388497
1075554061
1076867977
1080553801
1084952881
1092310759
1092902533
1097560507
1100829221
1100927281
1101205747
1105342367
1106576857
1115109583
1123148237
1125915919
1127993861
1129390421
1132002847
1132579001
1132690561
1134625433
1139510711
1140750181
1142150017
1145170153
1146283363
1154343961
1157445451
1164218641
1166378851
1176548383
1177778671
1177939771
1183338241
1188646903
1189759411
1192252987
1196852273
1210393801
1211027071
1213619761
1218768571
1219554811
1219816261
1221023539
1221044653
1221226351
1223782297
1224294261
1225282969
1226271961
1227343969
1232295283
1234125721
1240080539
1242268399
1246192711
1247804713
1248917671
1252222619
1252547689
1254440197
1254608251
1257029491
1257216577
1261099531
1263064141
1263687371
1264521499
1267133311
1268946253
1271789569
1280025289
1284585961
1292254531
1294261781
1295398451
1305614743
1307317411
1308470333
1308544903
1310329567
1312556299
1312845661
1313022881
1316169541
1317446497
1322306071
1323011377
1325172421
1327034521
1328560801
1329325201
1330187101
1344763351
1350633769
1353580999
1355932531
1356895261
1361770741
1362132541
1368560719
1368769681
1369548085
1372681861
1373680513
1376798977
1380437501
1382453333
1389039761
1391537863
1396458881
1397169091
1403607971
1409360467
1411211051
1413666113
1414987003
1419575167
1419626683
1423857493
1424287099
1425109243
1425295301
1425423131
1425860101
1431187759
1432548937
1438052801
1442676841
1443394051
1450161721
1453133221
1453548403
1455772553
1456527461
1457292553
1458051337
1462393201
1463849353
1467181387
1469503141
1469768653
1476526609
1477021393
1477422187
1480849831
1481990773
1484199289
1486078903
1487387611
1490062177
1490483071
1490710901
1493173441
1494339701
1496164051
1496233003
1501694965
1505322529
1505776051
1511558533
1512336013
1513797301
1513888157
1521420739
1523201621
1525273777
1527888433
1528936501
1533289577
1533348793
1533782713
1536449383
1538128901
1538671301
1541828569
1542582861
1549982641
1556249333
1559202919
1560400139
1561436119
1561644091
1565893201
1569562411
1572675571
1573689151
1577788801
1577847211
1577969933
1579079503
1581129301
1583121019
1590761989
1591609891
1594360489
1604094169
1608729127
1612585501
1614963061
1615468039
1618435171
1619137651
1619680147
1620355341
1622530141
1625078153
1629817201
1632676057
1635071833
1635548221
1638190789
1639265527
1642736519
1645020833
1646710099
1650490129
1651413457
1651994551
1653900511
1656730279
1659045953
1660974121
1661678371
1665597781
1668217027
1672737613
1674658133
1675269181
1678491473
1680154997
1683174533
1685433413
1686354757
1688639041
1693733059
1694954591
1703605801
1707759593
1709259553
1709881273
1710560401
1713319453
1724645203
1725217121
1726372441
1728750721
1731275341
1731995497
1732690101
1739168573
1742921401
1746592151
1746954421
1751172041
1758646177
1759728067
1760528701
1760706811
1762308623
1764110503
1768692517
1772392513
1772984071
1773570241
1773806413
1776399059
1780945501
1785787129
1792560881
1794136627
1796734241
1803610817
1812498133
1813722971
1816408273
1819513303
1820306953
1821800611
1822787419
1827554653
1827702101
1831539769
1831947001
1836484651
1837913323
1838453203
1838711671
1839568981
1839598843
1839888181
1840157011
1843194931
1843409521
1856689453
1856828647
1857777769
1862251597
1868076451
1869875281
1870083073
1871052697
1874392741
1876900481
1877397937
1878810697
1879205071
1879627051
1881912301
1884259679
1886424961
1889387209
1893427981
1894909141
1899525601
1907221681
1909565371
1909566073
1915349473
1921303649
1921309633
1923311317
1930534453
1933349617
1939563601
1940602231
1943449243
1950031651
1958232911
1958431621
1958704177
1960287001
1962178531
1962955177
1965148147
1966596061
1968319489
1970256151
1973142407
1978670233
1978869841
1982929913
1983375271
1985060809
1987732891
1989023401
1994147761
1994568283
1998071461
2003569501
2003841709
2008184641
2017509601
2018362363
2024407351
2024869991
2026223671
2028685753
2031538081
2035293301
2038393579
2042907553
2043519031
2053667911
2058347761
2060941699
2064877291
2065542821
2069182981
2075853001
2077399157
2078323171
2078888167
2080995841
2082037483
2082146617
2089282339
2093300401
2093336851
2097081601
2108198041
2108795371
2109240013
2115769633
2117702071
2122496683
2136751999
2146816441
2148892903
2154252259
2155139143
2155862101
2160086851
2166345583
2169144951
2170185517
2171533183
2172253231
2172730843
2173172017
2175999389
2177714167
2184744451
2188555297
2188624633
2188728341
2191727911
2195568217
2196839041
2197602241
2200873483
2203649197
2204760331
2211453697
2217949949
2223471251
2224841249
2227399705
2230305949
2250292687
2251732033
2254469101
2260247921
2261372143
2264553121
2264617261
2266069801
2276001067
2276783503
2279466619
2280656953
2285921017
2286763009
2288464729
2290727867
2293805411
2294770501
2297067967
2299124299
2299742713
2300168921
2301316033
2304156469
2309470201
2314710019
2317579951
2318443747
2318964821
2321300833
2322555841
2324947921
2325965713
2330431027
2331181621
2341131967
2342409691
2347348501
2356300129
2360225737
2362203041
2364817393
2367952679
2374350193
2375894809
2379049219
2379101089
2379610351
2384515201
2395326277
2401166041
2401497451
2411193019
2412172153
2421859357
2428968361
2434959511
2436427183
2437221641
2438969941
2439743489
2442236401
2446810957
2446950353
2448387943
2448717217
2452359457
2458231903
2465078071
2467717121
2470655587
2480343553
2480483669
2485230751
2489462641
2490815941
2492384621
2493698131
2502525637
2506825169
2511295711
2512179667
2512746181
2512807981
2518853789
2519186671
2523611941
2527840841
2528425951
2528727391
2533268669
2533501261
2538322711
2542929691
2542958377
2543264791
2544804811
2547012211
2549268017
2557026451
2560600351
2560891327
2560910419
2565436301
2566804501
2569327129
2575572551
2577345541
2582014051
2584344421
2589648013
2590263073
2592943453
2595918443
2609685851
2614039871
2614875571
2616008077
2625047521
2626457803
2629482641
2646238321
2652119701
2652517801
2658582193
2660739017
2661462541
2670364843
2681050861
2681518399
2683918711
2684614051
2689558849
2691833761
2692079167
2693195569
2695064653
2698575097
2700818017
2711006191
2713562867
2716344661
2728921819
2728997441
2729824483
2731106767
2731784707
2734977997
2738053141
2741301751
2747709691
2755658569
2758468001
2765751931
2766428101
2770552357
2783492237
2793293689
2800880551
2803395151
2808826651
2813512591
2814002297
2821068001
2821642799
2822039569
2822043421
2824571473
2827898137
2839509223
2846083501
2847475891
2848295227
2849658241
2855290901
2868467257
2871629707
2871974561
2872327321
2874025381
2878567049
2878755419
2878823963
2879389631
2880632179
2883147251
2884091239
2895418807
2900239447
2906196061
2911314421
2911521601
2913406081
2916139981
2917179771
2931649837
2935002857
2936065147
2939470951
2940793301
2941345051
2943877861
2944148551
2945549881
2946922421
2951136343
2961832177
2965028317
2968206601
2973752101
2976315457
2978766341
2981116819
2994464761
2995146179
3002216153
3005168783
3022921207
3023049727
3024774901
3031117129
3033300199
3033899701
3034368661
3037841551
3038113339
3041049551
3042365617
3042630533
3051199817
3054297403
3056770921
3060059227
3063685633
3066010921
3067858693
3074534299
3076064351
3077122133
3078612967
3087531581
3100485943
3106952647
3112590937
3121724481
3125462241
3125471689
3126692293
3130152197
3132238957
3133497313
3147274423
3149227357
3157579861
3160283851
3161616043
3164918221
3168847441
3172327849
3175904033
3176875651
3177798947
3177858847
3180981781
3182166667
3189888001
3190277143
3192323681
3196431829
3197632441
3198682369
3202626169
3206203003
3211877551
3215031751
3222489793
3228492961
3236187421
3240242513
3241523833
3241796977
3257268977
3261360241
3267127531
3270069001
3276044839
3278577349
3280593611
3281279821
3281593591
3284170217
3292356943
3295362727
3299956747
3316160251
3318610699
3323829169
3332303099
3335899927
3337201121
3340178987
3342491639
3347214421
3355382857
3358172821
3358551043
3358891901
3365110981
3371840929
3383477191
3389645629
3390585493
3404168197
3407401999
3409539961
3411555941
3416965021
3437519941
3442461877
3448620793
3450722017
3450935503
3462909031
3467821087
3468274879
3474306991
3476870701
3480861151
3493913281
3495642949
3499411457
3509345701
3512847869
3534219001
3545607433
3546176671
3549286001
3550379341
3574500703
3577732111
3580867909
3584800801
3589063243
3591633281
3599942113
3601552249
3605024201
3605151241
3609494533
3614770573
3625328981
3625998591
3630596257
3631164161
3640903111
3643081561
3653628247
3661200241
3675416811
3682604161
3703544041
3704116219
3705937237
3708683941
3711225751
3736293461
3737346049
3742937623
3749317001
3749495681
3760685083
3771731023
3775057037
3785972863
3787186261
3787284821
3798013321
3802569409
3810283031
3826345321
3829656403
3831759121
3837312961
3838636831
3845755063
3849225271
3856037401
3864129781
3869668351
3878311291
3890138011
3892461931
3892836529
3895046191
3903028183
3908131991
3908413559
3910653577
3919309327
3919764593
3921971581
3924658591
3927284131
3929023117
3930682307
3935864017
3938100607
3940139641
3940621067
3942600481
3950494201
3950838937
3951382753
3954403153
3955054027
3976401001
3982017601
3982113721
3984153169
3985851781
3998924441
4001715541
4002592133
4007101001
4007430433
4011973681
4021465703
4027218011
4028910691
4029869101
4034657587
4036198541
4036332101
4046233409
4047209551
4069433551
4070475137
4073395873
4074795511
4075146791
4080622201
4085511487
4089824257
4121492761
4123172521
4123809881
4126424287
4129681753
4130073473
4133765201
4147537771
4154170409
4177569901
4179237427
4186561633
4201003633
4201481873
4204361113
4217739181
4220681471
4224950731
4232218111
4232983987
4233808153
4238212609
4244332063
4250911061
4251724627
4254171571
4261933261
4271121161
4276814683
4283445403
4287447451
4290153253
4290312671
4291402651
