39
91
155
341
589
2701
3565
5963
6533
6541
9919
11041
13073
16297
18721
25327
26335
30535
31621
32137
38503
40501
42811
48361
49241
59683
67871
73801
90157
97033
113527
115669
145351
147109
156311
158317
170545
197209
207637
211411
223231
286903
291391
294061
302017
318553
339607
344761
417781
422951
463241
473023
488881
497503
500419
565001
601441
607609
709435
719993
721801
729061
745381
791743
916327
917491
929633
954271
1024651
1032533
1056331
1056511
1078561
1090051
1195195
1201861
1226413
1236781
1259161
1302451
1313005
1334059
1357441
1428841
1433407
1461241
1539287
1551553
1592935
1603213
1684321
1690501
1755001
1768621
1869211
1877719
1893943
1901173
1911397
1963831
1983277
2029969
2039701
2064479
2086309
2103929
2129341
2181121
2188573
2250961
2355607
2362313
2363329
2466133
2515789
2538823
2596721
2640133
2727649
2848217
2907167
2929291
2942333
2944261
2950021
2984983
3008023
3077215
3112957
3218113
3242021
3277231
3342827
3528937
3532915
3546361
3552991
3636949
3723301
3800317
3822607
3911041
3941281
3975931
4007197
4010401
4178539
4198231
4243363
4411681
4490461
4561481
4714543
4799887
4906441
5122133
5168521
5173601
5187637
5240703
5481451
5652191
6040519
6154241
6186403
6356395
6402811
6505591
6539527
6642901
6649735
6679081
6680395
6868261
6905089
7116661
7344947
7820201
8086231
8163167
8293531
8474005
8477801
8753341
8795401
8867167
8880449
8995421
9033121
9080191
9273001
9273547
9443711
9444943
9493903
9598933
9603399
9707377
9756601
10208893
10303021
10402237
10440613
10679131
10778041
10813321
10990513
11022301
11111563
11180027
11239681
11443651
11572765
11621849
11711641
11837761
12317867
12849049
12975691
13012651
13085101
13147597
13900181
13911679
14005441
14108261
14182123
14358415
14709421
14843767
15045083
15136993
15234181
15502213
15576571
15614671
15647297
15805747
15978007
16042027
16401631
16773763
16776013
16850233
17116837
17347919
17349307
17429227
17500673
17669191
17980093
18038653
18357571
18396853
18520141
18809911
19070533
19172539
19209601
19301329
19488913
19606273
20113171
20747221
20993653
21395611
22187791
22325521
22363489
22489729
22563841
22781861
22870741
22895113
22920571
22994371
23095717
23346509
23354017
23418691
23464033
23476447
23547721
23747851
24594373
25056697
25196081
25514959
25674221
25829509
26490421
26694781
26786635
26825083
27027701
27323761
27409541
27492581
27532495
27956503
27991327
28043065
28091995
28101511
28139431
28758601
28769701
28796041
29080147
29149807
30058381
31037827
31223221
31470211
31530241
31535659
31605481
31760737
32091781
32322067
32770393
32817151
32880355
33693851
33705641
33717991
33852781
34209913
34243969
34400731
34856167
35510383
35522131
35798491
35950531
36037327
36765901
36867601
37183411
37376509
37503001
37604881
37649503
37757893
37769887
37840531
38046451
38120041
38248981
39184651
40390327
40423111
40832401
41408921
41636041
41899981
42187861
42606661
42836257
43843411
43893937
45538129
45834589
45879941
45931117
46288333
46683883
46703515
47101741
47296855
47925121
48341245
48411751
48797719
49174201
49338281
49518317
49527407
49598209
49735351
49931461
50087467
50823151
51523561
51611491
51733921
52036321
52252243
52307263
52920457
53564621
53655551
53949761
54140683
54636811
55097953
55325029
55334467
55551991
55729957
55767295
57304651
57516103
57597229
58799227
58834931
59625953
60033403
60104981
60259681
60552161
60555463
60702203
61171951
61306117
61319009
61887421
62396281
63617881
64042903
64173751
64450981
64843171
64961051
65221381
65383759
65562031
66354797
66725209
67406149
67642513
67656571
67680491
68512867
68562577
69176647
69485281
69600833
71079661
71592751
71710459
72497971
72604561
72821719
73056583
73237561
73602077
73902403
74943601
75136249
75140137
75642157
76164013
76479397
76974811
77700881
78006293
78206917
78795181
79081129
79417801
79525261
80556001
80826121
80903269
80913871
81269651
81568297
82597831
83898317
84350561
86455111
86610071
89532271
89765089
89999821
90273751
90347041
90919921
91085905
91175809
91798991
92789187
93568609
94384777
96142927
96904081
97530973
97548883
97967431
98706037
99432023
99438301
99669601
99839491
99876541
100079027
100943201
101640001
102659657
102901633
103042241
103540399
104524421
104809153
106299811
106374841
107308001
108070201
108287651
109393201
109541461
110929939
111260251
111323881
112470493
112932961
112939831
113197061
113987413
114230041
114329881
115527553
116151661
117244093
118172251
118737901
119204809
120441001
121152961
121883101
122505571
122859751
122941981
123709121
124574413
125307421
125868943
126183433
126428851
126451543
126478441
126904051
127219457
128203381
128682961
129205781
129451297
129762001
130571281
131365393
131517751
132320245
132345181
132724549
133189697
133412995
133817491
133981621
134767153
135431929
135785971
137340451
137583181
138196963
138285511
138403981
138957869
139540771
140201569
140202239
140384161
140454143
140603611
141165071
143106133
143168581
143520833
145213531
145447471
148359509
148476761
149532571
150260893
150700171
150952099
151346089
155296387
155446913
155474051
155584801
155859241
156789649
157368661
158016883
158343043
159081841
159467071
160906351
161423377
163886351
164340541
166219601
168174763
168659569
169234003
169597891
169816363
170584423
171454321
172018667
172436713
173340001
173379163
173437697
173678203
175306801
175318963
175799401
176609441
178170511
178360183
178416127
178915861
180089251
181742809
182310829
182380249
183484571
184285531
185814931
187190347
188382487
189686503
191524393
192241901
192609451
193079503
193374451
193633637
196879957
197239591
198669403
199058905
199789441
199878787
199958761
200462807
201261061
201534751
201758951
202414717
202951981
203231621
204582457
205413919
206976001
207535681
209106361
209990881
210336281
210406651
210461959
210769021
210812311
211318251
211735481
212730467
213835861
213848801
214569601
215310551
217517653
219581731
220435681
220591051
221391227
223502701
224582221
225089177
225853633
227272849
227418133
227576371
228000197
228405953
229528363
231194965
231475921
232743529
233083601
233322811
233394367
234564829
234870301
236841991
237087481
240491011
240680719
240681601
240890871
242152501
243693301
244061371
245309461
245388781
246180019
246560651
246666187
247912897
249705961
250197037
250552531
251706157
253158751
254537713
255866131
259432603
259475159
259765747
260131327
261504673
261736793
264195907
265743061
266925601
268505551
268626181
272060521
272098669
272399491
273083887
273586531
273795793
273823507
275535157
277119253
277683911
277787141
280469911
283203709
283229491
283402241
283913137
285005251
287729857
289906249
290344753
292538819
292961183
297411661
297928063
298204831
298484161
299736181
301109917
301413001
301580137
301696561
303220927
303268981
303546151
306798577
306822517
307061371
307629401
308766151
310183021
310392883
311880089
312223213
314283601
316349281
317749693
318896257
318923351
319211461
319287151
320856761
322008493
322894199
322913743
325197217
325330081
325949977
329087089
329769721
330638837
334190497
334559287
334872721
336144817
336273211
337806043
337964801
338820391
339195097
344064109
345197137
345388829
345701731
347434501
349138567
349154137
349706263
350723827
351332939
352058851
352762369
355297301
359696431
360145633
360195151
361579681
362224189
363430637
363529153
364652381
365519881
368448001
368467705
368476501
369610237
371675221
373299841
373669453
375620761
375719527
377071493
377475751
378815611
378957331
379363267
381116881
385038721
385652161
386925551
387311107
388087643
389014921
389481851
391399777
393965419
395604721
396864469
397102841
397343803
398043883
399765031
400943401
402834379
406232443
407423941
409689253
412832251
413018471
414832969
414985741
415108891
416168461
417027451
418260481
420768617
423448651
424593497
424907713
425177153
426061201
430532717
431229151
431275807
431305153
434503213
437444431
437866087
438048773
439309261
441753929
444794729
445806271
446715221
447247963
447434027
448426063
448537307
450536311
450866021
453919201
453949951
454766287
455461471
456808561
460176427
461272267
463118041
465658903
466336627
468104141
468765793
469328203
470233681
471812701
472417399
472814413
473182711
474937849
474970501
476621377
478781011
479489557
481089467
481759489
483029821
486470161
486711259
491912191
495062443
495244577
495573121
496036873
497628895
498788401
501038533
502104373
507142567
507250153
507803561
508125239
508916941
511495297
512330281
515446177
516409453
517227097
517408777
517567051
518820101
519342319
520399381
522417439
527829091
528902711
529654861
531589057
532835689
533953801
534298421
534412171
535836263
537926899
541158853
542002081
542193049
543730181
545220869
545430607
545823617
547722451
548811001
550478881
552163333
552294191
552937331
555322853
556434997
559206073
559702153
561675721
562572011
566820013
567653833
569561779
569652253
571099189
571460977
573862021
575349781
576857251
577571539
580186133
581147701
583435553
583439081
584085703
584868181
584999017
588630109
589827457
591589153
592769633
595464373
596082349
596649769
596731771
596985371
599135767
599945233
602394781
604503991
606211355
607921315
609244501
612212491
612533767
612765361
613840489
615593989
617551201
618206051
620144281
622137601
625765831
627034339
629021017
630888481
631314811
636442003
636859339
638223371
639778177
642207073
642831541
644390993
646443337
647266001
647509921
647882309
649043443
651514753
651707129
651960031
652863751
655183981
656969041
660022481
660819637
662028649
666990781
667059121
669153853
670138015
677419531
679782673
679975003
682460501
682528687
685667317
686078177
688027201
689095889
689842759
690652411
695539837
697213171
703050085
705883951
706319191
709887361
713909041
716263903
717689701
720482041
721833433
722145247
723914897
724097851
730602541
731024339
732736621
734161933
736158721
737672053
739542607
739643491
740789479
741965821
742877819
743404663
744118657
744634441
745493761
749172821
750709759
753574537
754901971
756021349
757639387
757834531
758081801
758140291
758176039
758374079
758388803
758687581
763967047
765186581
765406153
766823797
768997087
770897977
771229285
772704547
774598111
774719681
775368901
779566211
783442397
784317481
785713831
786594943
788046901
788156491
789445691
789707707
791951707
792669649
794399041
798590977
799966267
800055367
804348889
806149909
807530921
807650371
808293821
808562791
810273001
811339951
811891747
812908321
814056001
815430533
816917707
817490213
821421901
822489823
825229651
825297089
828781231
828802261
829745203
830747521
831610291
832870891
834244501
834626761
837368351
839776211
841252651
841587349
842220289
843153763
843267601
844871329
845667083
849423761
849606031
850193401
851769089
851778817
853044001
854256751
854319269
863138011
863408701
864165457
865722661
872380321
873458191
878376883
881573051
881927353
882096049
882879121
885208369
887543401
887795221
893345857
894376309
895151539
895354367
897250901
897676501
900665413
901646929
903228481
903425021
910344799
911923451
914131459
921706417
928070977
929442421
931190371
931641677
934532539
939264481
942110381
946034057
947000407
947485351
955465213
955527301
955772947
966000881
967287751
972250777
972471151
974722471
976396961
979804009
981626201
982474201
982790381
985708621
986426131
991383521
991433719
991609921
993321187
994153819
997869727
999448543
1003029391
1004521337
1006616489
1006863223
1007713171
1013996821
1014119947
1015269391
1016127841
1020651787
1020833533
1021243121
1021281301
1022386513
1027668871
1028447263
1028591801
1029633281
1030933333
1031178751
1032101461
1033114513
1034283421
1035159049
1036812769
1037560681
1037627051
1038674113
1038806567
1038901837
1039941631
1041946849
1044555541
1048606417
1048632289
1050749929
1055982313
1056606097
1058216801
1060408093
1060420099
1061153321
1063955713
1067039191
1072839941
1078305229
1079063371
1079915761
1083090251
1085447149
1086184471
1086444001
1089084001
1093620691
1098797311
1103234107
1104194521
1105322653
1106400553
1114226857
1117265491
1123406047
1129390421
1134679321
1134696067
1135428031
1137965401
1138289041
1142300503
1142969161
1145170153
1148111641
1150189609
1152005713
1155408409
1158476629
1166240833
1166264485
1166290123
1167766289
1172378593
1174238587
1174995691
1177008809
1184162801
1184837683
1186627601
1188781441
1189168129
1189817371
1192412033
1193229577
1200266801
1207762513
1208285911
1213729057
1220496313
1221899347
1222568707
1223930837
1231015969
1234646533
1238599291
1241764105
1243456457
1245989471
1246192711
1247661221
1247875903
1248752611
1252513411
1252601989
1252737553
1253554147
1259317621
1259474537
1259775301
1261099531
1261570133
1261666603
1266989701
1267133311
1267610501
1269295201
1272831409
1273700101
1279033001
1280837381
1284826783
1290384001
1293475177
1294812751
1299963601
1301698927
1304175553
1304746483
1304839873
1306999513
1307520469
1319714839
1320040619
1321113121
1323970429
1324081721
1325172421
1329662179
1330872913
1330912001
1339560587
1343628701
1350192973
1355000971
1355059931
1355107781
1355958451
1356779521
1359713629
1364108749
1364378203
1366431991
1368769681
1370276353
1372681861
1379388001
1379514559
1380443221
1383527251
1385683531
1389371383
1392189569
1394746081
1395564127
1397678699
1397731897
1399144291
1401240941
1403291137
1404228421
1404253369
1404741391
1405724599
1406851249
1407368269
1409792801
1412630983
1412651017
1416748349
1423857493
1424866147
1426735501
1427725927
1433397001
1434837751
1437717847
1438291381
1438620691
1441385921
1441405447
1446202651
1447029011
1448605657
1448921633
1451291909
1451654597
1451910241
1455266413
1456901419
1462038197
1467836551
1469268961
1469279087
1473626911
1473991051
1474671241
1475196187
1476194833
1476648901
1477422187
1482284539
1482721921
1483873861
1484254997
1485666493
1486278613
1486704673
1489022263
1490871101
1490926471
1492515439
1493879333
1494527401
1499758849
1501194397
1508187019
1510860121
1511042851
1512245723
1516962811
1518290707
1522560997
1523045107
1527763333
1530655057
1530690247
1530917693
1533527977
1538071061
1540117801
1542251569
1543657501
1549629251
1553578357
1555009111
1557066349
1557212977
1558754881
1562154661
1563960913
1566954401
1567090867
1567763653
1570997431
1579696609
1580201501
1581426541
1582735123
1585369501
1586548531
1588137437
1588247851
1591051463
1591484207
1591899037
1592102821
1592595703
1593837761
1594177381
1595890421
1595961361
1606994131
1607405587
1609848151
1610031151
1612904077
1613371321
1614341431
1626004591
1628692201
1629566957
1631555281
1631685331
1635548221
1638506041
1640848201
1645600079
1646710099
1650490129
1651200013
1657119223
1659471251
1663844365
1666216697
1666779073
1668217027
1673513731
1682349401
1685100691
1685112829
1686326995
1691113999
1697558501
1699369813
1705737289
1705781741
1706302153
1706690101
1708079101
1710452281
1714917751
1715720119
1716109921
1722463471
1722943249
1730086541
1734173447
1743186241
1747896349
1747963567
1755371887
1760013487
1768646443
1770018361
1774997431
1776820033
1777008913
1777316251
1783238531
1784323201
1784569261
1786058509
1790023861
1790123581
1807043941
1808205701
1812280411
1813675681
1819504571
1823629303
1826021341
1828918253
1831351451
1831930361
1837559887
1839562819
1856689453
1858244935
1862883311
1865780797
1873579555
1877025821
1878691753
1891717213
1891821439
1894801373
1896548563
1901367001
1904448677
1904524903
1907545711
1924320133
1930403333
1930615681
1954808041
1957624607
1959274153
1959885643
1971315097
1987640741
1988977633
1993405241
1998520273
1999743661
2000648161
2002446821
2009568751
2009745697
2011303591
2015089651
2018491003
2022869521
2023073101
2029830409
2030600833
2032093991
2032948243
2037732451
2042718911
2055106171
2057995657
2060823643
2069620631
2072462701
2072944537
2075743489
2088768533
2091589417
2100641761
2101825111
2102740889
2107359851
2109576379
2114120977
2114643217
2120096161
2120149699
2126689501
2129004487
2131360243
2136015421
2136140621
2141033203
2144173033
2145121441
2154183901
2155126177
2156151313
2157272053
2164611901
2165196001
2169258433
2174717539
2175136133
2180848957
2182944961
2185102921
2187544531
2188490383
2195130301
2199124483
2201347513
2203663621
2205763129
2214399931
2215942123
2219008177
2221586401
2223292981
2224705081
2224988041
2232291973
2234671051
2234773367
2240244277
2241937321
2251426057
2254129837
2261372143
2271817633
2274727141
2276201089
2277822361
2278164829
2280656953
2283289681
2286489397
2287769251
2290647061
2293014533
2301745249
2303603149
2312980921
2313732241
2318628841
2318964821
2321300833
2329584217
2330889829
2332627249
2334789581
2342141611
2342844401
2346292097
2349402931
2360519701
2361316621
2362345261
2363656891
2367314101
2368671661
2379233293
2384147147
2388850151
2399430661
2402012989
2418641809
2430279001
2430632101
2432761633
2434869949
2439234061
2439600833
2442464479
2444880103
2447975791
2449462247
2450701501
2456322389
2456536681
2470214251
2479141729
2482556581
2483670971
2486831491
2490914593
2492967313
2493414691
2502525637
2529555841
2530977461
2531107801
2532908057
2538947809
2541535333
2542196809
2544381841
2552418761
2553133441
2553212117
2555370341
2561454641
2563596751
2564530321
2569041949
2569327129
2574105649
2575638001
2576236651
2576455681
2576882881
2595053401
2600611861
2605192211
2613569641
2615321721
2616371803
2618627563
2621070433
2621977627
2624797477
2625047521
2626215751
2626783921
2636315639
2642489641
2645947823
2647799771
2651139121
2654934631
2657314351
2657827801
2658630913
2659265701
2659939453
2684367137
2685372161
2686816133
2704546027
2705514857
2711330161
2712927661
2714201617
2717428033
2718994513
2722003741
2725547791
2726176241
2728997441
2731980751
2732693371
2732786701
2734277857
2740007749
2748148261
2751201271
2763262837
2764833857
2768248321
2771071031
2783197339
2789751763
2794726663
2800048717
2814002297
2817478249
2824436383
2824544359
2825315851
2833452649
2833466401
2834518801
2837860973
2837917633
2845140481
2847423001
2849658241
2850738463
2851432501
2853118847
2855290901
2866785991
2876098771
2878123603
2878610957
2880131899
2881981147
2885972701
2887282129
2890356533
2891132245
2893531411
2895004927
2898053401
2911680001
2911911913
2918013281
2924783051
2927228299
2927658763
2928560441
2933588503
2940099713
2940468301
2943765631
2947438051
2947521721
2951544961
2952231259
2954337601
2954487551
2955064529
2958453401
2960658037
2965127911
2967078409
2968446541
2982072601
2991834737
2992394501
2993372803
2995146179
2999742079
3000168733
3004635481
3008029331
3009756751
3010415851
3018147217
3018279559
3018302869
3020299327
3028062101
3039405601
3044238121
3048467381
3052476137
3059445061
3063683503
3066946469
3069363331
3070208261
3072692731
3084940387
3086216701
3089540437
3090989651
3091474387
3093503029
3104838157
3106046161
3107287759
3112723351
3112854851
3113930161
3118411501
3124264771
3134453281
3139356889
3142165069
3146902111
3148349461
3170613601
3176585141
3183573121
3189623737
3200985217
3201718213
3206203003
3206415001
3210223249
3217409131
3218190823
3220807969
3221142499
3224493631
3228488869
3230469029
3233558021
3239174233
3241265861
3249118751
3249335941
3251198297
3253404013
3253543207
3259920007
3260055709
3263097641
3272699071
3274819187
3275415001
3282459121
3288915631
3298700737
3299956747
3315207197
3316585801
3323590463
3324006533
3326123971
3327261761
3331867127
3334237201
3337013881
3347214421
3347396669
3358625849
3368281153
3374598781
3383477191
3394990561
3397422541
3399890413
3403386251
3407274001
3413165551
3418668065
3422044171
3424006951
3430066501
3430935901
3435991313
3446015941
3446334767
3450935503
3460153247
3469365901
3474542497
3484592341
3489877183
3490372117
3491603273
3501713317
3502970551
3509596121
3528611581
3531436801
3532102297
3537323063
3548543281
3551439781
3560897029
3567852553
3574294579
3576294151
3584800801
3594968821
3595301537
3599858687
3601083511
3605024201
3605151241
3611297713
3619284401
3620540001
3623207281
3626867381
3631418561
3635848855
3637405045
3643651057
3647054269
3659272891
3659702911
3663466003
3665520631
3666242467
3673148929
3685991041
3699058267
3705261361
3713287801
3715606777
3717260801
3724117129
3727322561
3728995183
3736293461
3741975631
3755901223
3756015191
3757978561
3760397503
3761582329
3763779451
3781934281
3786262241
3793484557
3795206827
3797701861
3798040471
3818501479
3819502651
3819621101
3819989447
3821549293
3822744781
3829656403
3832807681
3835537861
3839122651
3850182547
3850670437
3852800033
3861432667
3867929011
3874135651
3881249857
3892503691
3892836529
3892928203
3893444171
3894748001
3901062799
3904879159
3910653577
3915262171
3918298891
3920943349
3928038913
3930606451
3934606551
3964323637
3972748141
3974572801
3980164351
3980267771
3982264199
3984737791
3986632567
3988334851
3995964481
4001031721
4002592133
4004016721
4004875373
4007101001
4012912261
4021546777
4025662939
4027697311
4043491159
4046626585
4060381673
4061989405
4086437587
4088838913
4089199951
4090301239
4091041501
4091566081
4093108031
4093268521
4103331277
4103666029
4104684401
4112485301
4116569887
4126424287
4130120317
4134447131
4136449681
4141124461
4144637719
4150174393
4156580741
4157531761
4161742801
4165482151
4166319401
4167565777
4176385921
4178204729
4187360341
4189357987
4200997501
4201003633
4205735441
4210785013
4212827701
4218155713
4223155151
4227636337
4240777201
4241343151
4243434301
4253530051
4255202953
4255766969
4258081801
4260711391
4269092719
4275419831
4284951937
