9
27
215
301
469
1247
1431
2779
2881
3097
5461
6817
7081
7201
9331
13561
14311
17071
17767
18279
20167
26599
27637
28043
29261
31201
31609
33001
33227
35881
37051
40979
41311
41581
43387
44451
48709
61777
63139
64079
66231
68251
69301
79003
82441
88357
89311
92881
103303
109061
111361
112471
119497
122809
128143
129397
131473
132239
148417
160291
166499
168961
174697
176121
186193
191959
226801
227767
269011
272161
286903
288619
289441
290973
358559
359341
360533
387001
394831
395389
420391
443713
497377
497503
529201
555397
643801
650053
653333
661039
665281
665809
695213
707257
710533
716141
765703
779833
834471
872971
876961
886231
921551
935713
951601
961577
968787
975703
1002401
1032533
1042417
1056331
1082401
1143757
1152271
1168513
1173763
1188391
1205849
1207453
1216827
1219441
1258223
1269621
1314631
1370477
1376515
1415501
1433407
1454933
1457773
1493857
1509709
1567543
1590751
1603213
1644481
1741717
1755001
1861731
1925201
1952371
2060623
2077531
2101321
2162287
2181121
2259583
2322139
2368741
2477479
2707381
2864501
2884669
2887571
2913373
2944261
2952251
2955451
2976487
2977911
3093697
3096583
3116107
3136081
3151301
3185291
3387781
3436597
3481029
3509899
3542533
3627061
3664585
3715897
3808121
3895741
3905581
4029601
4081861
4224533
4231681
4347691
4411681
4536811
4547635
4660811
4728161
4772921
4947541
4983151
5131381
5173601
5176153
5280787
5292631
5308181
5366131
5444489
5510149
5633317
5726449
5766001
5892511
5898751
5902849
5903497
5926753
6186403
6577121
6590761
6733693
6909743
7207201
7244239
7266211
7344947
7360781
7396201
7398151
7545851
7648033
7648381
7742251
8006299
8174349
8177137
8187217
8333333
8471501
8593201
8698069
8773591
8818741
8902741
9082321
9273547
9371251
9376993
9417409
9440263
9693091
9698989
9796789
9808651
10018807
10024561
10027639
10245481
10479787
10746433
10757567
10825621
10912513
11134321
11228401
11256181
11260027
11677597
11900401
12163817
12169711
12195541
12315889
12539507
12543481
12727921
12752881
13012501
13188319
13437883
13449619
13729069
13909559
14009761
14087081
14154337
14865691
15007681
15232309
15280201
15495041
15511357
15567007
15604321
15614671
15647297
15720013
15929981
16253551
16759543
16811461
16838389
16894571
16945633
17121721
17316001
17378707
17569441
17699629
17730761
18063559
18694861
19239553
19328653
19337473
19579645
19703611
19804069
20234341
21400481
21666499
21813661
21864211
21931537
22266487
22311563
22349251
22387367
22591801
22848541
23198131
23266561
23591143
23843107
24288139
24343381
24388621
24403471
24597217
24783751
25474909
25525499
25697303
25859767
26442631
26462161
26463431
26719751
26724979
26767969
26867485
27012001
27331921
27611497
27847997
27885733
27956503
28061057
28295387
28296781
28360603
28767553
28805713
29232491
29411201
29694157
30259909
30842473
30992281
31012081
31029149
31154467
31181581
31198693
31245139
31315033
31436123
31501273
31931513
32095057
32127937
32239111
32297071
32306737
32322067
32429431
32676481
32683201
32906737
32944339
33503221
33525001
33612937
33614869
33742381
33796531
34590403
34905133
35661601
35845633
36217171
36430831
37240921
37467181
37649503
37682405
37801345
37804969
37964809
38010307
38140397
38178671
38214121
38381211
38487931
38766811
39069241
39151837
39626693
39710609
40821551
40834597
40998877
41009791
41347811
41955229
42439457
42702661
42818689
42933841
43231231
43838341
44600581
44713733
45091901
45110413
45288511
45450991
45509461
45877861
45985351
45992181
46173833
46328333
46672291
46681181
46728533
46977421
47131351
47688049
48481679
48612527
48690721
49250777
49303801
49570949
50420371
50458303
50759141
50846635
50997451
51342029
51425011
52606601
52798643
53074873
53106301
53450307
53572195
53949761
53969371
54156691
54420913
54637831
55537043
55610837
55650385
56417467
56872153
56927809
57120001
57211903
57385651
58312171
58756057
58920541
59318533
59327393
59597977
59829743
60033403
60222977
60259681
60330271
60716351
61171951
61363541
61621561
62114977
62373137
62609233
63388033
64605041
64872571
64972363
65062369
65248957
65430121
65565457
66096253
66345221
66965131
67175161
67902031
68107007
68182003
68314357
68462551
68579101
68669261
69080923
69319699
69661513
70137577
70682441
70688857
70811701
71079661
72283009
73041541
74668361
75176479
75221023
75461131
75644251
76050157
76533901
76560233
77455933
77526049
77594653
77717461
77772091
78430801
78721277
79435241
79587799
79670641
79970089
80104033
80258851
80980993
81369289
82436371
82606231
83093921
83951953
84354821
84375761
85636609
85646947
85648165
85719871
87414001
87539761
87759281
88644013
89108083
89456641
90498689
90571879
91116439
92158441
92556907
92902699
93453119
93498329
94512337
95095001
96093691
96174919
96829279
97230079
97327441
97429291
97530973
99149611
99182671
100261153
101275441
101649241
101899949
102035251
102186527
102337241
102473449
102894991
103053511
103620323
104524421
105056057
105918499
105919633
106314931
106374841
106941451
108615337
108915421
109541461
109958887
110227363
110495083
111654401
111661411
112060971
112074171
112720427
113276719
113389249
113925961
114329881
116577859
116682721
116701003
117987841
118090321
118234141
118537801
119111431
119313889
120466657
121135711
121261123
121752019
123220501
123711949
123914281
124439041
124867357
125686241
125780167
125997121
126045001
126537691
127436093
129326471
130288231
131369801
131504143
131680411
132858001
133331281
134238289
134274017
134432801
135366463
135721783
135821501
136707409
136804963
137813129
138276139
138378241
138828821
141639751
143413471
143431697
143555329
143859031
144799483
145206361
147099051
147663001
148191781
150598153
150925657
151358059
152309917
153070321
153890227
153942409
155025781
155161843
155197589
155239979
155752567
157368661
157542533
157748761
158004113
160165897
161216021
161957801
162495637
162905761
162916277
164058157
165938653
165949141
166287751
166652263
168963209
169234003
170189417
171400513
171750703
172436713
172935379
173675833
173966113
174753613
176110399
180164671
181065301
182323241
184677721
184746889
184928467
185040703
185188921
185389891
185870089
186204217
186213029
186682373
187159501
187299997
187637071
187700761
188516329
188821951
188985961
189195511
189426901
189430669
190212181
190934371
191727101
193875557
195106237
195664571
196279201
197511121
198434231
199097281
199674721
200016811
201718051
201789127
202130197
202553443
204172939
205394113
205725341
206304961
206648843
207132481
210023917
210812311
213035761
213253639
214038533
214360807
214612381
216431041
216785401
217186537
217517653
218112133
218160097
220088233
220222297
221006801
221884001
224136013
224690221
225677251
227068451
227571283
228483377
228491641
229234483
230404189
231499831
232794253
233577871
234870301
235286741
237028541
237062323
237935741
238622413
240411403
240785047
242459413
244396583
244733497
244789781
247869931
248290927
248478121
248718913
249563581
249679501
249836801
250318279
250564051
250750501
250937501
252814031
252863731
254830987
255086659
255274891
255866131
257206331
258503701
259051931
261442501
261962317
262025689
262478071
262517401
262725233
262823747
263338681
265741633
265932811
266346607
266925601
267241087
267308213
267559627
268050403
268106761
268422881
268505551
268570051
269031331
269143103
270930661
271655587
272354893
272449171
274584961
274610449
275283401
277210081
277897813
280312003
281477701
282123601
283087993
284664101
286476991
287449091
288361351
289204417
290756467
292692527
293381281
293795101
293885281
297118949
298204831
298355713
299761181
300484549
303318001
304970491
305163181
305516657
308063251
308148751
308538007
308821213
312773141
313594141
315351521
316975751
318596491
319440769
319765993
320591209
322762007
322893377
325546873
325834309
326695141
328573477
328675621
330262843
330884993
331320991
331813441
332206211
332710687
333916399
335881549
335909491
336117601
336488881
338396257
338455153
340213609
341683057
344206129
345104605
345674071
345829177
347785699
348256429
349069501
350765983
352735351
352976417
354257737
354390037
356450791
358123361
358866271
359364151
361106173
361200101
362013979
368468689
369806743
372718711
373669453
374703127
376096033
376957153
379363267
380065313
381557383
381628651
384993451
385319089
387695491
391164741
391474777
394689371
395044651
395264101
396717319
396983987
399336601
399671641
400253701
400872799
402752533
409725261
410332651
410361641
410432257
410680357
411840833
411950281
415212361
415920331
416637937
416998207
417767201
420383251
421569487
422446261
423314137
423933241
424632913
424784341
424863601
425918593
429359113
429930749
430833313
431056621
432429271
433533751
433765879
433802881
434100577
434870101
435358657
436665601
438359041
439247467
439699861
443587915
443780749
444794729
448231717
451773221
451836901
452076967
455461471
456329511
457320533
458703001
461322181
465658903
466170079
467178779
468626341
469209751
470541761
470562233
472277311
472708321
472874747
476011901
477086741
477103771
477203959
477461651
479202751
479450971
481139521
481593997
481637381
481967399
482463133
483805279
483815401
485328187
487124401
487890703
492559141
496127101
498939121
499618291
499998151
502882843
504870241
507875617
508125239
508788041
510111361
510417343
510606181
512407351
514128385
519167617
523478981
525798169
527999851
528013333
531199657
532265431
534433751
537926899
539054361
539430031
540974113
542131201
544511881
544861633
545793263
547743169
548142097
549783253
550844701
551414137
552163333
552649879
554494951
555321007
556016161
556190251
556450777
557058133
558977761
559155497
559199461
559464401
559702153
566823857
567815617
568939307
570478351
570961411
573516217
579300541
579956653
580190521
580677457
582821011
584436007
584570491
584868181
585281791
587994361
591201721
591413941
591575233
593987257
599464549
600790259
600911611
602485441
605961049
607305121
608917753
609099661
613655881
615416341
615916577
617533309
617934241
620928533
621012547
621078301
622013851
622137601
625536071
629334031
629492491
632278081
633879481
635225629
636473389
639197051
639224713
645227743
646007251
646656701
647768395
647817913
651098771
653682121
654346391
656227853
656793899
657067951
657124261
657369623
659664721
659846021
664214431
664574653
664692601
665501971
666434791
666988351
670223401
674194207
679975003
680022883
680064001
681303241
681659005
682128529
682655999
682842217
685395661
686149201
689842759
690349873
691131349
692178049
694271791
697791403
702476173
705883951
713503891
714379901
715003511
715891081
717653333
718385341
719136521
720196597
720385903
721825061
722339623
724969087
727429151
727448905
727459921
728097481
728458501
728851507
733652473
733964111
734793467
737157581
737878681
739853969
747948361
748817521
755987581
757059073
757221977
757512181
762933601
768089233
769617269
770909107
775136251
775368901
775527169
776081503
776162371
776711413
777011383
778454671
779566211
784169101
784227817
785213801
786678601
789375511
790318273
798604951
801803839
805384193
805470307
806632093
806872013
807580181
808251071
809384941
809973061
810097601
810663429
811393277
816002419
818405841
822314729
823575061
824532931
826945621
827289769
827980471
829512001
830231821
830533471
831821327
832728541
833342177
833446897
834448051
834451129
840749761
842892871
843118741
843420029
850402801
858169963
859361413
859769191
862759153
863440201
864369451
866940751
867965251
870142879
871622291
873631027
874756429
878072071
879485311
879533689
882063001
882564957
884931881
886695109
887795221
889047121
889664221
893173297
893692819
896976235
897916207
903052609
903345943
904221641
906471301
908733931
911778487
918211231
918757127
921106129
921642711
923568031
929844959
930032941
930909169
934318097
937271017
939448693
941475287
948276001
950179159
950371003
951599251
951846859
952791001
953370133
954255331
956427481
958323601
960658291
962270401
962468911
966790393
968983021
969528337
970355431
970560533
972471151
975390343
976763617
977770531
985075681
988506481
989316151
989486353
992729497
996196741
996873259
997952401
1001607361
1004752181
1007713171
1008201637
1011319501
1011928129
1012687621
1015466971
1016770063
1017426721
1018902991
1022015701
1022822513
1024516693
1028018413
1029314849
1031257501
1035159049
1037560681
1040295691
1042377191
1042792129
1043159639
1047943471
1050957601
1053171241
1053541189
1054740191
1054841971
1055437633
1055440717
1061898337
1065882673
1070063191
1072544719
1077808513
1079035651
1079327791
1079548303
1082755477
1084568609
1084805807
1091401261
1092215521
1092229703
1093150081
1093637491
1094042321
1095484069
1102346551
1102576301
1103160907
1106184331
1110903067
1112247289
1114673701
1115131681
1117004257
1118019631
1122718171
1122732301
1126096753
1126587151
1126919641
1127599093
1130717953
1132690561
1133845021
1134679321
1137591457
1140859201
1140880261
1142472971
1145170153
1145524249
1146917521
1149174097
1152793621
1154987209
1157463289
1160155151
1165624951
1166779981
1168252093
1169079901
1171662031
1172692379
1178207311
1178861293
1179813151
1188646903
1189665361
1196662411
1197386101
1197814021
1199086519
1200359497
1201002301
1202085067
1203855631
1204205449
1204907653
1210525009
1211146471
1213558081
1214531209
1216701641
1217549269
1219858921
1220882833
1224978691
1228139329
1228229143
1229238817
1230584833
1232013421
1241274889
1243468423
1245549049
1248258733
1250616901
1250656621
1254615601
1256187217
1261099531
1261362577
1263251263
1266003461
1266989701
1268487793
1270210033
1274254309
1276438073
1281050467
1281536929
1282568741
1286298133
1286816851
1289281621
1291412431
1292407117
1294261781
1297558081
1297633651
1301176087
1302145267
1302684337
1304906359
1318031041
1319082157
1319281393
1320384889
1320395737
1325172421
1327808047
1330202273
1333215703
1339209541
1340628199
1343939809
1346624533
1348480801
1348964401
1351413805
1354196959
1354866241
1356241321
1356641677
1358142823
1359906571
1361079301
1369264111
1372681861
1375684831
1384356961
1389699109
1391576821
1395564127
1401840833
1402525507
1405733041
1410810787
1413697321
1421071063
1423246771
1425860101
1429882021
1432360841
1433640907
1444441861
1451287601
1458051337
1458366551
1458845249
1461392659
1463030101
1464548641
1464568381
1465065647
1467572003
1469768653
1473838741
1476900781
1478503261
1481618069
1483463623
1484076231
1484742533
1487669411
1488204217
1490290117
1490313091
1491117013
1492278001
1496233003
1502570513
1508953447
1512361761
1517867149
1518738157
1523848129
1527888433
1528352827
1528386001
1529615473
1530655057
1537444151
1544149417
1552778501
1556329633
1561573183
1563799981
1570180057
1574404189
1577055901
1577121547
1577741089
1577790865
1577847211
1581426541
1582527241
1586226373
1588472341
1588848823
1589192867
1589845009
1592414929
1594768501
1599276901
1608729127
1609263181
1610083333
1610710513
1611420697
1612603693
1614191821
1614341431
1619884261
1625630887
1631826289
1632911983
1633834441
1637181571
1644689597
1649461301
1659856969
1662833071
1669017073
1669547881
1672882861
1677701191
1678477849
1679540591
1680631159
1680901381
1682842921
1687679381
1691701777
1693733059
1695419041
1699191451
1700718121
1706302153
1712859301
1713029917
1713125233
1714842361
1715427451
1716572929
1716672361
1717989739
1719454591
1725981137
1731207421
1736159671
1739057633
1739695721
1743657931
1744510861
1749178747
1752049531
1755497521
1760746501
1768265669
1776399059
1776820033
1780401385
1784865337
1786703497
1792560881
1792581701
1793528501
1795029991
1798188241
1798648601
1800812477
1806670639
1813165411
1813675681
1818827141
1821792457
1822479751
1833719221
1835001001
1835384401
1838025029
1838739523
1850863801
1854481231
1871987041
1876485691
1878810697
1880544907
1885915841
1887942757
1890567521
1897321619
1899027649
1900823653
1908612217
1908937357
1909444591
1910668033
1923845801
1924975879
1928551241
1930403333
1936491259
1944756637
1946072621
1946094445
1946778601
1946973601
1947101941
1950575551
1952748821
1954839691
1955219311
1962517877
1963181081
1966146451
1966182401
1969942339
1971314281
1988672533
1994778811
1996410001
2003220161
2004119629
2008184641
2009621503
2013701691
2015145287
2018761111
2023422871
2025597367
2030237047
2030635991
2032248961
2034807481
2035592183
2036224321
2037134117
2041163281
2043520651
2044637377
2046240961
2046408787
2046528013
2048030449
2054735899
2065075443
2068700041
2069527951
2070303709
2072488771
2083403281
2090741293
2090913437
2091363121
2092747021
2092793977
2096027431
2098852057
2108761201
2117555641
2118597955
2119380587
2123579693
2123792551
2130134533
2131620571
2143793251
2144501131
2145957581
2148788881
2153026555
2156767003
2158054081
2161796491
2165196001
2166345583
2169646561
2170186021
2173540951
2175136133
2175178633
2179029601
2183654041
2184664007
2184783401
2185421503
2188940869
2197813333
2200759891
2203663621
2205684757
2210621797
2213101199
2216620537
2216960929
2227141489
2236983877
2248826977
2250292687
2250603547
2251099969
2254796281
2257069201
2262495941
2267145329
2267222681
2279149363
2285722297
2291756959
2292779841
2293269817
2296894753
2299876417
2300503151
2304120001
2305292221
2305346443
2309067139
2312963333
2319613321
2319891307
2321300833
2324848879
2331181621
2337953041
2342844401
2353782913
2357343409
2373947551
2374172497
2374532713
2377231093
2377871941
2379503947
2386545409
2388095851
2389878811
2398278541
2399430661
2401060117
2401370047
2406032011
2421289885
2423226317
2423727433
2428648967
2431204873
2435571199
2438508983
2440841467
2441645953
2452746671
2454355591
2458169299
2458242463
2460646891
2469438063
2470869253
2470916631
2474175371
2476447951
2481309811
2482915033
2484548947
2488420801
2493698131
2494496089
2499853333
2503390345
2504165941
2519083621
2519186671
2519230141
2519621857
2522618611
2528767801
2529410281
2531878201
2541165103
2543228291
2546257177
2555219713
2559263867
2560176001
2560600351
2564318971
2566804501
2569327129
2571434587
2573259151
2578915081
2579597353
2581668799
2583990923
2586672229
2588970151
2597228173
2597294701
2601944221
2602378721
2603384323
2605557781
2606481697
2613584971
2620691509
2623737637
2628866521
2634284801
2634641951
2639962081
2644262821
2645567921
2646147001
2646678101
2649907201
2654851387
2656494271
2658635713
2663326163
2672605657
2674839511
2686648861
2686816133
2688520927
2690867401
2693739751
2694553273
2697636061
2708551501
2709580091
2709653431
2712191351
2716390261
2722521041
2723222035
2726332183
2728409377
2728997441
2732590391
2733204431
2737889201
2739606451
2743733161
2745516151
2750435651
2762371421
2771195473
2776077121
2790291281
2791053541
2793199993
2797169761
2800555297
2804470327
2806421257
2809670221
2810596741
2815281289
2822269991
2824256377
2825682553
2835219031
2835696037
2836690583
2840538289
2843896231
2847423001
2852001751
2855493397
2855579761
2855661121
2856317129
2857919401
2858125453
2860311169
2862242813
2863061713
2869934491
2869994249
2871974561
2877477571
2879113501
2885972701
2886881471
2887282129
2888672221
2889079201
2895738595
2897980081
2900875037
2902117457
2904676633
2906467801
2912612881
2912712013
2913401611
2915302921
2922383017
2922849541
2933563781
2935694581
2939594407
2950968539
2962366021
2970804061
2977677799
2982778891
2984235151
2986522309
2992394501
2992683041
2995146179
2998202353
3001543921
3003419413
3011406331
3019324769
3020308021
3020455021
3021123043
3027674539
3032775703
3039902497
3042630533
3053009389
3055335007
3058043801
3063685633
3065493229
3067051121
3069804061
3071329171
3086767657
3098376373
3099727513
3099743681
3103180471
3110129101
3110830003
3112590937
3114276619
3117340409
3118080505
3119118031
3123604381
3125980411
3129751951
3134995403
3135040133
3135462497
3136660801
3146657651
3146902111
3148269359
3148806403
3151437617
3157579861
3159595381
3164493641
3169830751
3174698143
3177303097
3183001321
3187939921
3189075301
3189449779
3189636209
3191233921
3193249851
3196795477
3203380891
3203509327
3206203003
3217927701
3218194351
3228286777
3229670713
3234612551
3235016737
3237424789
3237992101
3240876101
3243537751
3245595139
3249025693
3251835001
3253404013
3255266629
3256291391
3258425633
3260299771
3263097641
3267221801
3272073085
3278916457
3284749441
3284852561
3285023743
3300801241
3307093921
3308485841
3311067691
3312034133
3313196881
3315139717
3322171393
3322227917
3322551403
3326969281
3327432403
3332303099
3336230327
3337201121
3364117201
3369251047
3371840929
3380740301
3391034653
3393405233
3394072333
3401399791
3403419527
3406664593
3407380211
3408200641
3413925247
3414819409
3415379701
3417889987
3418234177
3418253021
3420044387
3421176877
3424736701
3425097391
3425323843
3427584473
3428975889
3429457921
3430142951
3431280715
3435462601
3436450951
3437020231
3439408501
3442486581
3442964671
3443019667
3445752913
3453354607
3456011131
3460579221
3462817177
3463907761
3465407977
3465593587
3466398673
3467528401
3479110597
3484668791
3484992551
3498145489
3502997389
3508999651
3508999999
3527194441
3531859451
3541488091
3551215231
3558825667
3562008871
3564316253
3568430251
3574380739
3580867909
3585040691
3586833253
3596337361
3597270517
3598130521
3605151241
3608866007
3610037161
3612298321
3612509551
3619284401
3620019943
3634136671
3634594861
3640031081
3643036417
3645984161
3647610413
3648274391
3648510529
3651150331
3653628247
3661618853
3662878591
3673744903
3674555623
3682512793
3684306973
3687246109
3691042561
3692426431
3693874117
3695004919
3695854537
3703707121
3711225751
3715900381
3726572851
3727828501
3733851577
3734017561
3740187001
3750270721
3760896133
3762452101
3770604727
3771099383
3776019979
3782102507
3789970237
3795267037
3797234443
3804470209
3807308269
3809227843
3815548339
3816178711
3819502651
3821563747
3829656403
3830387569
3836757289
3839404537
3845356309
3848157127
3849581341
3852800033
3857222909
3863258317
3868511743
3870318007
3873983521
3874262211
3875764141
3877239217
3878450413
3881616481
3884006701
3887635753
3887683021
3892088329
3892111309
3899327767
3899829361
3903523903
3903711841
3910653577
3913492309
3914300321
3924671213
3925728091
3931388371
3949393001
3949897879
3951029161
3954032671
3956503601
3963748321
3979485931
3982264199
3983272609
3985436911
3988288279
3990545593
4000912111
4002592133
4007116621
4011325697
4025925401
4032512551
4036496131
4045858847
4052109587
4054039841
4055027971
4058433931
4059617953
4065336991
4068100063
4068622573
4072535713
4076107811
4080478351
4094814289
4108457341
4114123093
4119275351
4120214487
4127029381
4135285369
4135506103
4138461685
4138693861
4140070273
4154131393
4159767737
4162325831
4169906941
4172804707
4175289271
4177253473
4182331501
4183413671
4183664101
4183931053
4189083211
4195068571
4197676699
4205773111
4207156873
4214737853
4215810241
4215885697
4216279061
4216578193
4217455243
4232203405
4234009397
4241343151
4241753881
4252692089
4256316013
4259709481
4263580309
4267550233
4274270051
4286028577
4289641621
4293088801
