15
33
55
165
385
697
2047
2071
3277
5461
10349
11041
13021
14701
17767
29341
29539
31021
36631
37901
43621
44173
44521
47557
49771
50737
54781
56033
60551
62745
66641
70561
88399
88507
93521
100651
104653
109231
113527
115921
128627
128881
132193
134521
166499
183061
189751
219781
220729
231695
257235
269011
272827
287815
310381
314821
336781
341531
347387
352453
360533
394561
407353
410041
416471
512177
517441
543181
555397
569059
597871
610171
611623
683167
693307
699611
712153
723241
805141
819541
901419
926137
992641
999301
1024897
1084201
1092547
1095641
1126423
1251643
1293337
1306199
1330561
1386521
1447289
1471373
1493857
1505701
1543153
1603213
1676209
1683181
1716859
1717633
1735841
1803601
1907851
1970593
2014705
2133889
2165801
2181961
2199913
2208361
2261953
2281049
2330251
2337301
2339377
2351669
2409481
2413447
2466133
2652721
2660881
2726219
2763521
2774941
2802691
2855299
2872321
2944261
2958103
2977217
2984983
2987167
3048001
3059729
3062347
3065701
3186821
3218113
3273463
3285829
3289301
3324511
3341641
3342827
3386161
3402449
3542533
3568661
3575749
3663871
3903257
3913003
3925601
3985921
4101637
4111381
4113841
4119301
4181921
4225033
4255903
4441681
4499701
4652561
4746653
4814857
4941259
4966921
4985857
5037121
5102483
5176153
5183713
5233031
5292631
5310721
5470193
5481841
5566051
5603333
5646601
5652191
5766001
5837761
5906413
5968873
6074141
6152941
6189121
6192733
6559723
6565651
6611977
6634057
6696097
6774499
6796615
6955541
7027351
7028821
7289569
7318477
7483673
7624501
7638121
7704061
7710781
7982129
8086231
8137315
8163167
8186569
8231653
8269057
8378371
8769949
8835301
9080191
9187621
9227417
9241753
9493903
9533701
9603751
9665801
9702673
9864641
9864941
9867451
9915361
9920509
10004117
10084177
10202083
10290799
10303151
10418329
10590721
10700671
10778041
10825621
10900657
11026093
11222891
11351993
11415301
11671271
11767001
12032021
12254687
12469297
12667229
12676591
12731461
13202221
13248379
13338371
13449619
14409037
14575091
14593951
14608133
14794081
14913991
14917249
15134629
15139199
15198301
15232309
15247621
15308101
15579703
15604321
15927199
15963851
16324001
16398541
16405117
16568521
17321881
17327773
17349307
17686733
17941243
18111773
18185491
18443149
18452881
18662869
18736381
18736801
19425871
19669271
19781737
19797697
20187399
20327533
20544457
20846453
20916301
20981701
21036437
21038929
21332033
21618631
21810359
22028203
22390633
22533761
22586257
22918141
22981351
22994371
23063941
23956129
24063841
24179347
24482503
24490201
24546721
24644093
25060213
25312021
25342411
25504001
25601203
25603201
25617601
25902451
26161951
26349661
26523911
26758477
26989201
27012001
27129887
27468521
27664033
27718489
27956503
28476631
28708219
29111881
29346461
29469637
30436771
30499057
30824399
31120099
31150351
31206361
31295287
31470211
31816777
32429431
32713815
32804227
32817151
33092401
33134041
33148033
33311827
33507343
33552553
34084181
34461181
35340769
35798491
35824303
35845633
36210241
36316171
36814273
36882341
36981601
37844423
38248981
39547171
40238417
40313323
40728463
40917241
40978741
41015857
41069047
41662297
41914291
42012001
42165271
42306431
42714937
43036003
43050001
43222667
43579741
43711591
43838341
43948291
44068001
44117701
44403521
44760581
44865979
44935021
45402991
45689909
45796801
45877861
46523569
46728533
47020177
47388889
47641861
47903281
47925121
48372481
49174201
49235835
49250777
49358513
49573627
49735351
50213089
50573953
50622259
51088133
51340807
51388097
51445711
52055851
52204237
52943521
53638903
54771193
55360219
55384033
55530161
55557169
56082061
56931421
57120001
57253561
57516301
58197547
58239067
60155929
60398801
60957361
61171951
61300121
61588069
61605317
63258361
63300173
63560685
64340851
64377991
64561915
64818349
65359477
65490391
65844001
66124297
66239587
66590353
66640891
66998317
67194401
67387361
67480661
67707613
68259073
68294003
68391559
68480941
69490711
71711839
72186421
72847639
73346807
74041969
74480901
74620603
74900401
74983657
74989801
75294641
75470341
75973501
76050157
76923461
77065279
77516191
78110993
78265361
78355201
78775633
79366687
79442239
79464533
80207381
80509339
81164221
81926461
82045321
82165513
83168821
83275901
85187233
85410271
86262361
86989141
87784561
88225201
88741171
88930463
89540089
90014653
90057101
90357697
90970133
91500631
91587943
92062081
92631001
92970571
93373303
93591721
94775927
95229989
95239699
95266949
96028001
96618397
96904081
97253539
97788013
97796953
99036001
100072171
100077007
100342057
100891993
101910793
102659657
102669577
103983907
105558787
105817801
106194521
106216771
106312979
108140401
109437751
109541461
109879837
111033313
111080191
111179911
112406981
112442401
112702591
112798579
112828801
114366313
116038033
116895871
117662981
119384161
119413897
119499953
120236707
120323831
120460033
120464143
120561319
120724001
121724443
122191919
124038337
124518689
124593031
124905691
125307421
125754223
125997121
126335161
126440731
127505701
129418879
130388567
130571281
130722013
130906621
130944133
131504143
132004351
132025633
133391611
133405981
134589001
135329041
135708889
138276139
138336661
138403981
138609847
138653101
139810133
142137019
142445101
142503001
142811663
143384203
144294151
145410931
146053267
146385521
146856893
148392781
148768313
148910653
150155039
151264513
152072467
153517141
153787879
154010221
154287451
154658107
154944533
157405249
158219657
158672221
158684593
160165897
160949641
162243091
163756081
163759753
164279569
164397781
164482741
164528327
165479113
166318657
166615441
166805633
167276929
167472451
167881121
169409899
169746337
170177437
171260623
172152577
172272187
172667821
173401621
176030977
177349147
177550591
177884281
178918741
180115489
180832081
181926109
183524111
183893221
185016001
185653333
186125633
186162301
186729733
187006121
187176601
188043913
188765713
188803457
190420861
190548541
191421721
191845249
192555061
192800833
193374451
193594433
196123649
197239591
197587081
199912717
200318561
201789127
202092221
202101401
203231621
203432689
204488231
205281449
208381153
209213929
209410147
210517709
211461085
214566773
215241361
217041997
217517653
218112133
223633411
223993729
224136013
225127981
225874273
226173583
228485441
228652201
229822253
231405701
231606373
231725953
232460821
234610291
234694703
235766441
237321727
239137447
239575183
240831541
241602601
242460193
245014501
247807561
249310097
250552531
250661071
251056111
251581511
252001681
253158751
253766101
254054505
255281881
255296731
255465271
257586211
257623021
258008789
258757201
259128559
260737597
264806701
265195621
265731931
265943101
266319211
267118417
268621021
269731841
271799431
275228497
276776839
277477903
277543585
277787141
277880401
279742321
279856531
280937101
281398633
282343069
283020013
283418617
283732621
283971151
284566081
285542711
286023403
287198701
287486671
288085501
290176633
291461633
294991651
295321951
296426761
296818913
297303091
297411661
297812677
297930781
298192753
298975657
299478457
300014551
300164287
300841549
301195441
301416571
302445901
303343321
303639337
303654961
304484461
305794369
306176501
306788257
306842401
307061371
308568691
309383101
309881879
311151821
312341401
312383413
312498001
312773141
314078437
314322823
315909001
315960707
318026801
321324589
323654041
325330081
325938251
327128687
327991567
330034249
332617615
333525661
333550751
338753227
341564269
341889619
342737441
345674071
347743189
348130667
348998917
350626459
352876301
353047433
353908381
354062809
359042641
359511727
360848869
361307521
361600831
362205367
362640955
364581647
364754413
365519001
368700001
373588871
373669453
374325841
374441647
378010513
379732501
380086981
381538481
381604843
383272777
383972317
384661201
388359409
390612221
390943711
392881721
393611653
393768061
394513109
397038007
397602371
401427937
402507769
403095421
405739681
406321273
408222389
412402631
412498321
414969241
415920331
418226581
418717993
419182873
419936161
420465277
423176581
424411501
425332373
426315821
426448411
430733701
431340859
434986397
435836971
436198687
436215739
436378753
437974777
438111463
439174321
440026273
441778849
443345701
444490621
444572941
446715221
446791927
447301141
449341621
449525341
449857921
452102141
452330413
454766287
455430713
457462531
460248151
461522861
464064737
465204041
465302933
470000833
470198551
472708321
472814413
474314933
476334307
481330921
488170801
490870411
492327761
493873481
493934701
495178201
495563251
496514257
496662409
496827211
498238201
500004887
504943093
505691551
508606771
508684049
510266401
518363101
518752513
518820101
519813157
521063749
521533849
523796929
524151253
524318261
526315201
527505859
527920201
528365221
529214311
531681281
532758241
533334121
535702301
536740777
537007729
537242899
540675253
544952341
545865139
549538081
552317431
553904677
553950769
558088637
559702153
560166181
560335231
560612167
562903111
564070417
564084841
565116061
566530849
567444011
567653833
567712471
567871571
568569781
568902001
569561779
570416131
571544205
571904173
573034817
574874449
575025643
576143873
577831937
577962323
579679297
580677457
582956063
584750839
584868181
585298657
586509481
587336401
587870641
588956479
589013119
590571001
591698911
591717787
592467451
593653591
594451873
594776449
595590841
598371107
599135767
600235417
600579901
601020313
601057129
602197261
602949751
604072891
604837021
609137713
610088929
610514497
612838801
613343371
614071751
617279821
618514435
626645611
627539893
627667841
628596649
633595201
637786561
640113193
640325711
641069729
641358961
642290027
643711529
644708219
645437843
648761857
650659073
651572503
652732081
652916521
652969351
654268187
655219207
656661097
657800347
661572073
666505591
668602951
670208533
670909727
681303241
682460501
683014901
683539561
684634133
685667317
687898009
688569757
692497891
696032791
701471821
705353107
707265451
709793443
711754441
712650881
715965043
717096641
717915631
718322809
719833501
720385903
721402481
724568833
727667357
730418221
731900933
733044901
734391001
737513137
737597369
737769649
739444021
740797093
740956309
741214237
742877819
743832091
745583021
745708657
746838581
746864071
747628267
750584591
752535977
754594237
755063293
758246833
759431251
764330617
765342481
766292239
770041183
774109627
776249251
776728661
780812173
782193509
784966297
785190451
787730761
788928251
797036083
805335481
805679161
806046433
806646331
807115753
807492271
809753363
810382453
813185311
813387611
818606713
818762569
822806713
824815657
825028861
826413103
827992369
829737221
834849901
835935361
836276921
839208439
840807731
842341417
843591013
845569591
849165341
851778817
855050701
857100421
857448467
858060943
859531357
860506693
861206261
863530255
865028011
867130321
868724041
869152411
871036141
871195561
872380321
876478681
879500821
879995689
881214067
881927353
882501859
889686841
890704051
890763817
891897031
891916201
892282627
894501037
895758977
898969261
899451229
903436153
903734911
910523699
910837397
911923451
913983071
914081771
915645457
916200517
918023891
920258161
921099271
923662441
924325757
928750063
929238913
929559403
933262261
935794081
941460011
942053729
942448957
943388209
949324951
951443153
951728681
951941161
955609903
955683811
959798321
960946321
966745561
966924157
967616761
968413217
970355431
970560533
975765787
978563041
980957071
985563217
987250501
987635881
988031921
989034061
989815681
990247861
990698881
991609921
993723917
993770137
994885141
995890081
1002589771
1002892411
1002913957
1003522339
1005402133
1010679781
1012505551
1013211631
1015968763
1026239911
1027744453
1029220567
1029440707
1029550861
1030652771
1031009741
1043680177
1044043801
1046269561
1048478413
1050102901
1050535501
1052487437
1054841971
1056634741
1063349249
1064519011
1066571641
1070399761
1073752609
1075169551
1079324761
1082755477
1084087241
1084720339
1084773061
1085447149
1092310759
1093243471
1094644883
1098393073
1099849073
1105941689
1106580817
1110112921
1110305701
1114385809
1115685463
1116216187
1119550381
1124311907
1125016271
1125303601
1130781451
1130893999
1132897351
1133371981
1139007059
1141201001
1142090681
1143693667
1143890479
1145170153
1145273473
1147157621
1150505329
1152799201
1157603401
1157724577
1166569709
1168250161
1170979057
1172712301
1172964811
1175248961
1175855617
1180114867
1180953073
1180970407
1181262889
1183338241
1184556673
1187050471
1187231111
1193468389
1194174013
1195642337
1198952147
1202142061
1206475051
1211876491
1218129277
1219347361
1219493437
1225710301
1233375151
1234125721
1236032227
1236313501
1238118421
1243182541
1245478387
1246528441
1247373271
1248484441
1248555481
1257102001
1258594219
1261873621
1261949539
1263293281
1266454801
1271487631
1273359907
1280643037
1280685541
1280980451
1289348407
1300490071
1300869697
1302013303
1308544903
1309382713
1312775489
1313428201
1314056521
1314768701
1316400209
1319082157
1325329297
1327945501
1329475709
1334514817
1336100959
1336659889
1336858051
1343330143
1343561773
1347100673
1349461537
1351202161
1355677363
1359481589
1360429201
1362558737
1365059791
1372681861
1373339911
1373452033
1374410941
1375119217
1375684831
1376346691
1378697473
1379802731
1384675681
1386886291
1390695139
1394632891
1395980371
1397169091
1398442849
1401128263
1401247189
1401840833
1403841083
1406900401
1410521941
1416437401
1420920769
1421111459
1424681441
1425735067
1425860101
1426068821
1427543041
1431396877
1438392121
1439626501
1440752827
1442254969
1444095001
1445213953
1446812641
1449058381
1453053197
1455038141
1456667369
1457824549
1460269201
1463124463
1463992661
1464896791
1466031223
1467299321
1469960377
1470616291
1474227217
1474350187
1476728389
1479276223
1479647233
1481851561
1485666493
1486078903
1487488003
1488004783
1488547673
1489963777
1490733931
1491840281
1495696901
1496204299
1496233003
1498848217
1504832033
1508159311
1508688361
1508842171
1509885877
1515175087
1518290707
1520461903
1523848129
1524743743
1526732803
1527049001
1527763333
1534171703
1536110731
1537330819
1540208251
1541211743
1541547463
1541828569
1544818231
1546650397
1560772837
1561800833
1566612379
1568099233
1569562411
1570997431
1571359001
1575015851
1576178363
1578427621
1579079503
1581714481
1582491751
1582527241
1585242889
1588472341
1589180029
1589211553
1589305213
1589853281
1590564601
1592051023
1593281761
1593706201
1594756685
1602581297
1603771861
1607530051
1610083333
1616387653
1619489821
1632785701
1633373461
1637434657
1639351981
1643665021
1650490129
1650682153
1654940509
1661906209
1663436617
1663535989
1665293101
1665724807
1668572641
1673513731
1674091141
1674565069
1680683041
1682787313
1683174533
1685100691
1687491931
1688983957
1692567521
1693383121
1695295141
1695347221
1697368663
1698187627
1698478393
1699611211
1706084729
1707532327
1707699491
1708179229
1709909293
1710368839
1710742633
1712021149
1717323103
1718341409
1718358853
1723086227
1726869847
1728246661
1732418821
1734197249
1739529457
1741080661
1742815621
1746953101
1748305597
1753278049
1765558397
1769865301
1777514383
1783551239
1788597847
1792442737
1793040481
1805201261
1807751977
1808754781
1817056249
1821689101
1822479751
1824343207
1825308871
1827702101
1828887061
1829984531
1834270489
1838191811
1838262061
1838453203
1840381801
1847513611
1850233897
1852666901
1855277513
1860254437
1861197181
1864274917
1866409861
1871390071
1874363791
1876485691
1878724651
1879201297
1880504033
1882413649
1889330269
1889725267
1890851257
1892594401
1895375827
1898139707
1898446897
1904941711
1908029297
1912562749
1914031351
1915641911
1919542501
1921801589
1924277779
1924975879
1926560329
1927013551
1927251943
1928207503
1930403333
1933218301
1933571971
1940602231
1941059737
1943024581
1951655351
1952968753
1954240543
1954619881
1961914417
1962955177
1966146451
1966556593
1966629101
1969343083
1969429531
1969698371
1972327757
1974474049
1975602451
1977083131
1981491049
1987047323
1989835417
1990972007
1991936893
1993447261
1993569397
1998862939
1999948817
2016355321
2016495433
2018761111
2024971763
2025677161
2028416021
2030516251
2034361741
2041659271
2042467741
2046790513
2048696497
2049296521
2054735899
2055766501
2057835781
2066575579
2067834679
2067887557
2068700041
2068867841
2071973119
2072488771
2074927187
2076192007
2077181761
2083039141
2086558111
2094044101
2094177403
2094544567
2094644557
2096692033
2097056417
2097580697
2097766441
2099280961
2101757711
2104216949
2114102593
2117263201
2119380587
2120671207
2122912577
2126800747
2128021633
2131743043
2137495361
2144548033
2144621299
2144961253
2152337111
2155068431
2156567291
2156767003
2161380511
2167144561
2169436891
2175020929
2177085241
2177508061
2182281601
2182529821
2183000227
2186656369
2189218319
2189700833
2193106441
2196839041
2199931651
2217879901
2223471251
2226618997
2229390913
2231332357
2234693521
2238280147
2242724851
2243080981
2250035713
2251732033
2252385181
2253376133
2256327253
2257197601
2260590061
2264358403
2268928751
2269307587
2271829379
2279751181
2284491571
2287872931
2294265359
2302706551
2305594513
2306623001
2311645177
2313173389
2314631369
2314710019
2316856831
2318918197
2319724441
2321300833
2325812083
2328205111
2329768231
2332530289
2337063019
2343635101
2347597981
2350595521
2355320101
2359864751
2360900161
2361324109
2362478311
2365189921
2369012651
2369602813
2372821921
2380603501
2385574201
2387675861
2388913921
2389602001
2391094861
2394343337
2407997461
2410541501
2417408533
2426517697
2429356861
2435319031
2437308613
2441432503
2446893703
2450997631
2458231903
2460714397
2462440753
2462662801
2470869253
2472907141
2480147521
2482256129
2484548947
2497478509
2502552497
2506529257
2512807981
2514929581
2525010409
2525900833
2526634909
2531205421
2533838737
2537726491
2547406447
2563596751
2566475441
2569204093
2573054069
2575060949
2575080397
2577345541
2577388831
2582524319
2588365501
2593890907
2598933481
2605557781
2607183307
2607680017
2610602947
2627670137
2636360191
2638873441
2640997441
2642159809
2642282197
2651659921
2660275171
2660783591
2661953731
2670972949
2673898151
2674839511
2682270949
2683425889
2684846953
2693890837
2698257409
2699333071
2701499851
2704356607
2705647141
2708955901
2709957277
2712927661
2715246463
2716732357
2717428033
2717807977
2724130081
2724541951
2730933013
2733329257
2737572113
2739606451
2746633051
2749450859
2749558369
2750435651
2752283101
2761545403
2762471303
2762709271
2762980651
2768272963
2768492761
2771624929
2776247911
2776874941
2781468559
2785309411
2791630801
2806534109
2812672981
2815816033
2823367159
2825075521
2825570021
2834779991
2841846199
2848854499
2852646977
2854822501
2855071801
2855493397
2868911293
2877598501
2881429741
2882759041
2889886231
2892815297
2897844041
2906726201
2907151381
2910401551
2910614527
2913401611
2916139981
2922221017
2922769711
2926023337
2929062533
2935029841
2945208001
2948031997
2952716955
2954764289
2955064529
2956724317
2957957011
2965700233
2966697553
2968462183
2971664921
2975171851
2980161983
2984031679
2987029781
2989590031
2992195571
2994253891
2994591601
2995146179
2998902301
3000774889
3006964351
3008333333
3011543609
3013708057
3028125781
3033030001
3049352881
3052020239
3063683503
3063685633
3077802001
3085815241
3100180627
3104767651
3106887841
3108353701
3118306771
3119337163
3121313443
3123578849
3140268041
3140672107
3144652123
3156599161
3158361451
3168847441
3176087833
3177858847
3179409101
3185944273
3189888001
3197620441
3200449861
3205012963
3210690169
3213895051
3219552779
3226315093
3233925451
3238375201
3240242513
3240277301
3242286403
3245782591
3246238801
3247318717
3248285401
3248779081
3251660161
3251835001
3252240829
3255266629
3258425633
3260589697
3262618789
3263097641
3264973531
3272722909
3285456491
3286859941
3291761713
3295362727
3302541067
3307062709
3308797381
3314605771
3319132129
3322551403
3324020437
3325988251
3328354801
3330664903
3331300033
3332800021
3336728221
3337201121
3347214421
3347325829
3347396669
3347600563
3349340611
3352026133
3352304041
3353697751
3355382857
3364689851
3372516001
3372738337
3378148091
3388454851
3392092129
3392863861
3412591183
3418728979
3421181129
3428626237
3432997537
3440695213
3441270631
3441799729
3447533191
3453111643
3455935309
3462817177
3464705393
3469558903
3470716657
3471848461
3489918323
3493069141
3493276313
3502970551
3504238681
3504653401
3505566961
3507623351
3515906899
3526139431
3528154001
3531548971
3535435109
3543672001
3547960753
3548195281
3551871311
3565748801
3566769361
3571699763
3572000723
3578209273
3581090083
3586112773
3591411097
3593595553
3605412641
3612345697
3620019943
3621442801
3624748261
3628526287
3633565027
3640903111
3663529981
3664814347
3665242951
3667715731
3670606099
3670650001
3684130867
3709626961
3712507741
3717260801
3721884013
3725016749
3727945729
3733646491
3733807663
3733851577
3760896133
3767166817
3784073281
3785940199
3788833201
3788899381
3789787501
3790723171
3792541969
3795206827
3797841841
3799361089
3804599839
3824895733
3830387569
3830763907
3842412601
3846315721
3847424113
3847447393
3850547401
3851104151
3865991893
3866820907
3869668351
3877847707
3881228671
3884507551
3892503691
3892928203
3895046191
3898816501
3901882447
3903524869
3904849027
3907825153
3908015821
3908165713
3908908033
3911152561
3918751327
3932401673
3937526911
3941075647
3942332501
3944127601
3950454601
3954221377
3955882673
3965270401
3975499243
3982739281
3982951501
3985531117
3988389547
3989454031
3992486389
3993013561
3993401411
4009675897
4011214723
4026926569
4029302737
4029341947
4042538497
4056432019
4070571233
4087940807
4092676381
4113768961
4115881207
4118976751
4121286907
4157997841
4160306881
4160825551
4167331667
4173312001
4174366981
4174573321
4179109247
4184886581
4191441889
4193096701
4193656651
4196718901
4201003633
4211756179
4218341317
4222099513
4223481121
4227129187
4228090903
4231624181
4238341691
4248913021
4267640833
4272916709
4277526901
