9
15
27
45
81
91
135
405
891
1729
2821
3165
8365
11041
12403
14491
18769
24617
27133
30007
47635
50737
66231
67417
80137
85489
88357
88831
98671
101101
104441
116251
125203
132193
140183
147967
158701
165923
181351
182989
188191
196093
212647
213031
216457
219781
247321
251251
264773
294061
294601
298561
325279
410041
417589
421457
437251
464101
506353
512257
525403
580185
590951
597871
636641
642001
665281
736291
769567
861595
866923
871151
876421
928201
954271
970951
1032533
1047817
1053761
1065241
1090987
1102759
1107901
1152151
1154131
1169101
1251643
1262251
1269841
1283311
1302615
1313821
1328471
1339193
1431431
1435855
1542623
1590751
1600117
1703677
1717633
1840357
1963501
1973089
1987021
2011969
2050501
2064479
2091181
2101133
2189279
2281049
2339377
2343151
2560447
2604331
2692387
2771029
2850211
2942893
3006877
3062347
3076481
3136861
3289301
3341797
3383353
3939751
3965841
4111381
4113841
4178539
4217879
4255903
4394101
4486301
4490461
4576513
4615207
4729253
4906405
4931359
4941091
4966921
5641891
5722289
5934391
6186403
6192733
6344811
6503131
6539821
6576103
6641461
6696017
6734501
6758641
6794257
7114801
7196977
7214969
7267051
7612151
7648033
8033131
8270333
8333333
8417251
8559787
8805007
8881153
8959693
9080191
9120973
9142911
9143821
9493903
9717247
9993631
10018807
10192253
10402237
10623961
10751149
10794617
10837601
11036551
11341177
11677597
12119941
12169211
12214819
12322133
12417131
12721591
13012501
13322261
13322921
13773061
13797713
13911547
13939253
13944421
14129021
14462857
14783203
14842301
14899751
14913991
15491347
15963641
16343251
16651999
16661633
16735489
16815163
17471147
18027557
18067501
18429289
18736381
18809911
19212821
19300821
19364731
19840141
20310751
20317111
20435405
20741807
21316261
21654533
21811897
22187791
22546171
22918141
22994371
23230819
24488773
24676583
24832823
25398073
25729705
25768261
25873381
26097007
26165281
26417833
26537611
26597227
26977001
27002431
27129887
27169051
27331921
27409541
27409861
28296781
28406953
29179001
29656831
29779245
31189051
31245691
31405501
31597723
31695571
32429431
32804227
32817151
33113473
33503737
33503933
34989571
35642389
35847089
35981713
36014671
36037327
36190153
36208631
36214399
36386939
36510641
36531811
36724591
37577539
38299969
38710039
39083381
39264319
39463807
40062413
41442193
41935951
41948479
42669865
43170301
43546933
43567873
43843411
45000841
46094401
46288333
46672291
47020177
47407591
48191653
48527317
49023151
49284429
49401601
49573627
50124229
50249761
50523661
50592691
50759141
50825881
51088133
51193633
51209567
51302353
51644833
51680273
52204237
52307263
52338001
52808053
53158043
53284597
54532567
54637831
55272505
55325029
55533277
56048491
56160133
56177623
56423599
57968989
58679941
58756057
59196901
59318533
59631211
59999011
60155929
61579995
61620301
61840651
62479297
63585413
63962401
64020001
64377991
64476229
65247841
66007061
66069433
66109303
66790057
67900033
67902031
67932001
68102641
68429629
68563301
69030901
69139201
69231061
69269473
69475129
70006021
71345633
71558101
72153493
72705901
73088251
73322461
73527301
74574737
75138337
75606049
75926851
76581451
77784283
77812153
78010199
79089553
79417801
80104033
80143081
80696611
81084301
81376903
81455137
82597831
82815601
85169393
85647871
86958901
87130633
87304501
88356541
88738817
89532271
89784581
89998273
90014653
90129705
90698401
90743633
92572561
93980251
94025023
94583413
94775927
95265553
95594617
95652481
95914711
96242147
97162777
97796953
97924217
98801551
99432023
99860653
99882151
101545627
102251371
103042241
103448809
103518601
103983907
104307071
105692453
106374071
107028191
108303373
109231229
109521457
109529809
109838431
109958887
110139499
110413333
110538891
111540001
112172257
112828801
113492101
114469073
115228801
115276981
117601807
117742843
118172251
118418297
119601847
120674033
121374241
121789279
125178915
125487601
125686241
126047611
126386261
126997153
127168801
127728811
129205781
131369801
131455351
132641521
132772501
133800661
134176771
134274017
135008479
135234107
137147161
137340451
138264001
139997551
140810237
141469723
142164301
143124073
143206489
143520833
143951617
145206361
145257169
145820503
146505547
147028001
147807559
148436209
148910653
149447761
149760491
150594049
150745501
151006717
151533377
152124701
152368133
152716537
152932249
153110413
154384501
155213101
155315197
156139273
157010389
157542533
157572251
158026561
161216021
161298721
162096901
164411911
165181051
165930623
166552709
167472451
167731831
167994163
169118951
169608067
170491777
172239217
172423501
175234049
175649821
176391601
177254533
177874313
181670539
183402343
183946753
184057021
184746889
184810783
185671279
187176601
187546133
188689501
188821951
189482107
190599901
191279089
192800833
192857761
193715281
194212261
195475351
195755953
195761521
196675601
197076751
199396027
199405441
199789441
201261061
202570021
202905613
203072809
203269177
203318641
207132481
211913731
211921249
212070673
212146507
213035761
215944471
216201673
216474259
217684605
218112133
219581731
219782083
221793391
221847931
222230989
222617953
223200587
224294533
225853633
226061921
226457239
226978051
227352497
227444101
228274381
228483377
230433601
231576409
232771501
232987273
234610291
234869009
237162437
237801601
238421761
239307199
242067841
242152501
242304061
242986135
243097515
248290927
249582481
249679501
249993101
251067961
251460973
252722557
254781451
256630529
257608261
259346221
260736341
261186001
261312481
263128951
265687567
265731931
266147857
266768713
267862141
268422881
268505551
269223161
269470501
269526097
270575761
270720001
272261221
274012801
275283401
275594401
276571597
278943061
279065377
279377281
279531379
280937101
282044407
282589651
283106401
283732621
284803213
285276053
285324901
285519433
286154137
288789703
288997633
289105741
289886269
290344753
292153051
292761379
292961183
293346637
293585167
293967571
294537409
295031857
295362889
295560757
299736181
300580237
300865009
301652551
303212773
306798577
307061371
309625651
310693633
311586031
312020333
312542491
314736661
315113191
319113791
321489379
321781633
322072039
322220713
324382033
326667409
326695141
331990201
332702009
334449391
334793621
334963333
336293579
336440917
337160227
338763031
338878513
340749187
341259073
341765833
342663133
343169345
345249721
345388829
345638401
347434501
348998917
350765983
351910021
352568161
352837909
352957771
353815801
354486007
357458401
358770959
358791707
359914231
360565409
365641641
366551539
367282189
367589581
369610237
370740833
370947991
371376631
371838923
372784231
373633541
374982985
375321643
377187031
377295871
377927551
379067939
380330593
380488909
381628651
381767797
384993451
387595441
390210169
390569609
391972591
393159691
395044651
395858159
395933539
396565121
397966717
402243841
402497551
403095421
404465651
404840833
405193801
405956801
407285359
410680357
411391801
414408151
414934951
417732361
418226581
419000401
422830621
424411501
424714753
426061201
427432741
428041423
429890581
432226049
434002861
437696351
437866087
438236737
439331491
439342219
440306461
443629261
445088701
445296127
453992111
456196183
457431437
458857361
459117811
459833089
462849931
463880413
466758181
467083399
467307661
467832421
470644021
471059621
471168253
471567961
471678929
471812701
474887761
474915949
476362693
477527597
478317601
480080401
484445431
487890703
487920187
489290551
490894111
490988941
492883217
493133411
493917211
495411859
495416503
498442951
498648629
499302511
501779821
502382561
502663537
505314829
505974041
507877147
507960001
508247689
509302873
510910177
511408171
512791159
512919361
513431101
515727255
516679637
517456337
517993529
519920311
522788921
523646941
525419161
527341519
527674561
528013333
528043753
530943461
532073151
532238909
532758241
534460681
535575409
536003333
537926899
540680141
541118341
542955289
543266177
545118463
545738203
545762309
545793263
546239761
547028413
547044961
547281851
549765163
550200481
553601809
553602583
561078211
561439657
565422001
565589263
569332177
569561779
570423751
573813619
576691741
576694721
585269249
585605071
585945761
590356357
591541951
595177367
595867757
597342461
600790259
600893921
607733281
608354311
610451101
611280901
612816751
614684201
615244481
617718193
620169409
621356737
621741061
623482313
624815951
627518557
630185389
636213013
636599521
636936697
638959321
639484921
641069729
643316461
645556481
646443337
648229471
652969351
657414577
658631761
659846021
660237299
660550091
661321511
664282051
664752901
667275841
668422243
670602367
670987021
671651191
675084073
676094581
676359391
676728343
678393601
680184601
680860351
682460501
682651001
684242901
687993101
688482523
688726123
690894793
695463385
697428865
699839809
703491617
703787551
705883951
706651615
707915863
709705543
710741953
710777161
711651691
711675667
712650881
713909041
716460955
718092607
720431203
720440033
725997721
728792677
729184201
730955317
732496001
732703303
734138371
735353011
741470549
744683833
746808301
747083891
748959709
750755183
754528519
757272707
757644889
758493601
758687581
760974121
761206073
764033999
766737217
770746451
771662081
773567761
775209931
776342533
782861269
785190451
785241073
788940833
793197469
797252681
797558755
803080591
803744371
805111189
805142959
808983319
809853553
810268369
812036461
812093257
816379777
821470381
826945621
832048447
838539409
843463501
852081121
852888961
853965421
854256497
856416553
856425571
857294813
857448467
859670803
861507707
865265401
866225263
869109281
872311441
876289387
878603701
881114753
885177541
886822457
888837769
890339101
893323405
894611911
896901461
897087361
899557381
899908363
902541589
903067601
909116641
909646411
918400033
921023911
924352381
926428933
931355569
932007901
932098133
936088031
939188251
939448693
940123801
943419841
943795201
944832533
945257587
949324951
950371003
951232133
951941161
955938901
956558387
959774731
961504589
964997215
965647411
975539251
976707937
977412001
977755351
977770531
979804009
985052881
985924717
987873811
987912361
993747061
996196741
997488229
998128951
1002020209
1008793699
1009140161
1012505551
1012781771
1013796631
1019105281
1020615163
1024041853
1024516693
1024638371
1030236323
1031009741
1033475761
1036744219
1036995919
1039480129
1040295691
1045916299
1049606497
1056970531
1057062913
1057459409
1058989231
1060996801
1064519011
1074617287
1076271379
1079666191
1080672355
1084784887
1085509151
1086444001
1091592631
1091948051
1098317611
1102667297
1102989301
1104194521
1107379681
1108882711
1118728321
1119550381
1119669121
1126262173
1126293827
1127140643
1129716811
1130307601
1141310693
1142524501
1148153971
1148416513
1154007109
1155690451
1159421509
1161265267
1166779981
1168322689
1170245389
1175799241
1176070303
1177300951
1177304641
1177778671
1179901901
1180970407
1183338241
1186298677
1187132923
1192412033
1193113741
1195694651
1196200039
1196969707
1197978433
1199135677
1202142061
1202683373
1205606533
1207062833
1209503557
1211073235
1212297847
1216062901
1217181061
1218710791
1219254469
1221044653
1222090183
1224473417
1228229143
1229956003
1235559937
1236577981
1238517649
1242841693
1243540877
1244339981
1247501009
1250656621
1251305833
1251633241
1254948337
1259514281
1265099617
1266482017
1270877557
1272074893
1273359907
1273816963
1275191969
1276051141
1276581307
1285205587
1286298133
1287778981
1288059571
1290277663
1290998251
1292435269
1295277751
1307314289
1308544903
1308636511
1311004813
1311616153
1312573123
1315338457
1316119987
1317157217
1324344341
1324576327
1325196289
1343575381
1347591247
1348788257
1353502103
1354991653
1355576471
1357916071
1359018649
1359136241
1361175313
1361238061
1364320729
1366222009
1366346521
1366608377
1369059737
1370135521
1372681861
1375684831
1378646179
1380617551
1392189569
1392679553
1396183367
1397169091
1397357851
1399144291
1403899477
1404228421
1405031101
1406851249
1408150087
1408940443
1412611237
1413877501
1419339691
1419575167
1422870541
1423542511
1424111251
1425185749
1425421033
1427721751
1429064839
1432354901
1437010661
1440139807
1440250309
1443652033
1448814061
1451535901
1451635201
1451910241
1453548403
1458366551
1460115763
1463992661
1464568381
1467723493
1469089753
1479276223
1483954111
1486078903
1488204217
1490313091
1490926471
1494512353
1496986349
1501839683
1502124427
1504363489
1506266335
1516411801
1516971301
1517488369
1520190341
1521834511
1523488919
1527763333
1537433899
1537924579
1542379547
1543845907
1545909251
1549018813
1555021351
1555780673
1560620041
1564515271
1572032879
1574362441
1577121547
1579047751
1579079503
1580175433
1585559389
1591392349
1594052021
1594523981
1598982533
1605194197
1606892113
1607530051
1614098431
1614423661
1614963061
1615642057
1624628251
1625925121
1628402563
1630062253
1630161541
1634617489
1638294661
1638564181
1643857841
1645859251
1658247053
1659248179
1660558771
1665181099
1666155583
1668217027
1674658133
1682099761
1686298447
1690359751
1697213407
1699611211
1700493997
1703477827
1704025837
1705641901
1707421633
1710918421
1714144513
1719867911
1722703501
1724488481
1731995497
1732435545
1734633871
1735390081
1736122513
1742008273
1743805801
1744262081
1745316821
1751462809
1755338861
1756100851
1756704181
1757155531
1764313651
1767692389
1769267761
1769832557
1772239873
1772491785
1773599521
1773806413
1776450565
1777621441
1778233969
1778402369
1783464391
1788597847
1790023861
1790101633
1792672031
1794136627
1798365643
1802131729
1807300129
1807922491
1808131111
1808304401
1810918201
1813073653
1817067169
1835114401
1836239729
1838453203
1839568981
1839860713
1840777061
1850368657
1852741861
1852869061
1859763781
1876485691
1878261841
1879965781
1880504033
1894909141
1894955311
1895918333
1900769179
1905791473
1907519503
1910668033
1911011551
1913422591
1914303841
1917619381
1921303649
1922593979
1923570001
1927251943
1930534453
1930670731
1931855633
1932249817
1932458023
1945042181
1948997591
1950575551
1954108397
1961613127
1962475159
1963133581
1963843831
1966182401
1967023099
1971314281
1973581541
1973775637
1977932797
1978670233
1982405713
1982554177
1986177601
1995329701
1996630021
2000436751
2000502631
2002664623
2003569501
2004299641
2007112969
2020358201
2025015431
2030076721
2032389157
2032498231
2037360673
2045584711
2047234801
2051051029
2051701561
2051836795
2063345509
2063639551
2069182981
2070874351
2075344769
2077352887
2084044537
2086618571
2087028067
2088768533
2090568133
2093336851
2103632039
2104919293
2105635001
2106371807
2119431685
2121833851
2123095861
2129703031
2141033203
2143567373
2143842517
2146301929
2147177233
2148892903
2150794753
2151933701
2156747041
2162323351
2165120959
2173540951
2175178321
2183757409
2185911091
2189700833
2194499849
2196487021
2203663621
2205835171
2217879901
2221159091
2224278253
2238883885
2255202731
2270443771
2270654101
2276606503
2279751181
2285660833
2293262335
2294455411
2299190401
2299700467
2300319061
2303646031
2305992649
2306508679
2308966661
2313732241
2313951571
2314109701
2318964821
2319297751
2319891307
2320878869
2330569541
2331936169
2332308469
2332461949
2340403181
2348491699
2354453561
2360261989
2361232477
2364772567
2367379201
2373147943
2376959131
2377496773
2378935943
2383716607
2391081631
2399217553
2399688793
2399784997
2403280039
2411152927
2412172153
2412210649
2414350027
2416288429
2425249601
2426002457
2430590131
2436691321
2437837967
2441432503
2446810957
2449977757
2456536681
2458231903
2462651701
2472907141
2476845961
2476956607
2482365943
2482764703
2487733333
2488507201
2490111149
2490661009
2493261233
2495693033
2501203321
2503267981
2505191839
2509172121
2510085721
2525957851
2526509521
2534916931
2544234111
2548986469
2550567769
2553946951
2555706731
2558918671
2560600351
2560891327
2565186137
2568715337
2577274411
2578735351
2582246701
2596248013
2599497883
2604693697
2604973041
2608574411
2613751801
2614325869
2621978269
2623074257
2625047521
2628703213
2630374741
2636360191
2646678101
2649721537
2651464703
2657314351
2660957989
2667521893
2669348599
2674839511
2681050861
2682270949
2686816133
2687591453
2688055813
2693739751
2696364199
2699471503
2700878599
2701262041
2701920341
2705223301
2712186937
2712191351
2712418801
2716344661
2728558867
2729997661
2733314321
2734170067
2739606451
2740499821
2741127253
2741365189
2744724193
2748427939
2750549951
2755426357
2758078201
2762929391
2771550541
2780617963
2792788909
2814870043
2817335431
2822521411
2824854913
2827871731
2829905321
2834843749
2837226877
2839167181
2841327001
2846006477
2852595517
2853424741
2855046421
2856897089
2857722169
2858583961
2866872781
2867266901
2869144141
2872327321
2872948321
2876673673
2881429741
2886206401
2886402487
2904676633
2913401611
2918295451
2926801489
2929062533
2939711401
2939907577
2943765631
2949587801
2951238883
2954121787
2962366021
2964259489
2967624451
2973693691
2977476989
2978188141
2981059849
2989126601
2992013641
2994098281
3003230903
3007626265
3009756751
3013836481
3023094619
3024358651
3026575553
3041112271
3043728689
3054297403
3056421961
3056848705
3057111721
3060636377
3070208261
3074086243
3076638781
3077037265
3082673887
3085908851
3087958951
3088879201
3100485943
3103257119
3116834401
3117828421
3118538471
3124302301
3127184131
3127874413
3130386821
3133834199
3144245401
3148390381
3152711161
3155729077
3156846463
3158172779
3161524609
3161757457
3166334251
3175669531
3180175979
3181341239
3184139701
3185007113
3188996411
3196431829
3199791511
3204350129
3212025391
3220002301
3243537751
3245782591
3254999161
3258372097
3260299771
3261194581
3263568901
3267328921
3267516097
3269022331
3273820903
3274526287
3290906273
3291557851
3292356943
3295217971
3298387121
3304861061
3313747801
3314605771
3322391609
3322551403
3322614571
3332340703
3333290689
3336384031
3337201121
3337462981
3340178987
3343834393
3354066841
3354154159
3355280209
3364689851
3371979521
3376765081
3402234749
3402758647
3413780371
3421838939
3425189671
3438246709
3445936585
3447533191
3450935503
3457896259
3461796001
3465759337
3474335437
3480908203
3483650743
3483871969
3495943153
3500552551
3504570301
3508999651
3509345701
3518688889
3525525901
3529344607
3537280361
3538213381
3542303047
3554383141
3558324877
3566779861
3567852553
3574087859
3574380739
3580051861
3580801093
3581894263
3583030561
3586532617
3586833253
3588323443
3597270517
3598426721
3614083747
3625328981
3626144077
3631418561
3643480501
3645741139
3645846221
3651826091
3659471267
3661766197
3668112337
3668915881
3673744903
3678588373
3680889913
3682935667
3690036017
3692149847
3692283211
3694340911
3697278427
3698849197
3704091751
3704923457
3705308951
3709226837
3711225751
3714026401
3717318961
3733646491
3745409509
3751782737
3765128731
3769349897
3779374861
3785356387
3786953413
3800306971
3806194783
3807252307
3816148139
3822308461
3830782817
3839775551
3842146361
3848844553
3851598751
3853511897
3860380615
3862569833
3869668351
3891109279
3892928203
3895046191
3896989513
3903711841
3905792071
3906480961
3908998273
3910368001
3928038913
3941077735
3948922951
3949702717
3956823631
3957986233
3959091601
3960676189
3963173761
3964220371
3972975799
3986664571
3994738103
3997740319
4003850881
4005122557
4007224801
4013746507
4016386721
4029472771
4029869101
4030186681
4036196221
4039033153
4059776533
4065336991
4068619801
4070768695
4077288811
4088997589
4091041501
4091153431
4091862377
4103624443
4104383851
4104388201
4106260033
4116631501
4121286907
4121711617
4142981287
4145809537
4147339201
4147941547
4156919783
4157477479
4158440451
4166690551
4170074273
4175362133
4177573067
4187906581
4189278745
4189704037
4201344673
4206069841
4206758533
4207156873
4209270787
4210341631
4211049529
4214351233
4226894281
4229850353
4248871201
4250911061
4258547857
4258854451
4265331817
4269987307
4271761519
4277526901
4278882721
4282033687
4282136321
4284828617
4287176167
4287428287
4289393281
4290187651
