9
49
65
183
427
451
549
671
1541
1891
2059
2101
2501
2989
5149
7501
7831
7869
9699
10277
11651
13981
14041
15211
21349
23521
23661
23983
27511
27667
28153
39493
41311
43737
46285
48133
49051
49141
50473
56791
57253
58717
58969
65131
76049
81631
81797
85285
86141
96727
100101
115669
120171
120341
122221
128161
130733
133141
136681
144841
158701
188191
200019
200269
205039
242761
254759
267977
318553
328021
338701
342271
351487
360533
364231
391141
398413
399001
400771
443311
458989
477691
479119
481601
491063
496189
498919
512461
536131
555397
585631
587861
597871
601705
635077
640927
671977
727751
760021
765703
795159
810019
852841
886657
927081
936781
970841
974611
1016987
1026241
1032533
1057109
1112521
1179799
1193221
1213093
1252697
1259161
1259251
1314631
1325731
1346413
1361837
1373633
1409339
1417411
1433407
1453349
1480753
1490221
1491511
1492663
1510051
1577851
1683427
1702793
1788887
1880691
1958581
1974017
2044307
2104873
2122201
2149519
2174467
2208871
2212291
2358533
2442799
2541421
2563903
2615497
2692387
2693081
2791273
2830811
3125281
3209359
3285361
3332317
3367771
3394009
3400013
3422959
3440407
3492433
3568661
3785599
3805111
3812041
3828001
3913267
3972991
4064677
4086451
4150387
4277617
4299023
4304343
4336879
4441681
4483441
4522987
4633637
4709707
4715173
4728439
4817431
4822897
4962931
4992471
4997461
5225089
5254601
5256091
5406787
5621519
5652191
5707531
5770201
5804821
6122551
6191569
6233977
6330721
6332491
6368689
6395821
6473933
6566671
6733693
6759751
6912703
6955087
7368421
7457059
7553561
7606761
7614649
7683397
7707841
7838353
8462791
8507731
8662721
9041131
9080191
9282727
9439201
9498511
9610597
9611947
9729721
9742051
9863461
10100411
10279171
10309499
10320047
10505701
10724167
10837601
10974881
11027383
11289193
11341177
11362781
11459113
11548811
11569861
11688553
11771551
12047833
12296813
12370213
12372839
12423901
12497539
12850671
13257961
13314229
13572161
13809217
14019391
14078927
14166871
14234431
14499151
14580563
14608133
14664729
14681269
14794081
14808421
14841751
14862251
14967847
14973883
15008197
15194059
15312221
15390361
15532453
15623991
15760999
15995449
16153465
16430881
16442011
16613521
16705021
16922791
17174561
17295601
17359441
17747423
17812081
18211177
18241243
18267937
18692227
18782453
18809911
19609633
19622791
19835431
20239441
20310751
20459011
20647331
20904799
21121311
21191609
21453517
21654533
21979543
22029601
22122001
22196401
22219801
22253743
22263085
22349251
22388209
22994371
23197141
23277043
23426393
23547151
23647687
23924139
24321493
24399649
24425227
24447031
24482503
24662431
25052527
25056697
25201243
25276421
25612741
25617601
25754401
26153821
26163271
26254531
26424311
26551531
26706445
26780209
27187931
27269641
27380831
27392041
27406513
27468521
27510019
27532657
27722857
28450017
28785907
29054257
29266361
29485171
29581501
29920577
30301441
30342601
30887983
30924979
31446377
31470211
31944871
32238337
32683201
32695237
32789611
33226597
33503221
33554629
33715189
33734611
34060219
34078673
34293793
34516561
34599391
34731631
34865471
34890481
35436053
35490359
35727517
35798491
35820937
36053333
36224791
37577539
37736533
38351347
38696347
38826607
39371141
39545221
39669841
39826351
40166443
40554193
40621591
40664953
41710411
41968549
41987111
42606661
42998765
43022071
43036003
43694111
43941049
44122321
44318977
44320221
44478211
44482901
45416759
45435053
45512821
45559729
45879941
46030961
46256489
46382631
46672291
47228611
47239993
47388889
48216109
48682289
48770893
49417621
49573627
49895137
49996691
50249761
50523661
50814427
50825881
51090781
51145277
51222571
52119289
52493647
52825079
52996061
53542147
53675623
53821921
54012421
54335707
54511591
55376569
55466321
55621567
55901509
56229601
57022001
57202601
57597229
57833861
57836761
58725703
59043583
59639113
59840537
60155929
60636961
62252609
62399041
63682081
64042903
64189903
64414261
64903147
66075091
66141265
66356227
66596261
66870631
66932851
66965131
67253257
67761121
67902031
67964551
68153681
68421151
69017581
69616849
71269885
71608083
71853821
72539551
72543547
72721097
73917145
74002723
74366909
74740051
74832839
75689167
76704433
77121451
77165641
77518981
77526049
77582233
78206917
78441851
78488191
78644611
78835633
78909161
79398901
80142761
80727041
81362581
81376903
82085833
83076901
85344721
85400701
85518229
85666151
85719871
85769251
85996921
87929011
88242689
88342759
90347041
92267341
92270803
92424589
92755441
93046351
93664573
93962611
94536001
94820353
96142927
96951011
97071211
97624731
97741171
97924217
98034751
98245441
98540765
98907997
99707089
99945007
101432101
101732521
102272101
102294427
102678031
103042241
103448809
103518601
104852881
105056057
105472851
105907651
105999211
106146091
106299811
106315063
106362361
106374071
106649449
106914601
106941451
107198641
107882371
108005041
108145741
108438643
108608941
109410393
109955071
110007171
110413333
110646043
110801861
111575341
112796545
114701341
115039081
115072291
115805593
116701003
116706151
117445987
117599461
118016911
118172251
118566533
119710951
120453761
120708001
121128361
121807891
122725351
123786419
125868943
126322513
126440731
130876751
131460733
131496371
132683347
133391611
133770761
133998151
135054973
135518701
135721561
136267231
136375681
137340451
138158411
138277681
138393181
138736153
139295701
139363927
139752607
141317245
141618181
141849401
142550383
142709561
142922413
144202931
144477901
144531073
145251331
145377277
145603333
145770577
146053267
146277001
147082957
147654053
148109473
148924081
149532571
150265117
151134481
151414231
151533377
152525251
153182191
153492763
153675457
154010221
154364221
154655701
154816201
155474051
155598791
157451963
157542533
159115601
159132751
159160751
159496289
160962001
161008147
161184013
161216021
162028043
162206929
163090831
163756081
163903039
164411911
164451271
164928691
165733681
165966113
166386781
166715677
167013001
167350861
167872069
168155821
168208477
168566501
171093913
171482221
172018667
172667821
173405233
173634427
175699681
175938469
176404591
176597821
177637153
178482151
179124013
179408737
179446945
179593501
179820257
180401041
180497633
180747721
181191221
181285001
181934759
183271741
183395413
183400153
184259623
184762391
187372711
188055631
189686503
192739303
192946681
193051567
193133557
194389903
194614777
195475351
195664571
196773733
196983767
197020081
197781541
198516821
199813321
200502303
200812771
202218103
203264251
205624849
209898763
210312201
210812311
211794001
212152249
212256301
212941513
213035761
213577651
213578353
213835861
214038533
214041647
216263971
217729697
218288401
219509941
220033101
220261861
220272571
221793391
222010721
222524347
223839001
223932937
225587083
225853633
226366003
226525121
226631659
228017701
228483377
228663793
229383281
229407319
230502811
230509189
231119911
231779659
232059983
232460821
232567009
233390431
234870301
235046701
235121503
235978441
238565713
239097013
239196101
240766219
241437561
243885689
244061371
245236801
247588963
247878667
248755211
249141421
249962149
250309117
251706157
251753441
251769631
252552301
252615569
252632381
253613587
254781451
256324099
257765977
258096577
260153353
260736341
261079061
261703417
264119581
265731931
266636441
267127411
267151249
267736591
268621021
269547739
270868561
270965377
271763467
272615201
272872189
272908693
273480637
274090097
275284891
275712533
276648121
276751201
276955921
277477903
277485589
277880401
279729241
281068019
281141329
281295001
281889697
282012661
282329833
282589651
283020013
283273381
283921639
284301751
284628593
284803213
286023403
286684133
287130241
287655931
288120421
289140151
290558731
291185767
291461633
292290181
292776121
292805281
292890131
295717501
296169769
296237239
296516867
297307249
298797143
299671921
302378021
303615743
304764721
305513371
306095651
306191621
306638413
306798577
308428231
311411629
312485167
312542491
312931081
314182801
314184487
314250571
315993601
320358871
322460461
323347641
325070989
325462281
325773611
326497501
327188665
328302791
328883617
330262843
330466333
332852321
333635329
334141121
334304039
334963333
336100213
336117601
336119327
337135501
337149781
338451401
339456841
339902081
341352793
342543051
342579007
343306351
345674071
346245257
346827889
347183785
349257151
349371697
350978629
351910021
354390037
355297301
358713119
359696431
361239481
361378291
361537777
361600831
363245581
363660811
365883643
368591701
369056701
371150901
371673919
372038627
372048331
372810719
376686337
379336151
380069929
381988297
382586569
383967123
384118381
384220219
389222611
390922741
391930003
392124151
392883157
393613081
394263409
394980643
396600373
396825801
397825481
399805651
400374253
400395997
400749841
401140009
402243841
402318337
403095421
403917919
404122531
407323837
408042181
408787501
409081037
409338271
409419811
409723597
410210659
410613809
411757057
413463905
415039087
415673077
415800703
415920331
416493091
417301171
419520241
419908267
420383251
421457797
422209981
423448651
423514001
425252521
427570771
427580227
427691993
427960681
429360361
429367633
432525607
433281701
434503213
437597101
437866087
438181327
444600703
444730321
446480521
449175043
449473681
449549521
452040751
454623193
455949523
456508153
460217621
460756957
461107483
461540311
463320859
465317311
465658903
466469441
467491753
467510821
468700669
469403551
470120257
470491561
470507761
471697799
473750371
474970501
475935571
475969231
478247617
479289637
479621773
481089467
481239361
481593997
483006889
483141709
485565697
486619489
487909423
491215249
494303473
496434681
498442951
498455599
499127833
499388791
502673161
502815757
503934481
504579251
506137633
507726901
508460383
508959697
511408171
512230321
512615821
513650251
515749963
516034583
516775361
520694011
522729217
525184531
526316449
526926553
530714887
532566473
532975801
533600033
533703199
534321199
536301019
538065019
539019361
539187841
539394769
541947841
542030761
542761301
542889901
543636817
544362361
545068583
545282557
545823617
547123201
550538743
552029641
554494951
555716701
556530381
556685191
557795161
557876479
558321461
558771931
559897591
563905037
564182569
565552331
569507579
569561779
571039453
573747457
574692161
574998841
575859601
576589877
576691741
577352641
577660581
577895077
578191849
580519523
580984517
581354881
585914297
586219879
586297279
588956479
589313131
592467451
598604041
600091831
600790259
600882031
604188157
605221501
605988293
606063193
608963227
610712593
612248059
612790921
612916669
614422501
614979541
615321097
615363563
618206051
618406531
620671609
621377089
627841201
630496621
632414791
634191481
636111451
638365981
643232251
643316461
644240741
647086231
648056449
651638287
652975291
653981399
654346391
657031201
657810211
658467217
659846021
660238153
661336633
662611951
663244363
663699961
664745657
666580321
667563487
670438861
670545079
671402353
671743901
674194207
674207873
676273027
676958701
677253121
677334683
677710573
678001321
678055811
678954665
679975003
688659821
688725091
689327731
690139507
692748721
693066611
693331753
693614137
694656901
696002033
696102401
697248133
697791403
699456647
701075467
704415343
717421531
718507063
718944227
726140419
727760777
729068359
733811701
735351569
735774661
739643491
739647631
740046693
741181547
741771163
745701529
745708657
749172821
749927021
751449799
751705597
753574537
756318751
757194829
757639387
757834531
757857961
759622753
762968827
764473711
765186581
765794713
765947911
766292239
766917091
767694511
767851501
772702531
774027781
775241299
776176261
779819587
781608349
783022141
783058291
783906131
788046901
789375511
794265571
796272041
800018221
801376093
801607721
802680877
804978721
806382281
806675689
808562791
810066901
810889213
812426113
812618533
813241171
816224761
816288353
818248159
824413393
828844381
831573601
831821327
834570881
835526441
837958309
838301101
838456429
842019871
843161887
843703213
847302289
849680701
851305027
853799059
855073301
857100421
866066131
866725469
870142441
871955011
873953869
874837633
878786679
881214067
882494861
882903631
888812321
892650067
893377633
894418981
896563009
896901461
896970673
897806747
908736097
909018181
909116641
910020833
911007151
911622281
915941737
918483961
919798993
919876357
921252451
924042997
925144211
928040131
929106601
931614121
939905461
946323841
946449343
946749809
947485351
950371003
951271801
955609903
956631217
959138527
959468701
960559321
960730513
963512321
965328841
965365201
966936143
968232261
970016971
974256571
978632299
981484561
982129951
987130421
987903229
988964471
990707641
991167661
991222249
991293601
994885141
996196741
996200821
998033401
998163559
998596741
999670027
1000635373
1000785013
1007866219
1010852851
1012846537
1016411329
1023192541
1024591441
1025626177
1026460073
1026697771
1027513341
1027812997
1028737977
1028939117
1030206871
1030336651
1030607951
1033063111
1036179241
1042458913
1044364901
1044661591
1051494757
1051998841
1053702119
1053935917
1054740191
1054784851
1055437633
1058380191
1059232193
1059550651
1060109383
1061616151
1062690379
1063488763
1064519011
1064774101
1067111551
1070520193
1071704341
1075720177
1076867977
1078991551
1081214401
1081966021
1083565921
1085509151
1086477809
1087546549
1091045341
1093200151
1093675987
1095264437
1100624857
1107428221
1112967991
1121676013
1124469361
1126866217
1129366747
1129716811
1132002847
1132260809
1132803169
1133818561
1135428031
1138265941
1139434453
1141269481
1142300503
1146180871
1147834153
1150332721
1152088033
1160732861
1163832589
1168366291
1173008131
1175122961
1181144161
1182047401
1183338241
1189665361
1196075251
1202339341
1204963831
1206825523
1213729057
1221305671
1222090183
1224811729
1226477953
1229164657
1233001771
1235864033
1238737121
1238984969
1239964361
1244835211
1245989471
1246558879
1251163051
1252236421
1256707621
1259741341
1260101701
1265353501
1266025351
1267133311
1270323937
1270681231
1273345091
1277811883
1283121001
1291632161
1297604801
1299034771
1305523801
1316639689
1317828601
1323011377
1323321409
1323927991
1327026403
1327584061
1328648203
1330679611
1331413333
1331631109
1338261433
1343334521
1344066499
1348722451
1348964401
1349749861
1350131251
1354991653
1356241321
1358503801
1374410941
1376483627
1377008287
1378203751
1379809201
1379928421
1380079009
1382101021
1384140349
1385627077
1390189193
1392273169
1395808129
1398759121
1399199339
1402248403
1404228421
1408610503
1408706209
1412716267
1419459121
1419478831
1421475031
1426743211
1429064839
1430874621
1431044161
1432548937
1436486641
1444441861
1449058381
1453053197
1467485879
1467817471
1467883297
1468713811
1472372641
1472650999
1473467629
1474746001
1479761377
1487669411
1489022263
1491510899
1496460541
1497018217
1497686401
1501323541
1506405889
1507620619
1509566761
1510979779
1511558533
1513670941
1515664153
1515986137
1516883523
1518290707
1521221473
1524585841
1524589271
1524708013
1529705629
1531245379
1540454761
1541828569
1549018297
1551244423
1551988291
1560118099
1562538979
1568259001
1568271667
1568700697
1571111587
1572279791
1575114659
1577847211
1578426193
1583146927
1585279897
1587063601
1588247851
1588472341
1588950641
1589211553
1603636651
1604234413
1618070737
1618435171
1626044131
1628194681
1628684891
1631275561
1632253201
1633240001
1634861971
1635099607
1635548221
1638377287
1638981631
1642004101
1649461301
1656026761
1656280033
1659279301
1669628131
1673513731
1675519661
1678188821
1683174533
1691320457
1692567521
1696428001
1697213407
1699224139
1700468963
1710313753
1711714153
1714001581
1716105061
1719230491
1726633507
1728960133
1729369651
1729996417
1731522079
1737330193
1743657931
1744006741
1755197999
1756720711
1764259001
1767515779
1771447019
1773236511
1773900833
1774651719
1778233969
1783456851
1785274163
1789673269
1791674221
1796170351
1799508601
1801830421
1804182257
1808205701
1813073653
1820306953
1823174413
1823992691
1828887061
1829984531
1835484103
1838793943
1842989401
1842997363
1852779361
1858197961
1859787187
1861358221
1862313103
1863332659
1864009153
1865344291
1865880361
1872756601
1873456951
1874302291
1874326843
1875510913
1878978977
1880544907
1881894961
1882991377
1884929531
1885915841
1894909141
1895004091
1895812883
1897321619
1898914141
1902308851
1906722439
1906982023
1912527631
1924834759
1929815177
1929911047
1930534453
1930837663
1934962801
1939517461
1939604509
1943339917
1950131137
1950229469
1950249313
1952968753
1956329201
1957084741
1963133581
1964367973
1966644217
1967321903
1970256151
1972010129
1972522861
1977785371
1985280487
1985589761
1987732891
1991295307
1995401357
1995414121
1995463423
1995972031
1996235011
1997161559
2000241751
2009621503
2009671669
2010858769
2014815181
2018260627
2034039871
2034277657
2039251483
2039888131
2041265041
2041842541
2043493141
2044488601
2049662651
2062726597
2063569879
2064143911
2071942591
2075429203
2083768933
2087453551
2088126151
2095875121
2099131217
2102240191
2103659377
2103743321
2106618803
2107535221
2108049841
2112013531
2112052867
2113546739
2121904513
2123792551
2124078653
2126839177
2127401411
2129395141
2131312801
2133343241
2134480331
2134660121
2139462991
2141264581
2142324367
2142871459
2143585621
2150942839
2154060721
2156767003
2158230853
2167107721
2168869949
2169646561
2172661381
2180509987
2183240177
2186929291
2191189051
2199210553
2200054601
2201854873
2201924341
2208349991
2211343201
2212853917
2214364051
2219517901
2224278253
2224506541
2227002961
2234695231
2239679287
2246517601
2248028161
2248354153
2250083881
2254229237
2254748527
2255968331
2262664801
2264733031
2269569457
2272817149
2275115767
2276606503
2278001101
2278677961
2279751181
2280656953
2282960369
2285370811
2286563203
2286789301
2288898247
2293820371
2295229091
2295546157
2296289251
2297067967
2297149453
2300356301
2305872731
2309405617
2311558021
2317579951
2318035201
2320811201
2321300833
2321551751
2330569541
2335341601
2335522393
2339525827
2342423449
2347315747
2354019553
2355266041
2358458641
2361232477
2369602813
2372451721
2380603501
2383905037
2385548881
2391028399
2392113049
2393317291
2398352811
2398977673
2401464451
2404057993
2412701953
2414157871
2416578991
2419859009
2425541581
2427980857
2428740427
2429448891
2430632101
2430813001
2439743489
2442050353
2444950561
2445104449
2448374689
2451529549
2452528261
2452746671
2454355667
2457928543
2458231903
2461061149
2461871497
2462702791
2463796987
2483670971
2486973649
2494557001
2502310367
2506957321
2508178843
2511668251
2512588717
2519186671
2533838737
2533915781
2536416001
2537180479
2544112481
2544804811
2548527301
2555706731
2558348911
2562814621
2564536201
2565195571
2571354451
2574096481
2575060949
2575827073
2579163931
2579510491
2580185503
2580907987
2595811297
2596214221
2598933481
2600611861
2617882807
2629051459
2633466241
2644830037
2650169857
2662805599
2665507729
2667137773
2671347839
2676053333
2676612853
2679317581
2680324201
2683147741
2684441791
2693739751
2697005149
2699198821
2705912357
2708039797
2711491581
2712136129
2715421901
2717428033
2723909171
2726539091
2742723721
2744359481
2753719741
2754388333
2754899671
2766846209
2768799629
2771505073
2775356641
2775980593
2784131257
2785655341
2786995051
2806421257
2809243193
2814614623
2820982141
2826128971
2826225361
2837917633
2839992427
2840184433
2841190381
2843088751
2849642687
2850189949
2859772423
2860731181
2864096047
2864905687
2865453103
2867574799
2868952621
2871465637
2871787783
2874391249
2881429741
2884418629
2885972701
2886041863
2889608461
2902423873
2910702731
2910878641
2914194931
2914711831
2916880201
2920247207
2924783051
2931878071
2935029841
2940301981
2943002593
2946016891
2948845121
2949165781
2950200833
2960470801
2968210765
2973097121
2973280201
2975377429
2986740901
2991475369
2992394501
2995781143
3000800449
3005385697
3007160669
3009756751
3011747317
3025929833
3029729611
3031803301
3036615583
3042630533
3045759751
3054297403
3060636377
3062228701
3063025171
3074534299
3078220531
3082491259
3087264251
3087345277
3095612521
3095948857
3100796227
3106804609
3110830003
3113094913
3114110689
3116834401
3121936271
3123604381
3131609461
3135040133
3137250241
3137756161
3138437701
3143628919
3149218381
3149593591
3151353941
3161838061
3163072651
3167597863
3171444931
3171503827
3173641171
3176683723
3181658383
3184139701
3185944273
3186466291
3192706531
3198126849
3204225301
3205307297
3208146971
3214895881
3217744531
3219535117
3221205697
3224999929
3232912621
3234034081
3237762617
3237992101
3240022501
3241863649
3244826701
3246973117
3248363509
3250155301
3255203269
3255266629
3256366051
3263128231
3263568901
3265325773
3270149611
3273820903
3280548961
3283137181
3284060977
3300548473
3309379531
3312571165
3316160251
3317969671
3319069951
3322551403
3322863547
3323157871
3326602427
3328150519
3332800021
3335899927
3337201121
3337399189
3337419331
3342491639
3344019407
3346957153
3356909713
3362401021
3364160689
3365345017
3367381231
3372579001
3374142841
3382983521
3386603221
3390585493
3392394721
3394676801
3396405041
3397220791
3397588993
3401582329
3403593901
3428626237
3437519941
3439040851
3441611557
3442586561
3442964671
3445308241
3451284451
3460795801
3463907761
3473367751
3475642301
3484512847
3484708207
3491881331
3495496579
3496897009
3503825947
3504003409
3508823291
3510827653
3518807791
3520131091
3522818311
3524086333
3525353921
3537280361
3540726031
3542901181
3548607841
3552388001
3554383141
3557646401
3559066513
3566428301
3569494897
3570802921
3570928927
3573195097
3579165229
3586833253
3595861081
3596337361
3599942113
3600199651
3607403801
3621600451
3632597347
3637831753
3638653201
3647737291
3651018751
3655186921
3656766679
3658544881
3662842051
3663427249
3672754633
3679657997
3679699421
3685424191
3693874117
3696208777
3696962351
3708334063
3712507741
3715659341
3718503491
3718825153
3721840667
3724255711
3725499263
3726644989
3727828501
3730425001
3732063739
3734919651
3735788489
3744753853
3745163341
3748638379
3751908751
3755287481
3767316001
3784129189
3785356387
3786386507
3790244389
3790723171
3794024909
3800306971
3813822547
3815701681
3820259701
3828005281
3830869099
3836586781
3860781299
3888925501
3895046191
3895924033
3907825153
3913434937
3918264841
3926200321
3932792683
3935769289
3937994413
3944088751
3948670909
3951331791
3953949421
3954403153
3959921521
3960819793
3969927977
3970951351
3971095301
3971677951
3972173923
3972287161
3986664571
3990072031
3995269741
4002318841
4006549093
4008003653
4008263401
4010668273
4013082091
4014180523
4020144133
4029341947
4030704211
4034555801
4035028861
4038105779
4041356801
4050126547
4054597439
4065360917
4068671881
4078754941
4079665633
4085511487
4086697501
4092929149
4096709209
4103745689
4104383851
4110546329
4111649489
4117682707
4118172901
4121492761
4128379201
4130838139
4133928761
4138583941
4145880961
4150174393
4151951101
4157618921
4173838327
4173866413
4176140237
4178535769
4191066361
4201858585
4203244711
4206758533
4207181161
4209648521
4220806987
4232040121
4246846501
4253515891
4270483969
4284625591
4284828617
4286028577
4291107151
4292629993
