49
121
305
343
451
793
849
1541
1981
3277
3601
4187
4371
4961
7471
7969
10081
10351
11041
11231
13429
13867
15841
16897
19151
19579
20591
20689
22681
23605
24727
25039
25681
29341
31417
37393
38581
41861
45169
45551
47281
48133
56033
61411
63013
68101
71381
76201
79381
96139
97069
110657
113861
123541
133237
134569
137053
144613
166489
169801
188501
195853
197633
202501
210661
219661
221857
223343
226801
239077
269011
270481
279757
281101
285671
286141
286903
287981
306865
314821
363091
394219
405721
415249
424391
432937
439291
451091
460471
477421
486109
496873
505721
512177
522145
565001
578771
630601
633229
648733
651781
655051
655711
657001
661627
684545
689323
698179
713483
720529
721681
722261
748679
764941
781201
785191
789301
791551
800605
819169
824149
840781
850513
917701
922609
950797
954271
959371
960761
977857
981317
1007371
1007449
1018601
1045451
1052791
1080997
1155505
1314631
1362061
1368541
1389581
1433407
1439905
1502257
1516021
1518499
1563001
1575601
1590751
1600117
1600951
1638281
1690501
1755001
1777561
1827001
1834267
1863907
1898999
1934251
1947205
1952161
1987541
2006833
2034565
2108011
2117881
2182267
2207413
2229481
2362051
2416961
2472151
2472229
2488051
2501161
2545181
2590993
2639737
2667365
2673001
2693311
2881507
2884141
2915947
2948947
2972131
3059101
3062347
3073903
3154517
3233569
3257803
3270403
3305041
3337849
3347189
3398657
3443497
3498433
3719833
3757021
3879089
3913003
3985921
4039297
4082653
4105261
4128703
4151869
4183561
4229551
4381393
4452883
4502485
4578091
4634893
4648261
4668301
4788643
4819681
4990861
4994101
5021053
5031021
5065181
5310721
5339269
5378641
5483791
5540857
5690251
5911813
5968873
5995873
6108301
6117211
6122551
6192721
6278533
6329611
6399253
6471931
6538585
6577121
6787327
6807403
6855745
6884903
6955541
7152541
7172713
7232321
7587385
7710781
7758601
7945093
8071699
8184601
8231977
8233633
8278957
8351449
8557861
8637101
8726851
9031651
9157831
9174829
9202951
9214381
9278893
9585541
9692789
9806761
9846401
10004869
10171729
10185841
10357861
10407073
10461329
10568371
10603387
10655905
10679131
10884901
10924129
10935931
10974881
10990513
11354005
11552059
11632897
11948509
12268577
12469421
12551701
12784003
12975691
13096837
13285609
13623241
13694761
14063281
14169331
14294731
14469841
14469865
14668021
14731363
14742847
14800051
14882401
14899751
14913991
15003913
15142531
15413911
15465241
15838087
15886873
16253551
16316609
16398541
16472993
16509337
17088601
17236801
17349307
17354071
17454601
17986033
18021091
18187561
18342241
18443701
18457957
18469937
18590665
18718765
18813257
18834391
18942991
19270733
19392337
19553171
19617529
19651981
19794601
19877353
19905301
20234341
20321533
20590231
20728351
20860051
21010001
21016711
21306157
21411391
21474181
21578377
21582217
21788971
22339639
22465389
22605851
22810201
23072641
23145301
23236429
23292361
23866921
24179347
24248701
24383965
24538081
24550241
24777397
24819049
24860011
24966913
25276421
25457833
25768261
26332181
26597227
26713765
26748307
26785217
26973497
27080747
27129887
27177169
27191011
27227161
27236311
27250129
27392041
27409541
27499357
28647253
28983253
29027593
29497681
29740501
29903407
29975353
30237827
30389743
30733981
30924979
31302949
31381021
31817633
32297821
32541853
33214861
33289345
33312091
33863083
34514071
34519211
35501959
35570371
35820937
35848931
36307981
36436681
36610861
36652681
36784807
36787771
37035337
38206911
38300771
38626969
38785999
38831761
39391201
39432893
39547171
39676033
39738637
39758641
39928081
39935161
40664737
41662297
41710411
41798401
41931901
41995153
42129613
42135301
42149971
42556537
42709591
42841327
42916949
43237261
43657147
43694111
43991377
44482901
44676217
45028117
45297283
45466513
45786133
45877861
45879941
45931117
45979441
46724131
47494693
47661373
47742949
48075821
48096301
48353761
48623891
48841273
48843521
49303801
49379773
49411801
49923661
51283501
51463189
51501871
51644833
51791521
51908473
52252243
52741417
52985881
53655551
53949761
54156301
54366823
54728161
54816059
54970673
55201621
55384033
55748561
55924801
56160133
56399491
56514053
57561085
57783223
57810041
58449847
58675459
59072077
59309251
60721411
60957361
61171951
61454389
62399041
62822101
62944201
63034409
63282781
63388033
63952373
64020001
64377991
64787185
65376721
66124297
66342673
66345221
66622951
66744811
67169521
67194401
67276741
67636031
68064559
68095969
68182003
68469043
68591251
68765447
69176647
70003057
71486221
72539371
72541681
72611701
72880001
72884701
73527301
73530181
74325637
75123661
75326479
75606049
75776497
76950457
77353585
77526049
77565709
78795181
79381501
79417801
80283031
80426401
81376903
81633511
81674281
81926461
81992191
82136701
82448753
82490797
83193641
83204801
84001807
84485161
84890737
85001605
85400701
85830121
85851385
85943845
86306641
86598271
86955031
87067813
87316333
87430253
87485833
87558127
87698521
87809509
87875971
87952369
87967753
88216507
88471261
89136091
89433661
89624071
90273751
90698401
91314049
92152871
92477281
93453119
93709073
94775927
95330149
96149311
97253539
97865737
98907997
99050617
100907047
100943201
101137081
101346613
101536669
101886319
102135601
102243689
103253333
103366705
103466107
104220703
104852881
105164879
106247809
106485121
106713217
106923781
106984769
107997079
108895571
108915421
109741451
109958887
109974745
110043119
111085381
111348433
111540001
111962897
112032001
112307329
113264929
113605201
113767501
114117937
114329881
114366313
114713281
114910489
116252081
116317951
117186037
117308977
117662981
117988291
118553153
118566533
118638841
119183773
120465361
121240001
122097121
124574413
124793521
126428851
127518091
127690201
128468957
128676601
129431701
129831901
130103551
130383521
130766437
133691449
133807337
134652193
135515161
135516305
135785971
135998341
136027009
136041727
136545067
138069647
138634831
139580713
139751761
143761801
145206361
145410931
145436221
145863911
145975021
146510701
146834581
147175813
147585691
147989771
148171769
151659619
152255611
152368133
152399557
152716537
152814531
152833297
154900951
155485657
155715481
157132729
158073709
158568521
161216021
162387821
163756081
164028781
164138801
164411911
165675301
165946321
166564529
166595131
166827943
166872577
167027191
167372437
167472451
167624101
167691721
167810131
167865931
168404833
169234003
169388801
169700081
170149487
170584961
170692921
171491041
171515719
171679561
172546793
172617481
173678203
174033411
174211201
175404433
175742941
176719229
177167233
177439061
177896951
180089251
180250901
180276841
180401041
183484571
185040703
185653333
185792041
186407581
186524971
187143661
187190347
188108245
188419771
189015191
189030481
189336977
189359617
190763791
191648161
191922697
192346153
192363601
192704513
192761473
193230577
194692321
195105781
195106237
195412621
197239591
197247371
197818165
198232001
198336529
200276401
202230491
202531501
202643101
203269177
203318641
203968129
203992237
204798571
207132481
207408001
209103469
209711431
210812311
211481281
211834663
212230849
212412547
212730467
214049413
214319737
214493203
215084881
216850271
216899047
217186537
217805281
218624033
219029329
219586483
221847301
224294533
224573701
225875323
226049851
226061921
226909813
227418133
227512651
228178861
228750145
229178281
230396671
230621623
231042649
231208411
232030729
232034743
234610291
234870301
235224571
235761419
235907371
238038013
238824151
238834723
240608017
240629299
240841451
241150609
242131889
242650717
243303857
244061371
246180019
246434761
246600649
248620601
249128029
249851911
250436033
250564051
250781851
252269009
253711261
253722631
254547901
254781451
255361163
255678791
255866131
256334599
256600513
257460851
258185413
258757201
259814591
260736341
261163769
261856261
263215543
263265871
264940741
265390381
265487713
266687297
267118417
268505551
271501993
271565713
274399801
274525327
275038187
277554581
277787141
278372071
280283401
280312003
280591537
281288801
282589651
282707461
283979401
285961021
286110811
287762509
288483337
291461633
291529477
291918079
292071901
294239189
294807661
296156953
296307451
296457191
296509357
297245593
301712797
302500969
303462721
304583149
304642823
304788013
305036173
305111281
305594101
305872501
306785051
308304011
310693633
311420737
313338061
313656193
314371369
314856089
316254901
316991545
319574071
320429521
320512303
320834671
321781633
324264943
324671023
324741151
325141001
326266051
327774721
329769721
331449371
332877361
333619357
334624729
334793551
335304691
336273211
337080871
340464001
341652841
342654901
342959401
343319041
343932359
345701731
346795639
346859521
347977567
349587157
351232633
351739181
353722513
354522673
356604421
357711251
359238751
359775109
360591793
360797005
362297911
362663783
362822131
363656441
364126003
366438089
367621381
367634569
369463387
371376631
371611153
372810719
373294801
373299841
374325841
376169267
376623199
376957153
377269579
378648833
378991201
379363267
379732501
382676887
383425351
383558551
385479445
389121049
391611991
393437857
393611653
394859851
398853685
399783601
400314769
401498249
402471811
403095967
403536061
404698951
405596731
405768481
409662541
413138881
413557213
414083281
415108891
415249297
415883557
416474137
416818321
417746629
424315751
424380601
429595039
429902461
432523051
433006771
433303211
435585001
435860497
436119773
437707201
438306553
440219011
440941381
440982613
443120437
444223261
445993369
446200021
448044001
449931301
450016901
450242099
451033927
451843369
453919201
453992111
454945501
457060327
457320533
460486921
463252193
463320859
463861973
465505633
467083399
468729647
471168253
471422051
471498401
473601599
474696553
477189121
477320537
477599965
481107589
484582969
486001891
488656981
492559141
493387441
494680261
495416503
495573121
497869693
500424773
501938201
502150597
503936401
507736243
507960001
508549009
510115009
511739801
514454011
515972761
518216201
518504533
522029521
522655801
524304301
527278127
528013333
530767759
530808601
531190097
531681281
532303003
532800133
533429881
534754897
536342419
536369617
536429401
537526891
540568309
540621181
542208745
542497201
549712129
549724033
553027201
555962353
556268497
557702023
558908701
559202101
560907271
561484519
566630611
569332177
569784403
570585793
572752841
575349781
580727821
582433547
582733007
582795601
583020397
587193391
588956479
591043771
592151617
594451873
594454801
598212421
598938799
599005201
599135767
599645047
601143661
603255001
604888301
606580063
608963227
611547431
611852671
612816751
614683861
615568433
615760133
616146481
617566237
617718193
621356737
625699439
627007259
627034339
627119641
627508759
627886657
629789357
630124969
631794469
632285677
633595201
633971881
634467461
635689633
639461257
641391769
642566041
643094011
644004817
645820237
647190253
649235341
649497967
652687621
652969351
653124865
655041871
657031201
657114371
658574929
659402791
661321511
665423903
665742421
666353143
667651961
672279697
672485773
674600053
674843401
676005241
676359391
677389049
677993699
679975003
680020801
680983817
682460501
683122573
687104741
688597303
688721293
691166971
693730357
696158681
697032253
698075251
698252221
701665897
704913451
709393483
709418011
709643341
711304903
711397333
712362769
712650881
713946133
713983141
714619277
717653333
718944227
719829097
720385903
720505651
720984661
723104513
724798021
725697881
727056451
727988797
729094843
730148849
732090721
732736621
735432773
735695839
736559479
737669701
738864731
744118657
745493761
746331041
747070501
748541369
749282773
751652509
752186593
755914681
756205633
757272707
761221351
761346389
761442151
761971873
764212351
765275701
765414469
768782587
770746451
777377017
779819587
781512241
781825717
783326377
784508701
786604801
788231809
788248411
789443383
792349021
795490747
796946413
798907057
801680011
801853171
801866647
809636383
809982721
811831301
813110785
813185311
815109901
816904001
821376533
822314729
826876247
829737221
829978381
831920101
832048447
832656701
832870891
832902643
835935361
837047431
837898381
840138517
841217653
842419961
842427961
842960981
848583391
849606031
850028939
850756129
852323737
854581807
857100421
857538991
858725869
861206261
861286081
862435411
864165457
865155985
869499643
870975361
872347201
874511317
874971659
881114141
882661765
883333441
885103957
885493927
891516781
891645491
891658153
893865701
896231953
897285493
898544641
900270611
901564453
901620091
903136901
903514081
909018181
910016185
910591201
911839681
912111371
913983071
915056843
915641821
916586011
918757127
920834197
928455331
929238913
931614121
933184801
936662687
937013621
937263361
938222401
938611501
938989261
940904563
942145681
942455359
943315801
943588801
943713737
947651963
948655457
950298403
950371003
950721617
951232133
951941161
952282801
954331885
958208833
958990537
960527189
961116889
963563197
964263961
964573543
968283247
975382223
975765787
975967609
978563041
980004241
980016269
981553501
984123163
985011511
985075681
989354101
992272429
997552585
1000686809
1004085721
1004209411
1005502681
1006985519
1007404957
1007713171
1008777001
1009025263
1010836369
1011284819
1012244701
1017476209
1019091943
1019377631
1020307333
1021066457
1021281301
1024041853
1026905821
1029771713
1032110641
1033689577
1033994089
1035172441
1036488493
1036995919
1037750617
1039585249
1040557057
1040694817
1041946849
1047675469
1048385671
1050072253
1053273961
1055512369
1057062913
1059249361
1059492961
1060794769
1061730451
1063075549
1063713379
1065757501
1067064781
1070063191
1072839941
1074583009
1074884257
1075899133
1081023701
1082318389
1082504989
1092892147
1093270511
1101376711
1101782305
1103102191
1109711401
1111058593
1112944351
1113419953
1114038073
1114491211
1115910727
1116068005
1119669121
1120010321
1122276109
1123180651
1123938523
1127530979
1127993861
1133053741
1134358513
1136973247
1137320581
1146612029
1147816601
1147833001
1148462551
1149032981
1152088033
1152793621
1155069661
1155189631
1157631473
1163208289
1164907213
1167083233
1167576427
1169333201
1169797831
1172817151
1177778671
1177874587
1187887891
1189928269
1191088219
1193858527
1203894199
1204176751
1209022021
1209815141
1210295717
1210562701
1210672651
1210689439
1214223361
1214307763
1215850711
1217107079
1221127013
1221674389
1222277443
1222568707
1228879261
1234887673
1234946719
1236032227
1236581737
1236638797
1238517649
1240073701
1247375273
1254277909
1256508349
1258903981
1259514281
1260332137
1264145401
1264523251
1265740717
1266025351
1267133311
1270681231
1271487631
1273749137
1277102401
1277461693
1277887031
1284674969
1291773451
1295261101
1298258413
1298771057
1301698927
1302145267
1304696881
1305043081
1309886551
1310156251
1318793191
1324344341
1326426319
1327026403
1328256247
1330117351
1332452269
1332633277
1333678963
1337600053
1338021791
1347387361
1348794421
1348995187
1352453257
1357201105
1358425741
1358837371
1359481589
1360787671
1364378203
1365015541
1372613089
1375288231
1376160241
1378812097
1382139617
1386975871
1387742749
1388275141
1388494603
1389546841
1391422261
1393629421
1393946227
1394054861
1394632891
1400081777
1401216121
1403893207
1407548341
1408610503
1411211051
1412232889
1414154827
1414753387
1416461851
1416748349
1418734549
1419459121
1420057633
1420507453
1420733723
1421602447
1423038013
1427107681
1427555233
1431933361
1437724837
1443652033
1451776831
1452194257
1453595491
1454149183
1455197519
1461299839
1461423727
1463281207
1463990191
1464137641
1464568381
1465217911
1467572003
1468824787
1469768653
1472791431
1474059631
1482921841
1484742533
1485231331
1486321771
1487421865
1488204217
1491840281
1492562611
1494646801
1499692969
1501889845
1504832033
1505200261
1506507571
1509885877
1513954009
1515348121
1515791341
1516410901
1526494501
1530159247
1530898111
1531110061
1533524809
1533555271
1538071061
1540713973
1543046291
1543708717
1544599061
1544744713
1547919829
1550924873
1552636807
1552953877
1553502511
1554270481
1558913203
1559006137
1561644091
1564171799
1566008641
1566590173
1568916311
1569144547
1574591869
1575887647
1578575101
1578977521
1579079503
1581705841
1588690087
1588942489
1589724721
1592979193
1594069489
1595622997
1601407501
1607003101
1608729127
1608738301
1609098583
1611110201
1615468039
1616742451
1618070737
1618435171
1618882697
1619657761
1623229301
1624628251
1625604781
1630247711
1637973019
1638294661
1640460601
1642610413
1643665021
1649461301
1649935981
1650682153
1652746261
1653298921
1656115057
1661409289
1663142651
1663267579
1665597781
1666216697
1672684901
1678641011
1679918581
1684418401
1692314587
1692567521
1694680471
1695895351
1698619183
1702111921
1702123201
1706302153
1713319453
1714012421
1715095171
1715324581
1715427451
1717451651
1717612183
1718951873
1722384301
1725629921
1727809073
1729480897
1729941461
1738201541
1738925077
1739529457
1742815621
1746447821
1750094011
1751432959
1752172003
1752541351
1753593031
1755745405
1758188417
1759381763
1767978433
1768323481
1768468081
1768692517
1771447019
1773654721
1775902213
1776399059
1776820033
1780142563
1781426693
1782647791
1785414061
1790123581
1801176313
1805448499
1807127101
1813073653
1813985461
1814832463
1816572745
1819829749
1822479751
1822711501
1827702101
1827826727
1828072351
1838494297
1842649705
1844028961
1847869201
1850251019
1850315689
1852869061
1855694699
1862880401
1864009153
1864274917
1865421521
1865700973
1869623533
1870859657
1874772841
1875479431
1877507711
1882325891
1883509633
1890851257
1892296801
1893427981
1894956601
1897273771
1900687381
1904524903
1914824297
1916168227
1917506417
1918534901
1920301951
1931855591
1935555203
1936031341
1944234391
1945042181
1952417461
1952860001
1952968753
1955555801
1957863781
1959055141
1960033141
1966146451
1969698371
1970167081
1970256151
1970890399
1972848193
1973142407
1974591793
1975247539
1977157843
1982732501
1988672533
1989628327
1995101641
1995401357
1995500071
2003557681
2008477729
2009621503
2015403601
2016027649
2017574431
2018558861
2020686013
2027306107
2028519019
2030600833
2034503833
2034817849
2037732451
2038093597
2038836841
2039768257
2039836501
2039888131
2040445657
2045781991
2067887557
2070450323
2074544033
2075429203
2075486827
2075651057
2076052001
2077766623
2085578971
2089402477
2092095121
2094644557
2105810785
2106555751
2107488931
2108761201
2119102651
2119689793
2126161181
2129035429
2130134533
2130664801
2133939361
2139120061
2139462991
2140082101
2141239829
2156767003
2158100143
2162366251
2165523553
2170185517
2170186021
2174790619
2177085241
2183757409
2188144001
2190982721
2199931651
2202101761
2205105311
2210860051
2217930587
2219008177
2220382627
2223098611
2224183501
2229319423
2230095661
2230616683
2238452569
2244787451
2244911509
2265350977
2267222681
2271116233
2275568011
2278938401
2280257629
2291756959
2292068143
2294119183
2295229091
2298363451
2298473381
2300056117
2300943457
2301980801
2303053873
2304156469
2305872731
2306508679
2306664757
2308966661
2311558021
2312963333
2316576571
2319020651
2319073813
2319724441
2320206265
2321551751
2331181621
2335706909
2336022937
2337670031
2350838141
2353146049
2355622721
2359020061
2360225737
2361316621
2366952961
2367777511
2369464201
2373147943
2375779937
2375894809
2377216591
2381727721
2382002113
2386172251
2387525141
2393288701
2400771337
2407191181
2408223511
2413359313
2414673271
2421244921
2421391391
2423226317
2428870753
2432761633
2449191841
2455764097
2456536681
2466785393
2469521377
2473823353
2474967637
2475988769
2476956607
2482684201
2489319757
2494128451
2494574941
2505295361
2507730967
2509825601
2518448591
2518549801
2520648397
2524066171
2525550841
2526733441
2528664961
2529410281
2530917145
2531030401
2537726491
2543832731
2544804811
2545660981
2550584671
2551598071
2551921807
2560600351
2561465401
2561731861
2571406267
2572078717
2579163931
2581982989
2583716311
2586961537
2592364909
2598636613
2599018951
2605192211
2605776589
2616180821
2619932041
2620151297
2624513401
2626457803
2630997541
2631761707
2637361597
2643262513
2655779263
2656452023
2660275171
2661511051
2673898151
2674839511
2676817973
2684416813
2690867401
2695564441
2696638363
2697507313
2699029493
2699471503
2700894673
2713906897
2716275007
2719710871
2720566549
2721256777
2728730287
2742516961
2753256001
2753739773
2757404533
2761545403
2775341227
2777238841
2784010013
2790281551
2798992811
2800733603
2801706601
2806421257
2811488369
2813637611
2825395343
2826596371
2831158101
2831455481
2840729321
2842820737
2851873051
2858583961
2871974561
2874386737
2892483521
2895140767
2898023521
2901294991
2902421341
2905218089
2912712013
2912876821
2913321349
2913401611
2921651461
2932556717
2935002857
2937456811
2943877861
2948056051
2949272551
2959460297
2960470801
2960747711
2973752101
2977476989
2978011651
2979317653
2982807319
2988133345
2993635471
2997745001
2999451619
3000849589
3023888221
3024099631
3028101301
3031541461
3046794019
3048075961
3049022521
3054297997
3058632883
3058670677
3063683503
3070208261
3073693153
3074534299
3084970261
3088408429
3089280793
3089626457
3091354111
3100388609
3105241441
3107044747
3109380301
3110830003
3112723351
3114276619
3114643583
3117927229
3121309801
3121477633
3126692293
3135771451
3147638321
3149867701
3152169439
3157467217
3159282781
3163106953
3163829347
3168005041
3172369693
3174698143
3178441297
3180981781
3189623737
3191296499
3201021497
3206494657
3212548951
3225276937
3226864033
3230271451
3230287831
3231262921
3231881921
3236336191
3241152779
3241962277
3246238801
3249335941
3253227061
3253735999
3258269101
3273436657
3277104991
3279685039
3281417119
3286113841
3286184287
3287280907
3291587041
3292356943
3295217971
3295588381
3298453619
3300694001
3307433263
3313438801
3315207197
3315696401
3325807729
3326118461
3327813689
3331300033
3331473679
3335425831
3337201121
3341543941
3342005633
3355382857
3360282481
3362071051
3368713681
3382983521
3383477191
3384130807
3388069099
3396062251
3398036249
3411250081
3417002101
3421453363
3425761949
3430790821
3443489101
3444396089
3447533191
3448141417
3453086513
3464862571
3467319967
3469409143
3480908203
3493069141
3502470913
3505364101
3509345701
3511572481
3516675761
3516970297
3517984513
3518790637
3529254061
3533307991
3536281831
3542828801
3548462401
3551925367
3552229891
3563057761
3569151769
3571699763
3573458761
3574747021
3587553971
3590627365
3597270517
3598590817
3600801541
3602006101
3602859481
3603024721
3606174553
3607087681
3607632601
3607842617
3608949761
3611895841
3612391451
3613454167
3620475679
3621992533
3625062673
3625328981
3630235867
3634084871
3637831753
3640255219
3640903111
3649965281
3663084541
3664521781
3670047151
3675470149
3675858751
3679159705
3679657997
3682604161
3685307041
3697278427
3705308951
3717056377
3717260801
3720674039
3721067351
3723104797
3725696141
3726810959
3733646491
3741308143
3743072341
3748507309
3748638379
3751303153
3756856753
3764070841
3780837649
3794333551
3794477431
3800306971
3801299251
3803679181
3807332813
3820658089
3821128081
3821259331
3830165197
3833956369
3834417289
3848047141
3859353683
3859546687
3861513793
3867626753
3874471147
3878050177
3878066641
3880566253
3881249857
3882729131
3883051573
3883160611
3884199713
3887635753
3892604101
3903006493
3903711841
3905876501
3908010961
3920071471
3925273153
3925463851
3929972845
3939646189
3947938345
3954334159
3958459651
3959197381
3965813359
3971396153
3977530577
3977887339
3978511301
3978858701
3981355597
3984737791
3986664571
3993274591
3993984541
4001985233
4002584653
4007797067
4008152605
4010813821
4014857323
4020144133
4028995297
4030637771
4030698673
4033130671
4033450891
4034208301
4034993269
4035498409
4038003271
4041807013
4043938771
4046925583
4054583737
4054880701
4057769041
4066000027
4071058651
4072212919
4079665633
4081806919
4085500351
4085511487
4098254161
4098993391
4114335131
4128646381
4134180931
4136165569
4138696129
4150829593
4154632201
4159012439
4159603729
4168807777
4168832893
4176538241
4178589781
4181177881
4183664101
4189357987
4189909351
4201076249
4214429231
4215877513
4217239549
4224354619
4232787521
4240777201
4250911061
4252844977
4255766969
4256318783
4257404989
4257763999
4271761519
4273437001
4275230917
4275941587
4277557489
4282854643
4282863751
4294799081
