15
25
39
65
75
195
259
325
427
645
703
975
1027
1369
1541
1695
1891
1975
2257
2779
2955
4859
7543
8471
8911
9583
12403
14689
15799
18721
19951
22261
24217
25675
26011
26599
27133
28991
52621
52975
56033
60801
72885
75855
83509
84925
102823
127065
128627
130561
133141
134261
139231
152551
159895
167401
169519
181455
188191
190513
206981
208897
219781
256543
262753
267547
277575
279091
302835
319309
330263
333915
341317
343001
360533
389777
390937
393427
401191
401725
410041
463241
484321
485357
506325
512461
520171
531371
543493
556421
558925
570133
584563
585325
604117
623715
636679
658711
660313
709171
713483
736291
756795
876961
896029
920361
930161
931297
957223
963649
1032533
1041043
1053761
1084201
1127611
1202381
1219661
1226413
1246225
1269451
1302451
1316575
1357511
1366961
1373633
1383587
1439425
1484881
1509709
1513933
1531441
1533601
1537381
1576261
1600117
1636831
1668811
1683793
1711711
1849627
1852993
1889681
1903201
1963501
2042041
2120791
2129341
2251549
2313841
2347769
2383109
2491637
2497069
2522833
2624329
2630071
2639737
2762285
2781661
2795519
3363121
3375487
3387781
3537667
3645991
3676961
3751513
3763847
3768451
3804451
3807409
3837271
3850001
3909929
3980719
4150387
4160377
4188757
4196431
4222471
4322579
4384693
4415251
4437811
4502485
4511761
4581001
4584763
4697071
4749225
4871287
4871621
4922413
4935701
4975489
4981145
5042951
5044033
5049001
5168521
5176153
5222425
5522401
5566051
5722289
5744355
5934391
5979247
6027193
6157601
6199913
6272203
6584153
6649735
6823951
6955541
7009033
7009819
7028821
7106401
7295851
7372769
7620967
7633207
7759937
7788943
7802565
7886251
8032261
8095447
8289601
8595361
8830801
8864017
8880449
8900389
9131401
9135421
9439201
9524401
9533701
9684481
9808651
9946711
9973693
10084177
10255393
10257911
10326367
10483171
10505701
10604431
10703801
10746061
11135263
11578711
11686141
11736211
11912779
11947027
12205873
12245281
12555619
12696547
12875801
12942823
13012651
13417615
13487497
13508735
13595261
13855675
13899453
14046691
14056111
14358345
14486413
14652991
14798197
14919757
15008033
15099787
15188557
15283273
15444997
15647297
15720013
15805747
15806557
15888313
16154153
16331561
16435747
16502863
16555695
16655857
16684501
16755481
17202337
17293673
17345431
17645689
17870561
17962933
19495225
19579645
19776781
19889393
20082719
20261251
20281207
20407171
20504415
20921281
21075067
21393703
21516391
21578377
21678997
22035917
22093441
22508207
22560319
22637827
22638855
22848541
22935217
23129633
23822329
23891575
24236173
24290779
24686311
24909961
25088779
25276421
25383583
25420597
25805321
25859767
26017291
26154721
26173909
26190165
26310901
26927335
26932081
27027915
27380831
27392041
27509653
27543643
27625261
28406171
28564033
28708219
28805713
28825201
28933363
29347921
29871937
29895829
29977249
30058381
31118081
31150351
31436123
31470211
31577545
31736275
31880577
31989109
32091781
32683201
32881763
33120341
33153073
33940733
34139881
34516561
34762845
34803481
34876873
34890481
35015221
35287783
35444557
35498467
35728897
35746635
35833073
36448387
36686539
36790841
37727341
38379181
38434049
38696347
38734193
38782675
39015181
39154081
39165721
39547171
39676033
39822841
39945401
39982097
40292093
40629601
40753513
40917241
41341321
41725631
41798401
42149971
42152701
42474547
42690737
42788989
42941341
43523707
43893937
43965475
44314129
44817473
45537901
45692445
45861061
46248017
46328333
46543213
46728533
47220367
47387503
47647117
47698909
47903701
47937793
48141169
48481679
48943291
49029331
49186801
49937257
50039531
50268373
50311423
50574049
51120301
51548993
52228541
52283107
52493647
52794397
53283169
53294029
53390611
53399449
53455627
53587675
53949761
54046367
54586393
54637831
54866593
56160133
56315557
56365201
56577669
58363215
58779323
58954897
59375401
59650561
59955331
60155929
60510461
60552161
61201009
62399041
62441749
63318169
63553621
64020001
65199443
65922151
66498667
66666601
67754107
67816589
67910933
67991017
68182003
68245909
68503247
68563301
69231061
69485281
69502225
70137577
70429097
70688857
71099101
71306369
71960743
72027001
72139817
72252811
73292341
73633249
74574737
74819221
75140137
75281441
75285631
75621281
75663451
76159357
76237561
76581451
76788811
77421121
78206917
78233479
78234133
78520639
78795181
78802849
81002881
81954133
82353101
82606231
83378761
83400761
84354821
85326433
85689325
86026313
86262361
86385587
87160061
87596191
87968857
88241581
89381791
89835169
90014653
90093361
90545275
90713575
91057951
92031733
92267977
92696077
92779831
93473953
94126525
94536001
94612771
95002849
95283337
95451361
96383281
96398569
96742771
97925077
98426737
99625351
99627557
99817573
101678197
102038719
102294427
102473687
102901633
103448809
104852881
105370805
106356073
106707637
106778671
107486413
107738963
107997079
108140401
108306043
108698101
109437751
109541461
109756081
110631841
110793457
112160161
112798579
113123191
113243677
113264929
114120721
116721361
116886025
117802815
117937981
118026805
118163137
118566533
119202667
119416501
119601847
119812001
119870167
120236707
120453761
120708001
122505571
123632461
123718861
123771511
124359973
125122099
126132553
126211307
126386261
126564043
126765673
127748507
128079409
128536561
129254561
129764209
129767551
129842953
130879261
132047417
132683347
133800661
134295061
134392091
134437601
134758801
134777221
135023257
135863951
136456273
136496341
136900513
137148481
137340451
139549393
140384161
140839201
141656541
145410931
147164491
147663001
147831139
149068949
149447761
149886391
150260893
150815827
151002523
153691807
154034981
154039537
154157599
154506043
154679227
155482741
156570961
158077725
158920291
159081841
159751681
161775301
163244281
163892587
164952217
165283471
165305505
165702601
166444181
166467561
166652263
167307911
167472451
168062519
168413491
168810013
169086341
169234003
169746337
170449249
170832037
171160351
171515719
171518101
172116181
172202101
172947529
173068309
173989873
175883041
176917529
176977921
177167233
177543761
177850037
177874313
179363147
179740321
180842941
181037581
181926109
182419381
183394471
184583369
185040703
186109093
187424315
187861783
188250649
188985961
190197421
191687101
192223301
192947561
194389903
194714027
196287391
198850577
198994241
199303807
199789441
200479301
201200449
203231621
203705281
205625473
205677187
205763545
206278859
206885251
208464887
209217097
210071191
210089419
210259129
210461959
210645205
213035761
213918493
214601725
215010473
217472501
219416689
220370437
220883521
221391227
221607209
221751643
221847931
222425081
224870017
224879917
227564767
228178861
228435901
228988033
229243361
231540121
231604639
231681021
232071511
233394367
233824597
234492301
234870301
235319699
235742513
235928071
236025721
236213057
236461501
237126779
237247501
238806991
238833421
242225551
244175779
245309461
246180019
246863827
247787191
248696839
250245645
250907581
251366009
253158751
253532501
254119321
257044813
259765747
259949171
261000697
261186001
261856261
263319631
265229641
266422807
266925601
267004783
267854161
269291317
270844099
272615201
273138151
275712533
275893171
277304231
279065377
280395649
282904199
283290481
283732621
284067631
284518177
284657671
285932701
285961021
286684133
288311761
288460217
289105741
291811711
292066321
294393255
296419601
297961441
299736181
301085197
301383193
302531833
302784751
302818001
303191741
306191621
306638413
307061371
307479751
308550061
309411251
309480247
310611671
310693633
310962361
312542491
313858733
314985917
315228565
315593155
315689977
315838711
317661811
318249721
322895805
324749713
325938251
327128621
328227901
328402181
332710687
335797903
336208627
338455153
338924521
339720193
339953851
343040251
343759841
344479381
344586817
346092991
346795639
346884253
348340501
348400963
349483447
350454479
350743213
351910021
352735351
353203075
357167593
359696431
360145633
360668897
361221451
362511581
363212209
365519881
366652201
368113411
369066161
373669453
376935769
377101009
377806687
380977477
382347601
382940053
384824441
384993451
385533689
386649121
387106525
387311107
389925629
390943711
392153941
392486977
392803861
396032311
396864469
398754337
399507743
400973833
401104493
401222011
401386987
403095967
406652569
407446727
408513619
409796641
410458771
411319217
412571575
412995731
413138881
413677321
414430303
415605871
415800703
416121301
416474137
416818321
418106921
419415121
420971167
422209061
423448651
426061201
426294109
429562411
430276537
430504691
430664543
431275807
434074321
434343601
436817071
437496259
438247427
447486901
450242099
453366029
454766287
455243077
459248641
461076281
461262075
461272267
464012033
465991861
467262973
468950021
469121269
469598221
470120257
471697799
471779479
471867001
472091497
472814413
473331137
473396057
473505223
475969231
476004421
477189121
483029821
483815401
484275079
488645089
489919193
490378981
490894111
491646403
495665281
496849669
498981925
500119801
500863771
501660851
502849741
503024897
504287911
505664833
506123323
506385397
508680019
510285907
510869923
511171327
511203551
511408171
513352891
515172737
516467761
520637251
524151253
525445399
525484961
525653459
527278127
527761081
528913181
530630701
532896247
534696121
537242899
539019361
539245801
544861633
547659451
549557251
551856551
553445017
554118661
554826997
555454551
555497867
556368829
557678881
558084577
560484307
560612167
560740237
561235681
562467361
562854601
565356541
565469521
566689927
569507579
569720321
571460977
574778069
577538327
578166499
578185301
578560861
578603775
579971617
580786331
583369009
583886383
584968639
586589527
586862737
590990453
592827391
593234123
594987769
600893921
602320753
604007713
604636033
606807181
607677181
610346647
610583221
611852671
612118567
613332721
613343371
614190277
615752051
616681291
617087701
618599801
625381919
628903213
629021017
630888481
630947031
636859339
638493901
643767931
645528885
647190253
647684263
648614891
648726151
649668421
652916521
653927257
655391533
656211233
659124481
659346689
661216531
661839823
663699961
664692601
667563487
669916099
676211251
676502359
677767681
678141451
680983817
681303241
682528687
684394901
686003401
686143327
687515725
688436893
688760711
689987117
691225543
692778701
693847747
698015161
700738177
702652897
702683101
703023319
705883951
711304903
712656907
713946133
714540181
715022293
717628825
719943001
721609673
721847809
723506725
724969087
725997721
730364137
730516711
730650493
730704133
730817641
731471347
731658401
732525553
732635773
732736621
733072807
733382731
735774661
735775889
736606051
736832053
736879243
737534101
739283837
739643491
741419029
741705889
741981871
743404663
749123425
755048449
755144501
756994939
760131139
771350581
773467301
773744401
774027781
774153073
774176833
774693917
776342533
776728661
778951909
779819587
780342851
780384013
784212661
784966297
786775709
788052631
789375511
792329347
794102779
796064851
796072003
801023581
803941069
808587137
809068321
809363941
811110301
815776417
815796413
817076611
819786353
820281491
822815531
823669949
827915023
828509581
829744327
830758825
831126463
831546791
832174951
832292917
832646389
833342177
833491357
834206071
834910231
835051057
837843931
838322599
840101617
840855223
842650831
845376533
850839419
851026261
851032129
852081121
855734401
856301227
857538991
860506693
862082677
862422173
864244273
864980503
865020631
871157233
874392289
878603701
878940833
879485311
881214067
881689845
882147601
887141971
887570599
890687621
890941381
891052507
894118369
894325441
897087361
900824383
903390643
905893447
910287691
910359943
912380743
913091551
920834197
928040131
932793401
936411313
943083571
950458339
950500741
951232133
952838563
955527301
958436209
960237521
960490651
962620429
965838007
967423153
968283247
970355431
971141579
977770531
985061491
989432029
989810251
991567721
994876579
996720541
1002301525
1005402133
1007717257
1008777001
1016411329
1019375281
1022388641
1023085849
1023210817
1024651321
1024848175
1026052771
1027337725
1029890077
1032101461
1035159049
1036733653
1040357161
1048066591
1048105171
1054427725
1055437633
1055982313
1058542609
1059718213
1060427701
1064519011
1067802667
1067947975
1070063191
1071806401
1072511191
1073299501
1075737601
1075814191
1080611071
1082499787
1086477809
1086555919
1087546549
1092694663
1092902533
1093185997
1094523601
1094852489
1096211399
1096421789
1099085791
1104254197
1107403097
1107693073
1108973251
1109451967
1109983621
1112545261
1112987173
1121676013
1126866217
1126998913
1127993861
1128834961
1129716811
1130274881
1134696067
1135024519
1135556173
1135791691
1139401033
1141807763
1143378419
1147986919
1148946391
1150826671
1151917111
1156570729
1157724577
1159896277
1161306721
1163678531
1164838663
1166795473
1168678267
1174913951
1175302635
1176285479
1177674811
1179314449
1179740161
1182788801
1182861971
1183338241
1188885673
1189568881
1202142061
1202893561
1206173009
1207252621
1207338049
1213619761
1214928667
1216072603
1217181061
1217507201
1218159199
1220523739
1221044653
1223256619
1223782297
1224200801
1224393409
1228070141
1229918257
1229956003
1232095201
1232388683
1232853007
1234125721
1234646533
1238846407
1241331209
1244168641
1244431567
1259586001
1261099531
1264718071
1266482017
1267133311
1267775329
1268110873
1268469781
1270193401
1270249073
1272240313
1272889789
1275619753
1277235739
1280876059
1284247537
1284918053
1289281621
1291412431
1292481373
1292925421
1293349049
1296613501
1299371869
1307806501
1308758533
1311255661
1317157217
1320793813
1323292411
1328424175
1331413333
1332053189
1332633277
1333976923
1334193001
1335954547
1338579257
1339613101
1345514101
1346624533
1353118231
1353135571
1356241321
1360565449
1366608377
1369528651
1371720013
1371762001
1376799577
1377352351
1383406649
1385866861
1390558621
1394244433
1395046333
1396183367
1398007185
1398718441
1401840833
1405748959
1410545501
1414987003
1417608721
1424435689
1424912257
1426150965
1427845987
1427900833
1428462311
1428580729
1432513457
1433508649
1434842799
1434877277
1435113403
1436002751
1440752827
1442254969
1442945689
1444095001
1444886801
1447969321
1448466631
1449023701
1451951069
1452203593
1455875761
1455972673
1466169829
1471374631
1476969337
1477422187
1483918801
1484071681
1496676025
1500771553
1511541373
1511558533
1513663351
1515664153
1516272913
1519082641
1529648231
1532755369
1533344803
1533555271
1537105305
1539679769
1540550413
1543819769
1544599061
1547712601
1549552309
1556033221
1556329633
1561390777
1563799981
1568421401
1571015197
1575887647
1575910621
1576826161
1578323545
1581426541
1581541333
1582822741
1589604001
1590564601
1592207989
1592889517
1595622997
1604870821
1615601089
1617244367
1623895153
1627387975
1627644961
1639351981
1640509561
1642004101
1642868137
1644177883
1645080551
1645859251
1649379649
1650682153
1654094653
1658552141
1661409289
1663615731
1665180091
1665871019
1666216697
1667310511
1669354441
1673790751
1674091141
1675214137
1683174533
1683878689
1690914781
1691701777
1697558501
1699093537
1706943811
1707704461
1709133401
1710469393
1719867911
1722679537
1722891853
1725942193
1728307351
1728960133
1729633751
1735191961
1736404729
1736436311
1737847411
1742815621
1743657931
1746692641
1748294731
1751381017
1756848551
1760706811
1767803047
1771154239
1775247331
1779813001
1780322041
1787934881
1788369679
1790250661
1796170351
1798485589
1814832463
1816383001
1816444351
1816853581
1817515201
1817612659
1818827141
1819050257
1820345815
1821792457
1821800611
1822479751
1827084253
1827702101
1829164681
1834955515
1837281661
1839860713
1841870449
1847395681
1854819569
1857046123
1863369217
1864009153
1864346929
1865933257
1866986893
1867906721
1868076451
1870764011
1872398629
1876900481
1880544907
1883509633
1885729463
1886526721
1889528033
1890515425
1893873367
1894955311
1896689737
1898139707
1904524903
1904558701
1910668033
1915641911
1916729101
1917253171
1920882925
1922297851
1924304141
1930403333
1934101027
1939369531
1942799743
1943339917
1943951041
1954094671
1955105797
1955583521
1955928031
1955994283
1957084741
1958356171
1958468491
1977565525
1978172741
1979238673
1990056007
2005142651
2005225601
2008477729
2009621503
2012435167
2015839981
2015968501
2016261721
2016565951
2018761111
2021307109
2025755623
2027668301
2034039871
2035948201
2036374005
2039242267
2046681851
2054080729
2062726597
2065040353
2065938841
2068859963
2068867841
2070921721
2075769191
2076597637
2081034697
2081808611
2083238207
2083295041
2087028067
2091924451
2096974335
2099828011
2101401101
2105489681
2106147457
2106427033
2108761201
2109533329
2114643217
2116020653
2120867575
2124004919
2127197489
2129395141
2135567821
2135680021
2136618331
2141033203
2143728181
2145165697
2146972213
2150849317
2152709959
2153736811
2156767003
2162518273
2164957957
2167534783
2167577527
2171012299
2172549691
2174166881
2177507047
2182728925
2187580487
2188517663
2188613081
2190714403
2191189051
2193291325
2197813333
2201347513
2203537373
2204314003
2205388351
2213711713
2214761251
2216093707
2216431507
2217839131
2224188793
2227168981
2227207399
2229468697
2237423857
2239815901
2240825581
2241644311
2242083487
2249108821
2251928575
2257069201
2260585651
2267978701
2276606503
2277672413
2278829281
2280656953
2283430117
2286281251
2286475051
2286489397
2293253881
2295559813
2296543159
2298511307
2310391639
2311558021
2318732111
2318964821
2323952161
2326534861
2331925273
2341075843
2344578077
2347414609
2347570933
2350196311
2352083497
2352456289
2355230749
2359020061
2359371307
2365417777
2366923087
2369847151
2371151575
2371215871
2372554273
2390840761
2392771651
2394862751
2402350147
2407359217
2409080413
2409589657
2412172153
2415033193
2423160577
2423979919
2426685661
2431144801
2439155503
2439942571
2445579907
2446810957
2448357481
2448848981
2450305537
2454246341
2456344769
2472163801
2473616017
2476064501
2480147521
2481015491
2482465861
2486448259
2498571349
2498803127
2506722931
2512526413
2519230141
2519402161
2522705725
2523611941
2525468947
2526566041
2538114541
2550311101
2557797167
2557944703
2561654099
2565102487
2567053301
2572286707
2575080397
2577345541
2579528617
2584018289
2589701951
2593833373
2595126353
2597294701
2598933481
2608574411
2613808279
2615491451
2618011111
2622968129
2626457803
2626735141
2630997541
2637480187
2640060337
2647947961
2650823561
2654499193
2655799861
2656755889
2658092893
2664379201
2668246153
2671407701
2674839511
2679054967
2681041843
2682584161
2695005951
2695064653
2698502687
2699333071
2703479497
2705647141
2705760829
2714123175
2714683091
2715365971
2716732357
2717428033
2717534509
2722485877
2728102969
2728298717
2732182381
2732693371
2733156029
2734668077
2744208615
2745534421
2753284777
2758086619
2758398917
2766006253
2771251547
2778813041
2788694749
2798445457
2802268499
2808232897
2812631557
2815317649
2822830561
2828698133
2829415051
2837102833
2838889771
2839123673
2844903133
2847423001
2850487201
2850845351
2852595517
2860279379
2861186641
2863529137
2869410361
2872948321
2889927041
2891072581
2892431701
2894667781
2894965441
2895004927
2901336481
2903013961
2913401611
2914038821
2918274361
2919556441
2922935971
2927266123
2929062533
2933588503
2937420379
2938054951
2939563793
2939594407
2941345051
2949800023
2951808427
2952014401
2954462509
2962956977
2963851801
2964403051
2969920081
2970486251
2972198881
2972420323
2977885177
2978766341
2989093073
2989134751
2991775643
2991834737
2996944133
3006039601
3014101261
3023009809
3023423537
3028125781
3029349073
3040944271
3041205315
3045635029
3048323041
3061489843
3063685633
3068436893
3077024413
3078042169
3084687775
3089280793
3090925003
3091354111
3103545979
3111223441
3112723351
3142656469
3143935411
3146902111
3175904033
3180288385
3185944273
3186466291
3193749721
3201787249
3211611901
3213895051
3216409099
3217744531
3221811709
3222693421
3223410079
3224109701
3226121053
3228363109
3233471515
3248561821
3257334541
3260299771
3261073201
3262709701
3263568901
3264125441
3264448139
3271998641
3277079191
3277104991
3295217971
3295362727
3304403821
3305847763
3309118699
3311236741
3315688781
3320669437
3321887981
3326149703
3326803201
3332303099
3337462981
3340971289
3349997731
3355463341
3355619467
3359734241
3369251047
3370276573
3370792681
3373247431
3373301587
3384646709
3390564241
3395120977
3398397773
3403075033
3403593901
3403953463
3413060701
3425097391
3426941431
3430765921
3437835857
3441887629
3446021881
3446334767
3450834733
3453354607
3456067441
3457350931
3458341657
3458582751
3462062651
3462909031
3464236901
3466870681
3469409143
3480908203
3481315003
3491923051
3495943153
3502679053
3502970551
3503272783
3503884519
3504722521
3505827997
3508999651
3512847869
3513045493
3515576221
3518851111
3532275919
3542828801
3543037741
3545617627
3547619809
3561179701
3582050011
3590841797
3594968821
3603030637
3612070747
3633802561
3645942019
3649066849
3651106523
3656035335
3664354987
3665207071
3665991451
3667604383
3671126131
3671742901
3672754633
3673547641
3674342593
3678588373
3683438797
3711410929
3712429207
3713287801
3723104797
3723899089
3739387081
3753039907
3754587201
3756668401
3757929187
3761091937
3772938529
3774302641
3783003409
3789843461
3797969297
3800306971
3802646761
3807044251
3809894833
3814624153
3823386463
3829656403
3841324339
3849251953
3850000321
3861301459
3874471147
3878586001
3885691013
3886269841
3887414521
3889818451
3890736481
3892461931
3894053311
3895924033
3900299531
3900970477
3928256641
3928291121
3929502919
3936931567
3937408441
3937526911
3939646189
3942600481
3944598491
3945807977
3953752181
3955764121
3958263997
3960561281
3965038969
3968067181
3968656721
3974111857
3979485931
3981090457
3990861841
3995566621
4001047109
4002124013
4026822577
4032839791
4035028861
4039369755
4039584061
4044434831
4051950481
4055976733
4060287793
4062489421
4080167761
4083390821
4086437587
4087465621
4088838913
4092226921
4092555391
4095465877
4106767051
4109913323
4114185629
4121854001
4126884301
4131650431
4144080097
4147919821
4151364491
4154585641
4158228907
4175289271
4207191577
4228090903
4234957663
4243607651
4249912753
4250089117
4250911061
4256352907
4257780001
4266624811
4268359621
4277526901
4278338369
4285434493
