25
65
325
1329
1417
2725
3091
5951
9881
11089
13019
14981
16771
21325
23479
31747
35425
38503
42121
42127
44801
49729
54305
67069
68029
77293
80137
91519
92977
95821
96727
105877
111841
118301
130825
133141
141193
146611
152021
158701
191351
205465
219781
265357
271525
275887
277225
290629
325981
335329
351163
377719
385003
393427
395279
405233
422659
438751
445301
486019
570397
631351
652879
661081
663171
705965
765061
813359
819541
865063
873181
879841
910543
928801
954271
1003861
1069993
1090051
1099387
1114411
1118657
1141141
1154131
1183849
1201861
1208701
1283311
1331629
1373941
1409339
1622251
1672231
1690501
1700725
1736561
1809697
1829521
1853971
1964621
2030341
2059129
2075239
2159389
2192219
2205967
2222065
2281049
2316211
2324425
2337301
2352331
2505371
2543689
2560825
2603989
2617501
2678413
2741311
2746477
2799613
2854471
2960693
3000241
3059101
3093697
3117547
3203329
3285829
3375487
3422959
3529825
3560761
3568661
3584491
3634633
3647621
3686203
3822337
3828001
3906211
3985921
4181921
4255903
4265257
4425793
4463749
4530349
4607261
4623319
4671577
4911193
4917781
4962497
4964851
4984279
5050081
5148001
5194051
5292631
5408461
5495701
5519681
5875241
5892511
5897731
5906413
5938141
5989411
6157601
6192721
6210271
6330721
6404029
6464701
6577121
6603301
6688039
6717803
6787327
6851521
6973063
7028821
7062307
7110793
7152443
7207201
7232321
7415161
7423771
7616701
7648033
7701079
7725901
7746829
7917757
7940101
8042557
8086231
8095447
8293381
8385191
8409259
8417251
8477801
8622049
8754661
8755627
8880449
8896609
8978581
9030541
9059721
9069229
9110981
9111181
9199783
9264433
9322591
9371251
9453011
9696329
9864205
10018807
10068031
10509751
10700993
11067631
11165197
11622913
11875501
12085217
12446821
12843013
12854437
12884617
13003981
13073941
13264699
13324411
13481665
13692001
13697191
13745801
14063921
14226247
14259925
14373433
14555221
14608133
14685179
14712337
14848525
14899751
15004681
15102379
15124969
15269857
15390037
15502213
15908381
15984589
16483303
16604381
17085223
17140789
17185501
17198039
17429227
17544209
17783141
18212977
18383257
18578113
18783781
18888379
19061281
19163233
19169119
19328653
19404139
19463261
19465909
19543831
19638841
19829951
19899907
20472985
20779487
20979769
21038929
21220271
21651361
22010119
22214725
22388209
22476889
23017429
23172211
23208769
23236429
23483791
23606371
23716891
24084581
24242261
24540787
25056697
26694361
27236311
27348301
27409541
27509653
28009253
28101511
28527049
29285891
29564393
29596225
29877541
29878381
29971811
30217525
30371923
30542131
30633919
30726263
30824399
30885401
30929887
30941401
31036961
31087477
31189051
31277017
31315033
31464317
31470211
31571443
32106001
32391841
32429431
32681017
32817151
33290725
33541423
34086097
34129321
34657141
35213459
35664151
35691133
35932459
36120901
36243307
36724591
36981601
37081123
37089157
38438863
38532073
39363871
39371141
39545221
39547171
40062413
40099223
40102063
40621591
40722469
40946221
41142037
41661049
41926273
42094081
42402013
42698023
42788989
42811931
42956497
42998901
43195387
43275229
44314129
44482901
45175201
45360449
45466513
45786133
46483633
46633861
46647721
46728533
47398129
48173711
48551161
48574093
48612527
49019851
49023151
49735351
49918441
50102551
50237071
50249701
50689693
50893741
51425011
51704281
51839161
51880357
52522523
52532213
52995781
53145919
53287081
53370029
53597407
53815681
54630937
54653461
55461377
55464481
55728721
55955231
56150693
56150821
56479897
56743765
56835613
57280081
57748489
58028737
59309251
59351251
60033403
60996097
61044271
61363541
61542961
61754941
61918561
62441749
62756641
62815477
63064171
63290305
64537771
65349253
65428117
66998317
67270681
67775401
67902031
68182003
68621701
68727349
69176647
69594361
69885649
69890059
71544397
71768143
72145009
72484231
72813511
72821719
72922261
73163021
73237601
73760633
73951939
74985607
75923849
76164013
76479397
76976791
77009743
77090413
77511527
78115423
78167701
78503581
78644611
78853091
79398901
79445269
80224499
81181543
81376903
81571001
81991537
82831571
83212621
83727449
83912641
84354821
84485161
85358197
85409941
85546969
86563277
87036247
87375349
87615613
87665101
88505381
88741171
89487817
89998273
91653589
94406203
94757941
94760137
94893283
94983901
95893099
96232501
97071211
97161373
98894251
98993281
99751747
101547217
101751487
102039859
102531421
102678031
102690901
104220703
104573629
104610025
107317541
107772211
108453925
108870961
110524831
111213307
111592469
111593725
112109713
112964993
113492101
114305441
114329881
114536557
114706153
115214353
115387903
116282113
117129421
117186037
117588013
118172521
118901521
119979787
119990627
120151891
120437629
120768181
121065379
121257319
121779061
121821251
122272921
122967769
125868943
126428851
126728881
127044781
127534243
127811833
127866377
128165509
128344231
128357311
129205781
129451297
129504871
129623917
129679447
130606547
130923121
132683347
132950273
133416193
134309291
134767153
134777221
135626761
135830371
136114289
136201591
136716889
137340451
138828821
139363927
139488091
140309947
140969011
140978749
141038353
141388619
141536323
142930657
143168581
143271941
145147561
145150279
145206361
145251541
146021633
146272901
146806129
146884393
147123601
148392781
148425421
149006521
149347001
149820193
150192667
151830551
152279063
152344051
152716537
152937401
153857887
153890227
154011467
154019191
154034981
154492231
155934001
156486961
157212883
160098173
160996501
161005573
161304001
161352827
162026869
162096901
164961763
166335853
166467659
166805633
168316009
169196431
169608067
170189417
170816419
171761977
172116181
172933541
173093491
173401621
173678203
175440829
177896951
178416127
178837201
179381197
179593501
180264709
180553881
180937609
182128801
182636203
183778607
183799027
184993121
185040703
185379025
185613889
186902291
187226713
187248307
188516329
188649001
189098869
191219341
191321407
191755525
194424491
195100057
195498217
195761521
196287391
196596733
197239591
198073951
199570093
199679509
201146137
201529351
203071903
203110001
203288609
204814679
206894161
207132481
207896063
208464887
209106361
209337661
209402911
210312829
210431761
212230849
212961377
213207023
214316833
214319737
215310551
216126751
217307357
217396481
217472501
218774881
219416689
219621733
219669451
220424381
220471841
221253161
221340421
221695051
225676417
226265521
228663793
229378801
231405701
231610825
235224571
236976149
238032001
238622413
239002597
239395349
239802091
240141287
240528031
242650717
242774281
243174223
243347347
244061371
247046477
247587367
248550401
248683321
249212239
249432331
250216801
251706157
252552301
252605107
252685847
252884725
252906403
254781451
254830987
255281951
255677017
258503701
258634741
260190019
261962317
262503047
262980331
263953999
264463123
264719041
265731931
265830391
268946591
269125221
272615201
272705491
273309143
274614149
276511321
278943061
279065377
279129925
279377281
281889697
283484449
284657671
284753899
285057263
288024817
291296941
292270889
297471511
298204831
298491481
301443091
301459201
305464661
305513371
307520929
308540887
310068929
310823899
312940519
313153177
313589653
316349281
317915701
319053281
319167157
320587493
323777581
324496849
325834309
326695141
327621661
327717181
327774721
329332151
330159061
332274427
333265861
333486833
333619357
337389823
338321809
338455153
341301493
342052751
342405901
343689641
345674071
352171741
353783497
354080381
355267543
355297301
355891369
356506651
356604421
358124449
359696431
359768821
361880851
364143551
366337201
367156859
370726333
371920867
372383857
373157797
373669453
374347513
375183973
377977573
384750925
386634337
386953013
388384093
388501177
388704709
388886221
391139401
391930003
394525825
396898321
398428243
398532817
399004453
399793451
404152001
404465651
404840833
404908993
407367799
407476897
407945737
409458241
412359229
412838161
413227939
413670661
413898001
415108891
415927121
417142111
417899341
420595471
428250691
430497289
431938981
433423225
433559501
433616237
435860497
442181291
443599291
447191893
451008091
451990417
452580151
452788111
455090681
455712913
456044077
459838867
460084951
460585861
461063023
462712421
465086689
467832421
469209751
469784561
470063791
471117877
471168253
472091497
473396057
475320619
475969231
476059523
477203959
479284153
482120827
482314801
486070213
486548641
490057837
491389741
497013661
498442951
499004273
503569639
504140951
505691551
506881423
506960021
507082699
509973817
510703961
511121161
514228807
517635991
518504533
518752513
519222961
520258381
522704557
523360729
525434461
530717833
531675847
532758241
533070049
534782293
536031889
540427031
540654409
541158853
541221127
543502279
545057371
545738203
546305371
550660081
551313001
553093399
554494951
560612167
563902777
566389801
566938441
567815617
568015861
568339069
569720321
569784403
570353431
571564601
571915439
573183451
573584761
574806341
575955377
576082471
577352641
579836401
579956653
582186701
582799951
582966529
584868181
585003169
585261637
585755561
587897713
588485221
590354623
591413941
595616227
598225297
598431527
599135767
600416929
602508301
604200101
605858761
608560661
609244501
613457951
620103553
620928533
622803511
624732421
625647241
625906885
626584921
629912989
633944033
634113943
636442003
637140247
637641371
638723251
640133821
641490697
642754321
643316461
646887571
647243605
647759377
648321451
648410173
648833329
651861761
651934651
654649789
656824033
660257863
663699961
666288001
667563487
669916099
670208533
671871421
674104609
674621371
677419531
677497393
680866597
682460501
683316001
684051209
684210061
685667317
687039013
692113153
692861759
694722877
695290829
699301219
699894001
700196011
700982761
701263873
704009251
706908301
708410809
708477997
709912657
710382401
711754441
715310809
716169301
717421531
719492671
719818321
725508241
730704133
735064619
735472351
738862969
740933713
741746011
747325237
747370801
747870779
749670247
752186593
752955451
753158311
753233717
753600997
756579151
758081801
764033999
767415169
767769449
769006153
771514543
771797629
773286889
773803601
774362161
775136251
775746925
775834723
784946017
788928251
801441229
803883893
809670049
809790881
810099001
819696431
819765217
819888023
820281701
823406117
823705249
829368167
829978381
833709781
834704971
835526441
840530629
842116861
845667083
847471171
850871347
851703301
851778817
852999481
857277433
857538991
865020631
865047121
867661981
868113937
868641817
869928377
876183493
878603701
878940833
885312121
891602857
892186241
899244613
901180801
901699681
901712191
902096161
903136901
905989867
906668401
914634883
916354433
917880413
919233151
920384053
920834197
922767913
924337657
925165039
926802059
930326251
931525313
932098133
937568321
939947009
940123801
940236571
941505553
941790091
944657443
944832533
945902647
947342353
947485351
947878081
948244021
948275641
950371003
956358913
958762729
962375941
964838317
966910051
967287751
967998747
971515777
972132071
972372601
972812821
975390343
975665665
976169851
976396961
976574329
978572473
979543937
982324591
982442683
985969157
990698881
991977017
994826251
996003559
999260501
1000785013
1002728761
1005402133
1007816113
1009823197
1011319501
1011704047
1024605121
1025101463
1027127221
1028529553
1028591801
1028830811
1031723971
1034475601
1035402721
1036969627
1037750617
1038850529
1040357161
1046525483
1050617131
1054999441
1057324399
1058816533
1060354951
1062259451
1063075549
1065637513
1067064781
1067920811
1069979689
1070063191
1070941987
1070989291
1073356831
1080124657
1081269421
1084154257
1084952881
1088804641
1092420841
1092902533
1098945469
1099563643
1099873243
1105545871
1107403097
1108136701
1108753813
1112524813
1115685463
1120297697
1122003397
1126587151
1134740881
1135879537
1137051541
1141350211
1142023507
1142369161
1143378419
1149032981
1152683533
1156995407
1157445451
1157839381
1159992793
1160450461
1163343239
1166779981
1169894713
1170227059
1170232883
1170937571
1171811653
1172395153
1172737147
1175248961
1177300951
1180296521
1182342457
1183034425
1183253347
1184554801
1185605209
1186915861
1188646903
1189168129
1191216133
1192540441
1193005477
1194836431
1195753763
1197456343
1197917299
1200402337
1200668941
1204176751
1206280513
1207438357
1209169543
1210393801
1210525009
1212540451
1213668121
1216649341
1222787623
1227278011
1228672513
1229731231
1230021469
1230137161
1233947177
1239675851
1246094981
1247875903
1254948337
1256566459
1256780071
1257102001
1260309343
1260332137
1260534601
1264466317
1266425101
1266989701
1267133311
1267664701
1269261073
1269682177
1270667353
1272611071
1276449721
1280450669
1282875397
1285381891
1285438681
1289979337
1291412431
1293469519
1294814557
1296945157
1299336397
1302328009
1303938001
1305810161
1307004641
1307132401
1308118081
1309531861
1313022881
1313428201
1318016701
1320830281
1328560801
1329325201
1331613739
1333215703
1334514817
1335707953
1336276111
1340121257
1340628199
1343342785
1343575381
1347962981
1350685001
1352326021
1355839739
1357803649
1358900173
1359481589
1362742561
1363178701
1369309177
1371908137
1378203751
1381325009
1382453333
1384882801
1388325901
1392853597
1393851553
1394632891
1401238441
1401547687
1407548341
1408610503
1414154827
1415979979
1416144133
1417268341
1420890325
1427316697
1432354901
1436623501
1438318801
1439756137
1441678411
1443652033
1443658021
1446457933
1450122851
1450718425
1452649381
1462244029
1462393201
1467817471
1468635061
1470090043
1473198841
1487304023
1487470657
1490467897
1494595801
1495170073
1496233003
1496710321
1500142001
1500446491
1501882201
1501960637
1503274681
1505432881
1509496231
1509776101
1515175087
1519320661
1521167617
1522662389
1524708013
1527188461
1532468969
1535817457
1538071061
1539679769
1540673779
1542956419
1543776301
1544599061
1546883209
1547321131
1548081991
1550989177
1553010481
1553110231
1553993263
1559601941
1559625211
1565893201
1568916311
1570997431
1571754241
1573689151
1575825689
1576826161
1578009401
1583230241
1583497681
1583524421
1584593641
1585982971
1587577867
1590374251
1591612441
1591970657
1593999499
1604173481
1606097953
1606749061
1607269483
1611615151
1623130381
1624011023
1627172929
1627479169
1628692201
1630161541
1636572721
1637295661
1642868137
1644945733
1645559609
1645859251
1649325889
1655531291
1657765891
1658291461
1662638083
1664040673
1664409121
1664669761
1666131829
1674454201
1674658133
1676260657
1676924107
1684898503
1688793289
1694704073
1696259137
1696462489
1700694301
1701129281
1701541973
1708298551
1709881273
1713319453
1713560761
1713809521
1714935377
1717232401
1718281843
1721775613
1733313913
1736122513
1738769281
1738884421
1739168573
1747165897
1753593031
1755994571
1758288577
1758484771
1766522323
1769088973
1772631997
1773806413
1775658259
1775969347
1777380301
1777554613
1784865337
1786703497
1787053801
1788549001
1790023861
1790267051
1790771659
1793639537
1800810091
1803419557
1805980453
1806517969
1811444461
1814251391
1818958525
1823235937
1827260641
1827702101
1828593583
1831947001
1834448443
1834893293
1835408401
1840610479
1842373651
1847588989
1847839447
1850233897
1852356281
1858490713
1863572731
1867238101
1878500647
1887088589
1893427981
1896281011
1896689737
1905427621
1913422591
1922297851
1930403333
1931280877
1931426701
1938646889
1942089601
1943951041
1947686761
1948803097
1949688113
1955219311
1955555801
1955771767
1957697081
1957993423
1962730531
1963181081
1968028921
1976640967
1980485341
1982876941
1990240181
1997844157
1999743661
2000319553
2001513361
2001635143
2003905201
2004299641
2008184641
2009799937
2016710851
2018761111
2019805261
2022982831
2023073101
2024255423
2028685753
2032450981
2038345579
2044242883
2045208257
2046408787
2046790513
2048820451
2050155433
2055471401
2060230201
2060910307
2067767461
2068899383
2071874419
2075429203
2075850817
2083689901
2086888213
2088126151
2088768533
2091989033
2093467141
2094177403
2101755697
2104802393
2107345681
2108761201
2112112001
2119102651
2125741021
2127738061
2131073701
2131620571
2131822801
2132415361
2132433869
2132829181
2134251571
2136140621
2142302741
2142568543
2143577167
2144105239
2144907631
2147022749
2149255487
2151018223
2156567291
2156767003
2161715953
2164282177
2167958531
2169646561
2173617073
2173983131
2176870501
2181916909
2184383725
2185686559
2187413119
2187606539
2189700833
2190001771
2190361309
2193225761
2199036997
2199931651
2201347513
2201924341
2202101761
2202205897
2203663621
2204314003
2206018531
2210621797
2213357059
2216960929
2218382851
2224606801
2224943641
2233247677
2241084431
2243273761
2251556353
2252874601
2256259153
2259174331
2262861901
2265120769
2269491451
2269506313
2272413529
2274200441
2276606503
2279052749
2280656953
2290361221
2295330439
2297067967
2297149453
2298363451
2300319061
2301980801
2302051849
2302816897
2304156469
2308045771
2308966661
2310852391
2313644761
2313690121
2317082021
2323147201
2327550097
2328955021
2332545181
2332627249
2333072173
2334175409
2335525903
2335706909
2342409691
2350020521
2352371251
2361991651
2362421953
2378952883
2379610351
2380603501
2383164577
2385548881
2386452601
2387525141
2387943721
2393105857
2394862751
2399162851
2414673271
2418196051
2427160789
2428870753
2433195451
2435257567
2440085551
2441432503
2444736533
2448374689
2455024133
2459637181
2463879497
2464601171
2470706657
2474467741
2475048073
2475280747
2484548947
2492874281
2493698131
2494117531
2500527853
2501771329
2506326791
2512118731
2512962079
2514093553
2514929581
2514936079
2519297089
2528268931
2532010139
2532630787
2536737361
2537749891
2544329101
2547439519
2552291219
2554149259
2555210233
2563970737
2565186137
2565664141
2566900421
2582357707
2583416221
2589212641
2590791769
2593538641
2598933481
2601842377
2608572451
2612801269
2615604157
2616180821
2620151297
2623206697
2624441041
2629245841
2636360191
2641954321
2642139433
2644087597
2650180649
2652168731
2652314257
2652996691
2654505649
2657314351
2664557281
2664986881
2674192993
2676053333
2676876529
2697163561
2700107191
2701878941
2704383551
2704601953
2708039797
2710424737
2710970473
2712283081
2714542321
2716344661
2716781401
2729333647
2730075559
2745172711
2746839877
2752534271
2754040213
2754547123
2760438751
2760996781
2761545403
2764236971
2765560711
2766752561
2767579907
2768799629
2771709761
2774577031
2778076421
2781585409
2787993121
2787998641
2790856751
2791053541
2791136839
2794185031
2798992811
2801337631
2807249551
2807354881
2807865209
2812050757
2814177901
2814276259
2815816033
2822521411
2824066649
2825682553
2825975881
2832701057
2836157501
2838271747
2839702961
2847894377
2851693501
2853317161
2858583961
2860846721
2864311717
2869802321
2871974561
2872179841
2872432949
2877098641
2879049181
2881429741
2883442477
2895004927
2897736661
2907181691
2910669287
2913406081
2915953633
2918295451
2945208001
2959430611
2962008001
2970815503
2974829701
2975986729
2978768989
2979874603
2982072601
2984031679
2999683861
3007658671
3007957949
3008333333
3008717281
3010940725
3018279559
3029719793
3032134387
3033340213
3038035151
3044527477
3048698683
3049386451
3060537511
3063685633
3069385057
3076891201
3077802001
3078023947
3078612967
3085908851
3087122221
3087486361
3112918321
3116834401
3121936271
3130047737
3130386821
3132114917
3133871173
3138998141
3148269359
3150697801
3151547351
3161757457
3167917873
3172127689
3172658653
3180016849
3182462911
3184016191
3186595981
3187421077
3188031211
3189888001
3192323681
3198574867
3198682369
3203895601
3216762067
3220158517
3224998393
3227763511
3228673297
3232912621
3242286403
3242514731
3248891101
3253404013
3258425633
3259595539
3262618789
3265595551
3269558569
3271298887
3281593591
3283804801
3285075457
3285931525
3289320721
3296558777
3297193241
3299532251
3299942017
3301335577
3311236741
3314111123
3316485421
3317313133
3322727437
3326123971
3330604451
3331300033
3332340703
3333339839
3339531521
3352026133
3352776701
3355749811
3358939153
3364559491
3365806481
3367964473
3368281153
3368823121
3371024521
3371778763
3376020077
3387014401
3394945241
3404168197
3407609221
3411250081
3413780371
3420524467
3436139191
3441013489
3442964671
3447547489
3448620793
3449173963
3453258757
3457896259
3460065541
3462817177
3462909031
3464236901
3481538581
3484351081
3494125321
3497355271
3498145489
3507805153
3512369857
3514134241
3519235525
3538213381
3543672001
3549286001
3550401011
3551925367
3554321851
3554383141
3571168591
3572518441
3572668117
3573097711
3581831761
3584408689
3586833253
3596724479
3601171121
3602006101
3607403801
3610247851
3612391451
3612825221
3614283451
3628526287
3628689025
3640332529
3647818217
3650592667
3664296821
3672678673
3679113199
3694411001
3695603969
3698276741
3699020257
3700447921
3704116219
3705051241
3706404781
3710037661
3714737377
3716833657
3718299001
3733646491
3736293461
3739169743
3744681529
3747968185
3754587201
3758796211
3765375613
3769833289
3770145751
3774574801
3775385011
3784494025
3787466929
3789787501
3789843461
3791391991
3800745521
3806586631
3815548339
3821563747
3824533793
3832413097
3832807681
3840777739
3848011873
3853485325
3860781299
3866093183
3872607481
3878450413
3880347661
3882729131
3892928203
3895046191
3896371231
3900026461
3908413559
3912629573
3921029491
3925273153
3927374257
3934264447
3938255425
3945199763
3955173839
3958774249
3959004979
3959921521
3964119001
3967734331
3972197381
3976326901
3981504451
3984235561
4003487857
4023963997
4026355393
4032215009
4034969401
4038242413
4041084853
4042578403
4047411551
4048989001
4074902593
4080879241
4087536001
4091566081
4093268521
4100934241
4101544189
4103331277
4114468723
4121788501
4134125893
4137865933
4140507853
4140589441
4144945351
4151938597
4152218251
4154365261
4158751843
4159767737
4164191203
4173476887
4175057899
4175289271
4175489449
4176142891
4179998791
4181419393
4202896921
4206758533
4212825193
4219253741
4219589011
4229445601
4232511109
4232966251
4234700681
4235818861
4243326481
4244854267
4246689241
4274270051
4282033687
4285899221
