9
21
27
63
189
559
651
755
793
871
1241
1661
1963
2623
2751
2881
4061
4087
6493
8321
9073
9211
10117
11581
14111
14383
15251
25351
27613
30857
31021
31621
34099
37453
37901
42059
42127
44545
48133
49141
50881
53131
55093
56033
59645
64285
81217
81797
82513
84409
85281
86897
87949
95941
96139
96617
111169
111361
117157
119743
125563
128143
131521
141373
146611
147109
175741
185329
196981
211411
245099
259153
286903
293281
309205
310381
324221
354817
360533
362791
364311
364597
367159
377719
382411
394865
396073
416641
435031
455533
460315
466057
479119
531931
555397
565001
578771
617137
634351
648049
696865
700543
763813
769567
816073
840781
883009
906193
910001
910581
923365
943669
950797
981829
990343
1032533
1056331
1092547
1141561
1148929
1248283
1258093
1320463
1368541
1376663
1433407
1453861
1663213
1690501
1718431
1759915
1803601
1934227
1945441
1966801
2028889
2044791
2067841
2094709
2190205
2284453
2284633
2358533
2435833
2480879
2517497
2596721
2749429
2948947
3093697
3121111
3183181
3294187
3434881
3521743
3708391
3713311
3725191
3810241
3828001
3890461
3891961
3985921
3991201
4293181
4307095
4332077
4335241
4415581
4429207
4686391
4814821
4865239
4875601
5090821
5148949
5323759
5373629
5429821
5443011
5603333
5655403
5771399
5866855
5903497
5906413
5979247
6042017
6126863
6132457
6163561
6184501
6275369
6405601
6469789
6477941
6494801
6541657
6716467
6733693
6787327
6805081
6968627
7086641
7166017
7379737
7385209
7440553
7532713
7992913
7993771
8022781
8071699
8201201
8224295
8247601
8335819
8340571
8479673
8642869
8696845
8768293
9058897
9073513
9075139
9267077
9373801
9493903
9494101
9656989
9754669
9835541
9917461
9993631
10068353
10374439
10386241
10402237
10403641
10506997
10532273
10791883
10878743
10880137
11019691
11107121
11210641
11703583
11704969
11723639
12119101
12256381
12318541
12358171
12890503
12932989
13070001
13295815
13322261
13374593
13585051
13694761
14050601
14063281
14087737
14450203
14608133
14842301
15975145
15978349
16149169
16628767
16666651
16703597
16704349
16943641
17083837
17202131
17236801
17244109
17281111
17365321
17480737
17617315
17905321
18479401
18514021
19275587
19488913
19781737
20351563
20365021
20414941
20586637
21165643
21467603
21654533
22409269
22456519
23097131
23129633
23297035
24413401
24458449
24550241
24599653
25265773
25873381
26536891
26977001
27012001
27265801
27509653
27543979
27773887
28455769
28727353
28805713
28863493
29266451
29763955
29965195
30663361
30677941
30741811
31037827
31040833
31760737
32681017
32701297
32817151
33105269
33509131
34035271
34060131
34252921
34330001
34332481
34751999
34939381
35764201
36175861
36435389
36436681
36765901
36867151
37084529
37093627
37577539
37964809
38798695
39117439
39125269
39371141
39469519
39547171
39949981
40621591
40827473
40863061
40917241
41194387
41223211
41267659
41395273
41531491
41642929
42061837
42621715
42702661
42764453
43367651
43371001
43646593
43681601
44082721
44148649
44186143
45744091
45940117
46045117
46415791
46469809
46584037
47253133
47253781
48304481
48498151
48546607
48566197
48753823
49459801
49735351
50341169
50369573
50502205
50909197
51181903
51377677
51828241
52065127
52330513
52482977
52652821
52718971
53542147
53571253
53580367
53638903
54459841
55188121
56029933
56150623
56160133
57203407
57324511
57924883
57938959
58003213
58278041
58438549
58679941
60481411
60729649
61091497
61539239
62119361
62455873
62566093
62927171
62945231
63170983
63407821
64961353
65242255
66007061
66342673
67902031
68102641
68462551
69197311
69871201
70015701
71094223
71544017
72283009
72813511
72945835
73020841
73022491
73262593
73337581
73562035
73961521
73963501
74874869
74927161
75352741
75655189
75727957
76258297
76307617
77605277
77622533
78051181
78155701
78464035
79786523
79854721
80001829
80296213
81376903
81816547
81901513
81924701
82097011
82470103
82898533
82929001
83073901
83124361
84154933
84354821
84890737
85146973
85181401
85201117
85782043
87304165
87430253
87563941
88262357
89517299
89517793
89784581
89896717
90178901
90188981
90203059
90912151
90970133
91258651
91877017
91912543
92057081
93046351
95652481
96207385
96232501
96588199
96791881
97004251
97047301
97253539
97879783
99245143
99253393
99809051
99945007
101479841
101541007
102690901
103448809
105259079
105635531
106499551
106664881
107019361
107869549
107873221
107903617
108596953
108699193
109016221
109541461
110042719
110043119
110156845
110413333
111540001
111824497
112092553
112499311
112709143
113197061
113605201
113657347
114305441
114910489
115039081
115369619
115542505
115811991
116151661
117771551
118387447
118901521
119166809
119559133
120476371
121745021
121820887
122398519
123247001
123669731
124274417
125122099
125222599
125307421
125997121
126440731
126914041
126985723
129623917
129921787
129997501
130693393
131369801
133861729
133943251
134071015
135154321
135308881
135969401
137736817
137763037
139008637
139952671
141184891
142922413
143168581
144369149
144659359
144905417
145206361
145410931
145820503
146387809
147038515
148359509
149293831
149490199
150435517
150634993
150858553
151307751
151358059
151736881
152017831
152255611
152368133
153739009
155161843
155412853
155598791
155752567
155801689
155861929
156327445
157542533
157615093
159006047
159270589
159874021
162096901
162395521
163063783
163293161
163800901
163891081
164399437
164887273
165588413
165931195
165938653
167472451
167587933
168566501
169412209
169771541
170856533
171557101
172195115
173320813
173492801
174167407
175767841
178837201
178937851
180686881
180710461
180873265
184010089
185040703
185587411
185870089
186109093
186310781
186956911
186979267
187176601
187949987
189686503
191648161
194141393
194453503
194514157
195045517
195159553
195218167
195248251
195824869
196287391
196421809
198188721
199789441
200044051
200262259
200705801
201261061
201573737
203231621
203491627
203818969
204271021
204488231
205364251
206455369
206472421
206622541
206894161
206911609
208464887
210417859
211210511
212309533
213173833
213565969
215786321
217186537
217517653
217622401
218392513
218624033
219060739
219083635
220012591
220222297
220243879
220883521
221257609
223051141
223502701
223947571
224597881
225504311
226637371
226786577
227180923
227259719
227444101
228051757
228663793
228676933
228830923
230781281
230794013
234903341
236596921
237807397
238001653
238625347
239395349
241301341
242208581
242424197
243392153
244061371
245685151
248988013
251330713
252068059
252728869
254781451
254900101
255455587
256675861
259141583
260204551
262241551
263428181
263735281
263861611
265554997
268505551
270343471
272247361
273678151
273894997
274954993
276542401
277477903
277512373
279744031
280312003
281288801
281360551
282439837
282769771
283200163
286171201
287087059
288194581
288243523
289485127
290010241
291667967
293585167
294414121
295982545
296792497
298204831
298578671
300214531
301183291
307061371
308550061
311076001
311311001
311944249
312225061
313158913
315418603
316097843
316804867
320397085
320454751
320778641
321807523
322020973
322390909
323654041
332740981
333571591
334660411
334963333
336098957
336567451
338452321
339759211
339953281
340933811
341848729
342014077
342336233
342569671
344066101
344979583
346000301
346305403
346859521
347121217
349470703
349723189
351717193
353878801
356835277
357308593
358922497
359696431
360018361
361842281
361957913
366966241
367042691
372383857
373299841
374457107
375135361
377235631
378089599
380070913
380666881
382304161
382935881
384365827
384650605
385319089
386119739
386952421
388025947
388277921
389134021
389302915
394440301
395933539
395985143
397460911
398844001
398866513
398925911
400395997
403095421
405307543
407889161
408284621
409939091
410044951
412071505
412618753
413828461
414832969
415108891
415673077
415927121
417746629
418613837
419666833
419804113
419894021
420431215
420721633
421723999
422305577
423933241
426061201
427033927
428457251
429890581
430833313
434063557
434343601
434644033
434945681
439309261
440219011
442051681
442209013
443353633
444116331
444172771
445202605
445423651
447247963
447652339
447712669
448013567
448901021
450741121
453786919
454305349
456360673
457493041
458680837
460625281
461329601
464583781
465138493
466350607
467491753
469020553
469683061
469784561
470063791
471264613
471697799
471968281
473099257
473170801
473991421
474502711
474887761
475400791
478614067
480597181
481135021
481916641
482057563
484709681
485220901
485829593
487282771
488524921
488656981
489273401
490518181
490803461
490988941
491646403
491787613
495407749
495411859
495649201
496665577
498059647
498238201
498349681
500202487
501823081
505138937
507877147
511731463
511976011
512150689
514185857
515886841
517088573
517191277
520399381
521463359
524151253
525124867
525696499
525902887
527046253
527259181
527631553
528043753
529369033
530311051
535517581
537242899
538412033
538576657
542003617
542754757
543334417
544057933
545670533
546911569
548124655
548265041
554505121
556488811
565356541
569784403
570742841
571460977
573183451
574341121
574428947
575133131
575726509
578315921
578411809
579679297
579843361
580186133
580677457
580686881
584868181
587422141
587444287
587970307
588183751
588956479
593089561
593910451
594492823
595074169
595996699
596294731
596831593
598465891
605458309
610658051
611812321
611852671
612816751
613716181
614886049
615752051
615895897
616944641
619135543
619880419
620169409
620378449
621528391
624610351
626082621
628195109
628741933
629835251
630331147
630888481
631595779
635129681
636111451
636859339
638406721
638837761
639748495
642426049
643254761
643461001
643552909
643767931
644004817
647122321
647679397
648793093
652969351
657031201
657365473
659943971
660046549
660550091
662007919
662853151
662932033
663760681
664588717
665040989
665440561
668437813
670461443
670851091
671143573
674446879
674600053
676880821
678218311
681659005
684123529
686570821
687050755
687344197
689994301
690035713
694199537
694656901
696032791
696862417
697791403
698959561
701026507
701043421
701980991
702683101
704672417
706915009
708012859
710190823
710583719
710617861
711304903
711675667
715218601
717421531
717831211
720190693
720452701
722583559
722867813
725409901
725997721
726453199
729856837
732736621
733400641
734360309
739444021
740377697
742304839
743087773
743404663
745552081
745745461
746362697
747083891
748448299
748685881
748959709
750709759
756318751
756959963
757588231
758374079
758382379
758493601
760090249
760135237
767381833
769100641
770746451
771845401
776342533
782470501
785260711
787209277
788415097
791063341
792447521
796200901
797947201
800061571
800234261
801866647
803744371
804978721
806931721
808129211
808562791
810009637
810578537
812577121
815592727
817076611
823575061
823951171
829010911
829620397
829737221
830994715
832870891
832902643
836420101
837271531
839217521
839280691
839460449
842960981
844814881
849545951
850182209
853508059
856301227
857540821
862069079
862759153
863654639
863946931
866681017
868724041
869928377
871622291
872773021
873571459
874290451
874636555
875207869
877752181
878508937
879293867
883276561
883751821
886318753
887381731
887570599
887838197
892749551
893377633
894763981
897028081
897842401
898545961
900037711
900464377
902786977
902856151
904505611
906130261
906471301
908604271
910249201
911484421
914102311
915214171
916724827
918757127
922982711
929106601
930032941
930798541
939264481
944950231
946314961
947475091
952102945
955297771
955938901
960198251
962040721
962726077
965647411
970155649
970355431
973518001
973842341
979543937
982060081
985052881
986416489
986426131
989454253
992686003
994076591
995820085
996764047
998033401
1006134247
1007057089
1007713171
1007717257
1015339441
1016092789
1018125187
1019592757
1021281301
1021596493
1022618977
1023862753
1025956037
1026239911
1027050499
1028577793
1031026481
1031781313
1032101461
1035366403
1037492149
1037945101
1038435301
1039787389
1044911869
1048753781
1050281653
1052330971
1052487437
1056306281
1056948751
1058989231
1059492961
1061977645
1066237327
1067437801
1067462881
1067802667
1068807517
1069720507
1070941987
1074403279
1077808513
1079536069
1081017829
1084242361
1084393129
1084444481
1085117101
1086428239
1091925361
1092912295
1097436817
1098404941
1098590641
1099175569
1100572777
1102763551
1105782913
1107817489
1112931223
1115604541
1115910727
1117155133
1119550381
1122814603
1125016271
1127993861
1129390421
1131850219
1132805767
1133110837
1136940031
1139434453
1141153651
1142300503
1144852337
1145262673
1148501965
1152005713
1152801277
1155357389
1156133743
1156599281
1156764913
1157724577
1159030693
1161379441
1162739761
1166240833
1168737023
1172737147
1172964811
1177673647
1183338241
1186983619
1193229577
1197998101
1201002301
1202317723
1203144031
1205742817
1208485801
1210050379
1212162001
1213347691
1216001441
1226230297
1226520901
1227501661
1228388617
1229751667
1233580417
1235973601
1240628407
1240735609
1250485237
1251419269
1252236421
1253904733
1259517547
1259899391
1265359393
1265740717
1267133311
1268920379
1270287751
1272866167
1275898717
1277370329
1280837381
1284674899
1288993049
1289281621
1291412431
1291507273
1293469519
1295074171
1295470177
1296139573
1298815519
1299627421
1304104541
1304746483
1306051657
1307004641
1308408193
1311616153
1316661481
1320327391
1321937101
1323011377
1323668917
1326974897
1330589767
1343093053
1344420013
1346538961
1346624533
1353984547
1354233281
1354866241
1356930433
1359513073
1359803215
1362062059
1362068695
1366222009
1366303681
1368769681
1369350295
1371762001
1372681861
1373429611
1374303407
1375300909
1378448639
1379928421
1385049835
1385562421
1386823681
1389555217
1390802131
1391767885
1397911789
1403632469
1405564927
1406024815
1406106787
1408610503
1408696057
1411706431
1416144133
1417897909
1418365873
1423246771
1423458751
1424820321
1426068821
1439336111
1442437897
1443652033
1444577905
1445895991
1446457933
1451910241
1452754837
1453876129
1456527461
1458366551
1459970401
1460071747
1460961643
1463178817
1463992661
1464568381
1465217911
1467556729
1467817471
1473460777
1478698909
1478932093
1479276223
1483755769
1487130661
1489373341
1490897101
1491510899
1495325437
1496233003
1496748553
1497560993
1498776101
1500523763
1509885877
1510160653
1511670179
1520128921
1520190341
1520366767
1523488919
1527702067
1533555271
1538331463
1538713321
1538912467
1539334541
1540030273
1540208251
1542158437
1543776301
1544599061
1549208233
1550924873
1558270169
1560034841
1564278211
1572675571
1575229679
1580591011
1583568163
1584528317
1586492113
1587577867
1588472341
1590564601
1592243281
1595622997
1596841921
1600659043
1602357139
1610083333
1610503841
1614963061
1626720031
1628692201
1630062253
1641086371
1648919221
1650682153
1652087471
1656280033
1658473513
1663808455
1665871019
1667895049
1671603667
1675449931
1682724529
1690914781
1692567521
1693207447
1699784329
1707421633
1712640511
1714144513
1716672361
1719454591
1725217121
1727194153
1729918081
1731264079
1734197249
1735245497
1737330193
1737569401
1738769281
1741080661
1743657931
1751432959
1757470501
1759477399
1760706811
1762308623
1763754013
1764897361
1768109743
1770229021
1771819493
1773096931
1773900833
1774760131
1775411951
1775658259
1777208915
1789167931
1795211419
1800038137
1802628433
1807922491
1809757951
1812423313
1812498133
1812536833
1813208311
1814269763
1815396013
1817435635
1819764901
1820301421
1821722951
1823072917
1824933853
1827702101
1827791281
1830816979
1831947001
1832918713
1838453203
1843051687
1843925581
1844279011
1845600241
1846948393
1850470381
1852256449
1852666901
1856114371
1864009153
1870674037
1876485691
1877948011
1878198859
1878372805
1879828501
1891505281
1891995001
1897116593
1906606657
1908088001
1910668033
1911197947
1913296951
1921158553
1921309633
1924201099
1930447501
1931085433
1937105941
1940044217
1940602231
1950575551
1950942337
1952968753
1956013921
1958712211
1959313071
1961021971
1969698371
1970256151
1976640967
1983522661
1986547861
1986629167
1989947527
1990278307
1992287879
1993517371
1994184985
1996005443
1998757583
2000502631
2003569501
2004299641
2012389471
2015363533
2017509601
2018260627
2022784201
2029347871
2030516251
2032248961
2036224321
2038845001
2039888131
2046408787
2046790513
2052065881
2057835781
2063617837
2066487979
2068867841
2082366469
2084142061
2088768533
2090066947
2093747801
2102869639
2103327847
2104082641
2113401313
2114876837
2117031263
2117272529
2118597955
2122961677
2123792551
2126206261
2137495361
2143551061
2145181739
2146301929
2148806557
2152241713
2154202597
2157490081
2158963171
2160475181
2165494501
2166573599
2168719543
2169646561
2174173651
2175161731
2178273913
2179077685
2181897329
2182281601
2188544593
2188598449
2189291035
2191002997
2196430237
2196722199
2199931651
2201948471
2203227599
2210621797
2214761251
2217004021
2217879901
2221133179
2225056801
2227320145
2232835201
2239286341
2241880033
2242174871
2242584805
2248354153
2254129645
2254597297
2259937681
2263420459
2269307587
2276606503
2279052749
2280851413
2288324201
2290316377
2293014533
2296704451
2298773143
2301745249
2301980801
2304107899
2304120001
2304592837
2311286209
2321300833
2324511883
2329288831
2332461949
2335341601
2335522393
2336219471
2344054721
2346541921
2347701661
2349602431
2350595521
2354385529
2355368821
2359643753
2360261989
2362128001
2364094861
2369775829
2385076987
2386771609
2388360643
2388410749
2389288631
2392163497
2392891489
2393595361
2395791451
2403802133
2408657653
2411193019
2411766901
2414089549
2425477237
2426767135
2427686977
2428870753
2436691321
2436927907
2439523801
2439600833
2440646443
2443708961
2444736533
2448374689
2448918781
2449445953
2459110081
2466065153
2472907141
2474090929
2475538669
2484892381
2485230751
2493698131
2494117531
2496506293
2499362297
2499853333
2501117191
2506529257
2512807981
2517613201
2524299313
2525900833
2525924227
2526326311
2527812001
2537105761
2537838731
2543211763
2544804811
2548776871
2549268017
2553133441
2559857761
2560600351
2561945401
2567826797
2571317869
2571917041
2572596181
2573553601
2575558171
2578735351
2585281861
2585617777
2586901903
2587318251
2589212641
2593833373
2606325481
2607584401
2608574411
2609491249
2611774507
2623054921
2627854153
2644099841
2644200931
2649218833
2650275829
2651101441
2654882161
2659939453
2660783591
2663073601
2668095181
2668465649
2679586859
2687747119
2693739751
2693941517
2695064653
2696161751
2697995371
2700894673
2703009697
2709237361
2709270829
2709376001
2710891171
2713490497
2715450637
2716128587
2716290893
2717617717
2718074881
2723222035
2727058951
2731784707
2735798941
2736030961
2736066667
2740007749
2742910381
2744475709
2745342331
2746882669
2747671411
2750035801
2750231017
2762924209
2765751931
2766006253
2774651503
2781389953
2781906151
2787954401
2790389551
2794827169
2802740137
2805416965
2806421257
2809600697
2816694401
2819969587
2820730531
2821317907
2826128971
2827961221
2838217159
2841190381
2842239641
2848624417
2849171849
2850189949
2855046421
2855290901
2856401633
2865733711
2866872781
2867781001
2874336391
2874828751
2876984167
2881429741
2881981147
2890528327
2890562401
2890852751
2898023521
2900147461
2902117457
2909943041
2922935971
2923250233
2928676747
2929892041
2933588503
2936734319
2941345051
2947521721
2948657641
2949859999
2952199279
2953521499
2958413251
2960067673
2972335523
2974793401
2979744307
2986591063
2986838447
2988134717
2989913851
2990487061
2994415201
3005724349
3006835045
3007765583
3008029331
3009756751
3010909381
3018279559
3024242731
3029961199
3036079729
3037464691
3039215213
3040780081
3048456097
3051542971
3053009389
3054297403
3063683503
3065760391
3070208261
3071265121
3088776001
3093769801
3102548831
3103790233
3111345583
3113760901
3119953409
3123578849
3125374591
3127879099
3129189977
3135040133
3135694051
3139920257
3142507673
3152711161
3156601561
3161076409
3162778393
3169830751
3170327689
3176875651
3178785383
3180742577
3192171443
3192323681
3193135601
3195638893
3200416363
3201123131
3215031751
3215212153
3218805673
3224109701
3224356409
3225373621
3237992101
3239664913
3240703229
3245491201
3245560501
3247029787
3248285401
3249335941
3251355911
3256366051
3260095957
3262494101
3263097641
3275439121
3280686221
3281593591
3282158419
3286735393
3288732871
3294768121
3295588381
3298141153
3298186009
3298614089
3304307341
3307251221
3308815511
3312133501
3319727449
3322551403
3323465209
3335956523
3339531521
3344987941
3347214421
3347570941
3349859701
3350906011
3352026133
3363763231
3364297021
3369269681
3371128601
3372738337
3382983521
3383614291
3387014401
3393856201
3397422541
3399901517
3407772817
3412532809
3413518221
3424035761
3425005091
3426815701
3432992401
3453240551
3455572793
3456647921
3461515135
3464369581
3470006161
3474542497
3476899501
3481704487
3488077321
3491923051
3492297817
3495943153
3498848431
3500765089
3503087053
3508597423
3526139431
3538213381
3538487269
3543384941
3547429201
3549627841
3556110961
3561243337
3578189341
3578228083
3580950871
3591536369
3592764001
3593584801
3597984301
3599942113
3600762101
3604514401
3606514607
3614674837
3616574081
3616860521
3618574483
3630302569
3630596257
3633802561
3634397803
3637884673
3640903111
3643480501
3648274391
3649128211
3650570821
3651150331
3666074011
3681548821
3682039687
3687872711
3693253231
3695441941
3697434133
3708917479
3709621777
3713998933
3714026401
3718877497
3722155009
3725016749
3743072341
3750445189
3756384451
3758717719
3760896133
3765273469
3767078485
3772289743
3783351001
3783568357
3785168161
3786334861
3787284821
3788833201
3795206827
3796318351
3796579333
3803999113
3806030489
3806586631
3809018947
3813919453
3815572993
3824069771
3826345321
3828244681
3835537861
3845485513
3849225271
3856133611
3866820907
3874135651
3875079451
3881737351
3882346903
3887898673
3890921317
3892244491
3894053311
3895046191
3907752241
3927844867
3928653581
3929283541
3937737157
3938456573
3948349729
3950915299
3952739407
3956942881
3957397141
3966616081
3982017601
3983024693
3986664571
3986676301
3989027533
3996987251
4003367719
4012771271
4023250981
4023741457
4035751461
4036680007
4039126801
4046925583
4053249523
4055746861
4057918939
4062120817
4065705577
4066007107
4081755637
4086968981
4096000543
4102265311
4110820621
4113460693
4116314539
4116573451
4118422183
4144790707
4144945351
4149101017
4155308977
4168649633
4171838269
4175289271
4178380541
4202084251
4218900001
4227636337
4228090903
4232203405
4239174661
4239368323
4239518639
4240670653
4251975121
4255512955
4256861071
4258294913
4261286069
4281619879
4285661129
4288586251
4290920701
