25
175
201
481
1387
1517
1541
1961
2173
2201
2413
6231
6541
6889
8509
9131
9271
9773
13051
13541
14271
14491
16771
18901
22791
26599
28207
28249
29341
30673
38411
49141
53467
61337
69721
78959
79003
79957
80137
80401
88831
90751
96139
98881
108741
109061
114151
120409
124073
130759
146611
159259
161203
170431
176149
227761
230011
232489
241401
250717
252601
256961
269011
269821
276013
294271
296671
318697
362001
367537
389777
398281
400513
416641
417761
442401
473023
477667
486019
487621
497503
499249
513629
535933
550639
575725
587861
597871
611777
636949
671491
671977
732733
736291
745417
764867
779701
819541
825563
837761
843973
875197
904021
943669
972931
1000001
1024651
1045213
1049959
1051867
1056331
1133569
1152961
1190741
1222201
1269841
1297577
1302451
1342123
1357441
1362901
1398181
1455451
1537381
1537931
1584133
1703677
1791469
1863907
1909001
1958503
2059111
2163001
2197001
2259583
2261953
2274161
2281049
2295871
2337301
2402077
2504617
2512441
2538251
2603381
2613071
2643401
2753761
3003589
3015325
3033841
3054481
3166087
3285829
3296899
3339883
3370971
3375041
3375487
3391741
3443497
3502981
3536821
3538681
3582289
3822337
3960181
3964001
4030075
4137251
4211471
4291801
4298527
4353861
4543621
4548059
4570471
4779479
4782541
4808681
4904461
4990861
5015611
5090971
5136001
5290253
5297293
5723677
5866667
6192721
6283817
6565651
6697601
6779137
6783451
6787327
6927649
7028821
7060591
7228301
7355783
7616753
7618433
7628363
7720611
7788943
7811851
8036033
8086231
8097553
8120501
8137369
8160241
8231653
8256763
8404129
8486449
8622049
8715829
8790769
8829451
8948701
8999281
9046801
9091381
9119281
9493579
9497437
9540049
9865675
10048351
10311289
10927225
10974881
11025001
11247661
11311021
11317231
11337097
11718601
12060541
12088669
12170413
12243943
12318541
12322133
12368431
12407011
12711007
12781315
12799697
12905341
13012501
13012651
13249601
13359397
13694761
13970521
13978603
14575091
14652991
14736397
14783203
14919757
14975731
15674251
15805747
16343251
16459081
16643001
17461501
18167117
18225703
18357389
18520141
18794113
19103809
19194181
19200241
19345213
19405411
19414711
19488913
19591601
20010433
20097331
20556901
20633167
21036437
21165643
21627869
21668329
21819071
21992671
22028203
22111519
22187791
22191553
22592701
22999237
23349187
23504851
23600953
23806381
24073201
24288139
24295141
24482503
24864337
25305281
25326001
25398073
25509079
25525499
25887313
27028621
27236311
27686891
27934177
28011103
28105525
28136881
28213333
28569997
28620793
28676257
29273311
29413171
30264601
30453121
30529657
30638521
30987809
31206361
31227001
31346723
31672327
31735621
31767121
31992031
32001379
32547313
32817151
33051959
33106387
33717991
33721781
34231003
34310753
34519211
34657141
34993583
35583791
36044911
36142849
36307981
36504199
36709247
36765901
36777313
37035337
37064861
37154941
37266109
38676301
38971661
39123109
39258577
39545221
39666817
40414901
40474519
40554193
40675981
40845061
41528327
42129613
42606661
44532749
44760581
45196717
45982301
46657181
47020513
47095273
47561761
47675861
47982769
48057571
48596843
49408741
49566001
50028749
50581081
50759141
51607201
51644539
52274797
52283107
52434301
52448309
52718971
53251703
53759707
54140683
54771193
54816059
54925669
55145281
56052361
56160133
56423599
56907457
57878099
57935729
58679941
58725703
59159899
59218513
60506357
60663709
61487581
62413861
62609233
63225823
63405901
63745921
64042903
64049371
64266427
64996303
65259217
66158233
66206557
66283069
66284353
66574201
66932851
66998317
67224959
67559383
68063491
68154001
68154607
68314357
68462551
68512867
68765167
69139201
69164801
69297841
69678307
69791401
70254151
70940185
71184037
71735335
72283009
72588671
73143997
73633249
73727851
74052421
74740051
75320341
75644251
75851801
76237561
76966991
77295961
77439521
77605277
77942023
78105931
78587879
79511041
79734763
81787879
81926461
82165513
85296251
85400701
85666151
85719871
85771843
86028403
86575591
87857827
88646839
88943401
89398027
90214741
90862251
91051501
91314367
91319581
91356301
91994101
92037749
92269501
92303857
93431521
93453119
93766661
94281261
94368473
94893283
94945243
95095001
95451361
95914711
96681031
97071211
97177589
98198101
99246757
99809051
99945007
100662941
100667737
100907047
101979431
102243689
102358747
102690901
102901633
104220703
104307071
104398841
104524421
104969287
105236941
105486481
105857537
105943951
108596953
108716957
109521457
109577161
109838431
109879837
110127739
110135821
110167927
110698771
111150019
112492381
112660193
112702591
112844131
113700871
114093373
114384799
115039081
115383383
116701003
117390841
117662981
118566533
118846151
119095201
119287297
119764321
119812001
119861977
120330871
120551725
120995821
122996413
123771511
124387481
124574413
124784293
124793521
125284141
125354941
126132553
126440731
127535651
128124151
128536561
128764949
129783901
129910261
129950209
129972721
130072027
130330021
130678721
131256451
131334851
133236091
133344793
133699459
134084989
134967277
134969691
136201591
136545067
137095351
139952671
140478073
141017735
141073333
141184891
141420469
141684601
142652401
142826581
143170171
144211939
145591153
145820503
145863911
146053267
146856893
147586339
147959467
148081447
148242781
148359509
149532571
151178161
153662321
153749857
154513633
154560431
154882561
155309221
156570961
156831049
157281121
158304147
159836449
159874021
160547501
160776481
160926137
162771337
162946477
163206793
163548683
163752121
164450521
164887273
165525377
165588413
165938653
166039259
167490847
169234003
169500833
170856533
171068893
171340651
171900301
173218501
174956759
175674201
175890409
176976721
177287311
177710413
179101261
180430669
181799213
181974061
182375971
183524111
184081577
185064301
186010711
187138801
187773175
187790131
188814709
188821951
189686503
190212181
191848649
192280951
192292031
192753373
193288033
194479975
195007801
195100057
195475351
196035001
196285651
196287391
198365617
199365037
201295603
201576523
201675475
202531501
203154977
203432689
203528033
205288441
205364251
205585951
205586473
205823873
207487561
207915361
209802581
209898763
210517709
210615553
210709451
211490777
212000389
213685921
213901711
214038533
214403617
216126751
216216017
216381509
216762671
217186537
217300121
217396481
217517653
219374251
219719083
220081097
220222297
220883521
221016559
223839001
224468749
225528049
227418133
227475601
227564767
228663793
228721001
231027859
231769981
234375331
234619309
235319699
235476697
235871131
238303361
238421761
238631143
239338941
239740481
239806561
240687739
240785047
241715053
242729401
245413463
246434753
248961457
249255553
249705205
250149241
252110477
252722557
252933301
253532501
254433691
255476251
256884517
257169463
257758537
261507097
262229761
262480501
263314441
265390189
266393537
266451589
267375421
268059817
268626181
268985737
269545249
270849979
272865457
273949561
275554801
276076321
277477903
277650839
278358103
280226033
282589651
282697711
283533233
284518177
286168049
286854947
286984321
287087059
287449091
287762509
288173257
289524001
291236977
291461633
292290181
294914401
296344141
298204831
298362241
299671921
300774349
302818001
306191621
307061371
307688851
308453009
308538437
309124131
309216799
311671361
311762641
312254219
314345023
314554501
314950351
317722861
317749693
319113791
319167157
322046297
323064487
323705971
324132929
324496849
325625241
326695141
327429727
327774721
329153653
329311529
329529701
330034249
332017181
334646041
335750551
335914979
337519801
337895473
338389019
338458807
340164511
340202743
341216053
341848729
343950769
344405251
345674071
345701731
345847501
346009393
347743189
348730649
351087067
351910021
353878801
355209293
356895043
358922497
361307521
363276631
364143551
364208671
366487201
366688957
367322777
368476501
372086569
375204655
378179851
379732501
381066841
381095053
382216537
382586569
387166231
389014921
389152999
389706241
391774961
391930003
396231887
397436929
398502271
399671641
402279403
405513151
406599751
407047829
410680357
413689249
414087631
417767201
419395351
419973295
421942951
423195323
423448651
423476929
424593497
425224801
426061201
426462031
428651011
428758201
428872501
429363793
430350581
430733701
433229821
434343601
434503213
434653279
434763201
435064961
437297801
437379841
437444431
437597101
439714133
440306461
443063909
444161449
444575881
446588671
446715221
448021753
448537307
450452633
450640667
451118981
453800761
454064131
454615069
455349421
456967583
457346737
457386329
459785089
460756957
461329601
464963451
465416023
465835791
467142733
468803287
469244751
469598221
470120257
470752133
471168253
471301891
471678929
472814413
472821121
474970501
479586301
481285823
481637381
482120827
486711259
487560043
487890703
490412809
490703617
490894111
492559141
492797861
495062443
496662409
501472333
504454879
506254211
515866303
517456337
517567051
517697641
517750201
518590051
524318261
525742489
527626639
527954017
529118981
529721393
531323601
532758241
535517581
539349889
540654409
540864721
542883223
542913251
544046411
545022811
545670533
546410789
546736147
548832793
549724033
549796909
549816121
550856221
551672221
552104731
554494951
554565961
554574241
556001377
556613377
557548801
558019081
560612167
560936251
561843817
562960007
563159281
563947141
564258901
564770081
565336361
566233891
569507579
569720321
569784403
571904173
571912651
573256279
573584761
573862021
574870753
576295591
579606301
579956653
581147701
582287131
583083181
584169337
584868181
585281791
590356357
592769633
594987769
596177821
598331749
601051411
603783391
605915857
615175081
615244481
615581063
616015469
620072251
625419997
626741501
627855337
629029501
629236609
631023163
631314811
634946017
634954285
634979881
635689633
636056851
636329269
636439957
636691817
637786561
639056897
641814179
644240741
645540589
645613501
646737869
647817913
649041583
651514753
654981169
656082901
656628107
657584029
658631761
660234121
661321511
661888441
662524129
664745657
666332941
667081801
671651191
672525061
675095123
676880821
678407557
679033681
680860351
682460501
683336081
684634133
685249111
685903681
687160711
692178049
692930401
693918679
695327821
697356227
697791403
704784301
705883951
706578529
709879301
710190823
712676071
720385903
720440033
720543893
723354493
724829341
725386789
726098941
729188821
729443575
730012837
731268055
732736621
734793467
739643491
743404663
743526401
748419127
748553821
749912701
751599091
754020361
756111157
757158533
762140801
762758119
764473711
766281251
769595339
773286889
773488801
773638379
775368901
776728661
778194649
779281123
780112831
782303957
783513361
783628847
785190451
787085857
787225801
788046901
793880371
794042701
794432689
794844289
796050301
796764201
798774553
798802399
799298581
800418401
801093011
801112577
802477453
804978721
807358403
807834721
809670049
811110301
812093257
816097717
816269033
817315441
819029017
821723761
823552201
824532931
827193901
832020671
832216897
832870891
835051057
835526441
838539409
839273791
840431653
840749761
843069937
844543261
844788757
845659051
851026261
851778817
856371899
856762901
858687103
859538839
865464613
866342101
868087771
873471661
874837633
875519891
879995689
881377351
883571401
884174957
884584891
884900143
887649901
890128297
891706861
893377633
896901461
897676501
898754851
907495021
908349601
908357581
910287823
911059993
913620779
918400033
918661501
919078889
924110651
924335371
926818411
929483039
939728701
943685959
944832533
944956979
950371003
954051281
955134181
955427503
960609179
961498201
962620429
963744493
969586151
970829341
972471151
972932501
978640441
979377433
979543937
980957071
981357703
981484561
985441001
990061957
990816679
993890041
994964251
997827757
1001898787
1003103011
1005975151
1006616489
1007717257
1011388141
1012601251
1014119947
1015429141
1021368833
1026106673
1030401901
1031268961
1042056901
1043025601
1043231941
1048264801
1049426899
1049675201
1055740251
1057490011
1058816533
1058989231
1061718451
1066932721
1069427503
1070063191
1070941987
1072679659
1073944831
1075068289
1076271379
1077447901
1079246801
1082755477
1085754781
1089682837
1090765459
1091805547
1092399491
1093363703
1093630501
1094523697
1096111871
1096651921
1098000091
1098010129
1098188801
1099407457
1100199953
1101376711
1110148033
1110891601
1113979051
1118827711
1121676013
1124981287
1125895627
1126096333
1126149319
1127880571
1135103867
1135791691
1139137057
1139434453
1142023507
1144704031
1145170153
1145453921
1148522701
1150774579
1156226153
1157028571
1157619121
1159357301
1161306721
1161901183
1162425601
1163759137
1166086819
1166240833
1172924471
1175812669
1176304251
1178159221
1184162801
1185396751
1186915861
1189076561
1198925521
1199505889
1201002301
1204634677
1209618577
1210962059
1212036013
1212644647
1216092001
1219858921
1221044653
1224610207
1227071821
1231568911
1234125721
1234197175
1234646533
1235188597
1235259181
1238419561
1238597641
1238846407
1238891431
1239433201
1247053711
1250285737
1252952681
1254036317
1256024689
1257216577
1263064141
1266003461
1266454801
1266989701
1268119441
1268946253
1271095057
1276581307
1280390017
1283161951
1287936469
1289534023
1293255307
1304746483
1306922849
1307004641
1308630163
1308868903
1309940033
1313095981
1314817687
1320724231
1326399229
1331847107
1331862589
1336100959
1336757731
1337428273
1338247681
1339632053
1340340427
1346124193
1347387361
1350998161
1354991653
1356544531
1357739989
1359230581
1366146301
1373452033
1373979721
1377031463
1377187681
1378586161
1378806773
1384630531
1387917977
1393253191
1404228421
1404699913
1408610503
1410521941
1416817741
1417937041
1419575167
1424900179
1426068821
1426420613
1431044161
1436675041
1437717847
1440307061
1441627303
1442761201
1443707987
1448994977
1453725631
1454180899
1457150437
1459277521
1462393201
1465217911
1465418041
1477713961
1484080291
1488054241
1489784701
1491097609
1492063541
1493129263
1496223961
1496247127
1498692661
1501551451
1504363489
1505871001
1506168913
1508840971
1509116113
1509885877
1512395389
1515175087
1524708013
1527763333
1528436941
1533555271
1533762917
1539171289
1539620941
1539635927
1547919829
1559241661
1566201841
1568259001
1568700697
1569204643
1571111587
1573689151
1574075801
1577531161
1579079503
1581576641
1582527241
1583057251
1585350271
1588247851
1589305213
1589853281
1591222069
1592900513
1596190801
1602949627
1606062361
1606749061
1614341431
1619680147
1620646177
1622402401
1627836121
1634861971
1638294661
1638564181
1638927473
1642484341
1642868137
1643399011
1644177883
1644513361
1648076041
1649012143
1650682153
1651267291
1656874369
1660392343
1665450221
1668983581
1673513731
1674091141
1677323161
1680901381
1682842921
1683878689
1690914781
1690986601
1699810043
1701248677
1706908751
1711491601
1712392321
1713125233
1715720119
1718747857
1719481457
1719604531
1721414251
1730239333
1734059291
1734633871
1735545037
1737520801
1741080661
1742931301
1744262081
1747165897
1747678927
1748439821
1749403151
1754576617
1760026001
1760706811
1762819661
1767803047
1770346111
1779622829
1779649381
1782103951
1782331069
1786355491
1787429069
1793017381
1809757951
1813968841
1815985333
1824576961
1831947001
1833953329
1836029317
1838453203
1839568981
1842871321
1845860953
1851176161
1854532381
1855197671
1855377791
1864274917
1866409861
1868949781
1869092161
1869875281
1878432781
1883215627
1885915841
1887114241
1887259489
1891264429
1891821439
1902303721
1904847061
1908088001
1909228393
1910673067
1911924211
1913296951
1913420161
1914303841
1915608241
1916523181
1922864123
1923676201
1923915301
1924168291
1930534453
1936129751
1942469569
1945042181
1945335013
1947488401
1962749521
1968712169
1969745543
1970097001
1971314281
1974056491
1976043259
1976375449
1977257441
1978511041
1980168409
1981749401
1985379631
1988984677
1991431817
1992148759
1994203213
1996816051
2006309311
2007567937
2009621503
2010149249
2015420317
2017509601
2018761111
2021882059
2024334049
2027675701
2034039871
2035057949
2038093597
2042467741
2044979539
2049296521
2050839121
2055591721
2057627881
2058129811
2063228203
2063468467
2063680669
2067887557
2071195717
2079710641
2082440533
2083618261
2086356763
2088126151
2094177403
2096692033
2098159097
2100230441
2101043717
2105489681
2107535221
2110051501
2116313161
2117576707
2122948441
2123520001
2126218789
2131620571
2141955901
2145072511
2151938881
2159239219
2161452859
2162757829
2165494501
2170282969
2173068181
2175188791
2180509987
2180653819
2183570929
2185248913
2196764257
2196825511
2197813333
2202848173
2216482867
2217929851
2230305949
2231332357
2231734051
2234000341
2234202049
2236928341
2238443639
2245519981
2248354153
2248924159
2254796281
2263594717
2266451401
2269959067
2272413529
2273314051
2276288101
2279751181
2282190181
2287925113
2290316377
2291895391
2296116689
2300319061
2301745249
2302084747
2304537481
2306716021
2310894821
2315700311
2320640011
2321551751
2337482831
2339464681
2341310849
2343605489
2344054721
2355320101
2355438801
2358193447
2362370321
2369860201
2371945801
2373947551
2375185171
2375185601
2377772101
2378362933
2378835151
2380603501
2382557311
2390691073
2391672271
2400198799
2414862451
2417408533
2418525607
2423195777
2424755831
2425086721
2428870753
2429137901
2433791593
2435308919
2436288499
2436691321
2438778413
2440646443
2441432503
2446463611
2447975791
2448848981
2449642609
2456413367
2458306681
2459761151
2459826601
2461855087
2461920781
2462440753
2463245437
2463879497
2466051727
2467672495
2470757621
2472624811
2475418609
2487116561
2488588801
2489730167
2490533977
2493698131
2494128451
2495225591
2501002501
2507171801
2511420689
2514929581
2516419321
2517977563
2523503971
2525957851
2532010139
2532292687
2532693151
2533915781
2534408417
2538907471
2539746101
2545660981
2548527301
2550584671
2553133339
2558637901
2560600351
2562814621
2563924633
2570076811
2570758331
2575827073
2579888209
2582583121
2586404081
2598933481
2607804013
2609104411
2609294101
2614132951
2616180821
2617244033
2626783921
2627653771
2631761707
2632005181
2635035817
2636261987
2636360191
2637765703
2646567029
2650180649
2654851387
2657314351
2659939453
2661354593
2662805599
2666011681
2669192137
2670102541
2674839511
2677890367
2686176643
2697711041
2704372421
2708594311
2709896281
2710424737
2715142129
2715684481
2720798809
2721137329
2723521321
2733156029
2733329101
2733894001
2735730901
2737039141
2738772401
2739606451
2740007749
2769487141
2772198001
2781476941
2781727579
2787455287
2790104657
2790856751
2797757069
2804052931
2806421257
2806589017
2807249551
2808377281
2820781747
2820853921
2822521411
2829415051
2837697773
2841965561
2844413251
2852214401
2858298301
2862066481
2873901889
2878415071
2881429541
2890316801
2892431701
2895140767
2896200253
2899638523
2901174571
2912712013
2918209279
2918295451
2928703555
2941343633
2944080133
2944266733
2946947207
2951544961
2951996209
2952993187
2956227101
2957320351
2972697781
2973569581
2974506841
2978215337
2978766341
2983900033
2984431339
2986528151
2987414977
2994415201
2994953893
2996944133
2999745101
3005755237
3014193001
3016428013
3020299327
3020423491
3020516495
3027391009
3030393901
3037623751
3063685633
3064385221
3077161127
3077802001
3082673431
3086767657
3088408429
3089137591
3105075241
3108577447
3110439961
3119953409
3124797001
3128012191
3129193957
3129639283
3135040133
3140520433
3147585871
3148806403
3148886703
3149664211
3159040837
3160818433
3161527483
3172327849
3176742673
3185571181
3187404481
3187421077
3189207841
3190455881
3190725553
3191296499
3195636481
3196783861
3197725369
3197941979
3215971921
3218388529
3218615717
3222184753
3226217611
3227433457
3232042357
3239615677
3241848721
3243537751
3251835001
3253404013
3253727017
3255203269
3256366051
3257334541
3264117751
3268390825
3273187591
3277753067
3304861061
3305697121
3307251221
3309118699
3322551403
3340390561
3340984501
3341545741
3347429257
3349218881
3349997731
3361215331
3371959457
3376562543
3383477191
3386114401
3386814211
3398590571
3415253201
3423443563
3429702721
3431163763
3438861301
3443019667
3447533191
3447732173
3453354607
3456011131
3460184113
3468797641
3469409143
3478154461
3480174001
3485844601
3486360851
3487492009
3492883081
3501713203
3501955531
3504132113
3508999651
3516047207
3523932721
3525108863
3537283681
3554216641
3554383141
3561179701
3568588817
3570089671
3571168591
3573490537
3583052353
3586833253
3589734121
3591411097
3599942113
3601651901
3606942203
3607590313
3612825221
3613601473
3614283451
3619298413
3627727951
3633802561
3637535809
3637831753
3640903111
3643586131
3645984161
3646181761
3652672789
3659702911
3662387977
3670169317
3671773663
3673655261
3679947751
3686902381
3687724321
3688843621
3702277801
3702691903
3708537421
3709671391
3722799137
3724910837
3733646491
3735788489
3736571689
3743072341
3752891731
3752904541
3756426269
3757599721
3757929187
3758942161
3760896133
3774598123
3783772969
3786262241
3792072187
3795206827
3797778601
3798931501
3808540231
3811814077
3812822413
3813117271
3818466901
3822894877
3826529321
3829656403
3833044801
3838805393
3839518801
3840432913
3845755063
3847731347
3860920993
3869668351
3870318007
3877115089
3879268901
3881648317
3887635753
3889294817
3890619097
3892538257
3895046191
3895924033
3897086597
3903028183
3905583823
3908165713
3912174421
3913915793
3916662301
3921983101
3925583551
3925728091
3932157961
3940139641
3942157801
3944116961
3952028809
3956657737
3959921521
3963736739
3967856281
3969927977
3971095301
3971692531
3978845929
3988288279
3991164857
3995826847
3997013161
4000938397
4008224221
4008758473
4010841319
4012319641
4017381433
4019409241
4019443759
4023122401
4026822577
4031597461
4034820925
4038451211
4044759991
4047401243
4049656001
4061026261
4063732063
4064513281
4068671881
4070033537
4070236843
4078613827
4086437587
4088827657
4094243729
4099345823
4100669567
4100839079
4113586837
4126089061
4127050621
4137208193
4137709421
4141418275
4149628451
4152378751
4156472909
4162544761
4162918471
4172830351
4173931939
4175289271
4175362133
4181289241
4182713893
4189192363
4191454411
4200510673
4201457989
4210547501
4211147851
4211747581
4218234211
4219113901
4219963603
4230352081
4233102787
4233931703
4240339951
4255202953
4264418881
4267280021
4275534481
4275639887
4281539701
4285044367
4286348951
4289470021
