21
25
51
119
133
217
357
589
781
925
1541
1681
3277
4033
4123
5461
6533
15181
18577
32347
44801
61447
63903
72391
79003
85321
87799
90751
97873
101179
101661
102311
104653
113653
113821
137801
143251
179371
181483
181681
182311
211951
219781
264223
269011
286903
331717
333061
336169
340033
341531
362113
385003
386911
393751
410041
416347
432821
448183
453151
467251
470137
472361
497377
505721
513247
531931
555397
582341
584461
614593
635491
653333
669281
693307
727637
751843
755609
816245
873181
938221
944441
951481
975031
985249
1002757
1084201
1160461
1162939
1163801
1240891
1256257
1302451
1314631
1334823
1343453
1359721
1408513
1462165
1484881
1493857
1551941
1638781
1746553
1803601
1809697
1846681
1864193
1889857
1965547
1987021
2110159
2139523
2181961
2253751
2487941
2615489
2721769
2797349
2847421
2948947
2960021
3028051
3031225
3184261
3255271
3362437
3440407
3445891
3479401
3488347
3498161
3677941
3700897
3768451
3782563
3893737
3913537
3996991
4081225
4099439
4111381
4150387
4152611
4181921
4314967
4360621
4411681
4417001
4469471
4504501
4686391
4804561
4906441
4962497
5095777
5122133
5139761
5238001
5275843
5444489
5489641
5603333
5649841
5871097
5898751
5934391
5968873
6012301
6040213
6186403
6269341
6283073
6528551
6696097
6765883
6787327
6994241
7028821
7440929
7648033
7803769
7909111
7961801
8034001
8034293
8095447
8159593
8231653
8269057
8460847
8848001
8859931
8932661
9006401
9080191
9254521
9341263
9371251
9493579
9808651
9861251
9993943
10061581
10490071
10647757
10679131
11247661
11285621
11334127
11367137
11612371
11623789
11649541
11775877
11805907
11902619
12030961
12110743
12169711
12322133
12357841
12649231
12691967
12849733
12890503
13003981
13012501
13085353
13216141
13311211
13609591
13826681
13996951
14053051
14153977
14324473
14339393
14455267
14653999
14687681
14725099
14783203
14826001
14848525
15098429
15190717
15213311
15248221
15257089
15268501
16398913
16755481
16870961
16879501
16902421
16914301
17345539
17443213
17471147
17551481
17792111
18067501
18177409
18612289
18736381
18790021
18809911
18828685
19052383
19061281
19334041
19363241
19372249
19470617
20016071
20170763
20310751
20560073
20770621
20812081
21355951
21415297
21630901
21753667
21770929
21792751
21988201
22187791
23163841
23189167
23288623
23561399
23731489
23740081
24238579
24263647
24662431
24906517
25052527
26017291
26020201
26891881
26906881
26977001
26983997
27110497
27176101
27331921
27442153
27718471
28101511
28187251
28647253
29155961
29239057
30142711
30336241
30346831
30871471
30924979
30971711
31118081
31470211
32209633
32411989
32444041
33177953
33717991
33840397
34084181
34548013
34630637
34706629
35213459
35693501
35773981
36419027
36435389
36974341
37384021
38874001
38903287
39251269
39371141
39536641
40374901
40607893
40621591
40863061
41335261
41344201
41672161
41798401
41899981
42053287
42149971
42181327
42254737
42318277
42702661
42811931
43195387
43260985
43623977
43785121
43943551
44039119
44068001
44318977
44404001
44492911
44998087
45466513
45973627
46028683
46977421
47020177
47248961
48481679
49030381
49994179
50006377
50754779
51546781
52693133
52754293
53293771
54140683
54637831
54783863
55182401
55258201
55483741
55546567
55610413
56160133
56322961
57438721
57522847
57608699
57674701
57885301
57990293
58152161
58986091
59020081
59318533
59586051
59955331
60033403
60549647
60634069
61554871
61587397
61832377
61902091
62500673
62861653
64377991
64740799
66124297
66781441
66932851
67816589
67996567
68154001
68462551
68621701
68900411
69142789
69600833
70367161
71318371
71493841
71794321
71821051
72425179
72563437
72581671
72645805
72884701
73670521
73902403
73945171
74361761
74604793
74740051
75137563
75298609
75320341
75663451
75776581
76292441
77090413
77594653
77622533
77940773
78671651
79156549
79698277
80530871
80548651
80717131
80980993
81954133
82132597
82452061
82606231
83518531
83770081
84021367
84499871
85852577
86093851
86484269
86854721
87167971
87217561
87960361
88781801
89439577
89906881
90011351
90014653
90376651
90388537
92625121
93612451
94025023
94035157
94065061
94502701
94612771
94963877
95594617
95914711
96894071
98840587
99642151
99945007
101152133
101708209
102243853
102337241
102358747
102511711
102901633
103904753
104220703
105129025
105857537
106314931
107581501
107713201
108140401
108596953
108699193
109611521
111291181
112032001
112043989
112702591
113016751
113243737
113606641
114305441
114714097
115440391
115637057
116673481
116682721
117280001
117496297
118113473
118355525
119870167
120460033
121278613
122089843
123771511
124352411
124904539
125354941
125868943
126032731
126104761
127535651
127573543
128105563
129767551
130263211
130385179
131117941
133391611
134384069
134609329
135235579
136012465
136217251
138069647
139810133
139952671
140846567
142320641
142540651
143168581
143429567
143704181
143758369
144020449
144708981
144954581
145603333
145713151
146069353
147405259
148050181
148910653
149447761
149532571
149915011
150614413
151005325
152985211
153463459
153890227
154022551
154674059
154687717
155803441
155950241
157341931
157478017
157975793
158068153
158782891
160251389
160926137
160934131
160996501
161304001
162395521
162650209
163340941
163759753
163892587
164578051
165123871
165535849
165538447
165663541
167286913
168456889
168566501
169234003
170446249
171068893
171093913
171275959
171747577
171886177
171892261
172918021
173678203
174956759
175313401
176227829
177349147
177637153
178080557
178653421
179143157
179472511
180941047
181067197
182202697
182918737
183316129
185249431
185274289
185943617
186902291
187181873
187571341
189905461
190075051
190726633
190934371
192241901
192380317
193816351
193992283
194175049
194225851
194389903
196287391
200030123
200100781
200396029
201261061
202610311
204300541
204301717
205235561
207030541
207755791
208075033
209301121
210043441
210161491
210402277
210812311
212256301
213035761
213051151
213350681
214166011
214852609
215086867
215161459
216686339
216784307
217396481
217805281
218112133
219669451
219729901
221006801
221793391
222571231
223671631
225856733
226365211
226437979
228009043
228663793
230407681
233774209
233935817
234005857
234531151
234610291
234870301
235817233
235928071
237126779
238933317
239132629
239178263
240141287
241070257
241106797
241396429
241974371
242368169
246109501
247912897
248456881
248620601
249181417
250617001
251000293
251706157
252260083
252685847
253613587
255899845
256081393
258404999
259485871
259765747
260156101
260967001
261703417
262833871
263428181
263953999
267152033
267480991
267820813
268435927
268579057
271095079
271565713
272343751
272970937
273480637
273757513
274797007
274937851
275240461
275661751
277704013
277787141
280342207
280878971
281980961
286763881
287969917
288086041
289192861
289300411
290698321
291592739
291942271
292290181
294835381
297842353
298044841
298192753
298227931
298362241
298550689
298863181
299529121
300979369
301271281
302531833
302896301
303191741
303343321
303817411
304854481
304934051
308162401
308480779
308714851
308994421
309419623
313380971
313452791
314484931
315351521
316659583
316804867
317382347
319561201
320096449
321781633
322096447
322444441
324672589
325075423
325330081
327426961
327553921
328302791
328678741
329769721
331086559
331463791
331868197
333619357
335150197
335792029
335953073
336273211
339033221
339962101
342859843
344064109
345674071
345701731
345808807
346305403
349154137
349470703
349752913
350765983
350862499
351682081
352638301
355226257
355297301
357060691
358633313
359309497
359499781
359696431
361198241
361267111
363235237
363941467
364143551
364375213
364428193
368113411
368484391
368934721
370270441
371267383
372432451
372784231
376096033
376877099
377300557
377551729
378641297
379145801
382676887
383425351
384522685
385438789
386804809
387899851
391143853
393010939
393611653
394980643
395740621
397596171
398743201
403095421
403918213
404667649
404864701
404929337
405739681
407447321
410062381
411822949
412701091
413832301
415800703
417899341
418667401
419415121
420383251
422600141
423260701
423448651
424411501
425194111
427029499
427659383
428938093
429890581
429896251
432942511
433006771
433508513
433971581
435227801
435708967
435848689
436320679
437289029
437689363
438247427
439489447
439885661
443407469
444064237
446715221
447287941
447347021
447472573
447642817
449019341
449242669
449501761
450016901
450214909
450953537
452768647
460465021
460480177
461178425
462081901
464416933
464666203
468376489
469861201
471272299
471812701
471901501
472485791
472708321
473204101
473394577
473396057
473750371
476621377
477434233
480385501
481239361
483815401
485627563
487119137
488328913
488656981
489020341
490203241
491080801
492559141
492614641
492616961
493272591
493977037
496665577
497476097
498083741
498780481
501094183
503298461
504682309
504799951
505893151
507520133
507960001
508684049
509387971
509551201
511611673
512083907
513330731
514139191
516307177
518504533
518820101
519342319
520399381
520602193
523697149
528013333
528524221
531237961
533484001
535517581
537926899
538275151
538412033
539747491
541453147
542131201
542955289
543087829
545401949
545738203
546117301
549796909
550516271
551723827
552163333
554378023
557548801
558709873
558977761
560438063
560748161
561439657
562670179
563529611
564258451
564940501
564985237
565753151
566938441
567709801
569332177
571915439
572696741
573584761
577254679
579606301
584414041
586197361
587444287
590356357
590751661
591043771
593348537
596734681
598318339
599135767
599570077
601589629
604888301
606538597
606868525
610884247
612790921
613686607
613937773
615203689
615416341
615760133
616426301
617087701
621718241
622012051
624800751
625482001
625647241
629287777
629771581
630856201
636111451
636136957
641871301
643316461
643767931
644362601
645563251
647190253
648726151
649384193
650317471
650548529
650982907
651008851
654288031
654352417
656189101
656723161
656757487
663775051
664574653
666903619
669045001
669124963
670567301
671513201
671815301
676273027
676399141
677283311
677497393
678380561
680471041
682528687
682577281
684210061
695204641
697791403
698252221
699894001
701517409
708098749
711300241
711304903
712454401
713707321
714232699
714425329
714736441
719818321
720440033
722922853
724503833
728851507
729068359
730012837
730704133
731259403
732250891
732384181
733310821
733670827
734991031
736103671
737769649
738820351
740851079
741111491
741981871
744118657
744159961
749943643
757670293
758687581
759301561
759622753
764636569
765167801
769108861
769272461
771171077
771651091
773073109
775006201
776249251
779281123
783326377
783393701
783775409
783903697
785754901
786709681
787085857
788027731
789375511
799162561
799412051
801866647
801986131
805470307
805899061
808562791
808587137
808983319
809506133
813483991
816569461
818354029
818762569
820281491
820601821
821376533
822018961
822390229
829512001
829737221
832292917
832870891
836449777
838253041
839268139
841217653
842459131
842869801
843703213
844022831
844788757
845262203
845951767
849159937
857511883
858613501
859393891
862734457
868088341
872356447
876552161
876784949
884584891
885608683
887543401
889193291
890687621
894367883
895588349
896927569
900347647
900637921
901957057
904257553
911533351
915313909
915641821
917252551
920035111
921705601
930595697
934168861
936088031
937052383
939323239
941133871
941548753
942853111
943719781
948393559
952469299
962468911
963384643
966449251
967423153
975817987
979736941
980957071
983173523
987903229
988168897
989908921
993040687
999188389
1001173211
1002381871
1007713171
1007717257
1008526033
1025854957
1026858421
1027451773
1027461263
1028952541
1029408377
1029478661
1036123357
1036268311
1036689737
1036969627
1037627051
1039735777
1039793179
1041353281
1042258897
1042344865
1045269347
1045637861
1049144801
1052487437
1057695941
1061013301
1061898337
1067802667
1072839941
1073693971
1074292561
1077808513
1082755477
1084393129
1085836897
1086670729
1089084001
1092757801
1093637491
1098404941
1102346551
1102733731
1102979377
1103978233
1105275425
1106576857
1107379681
1108706857
1110148033
1113221341
1114199351
1117004257
1117547201
1122803683
1125038377
1127993861
1134289033
1135156501
1136613677
1137320581
1137752887
1138055839
1138292569
1139325251
1142023507
1143286621
1146592157
1147710211
1151525737
1154320639
1155015233
1157081983
1161306721
1162806913
1163759137
1172737147
1174638529
1183082213
1186340401
1186996273
1188646903
1191525443
1192412033
1192540441
1193229577
1195394401
1195458013
1195524181
1196208773
1196470801
1197919711
1197947721
1199993083
1201895921
1205045761
1209780529
1210653541
1211668433
1213347691
1213619761
1217181061
1219554811
1229956003
1231075591
1232932619
1234366141
1238517649
1242227647
1245132379
1246361299
1247875903
1253254601
1257102001
1258962541
1261570133
1263293281
1265359393
1265675833
1265740717
1266091297
1266482017
1267154071
1268946253
1269549401
1270658833
1270771783
1274283451
1277969203
1280223349
1280257469
1281195931
1282914793
1284188963
1285095247
1286333137
1288341881
1290307861
1291933501
1292407117
1295624443
1297210877
1305614743
1307992753
1308953983
1310696111
1312660571
1312845661
1313489761
1314474151
1317853729
1319753891
1323011377
1324384849
1324702801
1326448621
1329329041
1331061887
1331413333
1333215703
1334887489
1339605601
1347483511
1352453257
1355279311
1356241321
1373218477
1373452033
1378646179
1385156851
1389547279
1389699109
1394220409
1395317881
1402957609
1408864417
1410224761
1412493811
1415593741
1419459121
1421713261
1422057781
1422072961
1422503531
1423806541
1426015501
1426430449
1427771089
1427900833
1434738937
1437309253
1437330241
1437866561
1439124133
1440231941
1440250309
1443847283
1447251541
1455060097
1457710591
1464568381
1465217911
1465454101
1465523429
1465908193
1466660081
1467433153
1467496123
1467817471
1472221921
1475522413
1477422187
1479276223
1479842801
1484377651
1489427941
1490068973
1496164051
1497192269
1505851927
1511042851
1511558533
1511582269
1514859571
1516465441
1519144111
1524211921
1526162119
1527888433
1530159247
1532185999
1532305721
1535468119
1546054849
1552103821
1557619801
1560129607
1561800833
1563607081
1566954401
1571754241
1572951361
1580559017
1581025597
1587577867
1587605321
1592042491
1592233291
1606749061
1606861651
1607530051
1611615151
1614341431
1617921667
1618070737
1621187639
1622147101
1624486967
1625604781
1633373461
1635565471
1636435789
1637434657
1638564181
1643962069
1644685351
1652932513
1658904677
1661409289
1661839831
1662170897
1665561823
1665597781
1667096831
1668217027
1673894503
1674658133
1678090751
1685114551
1685713153
1686052481
1690914781
1696259137
1696678201
1699279441
1702111921
1715427451
1720994833
1722306779
1723299733
1724596661
1725196997
1725217121
1726007797
1728326491
1730163803
1730705707
1731328891
1734940313
1738190981
1738415251
1740420577
1740770113
1742288881
1744262081
1752049531
1752558601
1753612589
1758256681
1758524821
1768468081
1769733419
1770326203
1771154239
1771844185
1773851801
1773900833
1774628041
1777670329
1778233969
1778612371
1784323201
1785414061
1787148023
1787197843
1790677193
1792331861
1793871901
1796654593
1796734241
1798488847
1801176313
1806241337
1808205701
1813810501
1817515201
1818846121
1822479751
1823992691
1839860713
1841391883
1842995629
1851176161
1852430581
1852666901
1861880689
1870663411
1871501633
1874850349
1878691753
1880544907
1882775467
1883141341
1890641773
1893388421
1896807361
1897754581
1898139707
1899525601
1899636041
1900823653
1903898881
1914303841
1917130921
1917397637
1922819641
1934220731
1938869857
1942896803
1943810299
1945290733
1949722993
1951733281
1953427499
1960239181
1963360621
1964906347
1970256151
1971985219
1974451657
1974487349
1986220787
1989702307
1990760113
1992813551
1995401357
1999635653
2001129901
2008184641
2009621503
2012507533
2013655645
2015363533
2017311133
2017574431
2019327521
2022886603
2027306107
2028416021
2031732181
2032248961
2047516417
2056837781
2062630081
2067073113
2067887557
2072237131
2073832619
2074996841
2079734201
2081131141
2086454143
2090741293
2093336851
2094644557
2095002631
2096867791
2097360337
2101757473
2108761201
2109240013
2114643217
2117576707
2123026501
2126106025
2130134533
2130140881
2142302741
2146939939
2153076001
2153513071
2156767003
2160828121
2167659757
2169176833
2172462427
2173967993
2174349029
2175136133
2179498861
2179534171
2181835603
2184744451
2185248913
2191874441
2196487021
2196839041
2197813333
2201924341
2203717771
2213057893
2217622457
2230877041
2234003857
2243718209
2244899371
2254796281
2257505251
2261297413
2262861901
2266114621
2271622711
2272413529
2273413031
2280656953
2281191397
2283040759
2286573637
2291006381
2291452201
2298363451
2310142321
2312963333
2319891307
2323143649
2324049457
2339464681
2347597981
2350838141
2352378601
2354453561
2358473833
2362421953
2366681767
2370843361
2375894809
2376769741
2378679781
2381758831
2384466449
2384768411
2385574201
2390077681
2395510093
2395521217
2402002927
2406151801
2406594163
2408383819
2410245473
2413359313
2419277491
2427841037
2428740427
2428870753
2431144801
2434767721
2436927907
2437518481
2439600833
2443742641
2455749361
2456536681
2458053151
2461719661
2462627941
2470376833
2471533741
2475405571
2481403601
2490533977
2494128451
2499183763
2499853333
2513863969
2516219821
2518524511
2525900833
2530912693
2531204989
2533838737
2537105761
2541095671
2543191927
2545660981
2547406447
2551657711
2554362647
2554772581
2560600351
2561945401
2565085141
2566082773
2569098029
2569327129
2572286707
2573598239
2575907713
2580496591
2583325621
2589159673
2594281411
2595811297
2601881911
2602268461
2603384603
2605103857
2608574411
2625704407
2626647937
2629352377
2631959821
2632487489
2636315639
2638340101
2654502313
2659939453
2667765781
2672750869
2676053333
2684846953
2697374737
2699471503
2701672213
2703521141
2705647141
2712533293
2717428033
2723324551
2724454921
2724552907
2728298717
2728997441
2732693371
2736288589
2746839877
2746882669
2749450859
2750296823
2750435651
2753739773
2754388333
2754606553
2763236107
2766403333
2770302481
2771071031
2772198001
2772711649
2772984061
2777887297
2792440619
2797696357
2798376937
2804783533
2822160811
2828698133
2834529937
2837697773
2847423001
2851432501
2852597453
2855661121
2858583961
2860846721
2863665601
2865179527
2866872781
2867781001
2870053621
2871974561
2879701973
2882370481
2884446289
2884465729
2895632681
2900102521
2900448163
2913401611
2913406081
2918108761
2919081769
2922182279
2928350401
2931878071
2938438273
2944080133
2953765671
2959277263
2965611149
2970493333
2971303849
2974793401
2976407809
2978011651
2981483801
2981605771
2989041827
2996944133
3000864403
3005724349
3010636591
3015909181
3020423491
3022134287
3023049727
3042630533
3046251457
3056666881
3057111721
3066001153
3070144741
3076250123
3078299533
3078612967
3087692173
3089749969
3093983201
3104041309
3107549611
3108148937
3112723351
3113094913
3116834401
3121642927
3121733089
3128286211
3128899393
3151562437
3151878049
3156050899
3161757457
3161800801
3161897203
3162809893
3162934321
3163106953
3168018869
3176138851
3199551913
3200416363
3200675927
3206203003
3217744531
3217915759
3223563025
3224109701
3229633441
3233558021
3239620777
3240874561
3246362881
3247485737
3257943883
3263097641
3263568901
3269916281
3290579641
3291521203
3296558777
3299892877
3321386587
3322727437
3328149901
3332340703
3337273537
3341717611
3353925221
3362520323
3363763231
3364070533
3370721311
3374598781
3376550861
3393689833
3394135873
3406357013
3407772817
3409527857
3411555941
3423213151
3430959841
3434575327
3439568933
3440471459
3447628981
3484635547
3487443709
3493069141
3495496579
3499030081
3500177563
3502870363
3522554053
3524533741
3525051307
3531704101
3531927211
3540142471
3541642597
3548607841
3550678657
3554383141
3556360081
3556373647
3559421017
3564099925
3565699237
3566428301
3566977441
3576804001
3579215251
3580801093
3587802901
3603030637
3608630521
3614527933
3625328981
3627338521
3641227489
3643027081
3648274391
3651448501
3659078749
3670404301
3677468161
3685224001
3692283211
3693021793
3698276741
3704059591
3706404781
3708102727
3720887041
3726810959
3727481941
3733851577
3748638379
3749204467
3759304627
3763476781
3775385011
3779527357
3781516033
3783022561
3787704397
3789227051
3789843461
3792935063
3795206827
3817426001
3818988817
3820936057
3822308461
3825562645
3831924101
3833846641
3838174661
3853584967
3864538261
3872496847
3874471147
3878450413
3882729131
3887423437
3889407425
3891139561
3892928203
3894227569
3895046191
3900504903
3905876501
3917319841
3925583551
3931879267
3934940833
3936227041
3937274533
3937413727
3940438069
3951382753
3954334159
3954403153
3958524373
3969687151
3976544461
3979234351
3984737791
3986664571
3988288279
3993102401
3993509809
4018283501
4022881801
4027212499
4028961997
4034993269
4041356801
4041605713
4042578403
4045222081
4046624371
4059776533
4070855777
4073353243
4074378571
4075241633
4081806919
4087268251
4091453677
4095561961
4102038631
4103591251
4107548593
4112485301
4118737001
4131541009
4133928761
4134779251
4139820967
4140719749
4144945351
4148337271
4149101017
4150458463
4153709641
4157008813
4164045181
4169525681
4169765101
4172852779
4173866413
4175264501
4179008347
4186561633
4186823297
4187360341
4200488081
4203343189
4206976771
4220977559
4222493311
4223477441
4233056437
4243744201
4254747769
4259088601
4267640161
4274270051
4282136321
4283680129
4287678139
4288027301
4294855699
