51
91
133
247
553
561
1027
1501
1729
1891
2059
3589
5305
7189
8321
10507
13333
19513
28153
33227
35751
37231
39831
43501
48709
51961
73261
76867
88537
88831
106561
110701
112021
113257
136591
144673
146611
153401
153553
154481
160291
172173
181351
181901
188191
196285
213781
217831
235183
249271
262417
281165
282133
286903
319501
324221
399001
477793
512461
514585
515201
554041
563347
563473
597871
630631
653333
668641
689323
702901
729061
736751
752161
753481
796111
832885
845389
857071
891331
916327
994153
1018363
1023031
1096297
1122769
1127251
1152271
1157041
1160209
1164083
1293337
1302451
1314631
1357441
1419607
1441501
1453873
1503391
1530787
1536053
1537381
1538741
1660513
1683937
1689171
1748011
1755001
1757671
1833499
1839619
1847731
1869211
1888329
1940681
1987021
2084377
2134277
2141933
2169745
2271091
2288377
2337277
2337301
2535761
2637811
2748023
2827007
2840573
2976487
3012857
3041629
3077441
3093697
3165961
3255271
3355261
3366091
3383353
3470921
3560761
3647621
3913003
4059859
4072681
4074907
4095961
4099439
4101637
4111381
4288771
4393601
4454981
4469471
4567069
4907701
4923049
4948973
4990861
5182069
5192053
5292631
5308181
5406787
5463943
5502797
5504299
5903497
6503833
6594901
6658669
6719761
6752761
6787327
6851521
6868261
6969511
7070671
7110793
7134121
7344947
7352689
7358051
7575683
7820201
7869349
8210341
8233633
8347819
8417281
8430643
8445559
8662381
8864017
8918153
8973501
9131401
9186901
9210401
9254521
9401801
9693091
10084177
10247357
10267951
10336411
10425511
10666613
10703801
10774213
10849777
10974881
11088013
11137237
11205601
11268251
11476879
11532151
11751013
11805907
12032021
12163817
12675601
12691967
12878077
13003981
13359397
13404751
13694761
13772131
13773061
14024539
14056111
14131987
14234431
14342833
14370001
14574589
14575471
14581501
14608133
14717341
14913991
14983921
15148271
15217577
15444917
15444997
15622417
15729451
15995449
16119001
16142281
16176031
16346899
16451933
16621697
16715851
16755481
16831321
16980781
17236801
17290001
17403821
17675923
17705161
17798069
17870561
18137663
18191251
18361939
18535177
18662869
18673201
18809911
18900973
19039645
19068127
19115771
19578847
19630333
19790611
19899937
19961239
20279563
20440229
20542861
21053341
21335443
21504619
21654533
21666499
21979543
22384181
22696213
22713181
22721791
22925527
23129633
23488111
23585563
23902201
24249391
24649321
24994201
25076809
25696133
25825969
25847329
25883089
25983811
26103323
26470501
26489191
26764123
26889697
27569287
27782285
27956503
28324441
28405681
28527049
28593811
28785907
29078653
29415871
29445541
29460001
29648471
29848657
29999971
30023891
30139419
30625777
30899863
31040833
31267991
31464317
31575781
31747651
31966897
32065681
32355809
32429431
32545657
32695237
32987791
33063967
33092401
33093901
33600533
33717991
33903101
34519211
34583201
34720193
35018777
35157509
35344871
36327691
36504199
36919681
37649503
37771231
37947337
37962541
38151361
38239741
38248981
38520577
38810689
38826607
39264319
39327681
39371141
39465091
39669841
40524301
40621591
40622401
40728463
41032729
41662297
41826943
42032447
42353741
42474547
42478231
42698023
43036003
43175941
43479163
43504133
43879741
43941049
44142905
44318977
44837101
44911321
44963029
45107791
45344681
45388201
45851893
45877861
46517857
46672291
46724131
46728533
47257221
47567873
47865623
48304481
48623891
48690721
49431617
50235517
50453413
52448371
52557853
52596181
52995781
53390611
53748733
54354061
54381671
54419749
55343371
55466321
55797197
57248857
58001497
58045531
58142701
58197547
58213661
58828951
58986091
59159899
59640673
59889241
60538141
60846331
61247293
61422187
63065281
63403471
63475789
63553621
63563389
63936601
63963991
64042423
64102391
64416493
64961051
65250179
65356663
65625323
65908987
65962933
66096253
66471809
66547193
66580933
66994471
67103401
67761121
67815149
67971751
68875561
69270937
69616849
69885649
70688857
70798861
70878991
71977289
72415531
72539371
73527301
73745281
74411131
74608507
75017251
75204481
75320341
75469519
75803267
76081189
76609231
77009743
77146831
77197381
77323249
77582233
77925145
77993461
78334873
78345301
78887701
80918281
82448753
82606231
83598481
83666521
83948509
85666151
85852577
87046159
87238729
87596191
87650413
87962729
88367351
89932351
89998273
90001801
91695701
92158441
92500487
94536001
94694393
95163379
95704757
95983777
97306393
97340473
100116739
101152133
101252737
101547217
102035251
103253333
103448809
104943091
105809903
109260191
109541461
109838431
110631841
111468661
112432393
112540273
113197061
113654321
114089897
114355081
114842677
115173451
115351933
115363711
115430317
115781293
116132491
117180121
117440821
117662981
118054721
118172251
118901521
119194601
119931141
120236707
120554881
120739081
121071259
124394801
126132553
126323699
126386261
127170577
127435771
127597513
127664461
128536561
129627499
129744385
130546501
131176591
132570047
132951901
133042307
133083889
133391611
134263501
134499553
134590237
136545067
137677101
138070693
138186511
138336661
138653101
138850021
139752607
139952671
140549579
141184891
142333441
142881691
142904473
142930657
143168581
143543891
144434933
144882481
145458073
145603333
145640739
146806129
146896747
147166417
148267351
148273373
148910653
149389633
150265117
150716161
151203151
151644011
151659619
151732417
152255611
154358821
154492231
155432971
156373701
157470751
157803521
159081841
159440081
159687331
159870691
159948061
160351759
161158601
161674511
161926993
162712681
163202941
163759753
164887273
165682051
166348885
167710021
167979421
168143521
169234003
170449249
170596201
171556219
172947529
173401621
173415145
173678203
174453427
176052691
177439061
178482151
180322561
182771263
184677721
185040703
187546133
187700761
187839901
188821951
188980891
190072081
190224451
193374451
194159881
194339081
194810287
195761521
196841213
197838961
198168967
199930781
201261061
202281031
203071903
203231621
203545889
204538273
204582457
205427533
205458023
206631083
207489283
208051201
208615843
209228317
209249401
210032689
210402277
210459283
210991951
211712477
213035761
213993553
214209601
216775921
217130671
217396481
217658431
217703897
217735321
219656611
220243879
220499821
220783591
221391227
221793391
221898601
224194879
226359547
226853801
227369353
228988033
228991501
230088497
231119041
232582801
232794253
234843841
237656431
241715053
241810501
244032391
244669703
244879081
246560651
247099513
247155791
247587367
249331237
249636061
249910849
250958401
251399431
251548711
252260083
252552301
252876871
253412779
253532501
254205433
254781451
255655401
256979609
257543287
257894149
258634741
258779701
260610641
261186001
261598213
261599761
261615031
261856261
262480501
268626181
269689379
273326857
275018653
275240461
275489047
277241401
281806201
282589651
282862577
283732621
284046211
284166877
285278501
286171201
286528301
288120421
290197211
290344753
291413251
292100491
298362241
299719729
299937353
300234793
300724831
301807663
303220927
303393553
305986097
306522149
306621113
309918029
310345813
311671361
313127803
313192657
313338061
313571287
314736661
316165627
316975751
317215501
318026801
318465703
318954049
320298541
320454751
322164077
322280047
322925153
326340467
326725813
328372931
330654547
330859201
330897253
331320991
333431179
335953073
338369461
339456841
340816321
341848729
341886661
341955307
345684769
346305403
348400963
351888301
355073461
357330167
359499781
360145633
360928751
361106173
361957913
362013979
362671123
363159721
364282381
365228869
366084181
366438089
367156859
370740833
371011801
371138861
371611153
372810719
373394083
374135671
376096033
377043437
377187031
377340631
379732501
380488909
383479841
383793541
385038721
385407569
386891341
387311107
388695301
390990433
391712641
392428117
392433791
393010939
394878463
395044651
397480001
397627817
397825481
401335351
402427441
403095421
403415041
404259871
405042457
406763587
407626267
408597391
410500171
413670661
414020971
415070573
415108891
415800703
416643943
418617281
419350051
419530537
420349231
420465277
421323137
421365611
426061201
428357009
428830201
431087581
431105621
431960149
432472321
432942511
433559501
434541817
436916819
437581871
438502681
447411553
448995157
450242099
451744897
451906757
454766287
454827559
455461471
456412321
456660517
461189233
463603771
464382361
464798751
465658903
466214827
466306231
467307661
469328203
470264761
470505421
474295207
474654377
474970501
475969231
476868547
478732871
478746269
479864201
481135021
482174653
482278861
482823469
484362131
484911043
487620241
487890703
489770863
490099681
490201801
490693411
492648239
493460749
493977037
498442951
500985941
505798213
506388011
507960001
511694429
512744731
512977327
513167311
516001537
517301833
521165713
522047821
522965143
526309741
526942761
529258601
533856727
534821191
537988571
539245801
541618751
542683891
543983689
544732933
546322201
551179201
552706201
554494951
557199959
557794177
558899353
559547773
560612167
562781701
562960007
564866611
565054673
569362609
569784403
570194393
571904173
575935777
577924801
579952141
581276041
585584605
586875049
587159497
587744911
588083791
588645709
590414977
590571001
591176671
596482111
596714509
596897641
598977961
599403421
600058157
600893921
601832449
602853241
603972091
604446527
607536661
608963227
609244501
609361567
609688801
611852671
613343371
613544611
614041651
615363563
616015469
618599801
621300497
622388089
629631103
630264871
631148813
632615491
633582431
636596651
636933709
637110553
639801037
640885999
642264919
642426049
646175713
647136089
647679397
648354253
650867809
652438081
652923521
652969351
654268187
654649789
655219207
657414577
659124481
660022481
660842029
664149383
664745657
668017771
670567301
670688443
670909727
674139467
674194207
677297669
678128053
679151651
679736261
680921851
685506971
685923757
686296801
687428593
688636831
690822859
691000441
695188741
695360011
696574891
697180251
699564053
704012429
707170697
710445121
710617861
711304903
712766503
714255149
714402781
715295177
715427861
716783871
718353901
720068161
721414093
724938241
725357161
729790381
730012837
731744257
732736621
733586981
736323109
738536611
740790031
741663281
743250799
746692057
747070501
747325237
747856073
750445853
751932961
756362197
756647719
756869851
756960901
757968689
758687581
760295273
763411951
763907741
765275221
770235649
772784137
774216089
774413641
779262467
779376085
786333241
787235803
790468141
790891921
791551441
794334001
797510689
799426141
803014241
807817111
810455101
810652807
811359649
811440601
814056001
814441633
815430533
816085733
823097071
826686017
827655401
827980471
829678141
834451129
835935361
839154557
839289151
839599489
841217653
841523713
841592657
842544289
843703213
845376533
849051673
849059587
852081121
853508059
854581807
857538991
858711673
859769191
862069079
862661185
863514853
863798461
867022747
868088341
870559777
870607853
871293541
874202401
876204799
876793633
876850801
878765681
885493927
885594533
886695109
890146741
894590071
895262491
895503241
898774003
899577031
902174131
904221641
904505611
906471301
908349601
909521911
909974881
911188717
912399451
914991121
921134551
927877001
929180533
930662111
930806441
935008523
935886557
937818113
937862641
938376181
940123801
948319807
949324801
950809951
959108207
963744493
965365201
970355431
970983833
972471151
976518449
979804009
982474201
983392099
984008089
984708901
985075681
985131457
986808241
988736257
991609921
994113451
995586373
996196741
996565771
997232671
1003580785
1003630141
1003860973
1005123421
1007971271
1011319501
1015269391
1017748057
1018125187
1019740661
1020615163
1020667861
1021165399
1022388641
1024605121
1027662721
1034283421
1035653851
1037023121
1037151253
1042271029
1043231941
1045858801
1049531419
1050920461
1053016163
1054239031
1055054401
1055437633
1058816533
1064959261
1064985637
1070063191
1072581277
1076232961
1080124657
1082567251
1088560651
1090643531
1091341241
1099396801
1102550131
1105322653
1106218387
1116297883
1117785881
1119550381
1123406047
1126998913
1132897351
1133222353
1136751571
1136899723
1141022821
1149206581
1153305401
1153997885
1154811841
1156402001
1163168077
1163769751
1166240833
1167458041
1167593365
1167836977
1168836127
1170614593
1176825343
1180970407
1183338241
1185618781
1187887891
1188221201
1188646903
1189665361
1193229577
1195524181
1195756057
1199111941
1200459163
1205606533
1206568681
1207438357
1210653541
1214292433
1219858921
1224756569
1225127989
1228672513
1232013421
1234646533
1239760831
1242958501
1248065459
1252236421
1257216577
1258875217
1259514281
1261099531
1265740717
1267158061
1268115451
1273495513
1280929651
1282588051
1288002451
1289281621
1290744269
1293485779
1297712641
1305832289
1311616153
1314779269
1314976153
1318738387
1322204113
1323636859
1324702801
1324996993
1327026403
1328256247
1330453573
1330823873
1331196721
1331604427
1332869581
1333215703
1337403013
1342082141
1343213551
1343575381
1348480801
1351700911
1356241321
1358469457
1359468571
1363178701
1363330321
1364378203
1366303681
1367007907
1367732281
1368769681
1375017121
1375019101
1375684831
1376085313
1385973181
1389419869
1390637851
1394843671
1395564127
1402035391
1407953971
1408610503
1410521941
1411706431
1413112411
1414154827
1419459121
1420063483
1424832571
1429490389
1430703809
1433048219
1437717847
1443652033
1444813921
1446774463
1448509009
1451031247
1451716129
1455166351
1463178817
1467403213
1467566101
1467572003
1468824787
1472009551
1473123601
1478602441
1483039643
1485970543
1489976797
1490131609
1492762133
1501839683
1505002045
1507201151
1508642701
1511582269
1513701071
1514932399
1518667699
1520467201
1522203121
1529515891
1532419099
1532733031
1534274841
1535468119
1536428701
1538012449
1538331463
1539334541
1539583921
1541661481
1547913851
1548417809
1549340801
1549942571
1555965601
1564278211
1565138611
1570529993
1570964851
1572934897
1575144685
1579183649
1580591011
1581576641
1581921001
1588247851
1590075761
1594628101
1598721451
1598966563
1600952221
1602487321
1604428771
1606749061
1607913091
1608729127
1608751523
1614260833
1617900733
1618587001
1618869061
1618916977
1619680147
1629059977
1629098087
1630634297
1633240001
1633373461
1634136937
1640157787
1641349571
1642868137
1645859251
1646843053
1658046781
1658333251
1661409289
1665597781
1665790327
1671033401
1675026523
1679190241
1701760373
1703644801
1706356049
1713242467
1716303943
1727781571
1731971699
1731995497
1732726711
1736159671
1738190981
1738203793
1738481341
1739529457
1743657931
1743805801
1752051211
1757148121
1760706811
1760864431
1764288901
1772681767
1775658259
1789167931
1790023861
1794772669
1798331501
1802737483
1803278401
1804182257
1805555201
1806175039
1813205213
1813493761
1813968841
1816645261
1820306953
1821051191
1821055231
1821514633
1827702101
1838107321
1839568981
1840651931
1842249517
1842712741
1851118501
1856689453
1857777769
1859474233
1864322881
1871501633
1871911627
1873604701
1874850349
1875796561
1878138491
1881416377
1885527569
1890173533
1891334611
1892898067
1894348603
1895387791
1896046781
1897523741
1899027649
1900687381
1906418021
1909738621
1912142233
1914031351
1915854031
1916013061
1916141349
1922485969
1923311317
1925074289
1932249817
1932326131
1936031341
1937105941
1939592201
1941326749
1942692529
1942836001
1944023621
1944188377
1952289553
1952368381
1973248861
1985348527
1988031679
1990760113
1991901529
1997844157
2000298241
2000436751
2002664623
2004877111
2008355163
2009621503
2011911329
2012985631
2018505169
2018761111
2032335317
2037233839
2039604139
2041703161
2044637377
2044936897
2045584711
2046780501
2047498651
2050405853
2050617713
2052867931
2057703649
2057756611
2058874201
2060910307
2064487681
2069182981
2070082081
2072422637
2074723219
2074761907
2075321305
2082037483
2082440533
2094177403
2101470541
2105161921
2107359851
2113167691
2116483027
2117757709
2123520001
2124239521
2130134533
2130965407
2139462991
2141033203
2142302741
2142871459
2144506141
2145850513
2150666827
2156767003
2156774221
2161394173
2163018101
2163693001
2165492029
2166106609
2170186021
2171980483
2174988817
2175136133
2175406201
2178944461
2180096521
2182293733
2183757409
2186929291
2187303391
2195643889
2197944451
2200112293
2201806651
2204220097
2206632457
2214761251
2219072017
2220748073
2229650389
2229849805
2254469101
2255520901
2257572013
2259050333
2260639627
2262861901
2266174249
2270795701
2280928217
2285071933
2286041617
2286489397
2293014533
2298363451
2300319061
2309167393
2311158589
2311558021
2319724441
2326280353
2329380733
2331912619
2339347063
2344110781
2345907961
2350043767
2352456289
2360270371
2361232477
2361316621
2362065301
2368314131
2368592761
2372952229
2378652301
2384515201
2385059041
2387194951
2387693303
2389515283
2390720641
2398148551
2398220329
2399022077
2400771337
2401080961
2408136221
2425460759
2431144801
2435868631
2438403661
2439189941
2440965341
2443421681
2444950561
2445482167
2446810957
2447557597
2449191841
2455840141
2456040049
2462440753
2464977667
2467885411
2470797341
2475568309
2478088961
2480343553
2480817349
2483253781
2484043471
2484489857
2485230751
2485587497
2487604351
2490533977
2492425891
2493447691
2494615399
2496613211
2500365601
2507171801
2507618977
2511924601
2512672091
2517714091
2518606273
2519186671
2519363393
2524460209
2530618177
2533915781
2539410301
2540567053
2540972071
2543211763
2546679493
2547406447
2558283797
2560600351
2561654099
2563596751
2566305991
2575260241
2575572551
2575826401
2577909181
2590788041
2594281411
2595473677
2598649381
2605557781
2606232973
2611561313
2616180821
2617244033
2618818321
2620691509
2622794329
2632514221
2638523317
2639521393
2646029497
2648013821
2652875149
2654934631
2661742261
2661777581
2664131749
2671407701
2671433857
2673400441
2676053333
2677595213
2680883617
2682633361
2690094919
2693193301
2696344621
2696363101
2697339481
2702011447
2702239861
2709662201
2711177257
2718158357
2721721939
2722763521
2723078737
2728624939
2732693371
2736574801
2740324861
2741937199
2746382731
2750435651
2760415813
2760482929
2766403333
2766660191
2775092539
2775980593
2776874941
2780617963
2780879401
2787998641
2790476151
2796401581
2798857729
2802033253
2806534109
2813512591
2815816033
2817103873
2817415441
2825491901
2826985153
2827961221
2828648903
2838534337
2842912381
2842924639
2844272309
2844439151
2847626101
2855290901
2857570489
2858105251
2860846721
2864603041
2876353591
2881429741
2887173881
2887308811
2890451383
2893531411
2896924291
2897502661
2903776129
2913206999
2918980783
2922769711
2929062533
2935002857
2937096937
2940468301
2942289901
2942792651
2943030781
2951544961
2955621997
2962366021
2964867991
2972319013
2975096953
2989224265
2991087001
2993524507
2995061161
2998569421
2998890331
3002848921
3003464941
3004412993
3009176281
3009756751
3013708057
3015777493
3016641673
3017412427
3021732953
3029349073
3030165139
3030393901
3031304407
3036097219
3038361061
3045689443
3048467381
3063683503
3064236041
3066142561
3070556233
3078274231
3083053387
3090563269
3091354111
3091583881
3103778113
3106952647
3109616553
3110830003
3111148097
3113599561
3116659001
3116834401
3121792543
3131190281
3133998397
3146902111
3151353941
3152711161
3158580587
3164846401
3172658653
3173212051
3173969989
3180742577
3183057629
3199606019
3199705445
3200985217
3201952517
3206203003
3207807241
3208413121
3208940569
3214429949
3216109339
3227024221
3233001781
3235126501
3240022501
3240480253
3249731551
3256366051
3258425633
3268506541
3271076771
3272839597
3285725701
3288912661
3291521203
3294299191
3295217971
3307890623
3314111123
3317586247
3318115201
3321340793
3324006533
3328354801
3332340703
3336728221
3337201121
3338293681
3341448907
3342280663
3342491639
3344969911
3348969121
3349218881
3349859701
3352026133
3359118197
3359352961
3360388123
3363763231
3372502753
3374918911
3389409871
3390797341
3393494669
3395120977
3398362291
3399415867
3407274001
3412242173
3415382111
3416294701
3442964671
3446328913
3448620793
3450667609
3450935503
3453539623
3459730201
3476313361
3480062851
3481435981
3491762749
3492883081
3503841139
3504936907
3506127841
3507094121
3509787361
3512847869
3514134241
3514349437
3520131091
3520357417
3528392557
3529026511
3531436801
3531777877
3532275919
3543385501
3547602901
3550412251
3551399749
3560114681
3583249921
3587940661
3602006101
3602550451
3611124961
3614083747
3616395451
3620019943
3622322431
3625557193
3625942711
3631504001
3637831753
3638653201
3640903111
3643586131
3648416701
3651150331
3661380361
3665164501
3665242951
3672800293
3677545801
3678934981
3679389211
3684206737
3689046037
3692438569
3711593341
3717025063
3718798163
3721574113
3725164411
3725696141
3736571689
3739005089
3749545073
3756426269
3757599721
3757929187
3761091937
3763514221
3764767891
3771615893
3777626161
3787284821
3793344469
3802638689
3817523029
3830629151
3853584967
3864853477
3881746513
3884345401
3885470023
3885893131
3886907857
3887423437
3890736481
3891743831
3894626017
3907752241
3917319841
3921166079
3925264081
3929010631
3936642841
3944565857
3945731833
3946455761
3952176037
3959921521
3962172593
3964119001
3966171973
3970582153
3972286561
3972776333
3973938541
3974572801
3983387497
3983982251
3984622963
3991354501
3997740319
4007299801
4028560541
4034993269
4035028861
4037490451
4044726841
4045222081
4047464957
4052793553
4058433931
4059776533
4066007107
4068671881
4069960753
4075874401
4077288811
4077291851
4083224749
4088838913
4092197971
4095650791
4100934241
4105353449
4105920347
4106096623
4108107193
4108863061
4116385751
4126424287
4127050621
4130326291
4133753401
4133928761
4147919821
4163672017
4168649633
4175818921
4186561633
4187360341
4189909501
4193357629
4200339791
4206006229
4206040357
4207191577
4210095667
4210559221
4230217781
4239174661
4241343151
4246655341
4276163809
4283445403
4291107151
4291571233
