21
25
65
93
217
325
651
671
1247
1393
3293
3961
4489
6169
6175
6817
9509
12961
13051
13333
16441
19831
22087
22873
23653
24641
24925
25761
28153
31609
34503
38503
42475
43183
46999
49141
52873
52975
58829
72571
74621
85281
87823
88075
88831
90157
93433
105163
121301
131407
144565
149293
154101
162401
175169
194221
221761
230323
241001
246259
269011
277369
289153
297733
314821
319507
324025
328021
367813
419653
442471
449065
458989
486737
552175
560931
563767
578377
614761
669593
717025
751843
784225
788075
790621
819541
828041
844273
846301
873181
892315
893311
960433
985561
1053761
1168513
1311949
1318747
1369189
1390229
1398233
1447289
1458241
1493857
1584523
1588361
1611427
1660513
1693903
1715113
1735691
1755001
1810177
1842163
1970701
2035153
2088353
2112643
2163001
2232473
2345941
2380561
2409721
2455921
2517673
2531845
2615131
2686157
2692387
2699551
2727649
2741311
2746589
2934709
3013961
3075001
3089773
3115369
3159325
3211261
3213409
3270403
3336371
3363121
3387781
3489641
3512431
3645991
3878873
3880433
3939751
3946369
4101637
4111381
4128703
4365721
4415251
4434829
4522151
4567837
4734127
5031181
5041147
5176153
5181931
5308181
5440807
5481451
5906413
5964547
5964859
5968873
5985577
6171127
6216295
6340769
6432581
6539089
6696967
6924121
6938611
7009033
7232321
7262413
7268413
7442389
7553701
7747417
7795201
8163167
8164951
8209657
8219251
8348851
8417251
8770609
8952113
9031651
9044575
9045769
9045793
9227739
9312097
9371251
9439201
9504191
9518767
9584273
9717247
9743801
9775921
9881041
10125949
10297009
10679131
10829809
10842037
10877581
11210431
12049409
12120791
12346129
12474281
12591181
13003981
13694761
13791997
14050093
14166871
14246389
14312533
14676481
14729101
14932633
15247621
15331297
15387557
15517321
15596659
15727321
15757741
15805747
15884821
15978007
16078021
16773763
17388861
17476777
17737381
17973013
18124177
18225703
18429289
18904429
18985627
19194181
19209601
19359451
19582837
19732897
20459011
20704699
20870641
21009781
21266131
21278335
21355951
21708721
22020739
22196841
22269739
22369621
22533761
23056001
23274257
23547721
23628331
23743525
23988703
24140873
24179347
24242261
24464149
24948811
25528123
25798825
26277281
26332181
26961661
27032671
27188929
27484771
27492581
27725437
27934177
28406953
29239057
29688941
30058381
30437551
30552391
30579481
30947995
31150351
31360057
31470211
31545697
32091781
32110849
32429431
32638789
32684101
32685517
32751973
32893057
33328331
33380425
33702501
34043101
34097467
34171817
34751573
34993583
35587091
35981713
36053333
36307981
36959371
36975481
37093607
37522057
37577539
37587793
37736533
38214097
38558521
38684159
38712571
38874001
39418963
39547171
40675981
40998877
41069047
41604109
41798401
41819329
42149971
42347575
42685977
42698881
42702661
42738801
43279931
43331401
44851255
45175201
45213481
45297283
45634681
45819541
45834589
45953857
46144801
46424371
46670249
46825213
47263231
47300671
47387503
48191653
48234649
48378013
48462301
48960409
49030381
49415983
49917757
50364029
50460161
50492321
50724511
50778631
51175849
51623501
52217101
52243871
52869601
53949011
54255521
54348841
54523037
54637831
54866593
55464481
55712521
58355617
58569251
58609123
58885951
59269321
59483453
59512231
59593777
60849685
61719949
62583041
62944201
63390497
63525859
63799471
64399523
65122801
66413953
66472981
66976201
67137601
68060659
68314357
68621701
68837921
69139201
69179563
72286501
72543547
72837829
73688689
74199841
74985607
75681541
76479397
76975111
77529817
77594653
77605277
77871691
78234133
79395817
79989391
80207381
80918281
80933329
81244951
82155481
82627651
82875101
82976181
83248513
83403041
84300341
84701371
85476401
87096001
87155713
87581141
87640801
87698521
89517299
89667283
90388351
90907391
92301973
92594197
93263779
93361381
93511231
93516801
93809761
96940621
97219361
97306393
97603001
98098561
98337691
99005551
100235851
100335043
101146261
101547217
103106251
103983907
104205751
104569501
104804533
104926231
105128129
105635531
106485121
108003673
108699193
108725851
109838431
110044741
111202297
111246031
111509059
111654401
112568941
112702591
112918591
113401663
113421601
115442581
116806141
117186037
118566533
119008577
119693267
119780737
122337439
122398519
122879233
124044889
124666499
125203249
125284141
125566813
125993881
125997121
126386261
126428851
127368619
128536561
128631427
129337333
129767551
129989611
130466521
130693393
130998121
131117941
132250201
132598751
132780381
132869257
134613371
135563221
136545067
137066581
137811031
138158411
138736153
139810133
140028877
140309947
140709281
141520201
143420059
143520833
143555329
143994691
144528161
144530083
144883003
145723999
146156617
146737853
146843929
147753475
148484909
148736209
149480321
149615911
149892569
150988753
151689877
151720843
152612131
152963791
153099101
153264131
154442431
154513633
155474051
156570961
157748761
158009545
159788851
160061801
160378861
161528527
161556211
163140847
163244281
163786393
164138801
164279569
164411911
164412511
164593153
166346497
167743291
167856677
168402089
169608067
169746337
171791509
172116181
172581697
173068309
174383791
177050491
177254533
177768961
177795271
177997691
178358881
178398091
180252797
181191221
181382401
182058181
183672961
184760683
186054721
186125633
186505903
188204689
188990869
190402075
190550413
190647161
191524393
192513697
192523403
192746401
193638337
193997009
197119525
197247371
198168967
198210401
198963311
199482751
200441561
201261061
201789127
201853573
202130197
202276621
202356925
202930531
203269177
203789951
203958541
206437741
208264081
208505177
209012077
210128953
210812311
212472415
213555805
213940553
214038533
216631297
218112133
219446263
219760399
220302769
222116563
223220351
224447275
224582221
226301617
226523137
226930609
227421937
229302109
229803211
230107289
230357761
232525673
233308681
233394367
234870301
235790501
235928071
238000001
239306863
239548261
240841451
241370179
241455457
243735871
244061371
245309461
247912897
248290927
250564051
251691299
253158751
253182203
253430017
253446799
254110033
254781451
256630529
256911869
257033041
258814381
260156101
260963389
261524317
262979501
264543175
264892213
265893601
266938081
268138687
268505551
272995561
273480637
274810241
274831759
275339107
276492931
278865481
279285859
279744031
279758623
281360551
281997217
286721353
288442309
288458231
288867367
290218825
290862601
293209531
295314391
296278401
296792497
297815489
298087793
299082241
300524641
300774349
301120831
302098633
302204033
302491171
302597077
305218747
308585881
309988009
310210561
311403061
311779177
311987611
312438127
313338061
313615933
315351521
315670273
319167157
319261727
320792221
321004147
321781633
323697817
324010061
324325087
326706403
327836161
328402181
330654547
331848091
331982575
333564713
333621121
333651319
336098957
336325609
337560809
337695601
338940629
341363103
342014077
342368093
342664081
343857973
344966599
345674071
346092991
347347087
348548957
349967257
350454479
353824753
355888963
356624353
357200533
357380101
358199731
358408717
360948151
361638241
362205367
362655779
363245581
364087741
364282381
364863089
365880769
366453701
367529163
367562161
368476501
370782259
371675221
371734441
372383857
373669453
374753633
375537073
377625581
379129609
380268521
384365827
384472481
385533689
385566707
386285749
386303321
388981877
390609941
390612221
391930003
394034911
394540381
395650657
400505449
400698523
403015477
403643521
404465041
404465651
413050361
414534847
414741961
415212361
416090599
416445351
417273935
417444301
419270281
419894021
420376969
422131921
422295901
424431577
426448411
430970041
433381243
433559501
434932961
438247427
440973721
441348871
442589321
446365279
449857921
450640667
453303709
453781441
454305349
455102521
455461471
457157851
457274161
457346737
458107213
458599541
458666269
458803567
458869951
463628551
466850221
467099011
469598221
470063791
470752133
471610927
473617513
474307681
474663887
475093383
477138817
478285631
478732871
479489557
479837173
481239361
481376251
481637381
481831681
483006889
483805279
486711259
488765269
495416503
495812197
496827211
498442951
501505561
502954141
504724711
504870241
507219211
508032281
511694429
512849611
512988781
514139191
514969975
517697641
518305217
518752513
518958661
520307101
521938081
522061747
524581751
526727273
530258401
532378403
532758241
532800133
536450113
540654409
542006441
542761301
544684207
544861633
545430607
546322201
546464689
549132871
550052137
550208533
550518475
552562489
552695599
552914071
553027201
554494951
557058133
557548801
560612167
563298061
564084841
564331697
565346017
568691173
568898551
571431043
572598327
573181381
574385041
574516801
574806341
575133131
575419021
575503781
577962323
584107229
584868181
585281791
587444287
588615553
588630109
588830111
590356357
591043771
592519117
595590841
595996699
596831593
597342461
598794541
603527275
606640501
607140773
609147031
611397865
611812321
611852671
612502801
614120113
614747179
615677401
617099341
620928533
621900553
623525323
623606413
625536071
628868467
633944033
635486641
635689633
636900541
636992131
637641371
638411471
639536201
639912113
641310433
643066997
644738167
647817913
650874841
651514753
651658801
652543117
657175531
657414577
658905859
660859651
661789577
664574653
668650087
668937641
670047229
672396721
674194207
677352223
679975003
680860351
683785201
688436893
689548201
689634481
689842759
689987117
690598441
695432425
697791403
700627591
703787551
705245041
706389571
706480039
706562851
706714471
710541481
713909041
713983141
716476051
717096641
717653333
718209361
718342777
718708849
720068161
720452701
724097851
725230507
728851507
730704133
732736621
734588401
735039337
736333333
736929631
737157581
740238749
741214237
746331041
748959709
750810001
752514793
757048825
757494739
757670293
758056531
761507833
765167801
765947911
768709657
769006153
775368901
776117593
776728661
777912521
779536711
780178001
780979613
782022361
783428801
784920827
786333241
786672251
788046901
791063341
792447521
792627961
793813333
794093743
794399041
797418997
799721749
802532611
803744371
804603925
804978721
805285391
806046433
806155561
808635521
822767041
823669949
823951171
825913841
829544641
834451129
836628839
839268139
839328697
839449063
840883079
841062251
843069937
845338033
845376533
847159501
847697171
847745179
849098599
850028939
851026261
852583961
856579381
857100421
857389699
857886871
860845621
864014581
867110501
867198289
868088341
870779881
873490421
875727191
876533659
876843001
876850801
877532671
878940833
884954251
885601421
886695109
887141971
888013999
890687621
892938619
893670031
899659729
899662591
901540657
906108841
906316759
908750179
910287691
917966149
918757127
919384231
919385501
920384053
922026877
925478689
928766257
929450141
930745621
932148253
935485525
935794081
938030101
939448693
941193331
944500519
945959365
948393601
950371003
951320651
952717669
954604961
954732853
955134181
955609903
957326081
961238209
961283431
965501857
965972659
967287751
972502547
975649051
975765787
980957071
985708621
988145341
988390177
988643683
988650001
995073823
995490077
996196741
1002243511
1003004047
1012911409
1016407501
1016748167
1022231053
1022388641
1023472061
1027108969
1028018413
1028857141
1033564421
1037024353
1037627051
1039299977
1039355551
1039740833
1040295691
1049917867
1053018037
1054740191
1056888641
1058989231
1059101701
1059492961
1064578679
1067802667
1071126053
1072839941
1073299501
1077511471
1083565921
1084206649
1084444481
1086720493
1089682837
1092215521
1092902533
1098000091
1098393073
1100927281
1101047971
1114102639
1116880913
1119319237
1126587151
1129390421
1130956481
1131872029
1132803673
1135428031
1136969401
1138504621
1139434453
1139954701
1140791321
1141653871
1142300503
1143236161
1147743347
1149932213
1150292239
1150774579
1154176453
1155967723
1160744531
1167684751
1168668541
1170040951
1170614593
1171500241
1171811341
1179103213
1183305889
1186252939
1190980121
1191216133
1192640941
1200778753
1202207137
1202842513
1207641175
1209364129
1209469571
1210393801
1221044653
1221752971
1222490957
1222568707
1224610207
1224677189
1225227739
1234219681
1236577981
1240272281
1249102849
1250700907
1256085601
1257212773
1257776251
1259514281
1260332137
1260676501
1271789569
1272359251
1277737501
1286407711
1291412431
1292925421
1294261781
1295074171
1297166977
1301473531
1302145267
1305832289
1306036873
1306467049
1308079561
1311616153
1313022881
1314010519
1316475749
1317626897
1322785081
1328936753
1329004337
1330193153
1331621857
1341879001
1343340601
1343914261
1345289261
1346624533
1346994449
1348954777
1349329801
1349967061
1353440233
1354991653
1356627367
1359559909
1363565089
1365270817
1370875001
1374644107
1376799577
1379056291
1385793883
1386823681
1389675541
1393362361
1393807969
1394503021
1399203521
1406901961
1408610503
1408680001
1410798481
1412783413
1414154827
1417897909
1420733723
1422057781
1427721751
1429323589
1431104651
1432194697
1432413901
1432796041
1437444451
1439155501
1439491393
1441316269
1444733551
1446247001
1448115727
1448466631
1450180673
1453548403
1467403213
1469768653
1472650999
1473460777
1478466991
1485289723
1486078903
1489025761
1493881093
1495049771
1497192269
1504611781
1508642701
1513888157
1514178781
1515657823
1515785041
1524188101
1525781251
1527188461
1529817171
1532534251
1533782713
1538012449
1540550413
1547125507
1548686081
1556329633
1559018137
1565684849
1570077433
1572032879
1572279791
1574404189
1574508151
1574966161
1583230241
1589305213
1593175147
1594768501
1601161321
1603188841
1604234413
1610083333
1611615151
1614341431
1616387653
1618070737
1621636699
1622600551
1624486967
1625821111
1633240001
1637739841
1650147661
1651235851
1657063871
1665597781
1666794841
1674966829
1677313177
1681812823
1684044781
1685100691
1687285601
1688056525
1690230241
1695295141
1696259137
1703338519
1711232251
1714721059
1715678053
1720806097
1723840801
1725981137
1728016597
1729369651
1729741469
1738190981
1738201541
1738851007
1739695721
1744680053
1747030321
1750094011
1753593031
1755239977
1768005691
1769797201
1774008361
1776021743
1779894761
1782433903
1787197843
1794170197
1794254641
1795463821
1798381951
1799388181
1802991241
1805555201
1811444461
1812111481
1821051191
1823826541
1823915273
1828887061
1829194489
1830949313
1831903949
1838453203
1842249517
1843051687
1851435979
1856154301
1862102783
1863219751
1865082151
1865521841
1867996351
1868076451
1869092161
1873216507
1875289441
1876485691
1878691753
1878810697
1885021777
1885915841
1887446161
1896807361
1896944509
1901994161
1902303721
1904524903
1904968693
1906261897
1909492687
1909733113
1911197947
1917950371
1921158553
1921437659
1932925597
1938222469
1940174209
1946714551
1948803097
1950276565
1950959809
1962436559
1963843831
1968673561
1970256151
1970360771
1977654493
1980662401
1981556641
1983667901
1987711489
1988191651
1989288401
1991063449
1993447873
1997161559
2000555701
2001520397
2004299641
2008443977
2013209591
2013484159
2013554869
2015636281
2016495433
2023259701
2028416021
2028623669
2029244551
2029856869
2033530519
2033777311
2035057949
2036224321
2038845001
2044196851
2045026103
2046408787
2048159233
2049191761
2054711381
2059022401
2059739221
2072488771
2074996841
2079223297
2079463049
2091236561
2093747801
2098068373
2104299793
2108568827
2116493641
2117757709
2123520001
2123792551
2128003741
2130134533
2131163273
2133524821
2135343277
2135567821
2141340833
2141353831
2142871459
2144272825
2144961253
2150849317
2151933701
2156567291
2162518273
2163168811
2163182477
2165183077
2165494501
2167068811
2168192437
2170282969
2173540951
2175406201
2180296801
2182281601
2188940869
2189700833
2197085941
2199931651
2203663621
2208880837
2218394023
2218981351
2222788921
2224463041
2225879281
2231111413
2231664175
2238280147
2240540947
2242724851
2250632811
2252285017
2255013643
2264803609
2267577089
2271106177
2272413529
2274604081
2283040759
2287307101
2294455411
2295337441
2301316033
2304120001
2304717409
2308045771
2309325751
2317403089
2327382799
2331692849
2332745029
2333874919
2337063019
2339082721
2341781201
2349260497
2352378601
2354436697
2365782961
2366454151
2370062881
2373691321
2378145451
2380924963
2392227601
2392261741
2392340161
2393026579
2397513961
2398977673
2403379021
2413289741
2419000739
2420101811
2420684779
2435644027
2438403661
2445147469
2445155189
2446550791
2446810957
2449414901
2452359457
2454094763
2457836417
2461719661
2462297041
2470869253
2472544057
2473864741
2477664421
2484559351
2485230751
2490533977
2493698131
2501781673
2503819223
2510085721
2514256321
2514929581
2519621857
2520111133
2525639873
2525900833
2527426301
2528236441
2530245089
2534660663
2535261751
2539024741
2545660981
2548361551
2549110901
2553946951
2556083703
2562539449
2563596751
2567348137
2567632273
2569669279
2579163931
2582799451
2590281019
2592635401
2594778397
2596248013
2596778941
2599902143
2601917137
2606979883
2610183001
2623798321
2629051459
2629496773
2631133823
2631959821
2641480381
2644008823
2650948231
2654851387
2659939453
2660003317
2663956279
2670134539
2679123637
2680439161
2683297741
2683456777
2690531171
2696366017
2697374737
2699125061
2703479497
2707047421
2716305643
2724981043
2728102651
2728324117
2733750301
2747894683
2752336201
2757664001
2761096081
2762368379
2767489561
2774045821
2785534831
2787998641
2788012741
2795883479
2798992811
2806421257
2813512591
2815816033
2817491851
2824902001
2825424181
2826128971
2828425441
2831111771
2832735121
2838798691
2847894377
2849028253
2849567899
2850203693
2851488163
2852595517
2855071801
2855179447
2857122241
2863112737
2876972561
2884007281
2886402487
2890948601
2894667781
2908427759
2912277391
2912575321
2914975999
2916175721
2935995679
2941330801
2945549881
2957999573
2964242503
2965154479
2986528151
2987414977
2994886093
2998890331
3009756751
3014585461
3022829827
3025350343
3028301767
3031242061
3033059773
3035166401
3037446127
3042630533
3050707237
3051919621
3056395543
3058670677
3060213697
3070144741
3070781569
3072880381
3082346137
3089436421
3100793851
3104207821
3105241441
3107923693
3110951251
3113847451
3114502189
3117018313
3121410223
3122195687
3126808259
3136605361
3139707451
3141478027
3142790243
3148806403
3151587349
3157579861
3190024267
3191043073
3194721967
3202895821
3215212153
3216409099
3219767461
3221634349
3228044821
3228072121
3231881921
3233558021
3235016737
3237992101
3258425633
3265751539
3267664951
3275671969
3277104991
3281279821
3283660321
3284231953
3285725701
3295191643
3295362727
3295828201
3298453619
3301335577
3312150529
3312359681
3313272737
3315207197
3319235329
3319287175
3322362721
3324006533
3331300033
3334398283
3339659929
3342491639
3347214421
3347514127
3349218881
3354631561
3360949021
3364070533
3366634321
3369810571
3371012143
3371515841
3371979521
3375949001
3376852051
3378464209
3382049731
3382203439
3385326961
3386191411
3392462431
3395929301
3396018211
3396405041
3399890413
3402758647
3404168197
3408417361
3408634681
3412575097
3425189671
3425644927
3426240427
3442964671
3443019667
3443952007
3446508391
3448620793
3449747341
3450935503
3456011131
3468415081
3469637263
3472062053
3472202081
3478364033
3480908203
3482161261
3484107841
3487312351
3493069141
3495943153
3496210513
3496558301
3497275211
3498145489
3504434431
3506370715
3508124491
3517518571
3525054721
3534197833
3547145027
3548607841
3556877761
3557080841
3560901079
3560984561
3569159881
3571668557
3572192201
3573458761
3580842241
3590613577
3592462501
3597270517
3599103691
3600223213
3601806251
3618820837
3645258863
3645959503
3662277193
3668915881
3678148993
3679113199
3681455401
3682630327
3687725341
3689127773
3699044929
3700274101
3709857757
3715933271
3718428121
3721884013
3723643801
3734708071
3741975631
3742812583
3747435737
3747702179
3751961263
3753106153
3756668401
3760896133
3761318821
3761944861
3767865601
3772354483
3775057037
3785056549
3797157911
3798931501
3800306971
3804430591
3811497211
3820383169
3822308461
3856732921
3857991281
3861601129
3872902051
3887627593
3891919417
3892863301
3895046191
3896963857
3901861501
3910653577
3912473839
3913434937
3923640689
3926933557
3935234971
3937526911
3942332501
3949337641
3951264349
3952640999
3960653029
3966877883
3979485931
3981047941
3996420697
4001715541
4002592133
4003054589
4010708521
4026822577
4029010393
4029355457
4031245189
4035028861
4044881881
4045146673
4045354741
4045643911
4046707361
4055746861
4058220601
4067887501
4073915119
4076127001
4081872043
4090434349
4099589383
4111819171
4118912341
4121286907
4123803017
4132996727
4133060317
4136775701
4154632201
4160203213
4160411251
4166630119
4169287081
4169867689
4169906941
4176385921
4177707301
4187638225
4195068571
4202009461
4207276321
4210095667
4210547501
4214865601
4220271721
4243744201
4244449609
4251365101
4255864801
4267640833
4271761519
4278096551
4287612127
4292313257
