33
39
143
215
301
429
1477
1891
1991
3493
4187
4577
5041
6541
6941
9073
9331
12871
13333
18361
21457
38503
40501
45451
49601
50737
63511
70673
73109
74563
78409
83981
84661
88831
104821
105289
109061
111189
113401
114211
145351
147001
147205
148417
150199
166591
168001
177311
197633
221167
226051
234697
250717
262753
264223
264773
269011
275847
288331
308993
319507
368941
391405
399001
400513
411457
431635
434531
445777
496189
497377
512461
561601
569191
576241
587861
610051
619441
656899
694153
706429
721801
722261
736291
737023
795341
796111
822031
824377
950797
954271
970437
999301
1035767
1063651
1075345
1082401
1092631
1149751
1152271
1169101
1231169
1255403
1256321
1314631
1318171
1415521
1478899
1495441
1589531
1683937
1702585
1755001
1852993
1908397
1909001
1965547
1968841
2008597
2108417
2122261
2163001
2220469
2286461
2395331
2408293
2409721
2431001
2467457
2517763
2575501
2673001
2830213
2865619
2944901
2960021
3037553
3084577
3116071
3201211
3483751
3506221
3733643
3784651
3793093
3796417
3815011
3820909
3874171
3898129
3984541
4009567
4038361
4085281
4170293
4257601
4527427
4543621
4652561
4686391
4734127
4816321
4906441
4920301
4975831
5044033
5090821
5122133
5146759
5164321
5192053
5292631
5352499
5406787
5481451
5489641
5571829
6054161
6143677
6192733
6213049
6244393
6500027
6553093
6778969
6835441
6906901
6955087
6969511
6970531
6976201
7028821
7160911
7174081
7383169
7405201
7417711
7624501
7828097
8059687
8106121
8224295
8581301
8664261
8744893
8880449
8902741
9058897
9109931
9158455
9439201
9504191
9532531
9543701
9560671
9585541
9808651
10062961
10509751
10738289
10974881
11078533
11518963
11564897
11677597
11928071
12029433
12048037
12065201
12069569
12271387
12711007
12755161
12822841
12878309
13141229
13359397
13404751
13438981
13650817
13766971
13773061
13827601
14005441
14053051
14251381
14402473
14532689
14535973
14676481
14707333
14913991
15071941
15126581
15371201
15530971
15848531
15912961
16043413
16097413
16200511
16498549
16719781
16818877
17098369
17349307
17481829
17519753
17645689
17851429
17863471
18225703
18662869
18809911
18838933
18838987
19168753
19496233
19722641
19732897
20081953
20402453
20726161
20830231
21038929
21582217
21810359
22080577
22284901
22392913
22981351
23316751
23464033
23867071
24443057
24533653
24687017
25018709
25150501
25482961
25528123
25620467
26195005
26318191
26332181
26395357
26843939
26902331
27012001
27265801
27266811
27492581
27494039
27635191
27693779
27722857
27881329
27956503
28110691
28327399
28758133
29074141
29458573
29823793
30054151
30141469
30824399
30920995
31155001
31334881
31691989
31760737
32128747
32281261
32429431
32539291
32677609
32695001
32817151
33120341
33216253
33318641
33335083
33564257
33704101
33916667
34035271
34133701
34225861
34570537
34657141
34691471
34884847
34989571
35018777
35124937
35150701
35213459
35295679
35448211
36865981
37110649
37649503
37734607
37769887
38010307
38143169
38270377
38386573
38629087
38818597
38960347
39553255
39655153
40266731
40621591
40863061
40868437
41023417
41027227
41306761
41946719
42149971
42275567
42714937
42998901
43022081
43195387
43355033
43661257
44012233
45146161
45237089
45743567
45877861
46094401
46543213
46588191
46672291
46838911
46844491
46863409
47454247
47494693
47661373
47735551
47918581
47999557
48110063
48141169
48304481
48507331
48690721
49003153
49250777
49379773
50087467
50143891
50453413
50683547
51848761
52306489
52448309
52500481
53113441
53390611
53655551
53681401
53730067
53949761
54381671
54459841
55178551
55273597
55410643
55959961
56092429
56203021
57923737
57939439
58025857
58224817
58679941
58725703
58756057
58986091
60112885
60249151
60254497
60823009
60837841
61171951
61299683
61840651
61892713
62540861
63024199
63724321
63781901
64042903
64377991
64766851
65335601
65376721
65565457
65922151
68182003
69885649
70728421
73257899
73705633
73902403
74106059
74927161
75085057
75532903
75586297
75823457
76988215
77108881
77146831
77594653
77689351
78644611
79411201
79750081
81297217
81376903
82470103
82606231
82995421
83272597
84030857
84136603
84295351
84468107
84568201
84701371
85371859
85680349
85744601
86081857
86635357
88828273
90347041
90970133
92047297
92691019
92746807
93165931
93582107
93587995
93643201
93762181
94037287
96943463
97219361
99115297
99659173
99922177
100188817
103253333
103466107
103741093
104361637
104663089
104852881
105531581
106941451
107028191
107560993
108596953
108796573
109437751
109468061
110480731
110555971
111884611
111993967
112695353
113016751
113316529
113955089
115805593
116701003
117445987
117768701
117950513
119601847
119710951
119812001
120099301
120464143
121387351
122570753
123771511
123862001
124337963
124818601
124981117
126035911
126227641
126428851
128098261
129205781
129524669
130944133
131762413
132505741
133201121
133231331
134697109
134777221
135924601
136280917
137035613
137401591
137813129
138828821
139752607
139810133
139952671
140767901
141160501
141618181
143124073
143200861
145334821
145591153
145603333
146171119
146844001
147028001
147303313
147663001
147683593
148507507
149196079
149525969
149848201
150128311
150380983
152578133
152716537
153550339
154194991
154626187
154687717
157157107
157542533
158736073
158867501
160378861
160379701
160656601
160994521
161012237
161459713
162243091
163138991
163266017
165157543
167979421
168572341
168948347
172272187
172290241
172357249
172483511
173218501
173448541
173678203
174084931
174813721
175044241
175338001
175385953
176597821
177188311
177349147
177439061
178166633
178458113
179363147
180556967
181112461
181934759
182259793
182513381
183178381
184617187
184778917
188043913
188386381
189482107
189686503
190411777
190565299
190993441
191219341
191321407
192187657
192218261
193221253
194353129
195154259
195757381
198669403
199537537
199574761
199958761
200965111
201261061
201576523
206059687
207132481
207685567
208615843
208760371
209213929
209990881
210386249
210812311
210844531
211806253
211829863
212320351
212669843
213035761
214110541
215129851
215970211
218112133
219334849
219669451
220216081
220471841
221257609
221538971
222262081
223319431
225587083
225677251
226731931
226786577
226816981
227132641
227829571
228233737
228500273
230697073
231143557
231405701
231506713
231509041
234005857
234691381
234749041
234870301
237615617
238001653
238200901
239132629
239806561
242597461
242650717
243037979
243870001
246666187
246761989
247249531
248463223
249679501
250436033
250558111
250564051
253003051
253261999
253394483
253446799
255866131
256038571
258634741
261098251
262503937
262970101
263494459
264350521
265418401
267078169
267559627
268570051
268577269
268640989
268995889
269545249
270343471
272615201
273083887
273586531
273949561
274564447
275188033
275346601
275565889
277787141
278865481
279849079
280067761
280312003
280890391
283732621
284771719
284988463
286023403
287816371
288135569
288194581
288997633
289030181
290344753
290986801
292198177
292598131
292821313
295289551
295350001
296085133
296382901
297812677
298941591
299649751
299671921
300548917
301217113
301766221
302204033
303004351
304654351
308453009
310142359
310693633
311016737
311624389
312485167
313346221
313885993
316410433
317689891
317899141
318033073
319261727
322913743
323351531
323967643
324077287
325450203
326181563
327170461
327774721
327820681
328302791
328402181
328652501
329769721
330929587
331623307
332976961
333927049
334546561
336017501
336100213
336273211
338512747
339141637
340080241
342519571
348177971
349613161
350627483
351843049
353398189
353828677
353878801
354390037
355174301
355922491
358241437
358740433
361198241
361611521
362569201
362633779
364143551
364375213
365582389
366758401
368081377
368236177
368476501
370589521
371280001
374346361
374703127
375488681
377622881
377694781
380026147
380069929
381649817
382679383
386407757
386469451
387145201
389268709
390609941
390790009
391431941
394689371
395285689
396213049
398186237
400253701
400723331
401635909
403095967
404259997
405678517
406612441
407282851
408433297
409592233
410060809
410062381
410613809
411273811
411710401
415476343
417002897
417444301
418561183
420703081
421752893
422663921
424814447
424860551
428835001
430276537
430627861
431199973
431749333
432523051
435358657
436465501
436897819
442433281
446792431
447797071
451635601
453557287
454041901
455159293
458810731
459838867
462587329
467135281
469343971
470000833
470063791
470268137
470896201
472091497
475320619
475468927
476059523
476219201
476397601
478614067
478784381
479005861
483226741
485771939
486085409
489340021
490518181
490894111
492291673
494263603
495416503
496605073
498188413
500204407
507256597
508606771
509551201
511408171
511847201
512925727
514523117
516243197
516764063
517280347
517567051
518548801
519817087
520978291
523811023
525033169
527631553
527920201
528447449
529214311
530787931
531267013
532758241
533555911
533600033
534738073
537876431
539245801
541930501
542398921
543730181
545670533
545738203
547839451
548453029
550052137
551672221
552695599
553823747
554494951
555179671
556685191
560907271
563079679
563188627
563211881
563298061
566174449
568776083
569507579
571125967
571595047
571956589
573136513
577352641
579419191
579606301
579677737
584237689
584868181
587444287
588492997
591671137
593128771
594047191
594220741
595046071
595996699
598371107
598491181
600507277
602394721
605111221
606883531
607586467
608016599
609361567
611463169
612136729
614120113
615321097
616501861
617279821
619277077
620053879
620169409
621356737
621377089
624732421
625419997
625536071
625967371
628741933
630062317
630558931
631046219
631100233
639943999
641678641
643316461
644264251
647679397
648263387
650348551
652969351
653017121
653476411
653852593
659846021
665443351
666590629
668414941
669870689
670208533
670909727
674234201
677851241
678286801
680983817
682317221
682460501
683177617
684626629
684634133
685440053
689537441
689585417
689774941
697587391
701535701
705180737
705772201
706319191
707701171
710617861
712794031
713399287
716756101
717096641
720223813
720440033
722005171
722070263
722339623
722732851
724969087
726054067
730148849
736384003
745745461
746185897
746331041
747870779
749670247
749942789
751144597
753068131
753389639
754020361
754236001
757158533
757834531
759638881
760296811
760956619
761735989
762484633
763563329
763660831
763785751
765167801
765232009
765406153
768440063
773052595
777677161
779572333
780864197
782991679
787085857
787431961
790468141
796066571
797903833
799525063
803744371
806780233
807346481
808983319
810377717
811478533
812861347
813834127
814632721
815702707
819974611
820663201
821399167
823536781
825321017
829024813
830747521
831765901
832870891
835935361
836470207
837843931
839599489
840680677
843983191
846893041
847030889
847650511
848810437
849199627
851990017
857538991
857682277
861206261
861644631
863871551
863900431
864113251
870391171
871200457
875492351
876289387
878779751
879382397
881441669
881824291
885627037
887795221
892749551
893485729
896390221
897437773
899140397
901698013
901844617
901848301
902096161
907586681
910020833
911313001
912350209
914717761
915641821
918006989
918527719
920246293
920405471
920529601
920834197
924136051
924705521
925112777
925165039
930032941
933117589
934968217
936354241
937204561
937568321
944832533
946678897
951232133
955050241
955527301
955609903
956637221
957456991
957479993
965492867
967423153
970776649
977755351
977770531
978563041
979363153
979377433
982585531
996109987
997419469
1000490261
1005402133
1009271651
1014594001
1017370639
1021515301
1022304691
1022938631
1024029631
1024605121
1026553841
1026715769
1027334881
1032581729
1033222357
1034449057
1034475601
1036488493
1039740833
1043794669
1045209853
1046525483
1047300097
1048718441
1049798041
1050265351
1052249761
1054114111
1059193297
1065553553
1069176961
1069950451
1072679659
1082227231
1082624737
1083242581
1084952881
1087363633
1088416421
1089671731
1092215521
1093916341
1094189221
1095619231
1096002511
1098365921
1099335833
1101314017
1107080677
1107693073
1109711401
1114086871
1115600329
1115685463
1115910727
1119915421
1121292901
1122967693
1129146481
1132690561
1133110837
1135428031
1137389749
1139089537
1146920321
1147018787
1149032981
1153164097
1154691409
1156026593
1156128847
1159030693
1159471673
1163773423
1166240833
1171992889
1172608453
1172964811
1175136481
1183259771
1188621121
1188646903
1189878643
1197336103
1198363069
1199768155
1202988949
1203723253
1203743041
1203989695
1217181061
1224393409
1232097751
1232853007
1233570617
1236952019
1237386781
1239668977
1240466809
1242693121
1242958501
1243182541
1248721237
1249413661
1250896849
1251295501
1255663267
1256780071
1260423001
1261099531
1262991913
1266305981
1266574453
1270287751
1273213901
1275208661
1279358593
1292670677
1294478833
1295074171
1295247871
1295776441
1297712641
1299784141
1299963601
1301856601
1305569231
1308484729
1310388619
1310538241
1311616153
1312272901
1313022881
1313428201
1315612607
1317979651
1318126321
1321964339
1322280793
1324344341
1326284779
1329028121
1329662179
1331292997
1343575381
1347364173
1347939013
1355107781
1362742561
1363861297
1364378203
1367734001
1371998071
1372681861
1374142151
1378203751
1381705217
1382453333
1390176811
1391890033
1392189569
1394632891
1395652897
1397325001
1397357851
1399989361
1406484451
1407548341
1409052091
1411376401
1414366433
1416144133
1417658477
1419575167
1420646041
1424951617
1428114931
1431581551
1434882481
1435113403
1435746481
1437127649
1440231941
1442945689
1444886801
1446979993
1449769813
1455439523
1455520039
1456800061
1464568381
1466514761
1466943097
1467817471
1468824787
1476857539
1476875269
1479205729
1488204217
1489418701
1489506481
1489949803
1497262321
1502787049
1512395389
1513888157
1515283771
1518699421
1520991193
1522108103
1522669051
1525781251
1530963809
1531245379
1534703941
1535441671
1536112001
1536446921
1537540001
1538071061
1538538949
1539188743
1540052677
1543657501
1544157361
1547644421
1548553609
1549018297
1553811247
1554460621
1556134777
1563371713
1563617989
1564637101
1565791067
1565893201
1566095347
1568259001
1570956353
1574362441
1575064009
1575242059
1580819257
1581576641
1582546913
1582547851
1585329833
1587930085
1588690087
1590564601
1594058857
1607530051
1607644837
1614341431
1616387653
1620425171
1620687671
1624124989
1624403161
1630062253
1633565797
1635548221
1641971701
1642610413
1646710099
1654137011
1657063871
1663381981
1663535989
1664113987
1666803601
1669626631
1670388229
1671603667
1672832593
1674578341
1674851401
1676203201
1677195001
1678550365
1691113999
1694226301
1694505881
1699279441
1706302153
1709259553
1711748143
1715720119
1716422161
1717479479
1717832401
1724833531
1726007797
1727194153
1728960133
1733952541
1734132721
1734443551
1739996821
1740188041
1743805801
1744668337
1755895457
1759812601
1760947561
1761270001
1761431929
1763418577
1766285753
1767803047
1777368013
1787197843
1790444591
1794136627
1802929153
1804110221
1805546881
1805837419
1807841803
1822846891
1831228033
1833328621
1834153729
1835001001
1836291101
1836933869
1837112509
1838145401
1839562819
1842249517
1842743537
1844028961
1851590161
1852943689
1852977331
1854765043
1861425685
1862003953
1864009153
1871537401
1873929931
1875510913
1876485691
1885729463
1889501503
1890851257
1891401007
1892786473
1894955311
1897474433
1899054451
1908003659
1908088001
1913422591
1916523181
1918750051
1930534453
1931886601
1932082897
1937817121
1941326749
1942089601
1951517551
1955219311
1958235049
1958400133
1958837873
1959538027
1979312281
1987259401
1997207269
1998945811
2000241751
2006234561
2009737301
2010199681
2011364041
2014261831
2019964141
2020294277
2024149843
2026633951
2028685753
2029328941
2030600833
2032528321
2033059351
2034039871
2034649651
2039214857
2039888131
2044446361
2046408787
2049188989
2054145677
2055106171
2055766501
2059739221
2059874743
2062313527
2063314441
2066248963
2067887557
2069001061
2072488771
2076374941
2077513021
2077626673
2082146617
2087605969
2088768533
2107359851
2113112857
2114876837
2116306405
2116483027
2116664503
2119124351
2126593309
2131620571
2132236129
2133876991
2133913643
2137495361
2141033203
2143129753
2150849317
2153887627
2155655767
2159528461
2160173497
2162366251
2168869949
2170153021
2170186021
2174179141
2174799563
2178944461
2184066289
2184564061
2187094501
2191610089
2195936501
2196593431
2197813333
2203537373
2203856497
2205388351
2206952129
2217839131
2222788921
2226510217
2233031701
2233653649
2235675817
2241880033
2243708833
2253376133
2258672963
2260585651
2260590061
2262468601
2265120769
2278691473
2286558691
2288898247
2289333901
2291006381
2294119183
2296894753
2298621151
2301316033
2305256171
2305758223
2313732241
2314417741
2317119377
2317403089
2324454793
2326986971
2333074153
2335009951
2340456319
2344054721
2349498499
2350196311
2352371251
2354019553
2360225737
2379610351
2382191599
2385574201
2390720641
2391373001
2392261741
2397295279
2398148551
2398631621
2402931277
2404994957
2406739561
2412172153
2414157871
2417408533
2428930033
2430697513
2434053469
2435308919
2435452939
2435654201
2437221641
2439906841
2440646443
2444237161
2449977757
2450507401
2460798517
2461410073
2461719661
2473881793
2475225169
2478884629
2482531311
2483253781
2483670971
2485230751
2485587497
2490206339
2496227179
2511861041
2514376801
2518071649
2525070241
2525900833
2527133581
2527439461
2534878501
2536942789
2540970721
2544326929
2546942639
2548864631
2553470497
2558461417
2561945401
2572266703
2572286707
2580055123
2597294701
2600611861
2605108531
2607435307
2617909093
2625047521
2625665701
2627197861
2628578143
2629623907
2630374741
2633327551
2637187309
2639612611
2645796001
2648943991
2650180649
2652091381
2657075969
2657827801
2661953731
2669814373
2670102541
2677065481
2677595213
2686816133
2690408533
2692600129
2693185507
2693739751
2700818017
2704383551
2705647141
2717337949
2725357249
2736316301
2738184697
2739277843
2745144331
2746882669
2754222769
2754376051
2761545403
2761814351
2764298233
2776874941
2780947051
2788535957
2801454961
2805243031
2806050451
2809293481
2809600697
2809741471
2810095201
2818428979
2822521411
2824319915
2832735121
2838534337
2849658241
2851353601
2853219601
2855661121
2860836233
2861847253
2869934491
2880052969
2881429741
2883165301
2884777601
2887282129
2894667781
2898023521
2898101221
2899638523
2902117457
2904676633
2904830881
2905650181
2908202587
2911022239
2912706217
2912712013
2913401611
2926490491
2927266123
2939384029
2943030781
2947579279
2956692571
2964816109
2966641793
2981000177
2988419281
2994253891
2996944133
3000007531
3002025181
3007320697
3011618501
3017211809
3020423491
3024242731
3042763501
3045763111
3054297403
3066144091
3077771497
3082072489
3088839391
3089280793
3100402009
3106952647
3111864169
3114276619
3120923821
3121855153
3124082713
3131560417
3137756161
3139399267
3142072261
3146902111
3147893029
3149218381
3164355001
3165882721
3168156001
3171591029
3173649889
3181571053
3182357713
3184139701
3187421077
3187709263
3187939921
3190894141
3191387629
3191468113
3193294927
3195774611
3205663921
3211715737
3213895051
3214329049
3214883933
3215031751
3219418441
3228422063
3229602401
3229726477
3240707081
3241962277
3243484531
3249960143
3255326401
3257474401
3259595539
3263568901
3267097303
3270933121
3282463061
3283211251
3284101921
3287168431
3291568673
3295217971
3298701481
3300801241
3304526221
3304861061
3306393751
3311236741
3314930891
3319069951
3319939261
3322130111
3324338977
3332303099
3332800021
3334492549
3336877387
3337201121
3339034417
3340178987
3344191241
3368823121
3369251047
3370792681
3374142841
3374598781
3377529091
3380725063
3382900921
3383477191
3383522017
3385244053
3389291101
3391347247
3393689833
3394190857
3396750385
3397316581
3400182431
3401207291
3403953463
3404168197
3407015617
3407380211
3407609221
3411250081
3412399201
3413780371
3413901457
3421728493
3422745653
3441666181
3453111643
3453679729
3463907761
3464236901
3469632433
3482137231
3490550801
3493069141
3495943153
3496070161
3502245781
3504570301
3506129689
3508999999
3512291021
3512847869
3513604657
3513805681
3517681007
3526782599
3528154001
3532275919
3532363341
3539208889
3546176671
3548378341
3549203191
3554383141
3555149053
3557080841
3558645421
3560091151
3562486435
3570928927
3571451677
3574976569
3582244307
3587391361
3594968821
3597748507
3605151241
3615042833
3615489781
3625993477
3631694881
3634594861
3636539201
3637831753
3637884673
3638971207
3639723979
3649727953
3651150331
3653313793
3654137761
3659890961
3661422301
3663218651
3664814347
3670930061
3672977101
3673744903
3675353281
3679657997
3687724321
3690937069
3694489163
3720875239
3722740309
3723105101
3731368733
3733646491
3748881151
3775352101
3776308471
3780429001
3781714501
3785940199
3793601281
3795460639
3804470209
3806586631
3807840061
3809018947
3819120607
3829053313
3833749921
3835457341
3847963291
3849581341
3853584967
3865174171
3867345343
3874471147
3876858673
3882562601
3882729131
3887026807
3887635753
3890721589
3892244491
3895924033
3896569093
3898319071
3906687331
3908413559
3915193813
3918650371
3944112869
3944565857
3950398657
3964220371
3966877883
3967343161
3970491787
3971394127
3972372791
3980173201
3982926757
3984737791
3994532539
3996987251
4001328751
4008224221
4011325697
4013195551
4016813347
4029010393
4029869101
4035398941
4041605713
4048168351
4055824801
4057579381
4059109211
4065040081
4066007107
4066566877
4067887501
4077582631
4099441303
4113586837
4122282079
4127050621
4128337693
4132292809
4134125893
4134189937
4137564289
4138583941
4144945351
4145350753
4147913641
4156580741
4163105161
4164191203
4169906941
4172804707
4173866413
4176253537
4176385921
4182049031
4183315529
4185416101
4187906581
4199202001
4201027153
4209455467
4209656881
4218234211
4225458121
4234009397
4235834501
4241401297
4242354731
4244901007
4251724627
4254929197
4257554797
4260088513
4265242361
4278981451
4282671721
4287129169
