21
33
77
231
469
703
923
1247
2059
3053
7081
7471
12403
14977
15409
17633
17701
30007
32263
36311
37051
40321
47197
48133
50737
60583
68251
69321
73633
79381
88537
95951
104653
112141
114017
115921
118741
132193
137611
163831
165413
183961
188501
191407
197633
221761
252601
269011
310993
320167
334657
341531
351313
353281
394957
453041
453349
498451
500449
569059
570133
578771
617989
636049
658711
681601
698179
762531
764867
823609
853469
855553
873181
905689
908461
926593
929633
950797
954271
955459
1029997
1082401
1090987
1092631
1123201
1136521
1169101
1200967
1212751
1314631
1344811
1368667
1373633
1631977
1656307
1705705
1730977
1748011
1811573
1909001
1958251
2035153
2085643
2226043
2288413
2358533
2466133
2503489
2550841
2560001
2604331
2629801
2705119
2728147
2737201
3003589
3149039
3166087
3270403
3294187
3387781
3402449
3584491
3647621
3700897
3736579
3758113
3810241
3832457
3906211
3946717
4010233
4038361
4062637
4090417
4224533
4238191
4265941
4461137
4469471
4543621
4588033
4674041
4686769
4713361
4722037
4746653
4914631
4978591
5002693
5102959
5237119
5467201
5489641
5817007
6058981
6106537
6233977
6469789
6545359
6651877
6787327
6954061
7207201
7388227
7439017
7704061
7722089
7955647
8231653
8293381
8316767
8332381
8436011
8502551
8514181
8655001
8708857
8761553
8968259
8993203
9080191
9179117
9264091
9323819
9341263
9533701
9831817
10006501
10248787
10362997
10400101
10466579
10504621
10542121
10637941
10661593
10679131
10822177
11064001
11112683
11125621
11169797
11487361
11514101
11677597
12107701
12169711
12177931
12297601
12417131
12448993
12514279
12555619
12982201
13012501
13048471
13294657
13319671
13430971
13481521
13515223
13628401
13881281
13933789
13986781
14017109
14312533
14517049
14555221
14687681
14744191
14794081
14913991
14953859
15268501
15517321
15720013
15879431
16070429
16613521
16618729
16702519
16781491
16883803
16914301
16988551
17432581
17509501
17645689
17812033
17887321
18212977
18303319
18847921
19103809
19429801
19449199
19536661
19705661
19788001
19848319
20207881
20332813
20770621
21160343
21322153
21336451
21708037
22112911
22363741
22494781
22549577
22633381
22669501
22694401
22876153
22953673
23068081
23206033
23211631
23357773
23476447
23734901
24088789
24727791
24914891
24966913
25919791
25936201
26172121
26173909
26886817
27038047
27155521
27797801
27832657
27956503
28011001
28771417
28888133
29440801
29664013
30208609
30544363
30802927
30874489
30881551
31201801
32091781
32376961
32429431
32813831
33999491
34590403
34657141
35174647
35507749
35747581
36271657
36550169
36733901
36974341
37469701
38230513
38654197
38654251
38722301
38903401
39547171
39581869
39803047
39854029
39999331
40266731
40722481
40753513
40863061
40866751
40917241
41620591
41710411
41862853
41987111
42188357
42312013
42501439
42666037
43036003
43876531
44256871
44372341
44465221
45344681
46389851
46394641
46844491
46909747
47343157
47573611
49303801
49651597
50368319
50693761
50714863
50749585
50830009
51193633
51733921
52307041
52606601
52959691
53435071
53489357
53675623
53949761
53966971
54116791
54523037
54637831
55109401
55156141
55333937
55384033
55633667
56417467
56810137
57575323
58312331
58603843
58679941
58910641
58986091
59426511
59898679
60386951
60702203
61300051
62176661
62679241
63535771
63639881
64036831
64377991
64409437
65083657
65731381
66115297
66312139
66392569
67614251
68182003
68512867
68768569
69228967
70611161
70886341
71462371
71711839
71932091
72286501
72723241
74345263
74361901
74780161
74823869
75354661
76821163
76894651
76923461
77439521
77447581
77658967
77701051
78212989
78234133
79853203
80164691
80304001
80509339
80695981
80796871
81376903
82310131
82574509
82606231
82721341
84354821
85326011
85360039
85405651
85719871
86453407
88013899
88738817
90176549
90273751
90313759
90357697
90402365
91319581
91587943
92388941
93980251
94011931
95204971
96337613
96415801
96423913
97369471
100173823
100879927
101407697
101547217
102353239
102690901
102860371
103125709
103737311
104524421
106548901
108180601
108534241
108867565
109533709
109539403
109611521
109879837
110631841
111031969
111202297
111602521
112006441
112702591
112729571
113492101
113519267
115228801
115654751
116151661
116357909
116499371
117002051
117149761
117696241
118462801
118566533
121071259
121343293
122505571
122508107
123727231
123771511
124666499
124671541
125276251
126211307
126384733
126476533
126519373
126564043
126570931
127664461
128676601
130442401
131256451
131889223
134238289
135263269
135800857
135821501
136372501
138609847
139931191
140547331
141857331
142002733
143431697
143704181
143769853
143859031
145265161
145410931
145878749
145882801
145966021
146099257
146770051
146843929
146884393
147175813
148002037
149444761
150988753
151218479
151735673
151837093
152309917
152716537
152823763
153702137
153907361
154336321
154513633
155840777
156822709
157071331
157542533
158168341
158301961
158397247
160416713
160545169
160776481
160906351
161198761
162597109
163138991
164765797
165930623
166087267
166388851
167656501
169234003
169771541
169816363
170173741
170446249
171819271
173454373
173672071
173678203
175688899
177386501
177455701
179577701
179988439
180115489
181467001
181670539
184497041
186393481
186846301
186981131
187584781
188805709
189546319
189679969
189686503
190594561
191191933
191749241
192302581
193836649
193951369
194339081
196049701
197145751
198601369
198861167
200441561
201529351
202818631
203089927
203154977
203432689
204697429
204814679
205710301
205823873
207029593
207421733
207654679
210517709
210806597
210812311
211505821
212146507
213035761
213835861
214110541
214281757
214852609
215392007
218159371
219333091
220792349
221874979
223051141
225504311
225741661
225870637
227612401
228483377
232743529
234155071
235718069
236025721
237126779
238568749
239805931
240689401
243184061
243200299
245207741
246048241
246282511
247588963
248637377
249144607
250873261
252853921
252888781
253977011
254822653
255866131
255889279
257543287
258299443
258422851
258910513
259949171
260518801
260687461
261870841
263656303
270146801
271794601
272194201
274214557
274584961
275712533
278943061
280229837
281357753
282068977
282339361
282707461
284518177
288683257
289300411
289360363
291185767
292236841
293140321
293585167
294807661
295643089
296213503
297652111
298192753
298491481
300214531
302780563
303142771
304764721
305739901
307521563
308321399
308538007
309255301
310978027
311016737
311050531
311076001
311671361
313153177
313346221
315145477
316165627
316254901
317530121
317915701
318906901
320782991
322226587
322410331
322913743
323901007
324181801
324258067
326995267
327445951
329494543
330034249
330628321
330747301
331391201
332530909
334275841
334963333
335086181
335385409
335442269
337783981
338753227
339227617
340863307
342052751
342654247
343289761
344164087
346795639
347347087
348346981
348398951
348668321
349138567
349470703
350031973
352459697
354880351
355297301
357009283
359696431
360018361
361106173
361987489
362531269
363245581
363941467
366341977
367042691
368476501
369860101
371376631
371920867
372718711
372863467
374325841
374624599
374654681
375357163
376188451
377192353
377979169
378835459
379354561
383007577
384365827
384472481
387595441
391964041
393546757
395207107
395216713
396231887
399671641
399850411
400307167
400395997
404242633
405042457
405318817
405917849
406833487
407461391
408255121
408526763
408650171
409642201
410680357
412982891
415108891
415365481
415883557
416487439
416954287
417268333
417580913
417899341
421272391
422847811
422865451
424005121
427750291
428436497
430145479
430833313
431805391
434976053
435408619
436067227
437297801
437444431
438795127
443688649
448553953
450020341
450695629
450914311
452115161
453234397
453919201
454664911
455863201
456118001
456660517
459922373
462587329
463765681
464126653
466434601
467491753
467641679
467730073
468012599
468500033
468950021
470562931
473617513
474307681
477002101
477086741
477189121
480269921
480350971
481089467
481239361
481831681
484457261
489290551
489507929
490610513
490803461
491072833
491912191
498442951
498529081
499646729
500863771
501021281
501068881
501183217
505226767
506569001
506856841
507960001
509387971
509539127
510834241
511408171
511966561
512303611
512489671
512626201
517750201
519167617
520897231
521590357
522810487
524704069
524967481
525956737
526602137
527466241
529214311
532800133
533600033
534075211
538773391
539537941
539881543
540183001
542003617
542883841
543730181
545738203
548405201
549724033
551017981
560612167
563298061
563702581
564642821
568898551
568948561
569507579
570211709
573181381
576802183
577521001
577571539
577917257
578358409
578581741
579085921
584868181
585171001
587336401
588727457
588859441
592075639
592240249
592261921
592769633
596938369
602485441
608647051
609361567
610675633
610797337
612790921
612816751
613279993
614120113
620072251
620715499
620755537
621229313
621741061
622334057
623203993
625060801
626633101
629712539
633156781
634406161
634592591
635165701
637458109
641572201
641898853
649919701
651742321
653071753
657604879
657920257
660518923
662209831
662222107
663960061
665443351
666328261
666429751
667563487
667578871
670987021
671910037
674349677
674841457
677521921
678464123
678652801
678719581
679905073
681453811
682709311
682906571
683316001
688110469
688708901
689534587
689537441
691619563
693908311
694656901
699322423
705792811
705883951
706363093
708477997
708719839
709879301
710741953
711304903
717144751
717653129
719985331
720452701
724615651
727603777
729090001
729871777
734360309
734614303
734793467
735710149
738570265
739643491
743000779
750632137
751053929
754020361
756517511
756632101
757834531
757997137
759168037
759731761
759788941
760200937
769006153
769122433
771350581
774254207
776081503
776324473
779184631
782881441
784966297
785190451
788940833
793880371
795616021
795642667
797252681
798121001
803744371
805859617
811478533
813083101
813185311
814259083
814464289
816507343
816805081
824423671
826945621
828092977
829340327
829656829
832902643
833824181
836948911
839776211
841550713
842014643
842220289
843064531
843069937
843074479
843670297
844779769
845852129
846148073
846855649
849606031
851026261
852729121
853193641
853578751
855073301
855179249
855676591
857448467
860088337
864979921
865047121
866374741
874193891
878072071
878754559
878869429
878940833
881214067
882345049
885594169
887467621
889355339
890687621
891052507
891285193
892650067
893377633
893993851
895095673
900037711
901174657
901568179
902946227
904257553
904699951
905014081
905509697
908349601
912316483
915625309
927089749
929264401
930350261
932098133
932148253
932387611
933643279
938030101
940904563
947332387
948578177
949324951
951941161
957765607
961348321
962375941
965652157
967287751
970546145
974321741
975817987
977046533
979815079
982282921
987575681
989908921
997930613
1001932543
1002243511
1002381871
1002544469
1003103011
1005123421
1005341041
1007713171
1011284819
1011346001
1012862033
1014119947
1014802969
1015269391
1017859151
1019626711
1020615163
1020693601
1024757581
1024966801
1028210941
1028236369
1030415569
1031005361
1032101461
1035608113
1037560681
1037971897
1040295691
1041513877
1043560009
1048478413
1049244601
1050410201
1052219281
1053759211
1056055717
1058816533
1059182491
1060148233
1061998253
1063398043
1063521757
1063955713
1067685571
1069554457
1070158877
1072839941
1079035651
1079193421
1082850949
1084444481
1091401261
1092215521
1092310759
1092567901
1093150081
1098404941
1099140683
1099186817
1102565857
1104585553
1115685463
1117058791
1117547201
1118915041
1119287401
1124592431
1126587151
1127599093
1129390421
1129716811
1130880761
1132690561
1134314189
1134617401
1142892829
1148416513
1149032981
1150097791
1152005713
1155069661
1160358359
1161974269
1166495401
1166876771
1168613321
1171035251
1176306973
1179800191
1184477201
1185495599
1189817371
1191525443
1191751849
1194483571
1196443733
1198880261
1199171767
1199840431
1200359497
1201002301
1203894199
1203919159
1216726867
1217107079
1219064491
1219607201
1221044653
1223240041
1223782297
1224200801
1227563401
1227925117
1228070141
1228229143
1229956003
1232062753
1232452777
1235188597
1236213161
1236282181
1238846407
1241553601
1242409741
1244290657
1245016103
1246192711
1247804713
1249650277
1254221893
1256187217
1258094801
1260534601
1261099531
1266054193
1266557881
1268920379
1270962001
1279476241
1282440979
1284674899
1287623443
1291693537
1291773451
1295053541
1295074171
1304735041
1305749377
1306742221
1308544903
1310728231
1311094639
1311616153
1312845661
1313320213
1315474513
1318473217
1320354377
1323086563
1325857541
1327026403
1328390321
1331061887
1335074371
1340069491
1340628199
1341578977
1343575381
1348964401
1349967061
1352581201
1356241321
1356476161
1362355303
1363037873
1363686241
1364378203
1370735053
1371137161
1372681861
1375542571
1375684831
1390697177
1390904677
1397911789
1401247189
1401547687
1403780041
1404514081
1404756481
1406851249
1407548341
1414938377
1417837037
1419323447
1424435689
1425373951
1426852153
1427876839
1433928581
1438052801
1442590543
1444401281
1444694213
1446185827
1447385545
1448096131
1449058381
1449748441
1453548403
1455492229
1456556341
1458366551
1459015451
1460214253
1461392659
1463178817
1465217911
1465908193
1466827249
1476728389
1479233317
1502124427
1504350541
1505976361
1508642701
1509103429
1509342391
1509635557
1511042851
1515601673
1516410901
1525447361
1526210677
1526885561
1534478311
1537788041
1538012449
1540208251
1546650397
1549601077
1555410421
1565626601
1570193101
1573116991
1577121547
1580337991
1580591629
1598982533
1600921633
1600954571
1603484479
1610083333
1611889021
1613842001
1620189001
1630161541
1631475379
1634351311
1635488401
1640669857
1641776617
1645859251
1649987659
1653662251
1654940509
1656058051
1657129781
1666434361
1666443151
1669307351
1670959981
1674578341
1674626147
1675589609
1679240179
1685919709
1686509371
1687491931
1688639041
1701355657
1706302123
1707616603
1707704461
1708549501
1710178513
1710918421
1713813487
1720138813
1737814751
1738851007
1741080661
1743186241
1743577369
1746656641
1749702601
1753593031
1757055847
1766342449
1776820033
1777410623
1778402369
1784455147
1785969781
1788352609
1791426787
1794136627
1795961161
1796734241
1803016261
1806761591
1808131111
1808205701
1808491813
1816408273
1817612833
1818414361
1819364849
1820402921
1823164951
1825700917
1834762261
1835776981
1836484651
1839709999
1840737341
1842249517
1843657201
1844279011
1852666901
1857183991
1859861473
1859973343
1861880689
1864274917
1864335565
1866409861
1874429377
1876485691
1884929677
1894349101
1899169969
1900640237
1904833631
1909760417
1914514831
1919767681
1920160711
1922401573
1925122603
1926511511
1927453321
1928450371
1930403333
1936031341
1936309777
1938532499
1938869857
1938945289
1940602231
1944427817
1950575551
1952968753
1958225683
1960892501
1962955177
1963133581
1965351463
1974255937
1977147019
1978504219
1987047323
1987640741
1989628327
1994106241
1996103519
2000436751
2002502713
2005507081
2008585897
2016698917
2023246501
2023752001
2027549311
2030516251
2030600833
2032109689
2032195807
2036224321
2039214857
2042467741
2044535341
2046408787
2046462211
2046526301
2046528013
2046935381
2048900869
2058861523
2063228203
2067887557
2073597373
2075486827
2082146617
2086332301
2088768533
2094177403
2095002631
2099131217
2100020291
2100215233
2101769701
2105429971
2112100763
2113221637
2114643217
2117576707
2119380587
2122609061
2123112967
2123792551
2127197489
2131822801
2133876991
2134484221
2139462991
2141033203
2144548033
2147022749
2147071441
2152034041
2170186021
2173540951
2174166881
2174169601
2181168217
2183757409
2184744451
2185948201
2188728341
2189224871
2192595441
2195607943
2197813333
2202060109
2203663621
2210263633
2213357059
2214761251
2215163777
2219057173
2229367351
2230398721
2240152667
2246725469
2266586821
2268192601
2276606503
2277117701
2278287481
2278975771
2280656953
2284467277
2290230181
2293014533
2297067967
2300319061
2301316033
2306716021
2316946501
2318762251
2319724441
2319871321
2323477531
2333539363
2336184913
2338252351
2339616161
2342844401
2346276577
2348618977
2348769133
2349644449
2350845073
2360009341
2361903767
2364988651
2365443001
2368901831
2370928337
2382412339
2389164961
2392008631
2392253011
2394702271
2395319929
2402655649
2406862361
2412463609
2416274569
2417408533
2421633761
2427535381
2432960533
2436927907
2442454561
2442613993
2443708961
2443725241
2445579907
2451653081
2451957589
2452714993
2459236627
2462662801
2466051727
2473354223
2474922277
2476956607
2483253781
2483255947
2490785431
2494128451
2502091477
2520232681
2524299313
2525070241
2531087681
2534660663
2553133441
2553192811
2561492803
2561654099
2563202413
2563970737
2564229133
2564536201
2568900671
2577345541
2581993373
2589639541
2592194401
2604353761
2605557781
2606201347
2606979883
2613494593
2617489117
2626500031
2626783921
2635781461
2640737053
2642506981
2644982101
2650180649
2651417539
2653176913
2654561281
2656898449
2660783591
2662805599
2669605291
2670102541
2671761541
2673898151
2674839511
2680883617
2681041843
2683918711
2685840301
2699471503
2705143519
2707138729
2709268741
2715365971
2719468819
2720082493
2725357249
2727351061
2729333647
2734207081
2740208111
2746021741
2746839877
2746882669
2755188451
2756920699
2771010661
2771071031
2777887297
2778019423
2785203931
2790827449
2797912987
2808005713
2812672981
2813512591
2814002297
2820306091
2824066649
2824256377
2828663833
2828698133
2840963203
2842775461
2843447881
2847423001
2850933583
2855290901
2858583961
2860274251
2864096047
2871438571
2880131899
2884081897
2884465729
2886872941
2905233937
2909354977
2915264521
2915953633
2921552653
2922868357
2924783051
2929646287
2930158541
2932556717
2934471791
2939043367
2945208001
2951136343
2951213941
2951259697
2955149713
2957320351
2960362693
2960416561
2962366021
2967053953
2976456317
2978650819
2984440961
2992394501
2998109689
3003697081
3008029331
3010602421
3014101261
3014783101
3020423491
3025116851
3025350343
3029755363
3031135837
3036009817
3038550997
3041406523
3045763111
3046653037
3047896621
3048189691
3049045621
3056100623
3057345271
3059193391
3061891681
3065118031
3069857407
3070208261
3076296511
3076562347
3082054697
3087744217
3097813039
3101794963
3105241441
3110830003
3111268987
3112723351
3115756771
3121477633
3127434301
3138064201
3142161919
3142215073
3145661161
3150972917
3156168097
3158258437
3163106953
3164493641
3165007429
3168847441
3180098833
3184016191
3184139701
3188240351
3190879261
3191296499
3200985217
3203509327
3209479093
3215031751
3215201977
3219325231
3221710651
3226864033
3232368217
3243782977
3244566907
3248561821
3251716651
3255231691
3255266629
3257334541
3258505321
3263843441
3264873767
3265241491
3275523901
3276360361
3279275297
3280018381
3281417119
3284464033
3290694487
3294798607
3295929761
3297628969
3298453619
3307251221
3318133993
3325807729
3326595697
3330747379
3331867127
3332340703
3337013881
3337201121
3341439691
3342005633
3348271081
3352091557
3352152961
3355619467
3360081631
3369251047
3372516001
3376419739
3380740301
3383477191
3386442817
3400458931
3404174497
3416968351
3418234177
3420773441
3430765921
3430848583
3434045977
3439087501
3448857281
3450935503
3451682441
3453864329
3463035577
3469828477
3471060871
3483523789
3496458001
3500177563
3500530111
3504434431
3505962529
3508630021
3511012201
3514600051
3517216459
3522866689
3524390033
3527744221
3528154001
3531069697
3538640051
3538835779
3539578501
3542177053
3543203333
3548536291
3551279801
3553256251
3565104421
3566144063
3574500703
3574835101
3580867909
3591619879
3597270517
3600223213
3612825221
3621966391
3633537961
3634393309
3639631537
3651826091
3652775041
3653628247
3655899433
3661562539
3666124541
3672754633
3676905781
3679113199
3679982473
3680749921
3684465787
3685647701
3693874117
3694067963
3703525057
3707769829
3714727771
3717548129
3719614417
3727828501
3728463481
3731618911
3743072341
3751554581
3751655821
3757929187
3760622689
3762111151
3773921633
3775385011
3780964657
3782113873
3782870081
3788668027
3791530709
3799087001
3806669491
3822308461
3863810497
3867110281
3875965417
3882576727
3884909491
3888201601
3889292273
3890736481
3897241129
3900970477
3907712689
3910320209
3916808461
3937526911
3940983073
3945148903
3945645677
3950964161
3952640999
3963990977
3964119001
3969255781
3972016189
3979234351
3980267771
3986664571
3990868603
3994826201
4002592133
4003616101
4006005131
4023844777
4042578403
4047307921
4047411551
4052212543
4053628001
4054363769
4060942381
4065336991
4069883777
4070776711
4088827657
4098775661
4100934241
4109461709
4113586837
4116631501
4121612653
4134332071
4141089649
4148776361
4150829593
4156803085
4158560953
4160203213
4161904429
4162394809
4165134169
4170012481
4170912217
4179076981
4181176273
4187360341
4204605623
4205247089
4206043453
4206695677
4208167729
4209830549
4210095667
4214833111
4217739181
4217937151
4224059737
4232966251
4234009397
4236291671
4243002619
4245670543
4250911061
4257763999
4265599333
4267640833
4271761519
4277526901
4285047061
4285858523
4289470021
4292880139
