25
33
39
91
143
185
429
671
925
1267
1351
1681
1729
1985
2353
2425
2509
2701
2911
3439
3589
4577
5551
6533
6943
8911
9925
10279
11041
14689
14981
16471
17563
23241
24643
24649
25233
25669
25829
27379
28981
28991
34933
38509
47197
49231
49819
51245
52111
53131
54811
57313
58969
66397
68251
71657
73445
74089
76049
80137
82411
89725
90241
97921
100101
101101
104653
113077
118027
119351
140361
141373
147259
167737
168103
182225
186497
188191
188461
204001
206981
211411
218791
223477
226801
230323
234253
234757
244531
251251
256543
269011
296341
297851
298831
312949
326233
340033
354691
357307
364231
367225
382537
398413
400831
417925
451861
454129
479119
503201
515201
529441
532441
553381
556421
561601
563473
570725
584983
588259
597961
614953
631351
679057
701677
705473
730891
736591
738661
748657
751607
755549
762281
770251
838201
850513
935389
962725
994153
1004731
1028521
1056331
1059031
1072297
1092547
1107821
1117957
1138861
1168513
1189351
1190239
1203401
1267651
1367821
1414101
1422289
1424833
1432639
1502257
1529551
1531433
1563151
1604401
1735841
1752247
1757003
1795339
1825747
1860499
1898999
2005849
2018621
2020481
2058271
2091181
2202257
2210091
2242513
2290201
2387797
2455921
2486419
2487941
2536741
2616629
2639737
2641147
2673001
2706299
2720611
2826581
2833831
2879809
2935991
2941525
3054481
3059101
3158101
3165391
3178903
3204241
3387781
3426301
3431647
3538349
3550153
3554911
3604201
3694085
3766561
3797821
3828001
3888979
4055419
4183849
4225033
4342781
4383193
4388977
4437811
4460383
4646089
4788151
4865911
4956409
4985857
5031429
5049001
5065219
5078669
5090821
5139971
5152033
5160013
5199251
5275843
5417065
5689093
5847871
5876013
6044857
6087227
6105551
6205781
6228025
6228391
6236257
6313501
6439231
6524011
6537529
6567793
6688801
6733693
6777343
6851521
6868261
6891451
6950357
6992677
7131943
7154881
7163971
7302373
7372769
7442389
7462001
7686401
7864891
7904701
8086231
8131771
8215307
8239477
8328241
8455087
8567351
8659333
8797427
8822451
8829451
8830801
8877421
8910811
9031651
9056501
9081641
9280981
9468811
9472609
9493903
9504191
9611947
9737473
9835541
9913961
9933847
10215451
10456939
10493761
10509751
10565713
10728451
10930459
10960513
10990513
11035867
11078533
11097307
11194171
11308601
11789117
11807597
12007001
12073243
12169711
12266551
12292831
12405361
12555619
12609799
12696547
12705985
12799697
13012501
13012651
13042657
13073941
13113231
13116097
13331863
13404751
13515223
13608541
13769033
13821193
13823967
13830301
13886929
14104177
14122081
14223721
14289913
14468665
14783203
14916391
14925817
15104311
15148271
15266251
15269581
15358033
15547819
15560651
15576571
15589631
15658651
15706021
15888313
16155341
16225459
16232309
16253551
16383577
16699501
16882633
17174561
17231785
17271671
17616907
18025613
18133597
18158251
18552361
18736381
18761401
18838987
19664401
19897151
20306881
20665373
20768641
21116551
21129389
21181447
21292741
21362887
22052413
22349251
22369621
22598773
22713181
22753261
22765759
23078261
23089781
23690449
23977639
24003217
24025249
24054661
24550241
24641101
24904153
25018709
25073821
25183061
25293469
25533577
25608109
25674221
25869037
26280073
26309867
26317291
26473501
26549079
26597227
26760791
27130709
27409541
27611497
27778249
28169923
28315651
28446649
28785907
28968301
29042401
29448631
29797849
30007531
30061747
30371923
30374159
30710681
30987809
31079881
31206361
31285591
31334881
31470211
31590961
31842877
31989109
32295901
32455151
32634925
32683201
32730127
32841577
33161833
33178531
33215491
33292693
33846013
33869401
34407937
34657141
34706773
35591287
35620825
35626501
35798491
36053333
36475621
36504199
36787771
36810181
36975211
37118161
37485019
37658401
37694251
38183239
38379181
38446921
38722301
39048373
39272833
39547171
39760051
39942241
40621591
41922101
42165271
42513823
42533533
42709591
43029043
43129451
43639363
43786289
43837361
44068001
44482901
44796277
44891569
44963029
45175201
45355267
46335671
46672291
47092537
47603333
47606077
48064021
48179131
48191653
48448747
48930467
49261357
49303801
49316593
49453363
49735351
50087467
50495509
50863307
51027589
51563641
51627817
51733921
51964261
52152621
52610743
52652821
53390611
53531941
53580367
53638903
53797091
53949011
55384033
55763161
56085373
56719657
56872153
57280081
57654325
57833861
58003213
58089253
58219071
58730813
58755877
58756057
58986091
59218513
59226841
59291893
59647771
60011599
60025573
60033403
60314971
60599551
61112221
61214509
61602557
61773493
62176661
62930531
63001801
63351293
63721081
63763147
63852607
64677601
65420587
65539527
65539741
66007061
66595457
67902031
68088637
68102641
68191761
68462551
69168271
69600833
70593931
71690311
71729951
71938513
72108421
72550411
72693451
72993601
73061101
73257899
74176873
75351613
76482793
77155489
77430961
77594653
77938039
78274621
78318241
78430801
78813727
78954893
79399981
79415057
79464281
79667119
81455137
81603613
81926461
82627651
83206441
83403041
83470117
83562313
84566725
84631201
85427959
85641621
85643549
85888837
86593591
86670703
86927677
87520319
87946381
88465261
88794551
88943401
89050417
89421931
89998273
90279113
90758701
91190121
91192011
91222981
91433281
91616801
91783781
91923391
92114441
92479841
92850031
93571633
93599227
93839101
94065061
94536001
95277133
95352229
95828821
96371821
96895441
96904081
97219361
97319869
97872559
98592391
98636081
98728033
98768701
98993281
99279451
100767693
101768551
101782081
101957401
102358747
103788301
104399821
105043709
105385141
107475721
107486413
107653081
108230941
108596953
109799581
110920537
111202297
111610991
112832201
113317891
114276905
114305441
114384799
114601001
114770251
115363711
116151661
116443213
117435839
117494371
118563761
119166809
119596487
120517021
121820887
122732971
122785741
123135881
124506649
124586191
124995871
125284141
125446597
125517505
125807851
126035911
126440731
127003537
128143601
128644751
129461617
129623917
129671581
130231401
130856809
131334851
131706991
131762413
132291271
132367699
133157701
133391611
133579993
133758457
133922707
134474561
135023257
135358831
135996631
136584937
137120131
138137851
139363927
139575251
139627201
139766761
139952671
141121009
141180949
141545911
141859297
141970273
142155091
142301629
144202931
145023433
145183411
145666769
145937143
146326093
146587393
146843929
146884393
147315241
147959467
148910653
149444761
149917051
150155039
150651511
152164801
152468407
152491681
152549251
154329151
155827673
155837749
156553993
157542533
157717189
159874021
162243091
162960361
163248751
163660823
164578051
165061909
165679291
166339057
166590073
167692141
167952421
167959453
169305409
169396921
170584961
170609713
171800201
171944191
172729351
172789601
172798697
173401621
173454373
174020939
174521197
174931147
175087849
176237513
178899631
178927783
179173891
179592001
179593501
180107533
180252797
183743929
184611311
184746889
184792753
185518891
185934127
186162301
186393481
187248307
188386381
188674291
188985961
189612901
190606751
190994923
191015401
192090821
193133557
193359223
193386443
193605641
194603627
196287391
197805043
199789441
200031283
200487781
201561109
201809071
202565651
202902481
203204143
203330401
204456793
206304961
206481529
208170379
209213929
209802581
210143041
210812311
213035761
213579601
214110541
214850881
215205797
217489429
220754161
221026697
222524347
224582221
224645797
225504311
226786577
227180923
227571283
228842209
229302109
229783663
230035501
230059127
230088667
230167393
230231581
230357761
232661521
234322831
234694703
234870301
234903341
235792501
236438441
237687851
241161061
242229149
242330221
243347347
243413143
244010989
244433917
246015181
246099317
247058689
247575601
247805839
247923361
248978017
249535351
249888133
250430641
250538671
252912091
254433691
255927181
256728961
257460851
258404999
260204551
264350521
265390189
265731931
266140297
266617649
269195401
269526097
269731841
270083661
270625951
270868561
273375831
274810241
277377337
277477903
277997833
278346251
279192079
279530551
279924241
282885951
283210049
283350613
285787477
286099669
286345801
286622857
286985161
287364351
288050581
288120421
293673931
295364501
295775041
298216801
298593121
299160973
301000363
301187887
301774801
302976661
303826141
304092361
305270767
307035471
307061371
307975429
308448649
308746057
308876797
309062053
311076001
311213701
311311001
311547025
311671361
312232807
313192657
313588801
314067097
315138313
315689977
315757657
316475803
316934839
317123173
317156707
317722861
318250297
318353969
318826411
319287151
320395321
321264421
322272163
323333011
323496901
325874701
326515699
326695141
327128687
328024093
328487629
329311529
331412513
333268307
333564713
334813411
335304691
335953073
336043621
336100213
336208297
336273211
336895751
337932601
338384737
340057261
341840401
343026091
344420249
347799973
348849703
349718377
349788671
351843049
351910021
352385965
352667401
353672089
353878801
354064483
356604421
359394751
360018361
361248581
361267111
362569201
362639473
365858011
366429533
366511951
367213627
368615521
369610237
371898727
372810719
373906513
375410179
377295871
377475751
378047671
379804789
381542401
382340197
382386271
384472481
386407477
388695301
388826213
390609941
390612221
391130581
391431941
392371153
393623539
393716701
399580831
400253701
400315301
403423021
404047567
405023437
405113871
405894853
409927057
410458771
410786039
410865467
411083527
411589417
416604889
416643943
417452311
420164821
421150801
421942951
423890587
424157611
425681257
426448411
427906321
428763049
430455601
431085553
432390157
432525607
434929951
435358657
437866087
439309261
440576537
442592701
443384023
444580739
444847729
447191893
447891951
448383001
448851889
451421881
452040751
455958073
456465577
456967583
458140957
458369651
459758581
460486921
460765541
463707157
465658903
466017847
466290949
466758181
470268137
470297251
472814413
473617513
473750371
475969231
476621377
477726691
479272069
479289637
480540061
482244533
482789971
486596053
486711259
487721323
488229523
490803461
491289799
491381641
493307977
494290909
495814051
496589101
497429101
499411981
499705039
499998151
502423451
504454879
511203551
511632941
511895251
512027933
515291671
515716201
515807893
516080737
517567051
520307101
520406551
520809451
525087613
527991451
528013333
528289117
529214311
530715883
530717833
530843377
532258271
532800133
533266609
533600033
533913491
535023193
538496941
538576657
539537941
539656529
540218449
540568081
540654409
541316143
541522681
542497201
543890467
545596811
545859217
546437773
548034481
548287333
549724033
550052137
551017981
552324151
553134913
553321693
554494951
555079141
555650281
556429861
557306249
559043941
559769501
561403921
562069201
565111141
565844833
569507579
571667383
572935771
573896881
574712351
577352641
579956653
582964669
583077017
585203333
586677059
587237281
587422609
587970307
590356357
590799763
592579351
592996351
593057851
600814117
602339209
606338185
606376373
606390301
606508717
607269961
609230107
609813781
610174711
612146887
615875989
617099341
617535229
623118781
625536071
628430093
630438051
631628713
632997001
633289807
635689633
636442003
638176925
638704153
643316461
643438891
644240741
646304401
646576429
646687031
651305491
652969351
655219207
656793899
659406541
661128493
664305427
668248561
668468431
669151801
669291691
672184549
672300973
673930513
676336921
676728343
676880821
677729209
678889297
679396303
679975003
680860351
680983817
682178311
682460501
684844051
685229329
685923757
687473983
689366233
690992977
691131349
693707041
694656901
695360011
696574999
698100589
699456647
700101901
701430811
705883951
709542947
710822251
713750951
714582001
715274791
715869661
716332061
717421531
717612481
718823821
719538431
721223641
728851507
730741129
733617109
734793467
735228451
739444021
739991161
741181547
741470549
743114269
743404663
743519569
746331041
746793763
748604033
750178391
750633761
751348807
753022201
753574537
754550539
754901971
757158533
757272707
757639387
758722951
761932033
764779501
765947911
767275669
767553151
768564681
771731941
776081503
776249251
777229771
777377017
777381787
778482991
778816567
779281123
779896421
782035885
783442397
783506033
783775409
784042309
785526251
788046901
788940833
792447521
794506379
795179701
795490747
797418997
800379301
801407281
801866647
806739673
809068321
809121223
810097601
811279099
812036461
813863473
815167171
815697133
819927291
822036601
824465071
825028861
825749761
828157639
829154587
830747521
832048447
832870891
833888057
834834911
835935361
839580301
840411001
841217653
842145931
842869801
844309825
846649957
847697171
848810437
851026261
851703301
856939877
858395071
863984881
867965251
868113937
868536313
870993553
871443211
872736391
875827291
877532671
878940833
880288049
881602591
895888837
896231953
896901461
897756751
900086149
903388501
903463261
904505611
907475851
908518591
910020833
914515633
915641821
916748617
918527719
922845241
926903099
927899501
930233461
931268249
931614121
936946141
938020501
938030101
938376181
938550289
944724401
945630821
946323841
946749809
947965627
948393559
950371003
951238261
952551865
953111017
955134181
955938901
958149025
961080641
962983183
964363219
965406961
966066301
966593251
968283247
970390693
971008129
971278399
973368481
978982357
979128811
979466221
980957071
981914011
984297901
987958507
991977017
998033401
998683609
999405079
1003505803
1003712911
1004778181
1005347537
1005833971
1007717257
1011033211
1011388141
1012911409
1013798477
1013855723
1014119947
1017675841
1018665901
1018669561
1020869891
1021066457
1021524361
1022388641
1022478661
1024966801
1028591801
1030063123
1030336651
1031545789
1035159049
1036995919
1037750617
1038339457
1039247719
1040609101
1043046901
1049144801
1049584313
1049934593
1055437633
1056664063
1057898213
1058816533
1061075197
1066951489
1071645797
1073722861
1077822721
1078611037
1081560613
1082347267
1082690041
1083565921
1084241341
1084444481
1084941931
1085888803
1092558013
1095219779
1097408309
1099085791
1099563643
1101376711
1107651851
1109003221
1109165065
1111720741
1111833169
1113802003
1115600329
1115685463
1117004257
1118612617
1120703311
1121176981
1123406047
1126998913
1128914557
1132794301
1135369131
1135428031
1137320581
1137752887
1142023507
1142998853
1143730459
1143819667
1145170153
1145453921
1147747091
1148416513
1151484091
1156154497
1157445451
1159421509
1160381377
1161764869
1161901183
1168165099
1168256953
1172737147
1175812669
1176476467
1180970407
1186500473
1187103919
1187882177
1187887891
1188646903
1189804501
1189959497
1198861327
1199354689
1199871493
1200738001
1202725021
1203353761
1204555717
1205850781
1213199533
1213347691
1217181061
1222277443
1223489131
1226405473
1229956003
1233900781
1234887673
1238209471
1238517649
1239879631
1240182913
1242938441
1245748285
1246981051
1247859133
1248228601
1248258733
1248731917
1249785941
1255550371
1255983901
1256780071
1257102001
1258773671
1259774803
1261570133
1261949539
1267133311
1268469781
1271684401
1273554151
1275732389
1276581307
1277715751
1283370211
1286407711
1293049057
1295150671
1304189857
1310329567
1311255661
1312845661
1321964339
1323011377
1327552081
1330075319
1333449067
1335664081
1339613101
1340121257
1340352547
1341010577
1344146233
1354991653
1356241321
1357008409
1357101877
1359222433
1359258451
1359481589
1363838587
1364485201
1366451521
1371328081
1372350547
1372925293
1372934341
1374908761
1375057429
1375433893
1376483627
1377339043
1377391951
1379849371
1381887871
1386425431
1387766461
1389531871
1389675541
1390683151
1390810999
1395564127
1397357851
1402426313
1402430383
1404471001
1406238301
1408610503
1414755619
1414938377
1416870001
1417837037
1423976017
1430149771
1430750881
1431192907
1432940671
1434589651
1439492041
1440231941
1440922891
1443742273
1444004879
1444441861
1444555117
1448096131
1449058381
1452455929
1452462193
1453672481
1454938651
1456319701
1459590877
1463856301
1464763213
1466436401
1467817471
1469564801
1469616941
1471850551
1474376203
1474907851
1482118961
1482460181
1483504723
1483818799
1484742533
1485943201
1486078903
1487934631
1489587997
1490056501
1490670091
1491117013
1492762133
1495170073
1502759701
1504832033
1505432881
1506774751
1511558533
1512837353
1514301179
1515664153
1518700591
1520128921
1524211921
1524708013
1526664091
1533453901
1533555271
1539583921
1540208251
1540713973
1542582861
1543493017
1545387481
1546249951
1548553609
1549964371
1551774709
1555022233
1558913203
1559212513
1562337071
1564112741
1564278211
1564653889
1568993071
1576233541
1582547851
1583696129
1584375793
1585331749
1586548531
1593706201
1597808899
1598299909
1599333401
1604235493
1606448431
1606735621
1606813201
1609098583
1610892091
1614341431
1614512251
1616387653
1618154929
1618435171
1621364191
1621930891
1623747079
1631304901
1632031829
1642533187
1645859251
1648919221
1654940509
1657543021
1658610361
1660988053
1664879383
1665597781
1672064731
1673838913
1679782033
1680901381
1688670901
1697213407
1697778733
1699000231
1709715269
1710129719
1710753001
1710778069
1712087227
1713319453
1715427451
1716672361
1721558401
1722579941
1729011247
1729633751
1731264079
1738481341
1738769281
1739057633
1740205741
1742423869
1743166441
1750094011
1757000341
1758378341
1765350841
1769148751
1769762983
1770120241
1770358071
1778865551
1779935041
1781712281
1784118121
1785668977
1790267051
1791426787
1791739711
1795216501
1801987639
1802569357
1802674043
1803308057
1805555201
1806344989
1810525087
1812219241
1814018389
1817067169
1825039789
1825756901
1826906621
1828887061
1836856121
1837065385
1838124751
1848325681
1850233897
1852249201
1856956411
1857777769
1858677833
1859792041
1861026133
1866925531
1867996351
1871501633
1872332239
1873216507
1874439001
1875938851
1878852601
1881734345
1882052327
1898993077
1904524903
1906162207
1906722439
1906818577
1907221681
1911990691
1912702051
1916120641
1920301951
1922029381
1925526571
1926239911
1926885601
1929930209
1931652211
1932031711
1937105941
1944125633
1944279053
1944530309
1949347051
1949624539
1953147877
1956013921
1958687261
1960717477
1964649433
1965007601
1966182401
1966715537
1972390909
1972743469
1973561377
1977147019
1978664741
1979788789
1980181477
1996410001
2003220161
2009621503
2010936509
2011297009
2016431089
2020581389
2023193161
2024168431
2024869991
2026144951
2026334701
2028279793
2034094471
2041095079
2052719171
2060925931
2064331171
2065040353
2068867841
2069340281
2071874419
2072488771
2079721411
2082146617
2086236181
2090066947
2091784333
2094133951
2095498471
2097940411
2109682681
2114701885
2115199171
2117576707
2123792551
2126109409
2130066991
2131822801
2139462991
2140731781
2144216401
2145906661
2147048641
2148991531
2156567291
2158378651
2158995001
2162461663
2174835401
2183000227
2186305941
2192864893
2193253201
2198582101
2203856497
2204314003
2204578769
2210722201
2211502541
2216628367
2216949751
2224278253
2226056561
2227002961
2230684691
2233891969
2234003857
2248655179
2257069201
2262212029
2262588901
2267577089
2276774273
2277332641
2280630241
2287788841
2290361221
2294069233
2301980801
2306632721
2313673825
2317364317
2318730091
2321473001
2328554683
2331181577
2331181621
2331771991
2333010751
2333461313
2339290441
2340462181
2341843729
2344513051
2347701661
2348424961
2349655573
2362015441
2363807071
2365443001
2366927443
2369069921
2371274401
2375501207
2380603501
2381535691
2382297283
2385076987
2390707801
2391028399
2395521217
2396399167
2405320051
2409599017
2413067203
2414888009
2416134241
2419702583
2426509621
2431144801
2432388323
2433213721
2435792461
2439032461
2439600833
2444436631
2455855507
2458169299
2458311751
2462440753
2465781091
2472525925
2472907141
2473176551
2476585801
2480147521
2480803657
2482625653
2485230751
2485587497
2486671601
2490914593
2496389551
2499124939
2499853333
2506603519
2508178843
2513534149
2518315807
2521624651
2524524169
2525693987
2531710021
2534377369
2534660663
2550368857
2550584671
2560300471
2569293127
2574861001
2579163931
2591213045
2597096251
2597982841
2600705017
2619909319
2621003941
2623206697
2626987277
2629317961
2636360191
2641917601
2645941423
2647799771
2648013821
2649744257
2654009725
2654851387
2660783591
2670298867
2671152901
2676744437
2679639889
2681503301
2682356167
2683425889
2683869157
2690867401
2696842261
2701920341
2704047711
2705647141
2709639871
2714115821
2714410381
2715365971
2716157989
2716344661
2719435451
2722576501
2723453701
2724560551
2738203057
2738491211
2743738003
2746982801
2749202593
2751794209
2753275801
2758353841
2761545403
2763794161
2765751931
2766403333
2766699181
2766712411
2766789061
2767307929
2767700687
2776874941
2779487353
2787235981
2799307171
2801583401
2806589017
2807249551
2813512591
2814777653
2815898647
2817548371
2826128971
2828698133
2832748397
2843582287
2846091067
2854195081
2855613457
2858419981
2859196831
2861226479
2862899231
2866657501
2867145373
2871787783
2871974561
2881574731
2884599371
2886402487
2888754643
2892585151
2897251729
2905741801
2907218251
2912712013
2913401611
2913583037
2915928809
2918108761
2932032391
2933588503
2934471791
2938033337
2938389709
2938926991
2939631917
2951544961
2952147041
2955108889
2963714857
2964480017
2968933001
2969052829
2971480381
2976930001
2978011651
2989434001
2996944133
2999583871
2999871361
3000447323
3004224137
3008012701
3008667391
3008952325
3009756751
3011025691
3016392961
3017279011
3020494093
3022609681
3025902541
3027829141
3031135837
3044332267
3048649861
3054297403
3056100623
3061961551
3065961151
3066639817
3066667531
3068123791
3068436893
3068534701
3071729443
3076617637
3076803901
3078487403
3082054697
3090809369
3093769801
3098918833
3101357081
3102259031
3105071425
3108632281
3108637621
3114953029
3135040133
3136646701
3137903701
3139608361
3139995937
3146902111
3148806403
3157286203
3163106953
3170021551
3171374383
3172175137
3175106181
3175526971
3182480929
3182661619
3184139701
3188729239
3195638893
3202626169
3205012963
3208730351
3209533471
3219865741
3220068745
3221811709
3229131137
3232042357
3234408913
3247967341
3248561821
3252607601
3255334563
3255766201
3258425633
3261886001
3274466401
3276380251
3279275297
3290754301
3293769779
3296558777
3299956747
3303350387
3304446191
3310438217
3311872219
3312212311
3316485421
3316626451
3318354073
3318448251
3322551403
3330883781
3332340703
3336434101
3338700751
3342178531
3345352501
3352091557
3354782021
3355721767
3374360965
3374598781
3380998699
3382444097
3394046797
3397588993
3408200641
3410555047
3410599501
3414942283
3417451363
3426589693
3426780043
3426847261
3428626237
3429457921
3432862001
3437755201
3449674501
3451682441
3453354607
3463907761
3478956811
3481937341
3483531559
3484529533
3493069141
3493771051
3496210513
3496282927
3498669811
3502454401
3502741753
3504515041
3507805153
3512549647
3513093601
3514017871
3517105153
3519002731
3525054721
3529489951
3531034321
3540814561
3541487023
3542828801
3544639729
3545554501
3547977211
3556373647
3561774721
3564059131
3566039233
3566597581
3571168591
3576294151
3580578001
3586833253
3591052009
3591638821
3596312521
3596333749
3600278833
3600762101
3602006101
3605340857
3614088661
3614770573
3625328981
3627037717
3633316237
3634697161
3636109801
3637239589
3637831753
3643480501
3664296821
3666019937
3670650001
3672040093
3674037151
3675545461
3705582073
3711143341
3711225751
3716451691
3723899089
3728463481
3730150187
3733646491
3738170899
3749887681
3756668401
3758383207
3773061337
3774311731
3775193089
3776019979
3780257881
3780340357
3783038257
3786262241
3786513901
3793243213
3793545991
3795206827
3808635797
3820259701
3829656403
3831949313
3833649163
3835457341
3835537861
3838624609
3842867953
3846437477
3848011873
3849325651
3855832709
3858381163
3859546687
3867345343
3869087581
3872282497
3882346903
3882729131
3883439647
3883750471
3888925501
3890095273
3891892421
3892217401
3892722523
3893553793
3896103559
3898816501
3905533721
3906806689
3907090469
3911960417
3912795651
3917319841
3919309327
3925134181
3925583551
3926200321
3926933557
3937994413
3943365553
3945868309
3947560525
3952640999
3953846891
3955054027
3959921521
3973046923
3974095717
3976113301
3980558401
3983482757
3984737791
3987598201
3987690851
3995826847
3998384441
3999429751
4005660961
4006005131
4007116621
4008893161
4009601149
4015029061
4016304703
4018641667
4025612581
4029904671
4039386433
4046624371
4057715801
4059250651
4059737821
4061729101
4066860421
4081806919
4083197509
4084177591
4085454781
4090231237
4090575679
4094413381
4099755697
4104383851
4108276331
4108863061
4109326759
4111600111
4112485301
4116099457
4118677789
4120241221
4125492929
4134219589
4135506103
4135733101
4143697559
4150480951
4152018741
4160472121
4164191203
4166071651
4183104547
4183664101
4191454411
4191696401
4195867931
4196523101
4202009461
4207101841
4209444467
4212477001
4219898203
4225095721
4226362783
4230763031
4232787521
4247929391
4250911061
4253424869
4255695013
4263507091
4265045797
4271761519
4275663301
4276443241
4276608787
4277450101
4279716613
4279874869
4282692967
4287428287
4291948249
4294433001
