25
49
133
303
931
1891
1921
2701
6161
10585
16589
18721
18901
19951
36845
52549
53131
60551
74621
80137
83333
88639
94657
96691
100711
102709
105851
108979
109061
123019
123041
125903
128627
142633
143783
147109
157693
168511
184225
186337
206981
209747
212413
246877
269011
272161
281101
289787
294409
295021
295331
309607
336169
339607
367843
370753
377719
382523
385003
399001
416641
422143
430501
459709
497503
529849
545425
546481
565001
587861
594593
653333
663851
689323
709873
710533
729829
736751
745889
753667
763813
807229
845293
850513
873181
990557
992047
992251
998323
998431
999937
1011877
1023031
1053761
1069993
1077805
1092631
1143251
1193221
1202381
1352233
1357621
1383461
1406989
1409437
1529551
1533001
1592641
1670257
1827251
1863907
1893943
1998551
2030341
2034397
2062727
2122627
2139523
2162941
2165801
2167027
2181121
2358533
2378053
2393269
2511497
2586229
2678413
2699551
2845153
2845217
2885401
2909297
2914525
2931853
3036841
3064021
3075521
3166087
3186821
3354961
3363121
3521701
3539999
3634633
4047401
4099439
4265819
4432609
4441681
4563791
4674781
4686391
4734127
4779139
4852501
4864501
4865911
4997461
5176153
5252881
5386987
5422693
5427841
5449951
5596771
5672521
5674051
5753101
5927041
6125101
6133219
6166319
6186403
6192721
6233977
6405601
6577121
6792683
6896401
6965401
6989017
7162429
7207201
7306261
7327783
7333811
7663883
7756201
7818163
7879681
7957321
8012845
8146979
8233633
8289109
8417251
8482801
8708041
8805007
8819521
9006401
9129817
9158959
9494101
9965899
9976611
9993631
10231343
10267951
10276297
10312171
10679131
10680265
10837601
10895377
11013001
11358043
11443651
11503087
11663761
11686141
11693809
11784961
12018889
12169711
12400081
12751861
12822841
13129561
13163473
13359397
13374593
13460179
13672693
13985651
14033629
14182939
14238071
14373533
14575091
14800391
15099787
15189637
15253921
15308101
15398251
15399889
15472997
15507193
15509959
15802681
15999751
16094863
16340131
16343251
16774891
17165131
17545501
17548561
17586361
17737381
17934379
18212977
18303319
19222061
19297921
19554701
19788001
19828603
20103721
20117467
20839289
20968501
22259989
22361401
22669501
22765759
22779527
22885129
22994371
23316751
23464033
24464149
24550241
24966913
25241371
25257047
25618009
25629449
25683841
25869037
25957009
26280073
26295901
26353601
26464021
26861561
26889697
26895397
27242601
27509653
28213333
29241829
29728921
29804347
30141469
31201997
31230739
31710925
31735621
31778587
32429431
32601701
32817151
33796531
33840397
34030351
34040701
34084181
34293793
34499951
34914899
34989571
35245523
35515679
35798491
35963041
35997565
36053333
36435389
36452257
36765901
37093607
37354465
37392577
37760257
37804969
38475149
38520577
38654197
38676301
38722301
39669841
40621591
40847491
41142037
41386141
41446957
41710411
41854501
42318277
42446251
42563333
42709591
42933631
43036003
43119961
44039119
44068001
44114701
44306329
44482901
44760581
45085559
45213643
46328333
46501597
46517857
46584037
48218491
48736081
48792211
49141357
50341169
50683547
51051601
51145277
51253777
52136257
53638903
54484651
54554839
54650173
55551991
55879363
55996123
56296507
56721901
57833861
58494529
58606391
58692239
58709179
58927717
59169661
59648239
60269881
60792577
61927867
62090893
63508873
63618749
63639101
63797707
64042903
65304289
65797843
66444247
66781441
66998317
67902031
67979731
68102641
68182003
68976331
69029291
69485281
69612061
69914131
70367161
70573681
70599299
70695769
72098471
72563437
72588673
73309861
73517501
74927161
75709763
75927853
76320121
76485949
76831301
77428801
77622533
77705593
77871691
77889841
78644611
78736857
79624621
80142761
80145619
80154961
80456113
81455137
81459241
81954133
82192951
82606231
83296999
84190825
84568201
85400701
85719871
86855351
87725149
87783937
87897961
87942559
88551481
89563141
89784581
90403757
91043977
91313281
91694329
91877761
92636251
93311573
94025023
94037287
94938301
95276161
95451361
95452781
95976371
96414001
96904081
96953671
97211137
97219361
99166273
99541597
101854369
102244231
102678031
103340777
103448809
105056057
105543631
105577447
106052437
108343093
109582579
110436481
111090547
111999973
114171769
114329881
115190401
115789339
115804501
116772001
116878843
117048205
117445987
118172251
118358497
119095201
119448391
119985559
120035411
120561319
121128361
121330801
121374241
121408901
122785741
123230801
123270337
125686241
125988787
125997121
126290753
127322141
127573543
128006839
128527561
129165119
130103551
130915373
131041747
131504143
131610901
133441001
134274017
135122863
135706309
136783967
137047201
137651201
137932321
138073825
138336661
139278913
139810201
140195225
140309947
140810237
143106133
143380681
143835427
143922769
144496801
144854301
144919867
145056679
145820503
147242371
147708289
148391863
148857427
149389633
150988753
152497621
152716537
154287451
154338001
154459271
154716251
155203361
155313601
155316751
155560225
155861929
155883883
156033473
156313721
157542533
158489501
158629381
159006047
160769473
160906351
161304001
162096901
163513153
164185597
166558501
166595131
166725721
167028731
167472451
167587933
168058045
169152187
169608067
171275959
171733591
172018667
172630901
173190901
173678203
175151161
175385431
175418521
175765789
176030977
176977921
177349147
177850037
177994961
179954881
180460849
180716011
181026049
181058341
183778607
184062565
184304933
184360789
184746889
185040703
186654241
187248307
187320481
187770817
189482107
189883691
190844551
191648161
191930401
192757493
192800833
193133557
193594433
194389903
197756503
199088273
200214757
201190261
201246139
201261061
201590677
202210339
202382629
202409329
204814679
206467201
207891109
210461959
212122639
213789353
215161459
215277791
215656981
216287551
217805281
218002171
218495479
220012591
221257609
221497303
223433867
223464925
223635589
224670601
225677251
226359547
226366003
228652201
229390939
230300857
231557551
231746251
231822449
232306201
233181901
234356653
234511157
234610291
235928071
236254969
237670603
237807397
238172993
239289931
242126173
242239321
243413311
245006623
245518351
245891651
247250251
247759873
247912897
247920661
248651801
250370641
251923057
252110477
253446799
253613587
253850197
253874969
254205433
255034421
255866131
255889279
258634741
262860313
263813281
264806701
264869767
269231491
269524009
269547739
270117901
270240769
271565713
273823507
275101373
275284891
276085153
276234727
276408271
277133809
277477903
277880401
280312003
280723213
280747801
281288801
282050539
282214081
283020013
283521169
285600631
285773137
286232299
287933413
288173257
288449851
288957061
288997633
289103725
289380097
289766701
290344753
291236977
292365811
292491541
292961183
294207325
294875641
295007257
295364501
298772209
299797303
300164287
301781201
303181079
304132963
304554181
305598911
305601991
308917927
309617281
310533133
311624389
311700313
313158913
313338061
314736661
315357949
316140991
317008411
318465703
318896257
319673099
320894687
321269329
321324589
321538069
321781633
323306251
323813953
323920801
324171541
324264943
325179457
326469137
326931601
329445139
330433261
331658081
332852321
333096193
333431179
335241601
335376427
336273211
336488881
336978769
337783981
341403031
341886661
342489601
342829261
346394233
346795639
347743189
348989101
351739181
352205069
352568161
353293669
354429307
354713461
354870431
355297301
355360801
358176133
359053003
361307521
361987489
362205367
363371161
365932297
366046921
366429533
367030525
367589581
368476501
368934721
370482001
370740833
371611153
371675221
375841729
376375099
378571551
380137633
380268521
380908321
381066841
382572851
384770017
385401017
385700401
388709803
390785887
391115201
391431941
391904921
392050351
393611653
394496761
394689371
396231887
396518539
397608751
397700503
399323611
400253701
402752533
402764231
403095421
403095967
403720601
404465651
407438849
408212281
408315751
409641601
411391801
412402631
415468909
415800703
416168461
416267441
418226581
418667401
418843081
419169229
419311751
420383251
423448651
428457251
430276537
431105621
434827849
437029477
439342219
440591537
445219939
445288537
446235373
448828291
449372551
451533601
452456551
453206431
453919201
457274161
459207601
459947119
463655711
465777401
466398409
467491753
469398991
470634751
472185629
473861851
474642257
474663887
475468927
476621377
476792473
476972099
479489557
480269921
481239361
484322317
487560043
487664701
490894111
491646403
491758573
491848897
492507401
492559141
494831377
495062443
495068059
497454469
498442951
500657921
501497569
503244481
507224521
507725947
510065249
511161157
511261081
511408171
511694429
514656451
516129643
516903871
519958561
520115501
520399381
527954017
528978451
530558891
530714887
530787931
530929081
535517581
537374069
537914701
538541587
539219869
539839441
541562671
542497201
544375801
544993651
548914807
551095981
551672221
552636001
552695599
553723889
554328491
554494951
557165209
559690259
560484307
560952809
561379001
562134343
563298061
564182569
565753151
567737633
568902001
569507579
569784403
569814599
569852557
575131201
576295591
577352641
578185301
581166577
583061411
583248601
585843589
586830577
587336401
588645709
591043771
593128771
593234123
594301999
603255001
603278413
603582401
606235431
607673711
608647051
610414807
611112601
613343371
615416341
616000271
616588207
619236481
620053879
620928533
621974101
623959417
627508759
630117661
631881337
634996787
636111451
638837761
641490697
642426049
643800821
644851481
647817913
648263387
649427923
651305491
651861761
652543117
654981169
657814825
658539127
659038843
659846021
659875093
666362111
667701511
672300403
674194207
674555521
681303241
683220985
687748051
691258849
691526053
691549093
695403361
696372769
699913457
700950823
701665897
703023319
709879301
710445121
710541481
710635141
710721001
711231973
713868013
714341701
717089819
720410167
721218169
721746913
721825061
722282401
725092021
726690121
728458501
732727651
734432491
735010831
735815989
736507729
741182401
741985921
742175617
745340399
747325237
747912961
748373011
750354529
756194587
756318751
757630801
758925077
764666281
769006153
770909107
771036463
775368901
777377017
778907161
783073201
787995319
790468141
790821289
794715629
794788051
795188431
797313161
800328565
800411701
801418951
802477453
804904213
804958831
805438639
806514721
807115753
808562791
808914881
816024161
816718681
817076611
817909067
818762569
823536781
824532931
825708841
826004467
826380991
833198081
833553001
833585761
834873409
836140411
837289051
839208439
841169341
841741237
842216041
843064531
843161887
845376533
845951767
846529357
850028939
852115771
852790249
854581807
855073301
855328321
855493537
857100421
857294813
857902861
864165457
867519577
868088341
870243751
873301001
874048501
877906381
881114753
884584891
891455567
896231953
897087361
902096161
904876361
906471301
907670501
908349601
908736097
910321883
915518143
919748131
919890427
921106129
922845241
924335371
928452097
928742413
931614121
933262261
933374021
934290251
938030101
939369001
940781293
940931713
941341717
944000821
944189497
946018859
947342353
949376737
950413969
955609903
958323601
960370093
961617331
961779061
962351701
963336001
966910051
970355431
970560533
970586713
974078821
975765787
976962601
978026293
978563041
979363153
979421111
981914011
985215437
987912361
988963799
994517533
994885141
998775461
999260501
1004461021
1005402133
1010461121
1015269391
1019089369
1019854243
1026583801
1028369407
1031268961
1031515127
1032101461
1032755533
1032898241
1035156481
1037560681
1047340963
1049669281
1050721561
1052148553
1052487437
1054640221
1059125161
1059249361
1062603361
1064519011
1068758777
1072534417
1082553121
1083242581
1085117101
1091327579
1091401261
1094660269
1098000091
1102667297
1110582947
1113419953
1115279749
1116099001
1117908973
1124454421
1127880571
1135428031
1138116481
1138471951
1138721491
1143089161
1147018787
1148839469
1151758501
1152305029
1153936477
1154960731
1155939709
1161000541
1166044231
1168003201
1168668541
1170137959
1170944029
1171035251
1176476467
1179194641
1181721817
1186915861
1187558231
1188646903
1190895157
1192412033
1194174013
1196969707
1201006501
1202142061
1205629237
1206825523
1208053001
1211115401
1213347691
1217845661
1219013491
1221072601
1222447927
1222680073
1226271961
1230818359
1231362793
1231851349
1235188597
1237788301
1242065221
1244612641
1246448909
1247784331
1248606631
1251604873
1251773353
1252222619
1252443127
1253477891
1256780071
1259210749
1259899391
1261099531
1261949539
1263293281
1263580501
1265359393
1266025351
1266054193
1267133311
1268030791
1270372159
1271124343
1274270293
1277310731
1280837381
1280902951
1282875397
1285742377
1289348407
1295074171
1295554681
1308358507
1308544903
1308793417
1311873811
1317829297
1318473217
1324344341
1325172421
1325857541
1327026403
1328256247
1328936753
1329662179
1331196721
1334692519
1336414561
1337844991
1338605713
1340052049
1344052141
1347387361
1347659969
1349924773
1352821681
1356071803
1357447939
1359481589
1361675929
1363178701
1367747921
1378833211
1380247831
1380617551
1381243709
1383052729
1385866861
1388400751
1390697177
1393288483
1394774389
1397169091
1397237507
1397357851
1401240941
1401906641
1403772581
1404253369
1407953971
1408895531
1410410233
1412016841
1414740781
1415814409
1421007481
1422413347
1423246771
1424287099
1429577353
1431122149
1434738937
1442301701
1443194341
1444095001
1446992321
1452806911
1453029829
1461877261
1462471649
1464568381
1466881417
1467403213
1468420141
1468824787
1469768653
1472719711
1480961071
1484535067
1486078903
1486170577
1490932873
1494714493
1495170073
1495701617
1495905181
1497221281
1498080871
1501194397
1502682721
1511042851
1513701071
1515785041
1518161833
1518290707
1519485949
1520190341
1523948537
1524307439
1524585841
1526163313
1527557401
1528936501
1529705629
1530246587
1530275671
1532419099
1533555271
1537717123
1542542453
1545311461
1549208977
1552468129
1552668979
1556329633
1559799301
1562507371
1563817789
1565060131
1565791067
1566173281
1567778701
1570997431
1571359001
1571769949
1572032879
1580048647
1588247851
1599276901
1606097953
1606974769
1608590179
1609098583
1609944283
1610232823
1618587001
1619328481
1619822761
1623595051
1631752957
1639019537
1642341317
1649895967
1651286011
1651880413
1653918911
1656679481
1656917377
1657859351
1660789393
1663814413
1665954709
1668378871
1673157281
1674091141
1674898243
1675121887
1676203201
1676951263
1679621581
1682139871
1684297777
1684594081
1684986661
1685919709
1690734151
1695478471
1700060003
1700120701
1703130133
1707140737
1709259553
1710220321
1719857129
1722306779
1726007797
1733795743
1738190981
1738297051
1738891813
1739695721
1741080661
1742382601
1742815621
1743805801
1744510861
1744870261
1757148121
1763601967
1764424099
1772239873
1772877943
1773291017
1775008159
1776399059
1780686769
1783320989
1784941489
1787452921
1787864369
1791426787
1796615371
1801830421
1802510669
1805555201
1807538041
1817095939
1818827141
1828887061
1833134777
1836022717
1839568981
1840737341
1842225631
1843051687
1844028961
1852317251
1853357827
1854042961
1859018701
1859339413
1860988501
1861588691
1862251597
1863031771
1864009153
1865932921
1871486387
1871501633
1873216507
1876485691
1878691753
1884129619
1885752763
1891821439
1899748159
1900823653
1904558701
1909566073
1909733113
1913296951
1915917301
1915958801
1916742959
1917920801
1918667761
1922297851
1928307163
1930447501
1931886601
1932736261
1938945289
1939003301
1945042181
1948291201
1949899321
1964891113
1968002149
1970256151
1972073161
1977257441
1978382251
1982218801
1985348527
1988672533
1989985453
1997830231
1998520273
2000436751
2007502381
2014407841
2014458361
2016481477
2016872929
2026405273
2027144953
2029892401
2030516251
2032248961
2032928171
2037264157
2046528013
2049408941
2055610261
2055634561
2059739221
2059979041
2060910307
2067887557
2083443121
2086236181
2088276737
2093300401
2093336851
2093492521
2094644557
2096692033
2098635337
2108764481
2118145849
2119380587
2123241451
2123792551
2130134533
2130536641
2130553357
2136400813
2140784761
2141033203
2142302741
2143735231
2143824271
2148892903
2154725921
2155665511
2155884301
2156767003
2165196001
2169323861
2170186021
2173579801
2174349029
2175458311
2179165673
2184000389
2188517663
2197944451
2198861477
2201924341
2204416441
2206095589
2211453697
2216123671
2216352331
2219744867
2226056561
2230305949
2230398721
2233557001
2240825581
2241069601
2241432271
2246348539
2248031887
2250912889
2251732033
2254583521
2255968331
2256666133
2257703491
2260066639
2262315823
2264363077
2264617261
2265348941
2268928751
2276606503
2279056891
2296297363
2300356301
2302084747
2302598863
2304456053
2309977441
2312616263
2312963333
2321325821
2326256497
2326953031
2334506833
2334780241
2336075281
2339274701
2344553641
2347597981
2348226091
2379610351
2384995141
2385076987
2387793301
2387972693
2389041577
2391373001
2394343337
2400994657
2404012537
2404942541
2413289701
2413803281
2414673271
2415355237
2417408533
2419866571
2422236601
2428547131
2432761633
2433461491
2435182007
2436691321
2438403661
2440252387
2441432503
2443918177
2446810957
2449977757
2463916291
2464892821
2478961171
2480803657
2484071221
2490759241
2493698131
2501815201
2502448721
2506039141
2512259251
2516684801
2517137209
2518853789
2520852517
2525070241
2534471371
2546417501
2548864631
2549110901
2550063011
2555170801
2560395571
2562814621
2563295621
2573833501
2583322381
2590788041
2595053401
2598933481
2602216453
2615518963
2617106857
2623206697
2636041561
2639886523
2641184789
2646596857
2648011651
2650497961
2652996691
2660783591
2660895889
2662787321
2669817151
2673898151
2674839511
2680411031
2681041843
2684310337
2689100509
2689232701
2690116801
2693739751
2695496077
2696281981
2699471503
2701251467
2702179621
2702724473
2704546027
2705418691
2740665401
2742119407
2744824513
2755994957
2759346059
2762083529
2763262837
2778076421
2783745793
2784469609
2791520101
2793031627
2802162541
2802329539
2804206861
2806589017
2813512591
2818223197
2831969359
2832384133
2832743713
2835331439
2837228101
2837917633
2840963203
2841190381
2844140641
2845140481
2847659491
2851693501
2855046421
2855354137
2856269833
2858105251
2881429741
2883147251
2884465729
2888754643
2893139701
2905655561
2908305341
2913401611
2918193961
2930831641
2932664803
2933267371
2933588503
2936569393
2939594407
2941345051
2945549881
2951238883
2954462509
2974766173
2986528151
2991008143
2991026921
2993048761
3001583751
3002372101
3011747317
3015828817
3019324769
3022746481
3023160493
3024465671
3024677311
3025152913
3028078561
3028125781
3032775703
3033844153
3037446127
3056834551
3057111721
3078310591
3078977509
3085321247
3087787051
3092761843
3100610329
3105534251
3112590937
3115112191
3118430179
3119953409
3142095661
3142216057
3142547431
3146235733
3148806403
3150591397
3150947281
3162809893
3165007429
3175526971
3176138851
3184139701
3185944273
3190725553
3196344061
3204445771
3210223249
3213701041
3213895051
3216409099
3216762067
3218821007
3228044821
3236797873
3240392401
3254145693
3263097641
3282575129
3289320721
3290517889
3292900183
3295217971
3296540143
3297595561
3300548473
3311236741
3315560671
3316160251
3316241311
3321387649
3322130111
3331422343
3332303099
3333205153
3337201121
3338938657
3342280663
3350993969
3353447197
3364070533
3364117201
3369555853
3370079389
3371840929
3374142841
3377284657
3380098063
3381214981
3382049731
3383614291
3385447181
3390739507
3396249431
3401603201
3406188787
3406729411
3407609221
3408200641
3413328601
3418234177
3425005091
3430848583
3431575799
3432997537
3433569841
3449141921
3457910107
3466495957
3474335437
3477589013
3480120871
3482601601
3488911219
3495642949
3495943153
3505364101
3508999651
3512847869
3514600051
3523932721
3528544751
3530899327
3542303047
3551841723
3564027501
3567000719
3569494897
3578189341
3579360751
3582332791
3585258137
3590340553
3594968821
3601552249
3602006101
3615461299
3616574081
3619284401
3625296109
3631950577
3638157797
3642255181
3644228251
3651150331
3652672789
3653266681
3655817519
3657078881
3662115199
3666214051
3666546619
3677249941
3677335201
3692283211
3704344117
3704525683
3705450841
3713998933
3714727771
3723104797
3727957487
3734195287
3735788489
3755829601
3762095459
3771099383
3776310803
3786090881
3786943847
3795206827
3797130577
3798040471
3819973501
3821259331
3826345321
3827652991
3836565241
3843388321
3846098719
3848844553
3850833359
3852800033
3853219823
3853584967
3853636697
3869668351
3873376651
3873903937
3878450413
3878754001
3887026807
3887635753
3889161541
3895924033
3896690407
3905876501
3913323131
3915423823
3915911119
3922539601
3922721353
3925835593
3935864017
3937579147
3947389217
3947560525
3951472961
3951931457
3961243441
3964677001
3967343161
3971105821
3971677951
3974546143
3978849491
3986664571
3990497281
3990545593
3993845839
4011950077
4018283501
4019236825
4019608801
4020573199
4029341947
4035028861
4038242413
4041286993
4042232587
4045725853
4057195309
4059776533
4060942381
4077683551
4086816311
4111149169
4112558413
4113586837
4116015601
4134125893
4135285369
4135506103
4137377077
4140033283
4142577097
4148284001
4151526751
4154632201
4160339587
4175826001
4176824657
4178491201
4186372051
4189357987
4189909501
4191521183
4201794451
4206758533
4209830549
4210095667
4214239201
4215426487
4227243337
4236090181
4239174661
4243979701
4246144321
4254056161
4277685229
4282479901
4283799521
4284625591
4291201303
