15
21
35
105
221
231
481
1991
2041
2101
3605
3801
4011
5213
5461
5611
5809
6817
7081
7171
9073
9881
10201
10745
13289
14491
14981
16777
20917
21311
22249
23521
26797
29341
31417
31621
31861
33001
34571
37381
38503
41811
42799
43693
44121
50737
54705
59533
62895
65131
68251
69469
71107
75517
83333
85609
88621
93013
104653
112141
115417
124357
124501
130759
134413
166499
176821
182171
184339
205021
218791
237133
241001
247081
252229
252613
260221
260947
262753
265881
267859
269011
271937
281101
286903
312079
314821
338837
347781
363637
366523
380281
385003
398413
410041
414547
417589
421301
437251
439291
449401
453787
497503
513391
527677
584661
590381
604117
605359
607609
667153
724271
725991
751607
760943
765703
773929
783157
819541
834769
868001
873181
888949
954271
1033993
1056331
1070269
1081649
1082821
1090987
1104181
1106735
1135621
1141141
1150297
1152271
1182721
1246969
1258093
1269961
1284643
1418671
1449709
1452811
1493857
1513081
1540351
1585693
1590751
1616641
1643023
1706521
1746553
1748011
1749361
1755001
1818301
1835851
1840357
1856163
1898191
1972837
2008597
2030341
2083861
2152411
2199289
2273057
2291873
2309833
2395861
2425141
2477479
2484967
2510569
2570009
2603989
2678413
2746477
2878789
2913181
2976487
2987167
2997541
3003589
3006877
3057601
3072241
3077441
3163151
3186821
3278977
3283969
3363121
3431647
3438667
3472849
3488347
3490741
3506221
3542533
3706319
3722161
3722821
3825591
3828001
3905581
3958417
4338461
4370371
4415251
4453721
4567837
4691017
4868449
4962931
5002513
5016191
5122133
5131381
5295401
5352499
5371577
5405881
5407849
5448943
5898751
5979247
6029623
6140161
6199051
6371177
6504989
6539821
6566671
6859801
6868261
6940547
6952037
6976201
7062067
7225701
7603303
7686401
7884829
7912957
7926577
7927291
7985901
8011459
8180641
8231653
8333093
8393909
8397241
8463709
8550433
8590441
8634331
8674957
8968259
8999281
9030589
9069229
9130181
9143821
9158959
9178009
9318061
9346681
9493903
9745291
9844561
9863461
10031653
10208893
10214011
10276297
10520641
10525813
10540153
10703801
10719001
10866293
10895377
10968553
11104861
11339137
11344213
11456491
11569511
11677597
11736211
11788711
11945371
12119101
12169711
12273769
12318541
12407011
12469297
12487169
12691967
12711007
12795553
13003981
13338371
13694761
13797713
13913497
14202589
14296969
14313661
14444119
14517049
14555221
14608133
14652991
14657959
14709241
14783203
14892541
14913991
15194737
15371201
15619969
15735779
15873481
15995449
16210153
16287697
16705051
16759543
17843385
18067501
18124177
18325913
18342241
18790021
18805447
18809911
18814049
19061711
19524049
19645867
19741217
19833601
20089099
20236483
20466031
20754049
21177661
21736471
21985921
22028203
22112911
22456267
22713181
22781861
22825177
22911937
23129633
23411053
23536589
23731489
23734789
23822329
24240253
24242261
24654241
24904153
25358761
25495417
25646323
26122979
26153821
26332181
26355433
26714651
27108397
27191011
27235261
27312379
27340051
27364321
27401677
27774649
27956503
28133263
29099977
29214169
29349769
29683553
30048121
30221751
30824399
31037827
31199923
32119513
32300269
32768295
32972951
33643457
33796531
33868243
33889623
33992483
34003061
34393153
34590403
34599391
34794661
34817353
35124041
35845633
35851037
35981713
36307981
36427771
36441329
36531811
36808201
36931051
37117801
37232401
37309231
37559653
38438947
38895529
39154081
39447181
39599953
39818761
40423111
40462201
40492511
41076349
41502217
41607721
41687581
41848451
41915891
42149971
42302437
42702661
42851749
43492243
43661257
43672609
44068001
44101411
44402311
44544211
44760581
44773507
45006391
45234019
45312331
45509461
45822109
46094401
46386589
46633861
47084383
47452087
47460673
47925121
47943961
48064021
48411751
49141357
49216579
49735351
50256979
51017671
51088133
51193633
51283501
51646681
51807713
52035301
52592009
54713401
55923121
56032621
56160133
56314889
56420033
57013919
57120001
57255241
57280081
57511189
57568531
57782041
58187489
58197547
58679941
58767031
58947407
58986091
59127121
59226841
59271311
59588677
59756863
60155929
60739321
61587397
61609717
61832377
61840651
62399041
62479297
62590279
62633371
62948361
64041869
64597387
64961051
65137021
66007061
66096253
66345221
66426171
66470449
66751291
67355041
67450241
68102641
69583967
69661513
69949447
70006021
70302037
70760971
71592751
71936899
72108421
72115831
72425179
72611701
73429553
73546633
73670521
74825101
76313681
76476511
76725091
78167701
78876601
79348429
79366687
79417801
79955233
80238445
80375707
80560201
80665171
81895343
83083001
84485161
84633301
85181401
85337461
85348957
87056941
88537177
88874401
88987541
89463895
91028953
91163521
91943437
92139433
92267341
92696911
92923771
92938969
93827353
93926197
94120717
94729517
95831929
96142927
96721087
96894071
97373901
97595551
97796953
97904797
98210113
98615101
98728033
98819881
98971111
99611581
99839491
100152397
100261153
100907047
101152133
101564821
101792263
101913211
101934881
102038719
103017097
103466107
103827991
104411143
104524421
106156931
106485121
107112331
107277419
107687317
107869549
108685837
109381429
109529809
109838431
109926763
110246401
110413333
110418809
110916361
111112999
112462561
112545707
112705237
113492101
113528983
114232469
114303313
114366313
114650993
115990841
116151661
116203193
116443213
118561531
118566533
119710951
120038353
120453761
121099829
121506853
121556251
123434929
123771187
124423321
125637541
126079243
127721189
128460781
130693393
130944133
131475097
131798017
132394849
133174369
133391611
133405981
133573441
134149303
134176771
134880901
135894259
137651201
138598813
139624481
140742253
142591189
142774399
143078869
143682241
144282011
144928741
145206361
145820503
145975021
146272901
147517217
147832693
148287847
148445831
148568731
148869689
150614413
151958623
152368133
152821181
153550339
154010221
154122541
154513633
155156549
155203361
155474051
157119551
157338799
157837501
159503017
160680703
160906351
161929753
162096901
162387499
162771337
162905761
164138801
164340541
165938653
167372437
168564943
168941701
168949771
169500833
169700081
169771541
171093913
171159431
171393041
171690961
172018667
172161697
172937593
173082449
173254033
173678203
175158461
176169841
177341179
177425431
177896951
178482151
178806349
180248701
184034929
187143661
187546133
187748881
188187481
188619019
188771329
192148487
192280951
192800833
193715281
196068577
198073951
199655551
200090413
200412097
201146137
201261061
203050153
205409201
206504033
206894161
207614041
208774369
208933577
209213929
209326441
209711431
210461959
210991951
212826631
217040293
217768601
218414717
218624033
218642029
218850311
219029329
219759101
220471841
220531501
221793391
222524347
222578341
224769241
226061921
226450297
226731931
227604313
228475231
228518497
228841321
230059127
230357761
232794253
234005857
234202453
234610291
234691381
235537681
237284681
238625347
239395349
240309361
242562551
242700277
242893759
243855919
244061371
244175779
245227933
245309461
246410029
247388371
249679501
250020901
250564051
250674481
251366009
251760673
252311191
253812637
254430877
254527561
255866131
258102769
259949171
260436601
264719041
266550181
266925601
267042151
268186663
269524009
270237889
271162669
271260593
272313091
274576339
276843313
277485589
278503071
280312003
282707461
282730681
285542711
286984321
288063917
288602401
289022911
289934101
290344753
291848401
293346637
294629347
295440251
297624961
297711937
297855181
298713053
298775629
299671921
300204971
301147981
301254073
302608303
302780563
303002641
303343321
303353929
306311743
306818417
307219097
307996723
308568691
308766151
309094381
310296341
311671361
312703093
313153177
314154937
314156451
314950351
315689977
316349281
316634341
321239927
321357151
322010851
324171541
324826753
325014061
325141001
326092339
326390219
326926573
327319357
330880213
332289031
333371281
335111257
335393521
336273211
337536499
337783981
337799701
338125537
338451401
338452321
339395551
339794641
340028833
340080241
343980079
344064109
344164087
345410413
345894301
348485761
348989101
349629487
350020889
350746243
351058753
353878801
355297301
356021821
357356539
358922497
359053003
359364151
362013979
362443777
363245581
363390991
364282381
365077373
366437053
368113411
368133481
369610237
371611153
371779201
373669453
374325841
376460881
377171681
377968753
378957331
379592201
380137633
380268521
382885493
387503957
388315327
390609941
391744231
392677871
394496761
394689371
395264101
396106261
396231887
396291001
396363721
396508501
396703399
399287671
402497551
405836461
406134793
406469281
406682641
407282851
407907611
409311787
410044951
411840833
414876013
415671829
417435121
417500513
418447861
419184481
419894021
420383251
421779961
422521051
425951059
430321921
430833313
431721271
431749333
432942511
435227801
435627623
437491237
438306553
439077803
441407471
441697801
441868421
442433281
442534177
444725051
445088701
448688641
457063549
459248641
460162631
461272267
461475169
461965001
462124391
462449593
463652731
463908391
464193637
466679431
468336061
469377701
471168253
474663887
474970501
475832617
479586301
482314801
483908053
485954461
488328913
488979163
489449377
491652487
494833681
495814051
499534439
500471261
509183251
510111361
512184037
512626201
514095473
514799389
518614489
519958561
521864047
522776017
525042043
525255197
525829201
526114429
528994091
531950119
533300041
534531997
538054777
539537941
540654409
542003617
545430607
545738203
547523569
549132871
552206909
552573793
556095433
556758613
558400921
560658871
560907271
561004753
561913921
562960007
563653949
565336361
565753151
567190963
567692947
570147541
572530331
572766251
573183451
574692161
578185301
579225701
579956653
580186133
580686881
581354881
584390291
584406451
586034645
586509481
586917371
592953901
594585793
595996699
596948941
597968929
599375141
599945233
601334611
601478837
601924951
605893843
608560661
608917753
611444621
612816751
615416341
620169409
622137601
624867811
625164601
625204273
629036941
630292237
631786117
635755007
638744149
639536201
640804243
641573521
641814179
642249241
643110361
643615249
643767931
648242851
649497967
650028061
650290897
651703387
652197181
652923521
657213211
657414577
659526601
659926021
660046549
661438663
661795597
661860541
663760681
664149383
665440561
666353143
667275841
667373401
672700411
672944811
673830601
676880821
678904939
681539011
682460501
683316001
684634133
685667317
688082671
689765311
690992977
692431971
693054001
694238077
695403361
695964977
697791403
701259751
704201941
706155409
708875389
710822251
712650881
713070469
715775221
716169301
717653333
719799037
720385903
727083001
729441661
730431301
730687881
731238593
736087451
741182401
743404663
743969131
748419127
748638001
748959709
749546029
750135907
755048449
758204149
762982201
769006153
769239461
769640873
770606077
771630011
775136251
776077457
776728661
781898377
787540879
791063341
793932301
794458393
797004013
797595811
799692193
802228519
802480057
803092439
809068321
809339809
810097601
810284903
811150661
811374709
812442577
813654217
814752913
815147149
819164503
819181171
820567441
821421901
822767041
825832481
826235749
832048447
836363851
836758693
837867929
839208439
839599489
840274051
841217653
842270761
842309021
843703213
844788757
845338957
847741669
848553031
849032293
849199627
852208219
852299149
852576841
852888391
853799059
856550101
857100421
858419011
858687103
863196181
867791341
868088341
871462021
872248669
873148621
874602781
875207869
876466961
879485311
881114753
882189001
882866161
883350469
885510239
888776227
889729993
891052507
892241293
892749551
895398523
896901461
897175261
897916207
898379357
899649041
899908363
901441531
903326689
904221641
906597577
908349601
909904381
912478831
916569289
917762077
920988631
922148281
922150153
922647601
923161201
930595697
933047581
934553791
936475633
938030101
938443213
940991731
942265067
943259257
943795201
948834811
953576269
955134181
955609903
955938901
960805567
962296651
964009141
965619481
968283247
968324881
969962731
970758391
971961481
972471151
972486469
976387061
977046533
977483449
977770531
978984061
979514131
980758981
981484561
983582881
984640651
989810251
993830879
994680979
994885141
997488229
997695661
999024937
1001373283
1002078541
1006675279
1008562369
1014059413
1014119947
1017455293
1018302913
1018623751
1018778863
1019089369
1020009061
1022388641
1024663921
1025956037
1027744453
1028017201
1029999517
1030552931
1031181559
1031210363
1031687119
1031781313
1037115017
1038766381
1039860591
1040156417
1040873707
1041820867
1043312839
1046153031
1049820019
1052812141
1054970449
1060329469
1062614309
1064061587
1064519011
1077312853
1078634491
1079045689
1082062633
1092798901
1093916341
1098000091
1107651851
1108496341
1109776627
1110148033
1112969309
1114075387
1117785881
1118019631
1119833741
1120303381
1126633201
1128350407
1134468781
1135428031
1135984177
1138471951
1142408257
1144624031
1147799077
1147962217
1154987209
1155435271
1161728287
1162202581
1165036393
1171305631
1172964811
1179740161
1179870101
1180970407
1181043667
1183338241
1189501237
1194540481
1197758521
1198880261
1200387137
1201812769
1204176751
1205819023
1207438357
1208101819
1210653541
1213347691
1213558081
1214513621
1217845661
1219816261
1224610207
1243113397
1244828341
1245092353
1249638517
1250805641
1252222619
1258772201
1261099531
1265254849
1267983391
1268967841
1269295201
1270110719
1276378133
1276581307
1277424541
1280223349
1284845761
1285202609
1290999529
1291003561
1295074171
1297040671
1298525251
1299784141
1301698927
1302145267
1303010561
1304546629
1306287529
1306563301
1307132401
1312608133
1312845661
1314511061
1314768701
1315175863
1319501669
1320086231
1323011377
1323136501
1324773283
1327026403
1329451931
1330962751
1331413333
1332804013
1333215703
1334972731
1343914261
1344420013
1346994449
1347387361
1348286893
1351126057
1353926071
1354966273
1355528617
1356364511
1357801061
1359842581
1360687177
1362493273
1362810433
1365822797
1373329927
1384887529
1385410447
1389546841
1390655251
1394640941
1399845091
1402886269
1404253369
1404971591
1405902961
1409435999
1410521941
1416846763
1418986183
1419122551
1421189551
1422958711
1423756049
1425524563
1428346081
1429632937
1433928581
1436499637
1446812641
1447612057
1448994977
1451654597
1452759401
1455266413
1455527617
1455763891
1465217911
1465581391
1467403213
1472772421
1477932559
1480849831
1484097121
1485523681
1486728641
1494175033
1494304111
1497221281
1500831721
1500899947
1501308139
1501409113
1502124427
1503240559
1506168913
1506964933
1510197277
1511042851
1511144023
1520026397
1520190341
1522302121
1528637599
1529648231
1530214577
1530275671
1533555271
1538012449
1547882813
1548686081
1549629251
1550296021
1552778501
1553189167
1559647681
1561718861
1564278211
1565791067
1566173281
1566439381
1567830241
1569749191
1570296421
1571111587
1573689151
1574749777
1576059421
1579079503
1580814919
1586489777
1588074751
1588771337
1588876237
1592902711
1593706201
1595120473
1595552111
1601469301
1602758977
1604163289
1604296933
1606749061
1613938453
1616076421
1617635233
1618053977
1618312081
1618435171
1618908901
1618992553
1619680147
1621656997
1623113647
1623759217
1623911857
1625035231
1627647751
1629430309
1631577971
1637181571
1637434657
1647890623
1648025017
1650265549
1650287083
1650920129
1656226333
1657129781
1657286401
1659849731
1660392343
1661774401
1662784117
1663283401
1663451551
1663823981
1666678201
1666766693
1672064731
1672507747
1673513731
1674898243
1678151707
1679301961
1679667641
1684118251
1684297777
1685114551
1686052481
1687491931
1690927481
1692025369
1697119213
1698707377
1704022127
1705612459
1706730913
1706908751
1713911201
1722062821
1722463471
1722691801
1722703501
1724126171
1731264079
1734443551
1735191961
1736122513
1736233003
1736586343
1740205741
1741789897
1742815621
1744605097
1750094011
1757148121
1760706811
1763575771
1771817851
1776960901
1782318451
1786751063
1787934881
1791426787
1793871901
1796809561
1797052709
1802833939
1803751021
1808205701
1825700917
1828211491
1838745541
1840926961
1844279011
1845611431
1849616749
1850946887
1855573633
1855651261
1856689453
1863742301
1864009153
1867171373
1867906721
1868747113
1869439111
1869875281
1871501633
1876454641
1878092089
1880544907
1880625319
1880684587
1884929677
1892009731
1893873367
1899525601
1900823653
1906982023
1907221681
1914031351
1917026431
1921309633
1922092567
1923595369
1924277279
1924304141
1925428961
1926319103
1930571113
1930945069
1933811791
1935260481
1936995061
1937105941
1943279221
1945611977
1946473637
1947686761
1951469101
1955771767
1958704177
1962654937
1962955177
1969242871
1976295241
1978167181
1981429451
1981961731
1982282545
1984474507
1987732891
1988827051
1991132311
1992681073
1999174369
1999615861
2003220161
2003569501
2005360351
2010252637
2016698917
2017921291
2022213311
2025677161
2030516251
2031915521
2032335317
2040423103
2044637377
2045290759
2054080729
2059972021
2063228203
2068867841
2069379181
2072934397
2077280731
2080995841
2082146617
2082513301
2084800121
2087721217
2097580697
2098359143
2099131217
2105377201
2114102593
2117341729
2124004919
2125388827
2125926071
2131620571
2132634337
2136271693
2141087051
2141340833
2141551897
2142302741
2143114957
2144548033
2148892903
2153447227
2154131299
2155709141
2159338711
2165183077
2167914253
2169001297
2173371461
2175406201
2178848453
2188166401
2195607943
2196928793
2197813333
2199189565
2200115713
2206687547
2211086161
2211659209
2216960929
2220131651
2223471251
2224755311
2227175689
2231602759
2234000341
2235233521
2248033037
2248354153
2255953891
2257026229
2261018597
2263420459
2271022741
2272310587
2272817149
2274584089
2277425041
2281460119
2285172541
2285541259
2290647061
2291029211
2296894753
2298440461
2306172061
2306931931
2307480211
2309122531
2314299919
2314710019
2318964821
2324947921
2328906191
2330621497
2331181621
2333010751
2340771431
2351219671
2361316621
2365807897
2367715373
2369745841
2375894809
2375977033
2378080279
2380316011
2381780993
2383293313
2393288701
2396506351
2397938041
2402963089
2403434359
2415027413
2418760741
2419277491
2422506979
2428621441
2431320181
2433213721
2435644027
2437285201
2438493289
2439516691
2441273437
2441432503
2447358211
2447659633
2448848981
2451476161
2452704301
2454155059
2462371201
2468194261
2481023161
2483779673
2484098609
2487122461
2493698131
2496709099
2496908971
2499764851
2501883763
2504956301
2509860961
2520473281
2525900833
2526566041
2533465661
2536394681
2536918999
2538329089
2540972071
2541360581
2545660981
2546257177
2549110901
2553133441
2554606871
2560600351
2560891327
2562313111
2563994413
2565186137
2569327129
2578525927
2589458327
2594220751
2594603437
2600321897
2601175369
2602230139
2603070919
2603587123
2605475701
2610404551
2614118851
2614645501
2615411273
2615703121
2625420841
2629051459
2636360191
2636671591
2638617697
2642232209
2644067581
2646147001
2647809097
2650497961
2660275171
2669001337
2673898151
2680531309
2687732713
2689990969
2690867401
2695064653
2704221001
2704788991
2705647141
2705912357
2707605811
2712191351
2712456601
2716157989
2726963137
2732248537
2735798941
2741312461
2747049229
2748298813
2749177537
2749430413
2757852107
2761008251
2766006253
2772819817
2776077121
2776175491
2777359177
2777645417
2800286711
2806475827
2808544523
2813372869
2822900977
2826128971
2826985153
2827467649
2828698133
2854281673
2854715263
2857385719
2870562181
2874828751
2888372657
2889439027
2890286081
2895004927
2897020681
2898023521
2903126857
2904875191
2905124311
2912293691
2913401611
2917899527
2918330299
2919098821
2924581621
2929062533
2933563781
2933588503
2936428741
2937636577
2943032431
2945549881
2950165843
2954462509
2954487551
2960999887
2962366021
2965347281
2967078409
2971664921
2978550667
2990578771
2992013641
3003193693
3006576037
3017887471
3018075967
3019249327
3028125781
3028708201
3040789561
3042327991
3047424967
3047600641
3048756301
3049386451
3053698801
3057111721
3061125601
3065457661
3079839239
3081832241
3082054697
3084887797
3091415699
3092883371
3102259031
3104403427
3112723351
3117042721
3117051409
3121477633
3121936271
3128022691
3131808851
3134453281
3137244767
3140268041
3141525829
3142863751
3150056677
3153492829
3155568769
3157825241
3165662041
3172327849
3175526971
3176875651
3180981781
3187313341
3192714757
3197389201
3200416363
3203380891
3209018941
3213538651
3214785817
3218185301
3218891311
3221811709
3222121813
3225593401
3225766801
3228044821
3234034081
3236399413
3238451641
3243563731
3250004003
3256366051
3256943311
3257334541
3261194581
3267127531
3274264033
3276075709
3284402977
3288732871
3297857551
3306393751
3307251221
3308803009
3312741601
3313196881
3324006533
3326149703
3331537351
3336143761
3337779253
3340984501
3341900251
3347214421
3349218881
3353152321
3371024521
3380740301
3383477191
3384019321
3408200641
3410298347
3411261823
3412054201
3426589693
3430066501
3430706401
3432881233
3436071949
3436113481
3443019667
3444614881
3445571581
3457421881
3458720143
3460065541
3470006161
3474617161
3486360851
3491882281
3494075941
3500177563
3500590073
3502970551
3504936907
3509328149
3509345701
3516565057
3516852961
3517701601
3534273403
3537377821
3538213381
3547777349
3551243221
3554383141
3562772561
3568588817
3574188073
3576763573
3579165229
3585588157
3588094981
3592961191
3597174109
3597594211
3603030637
3625328981
3627359809
3630596257
3631143361
3651448501
3653266681
3655186741
3661380361
3661441261
3665242951
3666242467
3666869753
3671303869
3675407461
3681180205
3687335621
3696368141
3700849501
3707543953
3711152341
3711225751
3715430413
3718743211
3720481609
3724354969
3726504201
3727828501
3727957487
3736293461
3736303741
3755288413
3757929187
3760896133
3760983029
3769946473
3786262241
3787052221
3792072187
3793243213
3797234443
3803999113
3806586631
3813822547
3817706621
3821259331
3824224801
3829656403
3830629151
3832413097
3835537861
3846439801
3847714393
3853636697
3857122951
3858771641
3859353683
3860047837
3867417511
3869668351
3871059721
3878450413
3881445751
3883224871
3890619097
3890802917
3894144521
3895046191
3896874361
3899962789
3900013681
3904075297
3905876501
3908015821
3931153561
3939646189
3948670909
3957986233
3968347951
3987071923
4000630621
4001715541
4012212331
4032766531
4044905597
4046904401
4051605377
4096152919
4098208297
4098723887
4101013073
4106260033
4108970251
4113586837
4116419731
4117058221
4119672941
4121492761
4122311909
4122740401
4123469071
4132202941
4135506103
4135847101
4143698641
4147544581
4156066729
4159006741
4160441899
4160654421
4169825479
4171662811
4173162041
4173838327
4176945001
4176960711
4178767819
4180114559
4185416101
4185752881
4187387473
4192638451
4193652121
4201464343
4210095667
4210507321
4214737853
4223006881
4226127097
4226624497
4233038779
4240588267
4243002619
4250911061
4251724627
4252412503
4257763999
4259605789
4286028577
4292146561
