9
25
49
129
155
301
387
775
1189
2107
2501
3439
3781
4033
5461
9641
10385
11341
13117
14725
15457
16129
18103
19561
24727
29261
29341
36019
37333
38081
38503
41369
42001
43993
44287
45451
48133
50737
52633
53209
53467
57553
73555
74621
83333
99269
105821
109981
114211
114331
127667
129601
133141
133145
140275
146611
151313
153811
154225
165991
205435
216833
222529
230323
249841
252601
282133
291919
293931
294061
314821
357761
358205
382523
442471
446247
446513
448183
458989
460507
470017
472033
527047
564719
567799
587861
604117
679057
684361
693547
702319
736291
751843
765703
769567
770251
800317
805211
850513
850757
867043
878219
911555
917701
975031
1004653
1010651
1024651
1032533
1053761
1069993
1092547
1130221
1192033
1199701
1200967
1240891
1241461
1271329
1285579
1337491
1373653
1406989
1507451
1526689
1530787
1535401
1590751
1627921
1755001
1784921
1968733
2045521
2054891
2134277
2158003
2181701
2193517
2221811
2299081
2385811
2487941
2604229
2627549
2665225
2746477
2826253
2879977
2884669
2887571
2915851
2930275
2977217
2980621
2987167
3059101
3116107
3336371
3413641
3522481
3710911
3742663
3903257
4054051
4069297
4129837
4199725
4298527
4354453
4384693
4492489
4685185
4774561
4779139
4781681
4795237
4822357
4866577
4916233
4922413
5032021
5321137
5366293
5489641
5739511
5799781
6060647
6112891
6146119
6186403
6301153
6307273
6427933
6469789
6471931
6554131
6700769
6790309
6792683
7544293
7624501
7776467
7820201
7982129
8222341
8385191
8591153
8655511
8677579
8920715
8952763
9080191
9493903
9522631
9531901
9533701
9560671
9603257
9761149
9888913
9895217
10122241
10402237
10402561
10479787
10679131
10702501
11053351
11182421
11266129
11407441
11415301
11518963
11764243
11767001
11919391
12328741
12533431
12921371
13012651
13187077
13324411
13359397
13589611
13623241
13713409
13892913
13909559
14154337
14469841
14575091
14729101
14746373
14782825
14794081
14800391
14913991
15188557
15576571
15596113
15597199
15805747
15860729
16253551
16520533
16661633
17098369
17246533
17270369
17569441
17685853
18212977
18443701
18736381
19264801
19486279
19622791
19703503
19769509
20234341
20310751
20453161
20869101
21372311
21553729
21826579
22035917
22243453
22434193
23129633
23244451
23736067
23871121
23871187
23897593
23955517
23966011
24179347
24482503
24983113
25056697
25138675
25495813
25528591
25981957
26309867
26852011
27152173
27176101
27488359
27664033
27914725
28103041
28700047
28785907
29091349
29247175
29376943
29755237
29878381
30061747
30951181
31033549
31918987
32091781
32264029
32817151
33120341
33721813
33750487
33796531
34413631
34519211
35656961
35798491
35820937
36491177
37376509
37439201
37736533
38042533
38624041
38654197
38991877
39455321
39547171
39625357
39818251
40018501
40621591
41027227
41221441
41502217
41539807
41710411
41725631
41794975
43623977
43838341
44122321
44388937
44671001
44672741
44760581
44830549
45100177
45559207
46584037
47020177
47347075
47510581
47712757
47966353
48191653
48764179
48810241
49019851
49693591
50147287
50443201
51803821
51869099
51876301
51908839
52306489
52741417
52936801
53256913
53509501
53687881
53949011
54024101
54585313
54637831
54943021
55318957
55896487
56196901
56441773
56919241
58423141
59592751
59901823
59925121
59946325
60175039
60552161
60971041
61363541
61788151
61933201
62297201
63120817
63265501
63799471
64377991
64522657
64677601
64824601
65793697
66096253
66932851
66998317
67932001
67979731
69187411
70770889
71710489
72642571
73181761
73645001
73786501
73948169
73963501
74333443
74360353
75504073
75621281
76002001
77648941
78587879
79110601
79464533
79624621
79892821
80207381
80518241
80888765
80935537
81633511
81857251
82398889
82452061
82606231
82690471
83137825
83435725
85269061
86438857
86738203
86854721
87581141
88225201
88349857
88741171
90178901
91588451
92500487
92625121
92645437
92970571
93255895
93420241
93453119
93926197
93970675
94259881
96296431
96501373
96904081
100907047
100943201
101270251
101450749
101519057
102299921
102310201
102987613
103052197
103786351
103846933
104857391
106079761
106118227
107520533
107773901
107856689
107954701
109166377
109437751
109529809
109838431
111390841
111889675
112047097
112307329
113605201
114305441
115081357
115571989
115582741
116090081
117321821
117860191
117987841
118463981
118505593
118566533
118901521
119125891
119465461
119564677
119693267
120236707
120429229
121169801
121963717
122739761
123513601
124340221
124572551
125122099
125307421
126211307
126227641
127560439
127664461
128544571
129576019
129727891
130656943
130767409
131496371
131819101
132167725
133331281
133391611
133981621
134031031
134392091
135515161
136608601
137124109
137340451
138069647
138336661
138736153
141069067
141165361
141427447
141732775
142160509
143050097
143236897
143520833
145820503
148559149
148910653
150301963
150354829
150403997
152250073
153440743
153890227
154658107
155203361
155656693
156842839
157478017
157689647
157803521
157951081
158590301
160025659
160165897
161504089
162057001
162776041
164887273
166849561
167018113
167472451
167935219
169407577
169861357
170242031
170472871
170491777
170856533
171593663
173093491
173305051
173401621
173848489
174084931
174984461
175606861
178170511
178343749
178482151
180022597
180067231
180115489
180159773
181112461
182058161
183800273
184517521
185040703
185671279
188985961
189686503
190591969
191230621
192241901
192280951
192958459
193133557
193374451
193966501
194688289
197311087
197466361
197694901
199252901
200622407
203231621
203789951
205994413
206304961
207548273
207657001
207788437
209213929
210083221
210519331
212256301
212473801
212730467
213639691
214591897
215077171
215309291
215809177
215988769
217517653
217805281
217815193
218112133
218784497
219029329
219581731
220883521
222405493
223449463
225853633
226359547
226489711
226720777
229349357
231500609
231845551
232567063
234005857
234488521
235928071
236118475
236617261
236620921
237697579
241417351
242126173
242131889
243174223
245919433
246015181
248494357
248575739
249223001
249679501
250216801
250758421
251232433
251855893
255352171
257460851
257465521
259765747
261235811
261648461
262318321
262890937
264633601
265100509
265731931
267771141
270525737
271694641
273083887
273163651
273599971
273823507
274851829
275101373
275493529
275645581
276668371
277210081
282740563
283732621
286154131
286774073
287449091
288086041
288833887
288992257
291084817
291300011
291983287
294094351
295192621
295775041
296236873
297014017
297910337
298204831
301196359
302753881
303651041
305464661
305574221
306057701
306576073
306638413
306798577
307061371
308428231
308921481
308933497
309644161
309970081
311213701
312223213
313432297
314205893
316349281
317968531
318465703
318896257
318954049
320454751
321460525
322714657
322929883
325062613
325582531
325834309
330034249
330504175
331603201
331623307
332908577
337160227
337783981
338559101
342754273
345046753
346228561
347810167
348794189
349470703
349936525
350718029
350743213
350935903
351723769
354451681
354933301
355150121
355297301
357842827
358240321
358885009
359394751
360666263
362569201
366532321
366551539
366652201
366962201
367589581
367634569
368133481
368304931
370482001
371766601
374418501
376096033
377366053
377704471
378469933
384365827
384456271
384701953
385038721
386407477
386865397
387113191
388695427
391930003
392124151
392803861
393611653
393871633
394980643
395044651
396717319
399371413
400698523
401305057
402017741
402358321
402569047
403095421
403095967
403918213
404840833
409419811
411391801
411828877
411840833
412375393
416964241
417027451
417580913
418192133
421392401
423302657
424669801
426393761
426938513
427491065
429890581
430833313
431831791
431945623
433273681
434011393
434288821
434431675
434644033
434983693
437239529
438740149
440047679
440492473
442433281
442506709
442876771
442982041
443760607
445215421
445229233
446715221
447236791
447488473
448129837
449886257
450016901
452706937
454454713
455915641
458138557
462081901
464382361
464912839
465152221
467083399
467491753
467765281
468725083
469328203
469379263
471168253
471697799
472684811
475969231
476485253
477172747
478614067
478927901
480284989
481239361
481637381
483027971
483945601
484093501
484551061
486323731
488585521
489846529
490632661
490721281
491136067
491646403
491872063
492860017
493012241
495416503
495665281
497493091
499390169
500387491
502382561
503024897
505618975
507298639
507960001
508036481
508606771
509269489
516150289
516659753
517567051
518961997
519809701
519920311
520399381
521463359
523400021
523478981
527278127
527626639
529656013
530379775
532800133
533200243
533680837
539425369
544861633
545738203
546248557
547067821
547281851
552636001
554336191
554829683
555102871
556020299
559702153
560748161
562467361
563211881
564070417
564186001
565753151
566686927
568267207
568580261
568777351
570435451
571389001
573584761
573862021
574156027
575600887
576143873
577886917
577918241
578458501
578529811
578768761
579772501
583149991
587506129
594047191
596649769
599774489
600400711
601183771
604888301
605221501
606192877
608076061
609244501
612008051
612402001
613589131
613812601
615244481
615244561
617450401
621028351
623662903
625647241
625765831
626611213
626762641
627034339
633944033
634131391
636111451
636936697
638493901
639128827
643046041
643582161
645323053
645771127
650874841
652594097
653894237
656723161
656799031
659459561
659846021
662092289
666334381
666635321
667646029
670688443
672579671
676273027
676614823
676880821
676999451
679033681
680860351
686141971
687803041
691131349
701348877
702424951
708477997
709393483
709976827
711304903
712829083
713868013
718929901
720175213
722275975
723398131
724503833
724969087
726054067
728600449
729479941
732362167
733076749
735656743
737895121
738782777
743091361
743909671
745745461
745931629
747325237
747554887
747628267
749172821
753207401
755172361
758055601
761932033
763060099
763449941
763907741
764052589
764779501
765186581
765883379
765947911
766737217
768440063
769877707
779694121
783002221
784169101
784349353
785357239
787085857
788046901
793114147
793813333
797947201
801428387
802725561
803744371
811478533
811637401
819904531
820559681
820701509
823951171
826727461
827739013
828130117
830991961
831611017
832870891
833763841
834206071
836159801
838832941
845525771
846276761
852888391
854094781
855050701
855577297
856301227
857596825
858725869
861286081
864165457
865810613
868113937
870993553
871157233
871897111
872380321
874193891
876784949
878053177
879423959
881214067
882494861
884808961
886695109
888198049
890501141
892175593
897283213
906471301
913368307
914628719
915645457
917417341
923992807
928630711
928675879
930503281
931300939
933844621
938030101
938376181
940724555
941056273
943685959
945015259
946330001
946537843
947829251
951014989
951556979
956967469
962049089
962375941
964176559
964455031
965863549
967277741
967714021
967931449
973518001
977755351
978563041
988046821
989908921
994610833
1004745589
1006397437
1007141959
1010401921
1017646657
1020329689
1026583801
1027744453
1028316041
1028871769
1030607951
1032566401
1033501877
1034283421
1036995919
1038334433
1041619141
1042741357
1043218321
1047881017
1049144801
1054395497
1055392399
1057578763
1057639051
1063262209
1063488763
1065602609
1065883781
1066415191
1070941987
1072839941
1081954931
1082624737
1085509151
1087546549
1091327579
1092215521
1092902533
1098000091
1098433051
1101632527
1104194521
1104314641
1105091461
1110148033
1112967991
1114226857
1118612617
1119852721
1124592431
1125302281
1129146481
1134083893
1135685633
1137355201
1138471951
1139988613
1142300503
1142593723
1143634577
1145953841
1148052529
1153049341
1154691409
1157355919
1159896277
1163227759
1168256953
1168692949
1172259917
1172267981
1177304641
1177683571
1182385121
1183338241
1183479263
1184766509
1188885673
1192412033
1194151669
1202207137
1206183481
1217829817
1217845661
1218896057
1219224997
1219858921
1220036761
1220166511
1221044653
1221226351
1224393409
1225127989
1231892713
1232013421
1238583349
1241383249
1242958501
1246241197
1247442193
1254066017
1254580541
1255663267
1257776251
1258198247
1260332137
1262991913
1266746081
1269854849
1270877557
1271791081
1272542209
1273762981
1274240101
1275780073
1275934981
1283609669
1291412431
1296627871
1296945157
1297964575
1300989397
1307374801
1308758533
1311105151
1312183489
1312332001
1320115483
1321647973
1323238951
1327026403
1329662179
1330139911
1330612417
1331413333
1332266629
1332894151
1333215703
1335664081
1335940057
1338406543
1341620281
1343832769
1348995187
1349056801
1350185797
1351700911
1354866241
1365478051
1369059737
1375766857
1377339043
1379598221
1383052441
1385142661
1389245581
1390071517
1392379561
1392886081
1393128661
1394640941
1397678699
1397911789
1400175001
1404012871
1406106787
1406577757
1406637277
1409453249
1410925057
1414938377
1417152299
1427522101
1427647453
1430006251
1434177821
1437684931
1437717847
1441886725
1446542917
1448814061
1449059119
1453073539
1460269201
1463178817
1465945417
1469029537
1471106323
1478625451
1482213041
1484357401
1487387611
1488308851
1492762133
1495233739
1496123201
1496405959
1502759701
1504832033
1511990969
1514726581
1518678019
1519156561
1520630557
1521167617
1523816257
1524585841
1527763333
1530898111
1533006757
1534765681
1535351471
1538321839
1539171289
1542542453
1545607669
1547543161
1558328257
1558913203
1559473103
1561800833
1562337071
1565670569
1566703477
1568916311
1569202181
1570358941
1572398881
1574482141
1577847211
1591067287
1591487731
1592595703
1596798373
1598642467
1604389361
1606780867
1609969877
1613057893
1614341431
1615510909
1617207149
1618435171
1620021271
1620646177
1623794113
1631847619
1633565797
1635633001
1636876927
1637181571
1645859251
1652671081
1657546921
1665450221
1666327111
1667677831
1667715017
1673513731
1674091141
1682102401
1697213407
1701760373
1702007449
1703644801
1706302153
1709127811
1713459833
1731474379
1731806497
1731995497
1732852969
1737205229
1738190981
1739057633
1739587753
1744370551
1745655463
1747165897
1755777061
1757055847
1757488753
1760706811
1763362261
1764288901
1765350883
1773900833
1800014225
1802661667
1818827141
1818955231
1821689101
1828068691
1832088241
1834063897
1837281661
1838453203
1842254737
1846154311
1858336075
1860569911
1867282177
1868231083
1876900481
1878138491
1880544907
1889169673
1891264429
1893583519
1893873367
1899669997
1900687381
1904524903
1904558701
1908088001
1908412213
1909566073
1912487251
1913422591
1923932251
1927251943
1930445441
1930534453
1933083587
1938264241
1942362907
1943361047
1946847233
1949221873
1950979969
1951588543
1953688101
1954094671
1954728331
1955771767
1967001661
1967493133
1973578609
1973745071
1976980477
1977755737
1979775631
1982876941
1985348527
1986451597
1989324193
1994113193
1997844157
1998388393
1998520273
2000241751
2000436751
2001129901
2003220161
2003643253
2005596421
2007853949
2009360641
2017509601
2021223247
2025242761
2026076257
2028705043
2030088523
2032167611
2032248961
2036270113
2040937021
2042684681
2051419241
2057835781
2062004869
2063228203
2063345509
2068889881
2069182981
2072488771
2074304989
2078940691
2086236181
2088126151
2088923383
2093300401
2096027431
2097947963
2099484613
2099638801
2112638881
2117955451
2120096161
2123792551
2126161181
2126184337
2131004737
2137495361
2139462991
2140309307
2141033203
2142044083
2150849317
2154693581
2166133001
2169176833
2169323861
2172857611
2173496417
2173540951
2173734977
2174988817
2177032051
2177645557
2185689367
2191002997
2191251137
2194195519
2195257201
2197013821
2197524649
2202205897
2213357059
2216267467
2217422971
2219008177
2219615201
2229100087
2231476987
2241880033
2255520901
2259174331
2269307587
2286489397
2295973837
2296894753
2297978413
2299124299
2300846107
2302706551
2304655363
2307480211
2308966661
2309972761
2309977441
2317579951
2318035201
2319891307
2321300833
2330569541
2332301401
2340823537
2341538001
2342756881
2345726701
2345907961
2347597981
2354387053
2362291201
2362345261
2364447997
2371769401
2380603501
2382412339
2385574201
2395521217
2401080961
2403352451
2403802133
2405758501
2407560829
2410571575
2416334131
2419252057
2423195777
2425399159
2426002457
2432761633
2434525801
2435308919
2435571199
2437517951
2437742231
2438508983
2443708961
2443918177
2444736533
2444817673
2451336031
2453213617
2453764447
2454971917
2458365799
2458864391
2461410073
2464224427
2464316551
2470323857
2472907141
2473672741
2473900243
2478638149
2493340075
2494660033
2495761889
2503327549
2503429441
2505462301
2516234251
2517714091
2518612201
2519230141
2530665391
2532630787
2533915781
2534525701
2545660981
2552569111
2564530321
2565186137
2566804501
2589458327
2590788041
2594828101
2604053359
2605656461
2615243567
2623074257
2626987277
2627386297
2637765703
2640060337
2644537303
2648671957
2649744257
2652996691
2659235041
2659939453
2660738771
2660957989
2662805599
2666632321
2673502921
2677890367
2697529873
2701545221
2704546027
2705912357
2706863833
2708811001
2716157989
2716849669
2718158357
2723938361
2724595903
2726685721
2731248257
2732693371
2739277843
2745342331
2750435651
2753284777
2753719741
2754376051
2754899671
2765257201
2766006253
2772014293
2777780149
2787058609
2796631813
2799511201
2806589017
2809600697
2813512591
2822521411
2822830561
2832000949
2838068353
2839992427
2843088751
2844071771
2857385719
2860109569
2864096047
2867266901
2871133651
2881429741
2885972701
2890316801
2895004927
2897848357
2909913931
2910362131
2913401611
2914293281
2914711831
2917460521
2918295451
2923758943
2926490491
2930187521
2930570501
2930619049
2943800653
2945549881
2950952797
2956724317
2957038141
2957310281
2957320351
2958453401
2962407991
2972420323
2975096953
2976342601
2976930001
2984440961
2996498881
2996755061
2996944133
2999703841
3005851031
3008029331
3012669661
3026115577
3027391009
3027962449
3029349073
3036659077
3049432801
3053707313
3059251301
3059642899
3060537511
3061643447
3065525327
3066754241
3070208261
3071333371
3075288401
3076638781
3083182541
3095952553
3096488781
3122737819
3128862241
3131228801
3133738651
3142343641
3142487237
3143653111
3144230623
3148560637
3150335281
3157579861
3168608791
3169224787
3172658653
3185920189
3186421351
3186466291
3190189591
3197941979
3208093571
3209421139
3210691093
3221811709
3226952521
3227403967
3228044821
3229672037
3232912621
3247753741
3248246849
3249335941
3253543207
3255266629
3259543813
3260545303
3261194581
3274264033
3274960741
3275212651
3278798329
3279102499
3285725701
3286787791
3298162297
3298453619
3304301393
3313196881
3320865013
3329008381
3331422343
3332340703
3337201121
3337359397
3342491639
3347214421
3350308789
3360589891
3371016391
3373301587
3378411991
3381948151
3382900921
3383477191
3387014401
3394046797
3399977071
3409716931
3416965021
3424909249
3425856799
3427715713
3432881233
3433987873
3434275951
3434525389
3440864557
3443704261
3445470001
3448620793
3450935503
3453240551
3456187651
3462313501
3462909031
3463006741
3463145753
3467821087
3469409143
3474542497
3482137231
3483871969
3486298943
3489410443
3491923051
3492883081
3493163521
3495496579
3497856473
3499253941
3499495301
3502970551
3502996543
3505364101
3507476887
3508999651
3513822001
3516352153
3517216459
3526219657
3531069697
3536220019
3541352849
3548288521
3548536291
3548567881
3550111447
3552199857
3554817481
3556778257
3557102557
3560221789
3566014861
3571509877
3581831761
3586833253
3591644351
3594110081
3594968821
3599020177
3600302701
3601552249
3602550451
3605208361
3606377149
3609841537
3616475231
3616574081
3624202697
3627286301
3632255983
3637535809
3638653201
3659422357
3660252829
3665407517
3666546277
3673744903
3678750209
3680495641
3695313337
3698276741
3710107801
3711472097
3740141131
3740556473
3752987239
3760685083
3760983029
3765871321
3767300569
3786052537
3786784093
3793341931
3795267037
3802622941
3803679181
3814811701
3816211249
3818874277
3821259331
3822308461
3824224801
3830629151
3836146361
3836515429
3841324339
3847756657
3848571325
3851964271
3852800033
3854830981
3859195561
3866358349
3869668351
3875965417
3876369751
3881200907
3882346903
3884384401
3884423743
3888563275
3890921317
3891892421
3893515061
3893670001
3906517717
3907116571
3910653577
3926933557
3934531603
3934746649
3935990269
3937994413
3940691275
3951382753
3963510503
3966000991
3968176441
3969158761
3975661453
3980384231
3993276673
3994826201
4003336693
4016645821
4025612581
4034993269
4035028861
4054039841
4057414201
4070241961
4076419609
4078593377
4080471319
4086437587
4086792001
4095836497
4103331277
4108457341
4112558413
4120791671
4123657217
4139820967
4142123707
4147919821
4150861201
4153003123
4153541437
4154980801
4160411251
4163406427
4166630119
4166953165
4181184001
4183315529
4186372051
4187360341
4206695677
4208721667
4209176017
4232966251
4233808153
4239174661
4250911061
4254899941
4262633761
4284251119
4292302577
4294566721
