65
183
289
949
1159
1441
1891
2569
2761
3053
4187
4577
6541
9699
10585
12871
13333
14457
16297
18103
20665
28033
32881
38081
40501
42001
42127
53729
58297
65077
68251
83333
99373
115669
123577
125137
129317
146611
148417
159559
173689
174871
178709
179341
186061
188191
212323
223343
229633
252227
260233
268645
328021
334369
342271
344101
347281
361691
366549
375961
385003
390511
399001
444919
458989
459307
496921
497503
510913
536557
575779
599285
630631
638261
665281
665401
686953
710533
736291
745681
765703
766221
805141
835027
844273
851089
851201
855553
870897
873181
875869
926593
927389
954721
972931
1003213
1029241
1033853
1043659
1095949
1132657
1190251
1226413
1244161
1272821
1293223
1308073
1333603
1346413
1373653
1376663
1473013
1474601
1508545
1598871
1607311
1636417
1639933
1717633
1722913
1821667
1857241
1864193
1893943
2006161
2067311
2125243
2241541
2329651
2431001
2483731
2508013
2514301
2689759
2741311
2868973
2876701
2892611
2944901
3183181
3295993
3379567
3387781
3489769
3640687
3691969
3700897
3809569
3832457
3906211
4179401
4187273
4260301
4336879
4489183
4499701
4568929
4770991
4775629
4799887
5269291
5559571
5674051
5690251
5698645
5885153
5886079
6015241
6157601
6186607
6278533
6459781
6469789
6565651
6621763
6748061
6774499
6861037
7134121
7228099
7232321
7345333
7354619
7461989
7593697
7640509
7686401
7784291
7924321
7940101
7982129
8012845
8042161
8053891
8108101
8146321
8293381
8317723
8386561
8559787
8595361
8767561
8864017
8934619
8959567
9157429
9261001
9279349
9354049
9549541
9728863
9898357
9999697
10024561
10362997
10386241
10397353
10479787
10584281
10667131
10667273
10683553
10791883
10939801
10951381
11158753
11169797
11361281
11446597
11466113
11574301
11762461
11908783
12002929
12138289
12539507
12614857
12649393
12659989
12682321
12755161
12878309
13012651
13232617
13625921
13639861
13861189
14005441
14282143
14590045
14632537
14676481
15008033
15578041
15610759
15643405
15742597
15771751
15797959
15886873
15907321
16253551
16470829
16661633
16666651
16847833
16864849
16874731
17064007
17473471
17488945
17500211
17551297
17843281
18063559
18303319
18472891
18814049
18888379
18943571
19611085
19669271
19925933
20172673
20250231
20310751
20870641
21151463
21622177
22028203
22055881
22335751
22529473
22817233
22817611
22994371
23053867
23283037
23303827
23790509
24017365
24290779
24297517
24662431
24673373
24832823
25242601
25642553
25680061
25751981
25919791
26332181
26395357
26852101
27120631
27316657
27448093
27468521
27532657
27886351
28103041
28130917
28409041
28727353
29050729
29149121
29208763
30058381
31163071
31494373
31561297
31571443
31651651
31810561
32270071
32683201
33066881
33554629
33649789
34309549
34952149
35078413
35798491
35845633
36255451
36354701
36581819
36897781
37108243
37296649
37480129
37662367
37753489
37840951
37957561
38248981
38570689
38573113
38637361
40847491
41836033
42252277
42474547
42734369
42788989
43475921
43874587
44222179
44920201
45256009
46133033
46157541
46543213
46600849
46888885
46977421
47248961
47308621
47343157
47393977
47688049
47997353
48462301
48507331
48644311
48650911
48764179
49019851
49141849
49303801
49573627
49931461
50087467
50180623
50460161
50523661
50825881
50859433
51088133
51959377
52483159
52575121
52612579
52706941
52741417
52769377
53122777
53370029
54156691
54277417
54357031
54381671
54509911
54580037
54777721
55383109
55533277
55610837
57120001
57280081
57370273
57511189
57699739
57906841
58344589
58986091
58993481
60400577
61230943
62176661
62250385
62892121
63936601
64597387
64990001
65248957
65594647
66230641
66781441
66998317
67222927
68182003
68437043
68668993
68800863
68894981
69139201
69949447
70517119
70883233
71008969
71020319
72605311
72884701
72942301
73289861
73453823
73902403
73934209
73945171
74927161
75085057
75140137
75207337
75461437
75663451
77518981
77871691
78234133
78331681
78738367
79062769
79398901
79464533
79732153
79992433
80560201
80693201
81023497
81759721
81816211
81816547
81954133
82439101
82997881
84001807
85226689
86067367
86081857
86268781
86871193
87073309
87558127
87640801
88456591
88794551
89114299
89784581
90014653
90126821
90498689
90970133
91935947
92645437
93283447
93323959
93431521
93605401
94281877
94612771
94729517
94757941
95489329
96053981
96593911
96878101
97022323
98012113
98559793
99945007
100059247
100475551
100874593
102358747
103620323
103960579
104413681
105784573
105857537
106299811
106727773
107486413
108296389
108596953
108905231
109255409
109541461
109838431
110413333
110454091
110856349
111274561
112828801
113757751
114849901
115296007
116321617
116613641
117535153
118227037
118244611
118337101
118535953
118846151
119708737
120356839
122154671
122325953
122560787
123608981
124439041
126045001
126386261
126428851
126484513
126745891
128046745
128143601
128536561
128620171
129623917
129913071
131369801
131433691
132379921
133157701
133227451
134696801
135008479
135173791
136572697
136790161
136804963
138030721
138161509
139244453
139810133
139900201
139952671
140544119
141921721
142508477
143106133
144501031
144748169
145334821
145667761
146021633
146779081
147633769
148421029
149339851
149444761
150260893
150265117
150988753
151884769
152491681
152646571
154944533
155474051
155911813
156043049
156701179
157405249
157799377
158012801
158139433
158533201
158693221
159270589
159911207
160055785
161713129
162057001
162243091
162395521
162613081
163340941
163729483
163759753
164431405
164887273
166339057
166374641
166552709
167587933
167692141
167964707
168261059
170446873
170856533
171306253
171393041
171959257
172272187
172841971
173254033
173678203
174162517
174189151
175044241
176150179
176202391
176825401
176977921
177140461
177254533
177580177
180401041
181112461
181647497
182785609
182918737
183106981
185040703
185653333
186393481
186924497
187130633
187582591
187961687
188069491
188505019
189679969
190017829
190212181
195045517
195598177
195664571
195757381
196916419
198336529
200059801
200083333
200752501
201231739
202820311
204438301
204582457
207132481
209802581
209990881
210592873
210812311
211633411
213531445
214305337
215161459
215310551
215435431
216315457
217186537
217396481
217472501
217771681
218364563
218603617
218642029
218793401
220144471
220531501
221391227
221793391
223959739
224073865
225677251
226026173
226359547
226917773
227063483
227132641
227475601
229695751
230713319
231322513
233119921
234230959
235088617
236372989
236834359
236937497
238084961
238771321
239448613
240697649
242126173
242289913
242729401
245551447
247003093
247416101
248575739
250216801
250389601
250936885
252722557
253874969
255858881
256196845
256269911
256979609
258503701
258634741
258877721
260963389
261235811
262466165
262833871
264350521
264384469
265405681
266064481
266925601
267408121
268995889
270928169
272345907
273480637
274576339
275350021
277787141
278008039
279377281
279796291
280395649
283732621
286023403
286847933
288063917
288120421
290443063
290558731
290908801
293984641
294270481
295057949
297450649
298204831
298845451
299587201
299789221
300157201
300979369
301000363
302635351
306308789
306638413
306787177
307061371
308428231
308550061
308568691
309740359
310243645
310835389
312485167
313158913
314977587
316032721
316804867
317218201
318090781
318920717
321004147
321234587
324496849
325938251
326372383
326806703
328098601
328402181
330262843
330466333
331668877
333431179
334291981
336296161
337695601
338458807
339133831
339644341
346394233
346963651
348095401
348668321
348693193
348829633
350031973
351420161
351665581
351907921
352351693
354390037
354904741
356534641
357458971
358454771
358770959
359499781
359696431
359914231
360145633
360909797
361198241
361341973
361674991
362569201
363430637
366194641
367678981
368476501
368740849
371675221
372383857
373800337
377052521
377171681
379363267
379902979
380142757
380501881
381868411
387045781
388695301
388845283
391323431
391930003
392380561
393418939
393611653
395297281
402243841
402279403
402461545
402507769
404191231
404840833
410465273
410572471
410613809
410898097
410925871
413670661
416906071
418196489
421557571
422144449
425612641
429986971
430731857
431489101
432219397
433231219
434023561
434343601
434974411
435189901
435581281
436215739
437239529
437247841
439212841
443764751
444062659
445887553
446414621
447178969
448901021
452364541
452403271
452966081
454064131
455116121
455934623
457346737
457388581
457410331
461137363
462081901
467867473
468286501
468418771
468950021
470752133
471168253
472263841
473445703
475163599
476059523
477004327
478898689
483945601
485929159
486063001
489632683
490745657
495068059
495252913
496204843
496962181
497398217
503281117
505127893
505691551
505965721
507683611
507971861
511739801
514578611
516081997
516775361
517489831
519570451
520593649
521664833
523122391
523377961
525419161
528019591
534521131
534997159
536740777
538412033
540654409
541158853
541453147
542955289
544861633
554118661
554494951
554599051
555196951
555944371
556488811
560907271
561235681
566689927
566705171
568967221
569720321
571118605
571460977
572766251
573611809
578229331
579558211
580786331
582199201
582799951
584374561
585281791
587422609
588574171
593778403
594908521
596675941
597250081
597583111
598431527
599833391
604066597
605221501
605341837
605564851
606523243
606845761
608016599
611852671
613307677
615072361
615244481
617460209
619107553
619429411
620169409
620227873
625562939
627169141
628396081
628439869
629140163
629818051
629962453
630317509
630690461
631219409
633827237
636640649
636935743
640977373
641606681
642290027
643316461
646354201
648761857
650537689
650614291
651014989
651177601
653553811
656723161
657732349
657810211
658476001
659526601
662611951
662665849
665955445
672906991
673091101
673794001
675066289
675111889
677732617
682243543
682271981
682528687
683116849
684350833
686333953
689537441
690411793
692049581
692943187
699218521
705890219
707371261
710644537
711424297
711904393
712550017
715435447
715898737
717096641
717713281
720068161
725230507
727093753
729090001
729458299
730704133
734001181
734079851
737511193
739643491
742033027
747046531
748285771
748419127
748435481
749912701
753567371
754503697
756205633
756579151
757707733
762006961
762265723
764248321
764516201
768874831
770965127
773286889
773534569
775153361
775988033
776342533
778907161
784269613
788046901
789271211
793880371
797947201
801123451
802477453
807115753
809265829
809506133
811359649
811891747
812155165
816904001
818126311
820142857
821776201
822463441
829633393
836915641
842245111
842960981
845569591
845951767
846057253
846782161
855073301
857167561
857540821
859579481
860506693
866008153
866326501
870534257
871622291
875184769
881214067
882235351
883671041
886917301
887543401
887838197
894501037
896035087
897789089
898636801
898966801
902856151
902946227
903326689
911833081
911994467
914283121
914521309
915641821
918400033
919748131
921034781
921891889
922224367
923503921
923993149
924940801
926756881
928247743
929238913
934739863
938694901
940123801
941276197
941548753
941795431
943688761
945166405
946748303
948783361
949317217
951232133
951941161
952717501
953193583
955772947
958720453
962468911
963313489
965587681
971053129
971103097
972471151
976892671
977046533
980004241
987912361
988538053
989283481
989903729
995362769
995890081
1006282351
1008543241
1010461121
1011284819
1011319501
1011388141
1011662581
1012882201
1015049701
1016250247
1017696241
1022388641
1023210817
1024568581
1032029041
1034000941
1034283421
1034374657
1035159049
1038509341
1049917867
1053732751
1054915921
1059182491
1059193297
1060152199
1061013301
1062216577
1063656481
1071806413
1081607311
1084444481
1085836897
1087601563
1090429777
1092743801
1093270511
1097580997
1100647801
1101231541
1101442567
1102550131
1103545543
1104194521
1108882711
1111198681
1112103541
1114598413
1119010861
1121176981
1125038377
1125836797
1126262173
1128335671
1129146481
1129390421
1130893999
1132002847
1134824419
1137551851
1140750181
1142023507
1143105613
1143297871
1148550491
1150774579
1152005713
1159357301
1163168077
1172212609
1172267981
1173069481
1175136481
1177008809
1180804201
1180970407
1184766509
1189151569
1189440199
1190606041
1192534393
1192885891
1194419113
1195934741
1198880261
1199692369
1202142061
1202842513
1204270453
1210653541
1217107079
1217507201
1218739253
1224610207
1227483601
1232013421
1235864033
1238846407
1244421487
1247088751
1249181347
1257102001
1261099531
1261949539
1266003461
1266054193
1267133311
1273139891
1273242043
1273517801
1275619753
1276315801
1277051591
1277461693
1279885753
1280303389
1281355951
1281370049
1283824753
1284188963
1291111711
1291413103
1300490071
1301700553
1308998741
1311262993
1312728733
1313022881
1314173953
1318793191
1319590871
1320530821
1321734497
1323372331
1328560801
1332633277
1333180003
1333822231
1335051329
1336894021
1340374561
1342235341
1343575381
1345523401
1346520577
1346538961
1347549439
1350031957
1351605509
1351700911
1352453257
1352581201
1356755041
1357176871
1363117729
1363178701
1363701821
1368560719
1370973013
1371720013
1378448639
1380201901
1381243709
1385627077
1387613053
1389753367
1393946227
1395980371
1401840833
1402248403
1404228421
1406807221
1408610503
1410410233
1410798481
1412611237
1412900707
1414412371
1415899333
1417637251
1420015819
1420057633
1429874863
1430874859
1435044817
1437434311
1441038187
1451635201
1451951069
1453085461
1456449889
1457388241
1458198151
1460278201
1463030101
1464568381
1466077621
1467817471
1469741761
1469768653
1480412221
1483998601
1487387611
1488204217
1500523763
1503705601
1504832033
1508392441
1508642701
1508953447
1510623073
1511069977
1513035301
1515193951
1515785041
1515986137
1517437001
1521163843
1523488919
1523652509
1528936501
1529274367
1530159247
1530536473
1530655057
1531245379
1533236359
1534740663
1539334541
1539729073
1542142463
1544081543
1544599061
1546077391
1548686081
1552668979
1552778501
1553151461
1560823093
1561644091
1566902317
1567090867
1570997431
1574450197
1574779201
1576676831
1577194561
1579079503
1579183649
1581714481
1582813831
1588950641
1590564601
1591729801
1592595703
1594824433
1599408991
1599612737
1600413751
1607530051
1611615151
1616646241
1618070737
1626557011
1628090231
1630062253
1631015641
1638983347
1641149491
1645020833
1648076041
1649097649
1653119597
1655226721
1655381521
1658247053
1663725919
1664742217
1667208901
1668217027
1673056111
1673611081
1674091141
1676311151
1676360113
1678362107
1680541213
1680964003
1681812823
1683174533
1685112829
1688503411
1691320457
1694719621
1695295141
1713601217
1714972771
1717451651
1722463471
1722679537
1726356391
1732031359
1742815621
1755259201
1755379165
1755806753
1756554337
1768741783
1769148751
1773900833
1777555001
1778554207
1779544531
1784975941
1785414061
1786751063
1788192433
1789144321
1790023861
1791745789
1792672031
1793871901
1794136627
1796654593
1800470071
1803991571
1804231801
1804325563
1808025301
1808304401
1813228093
1815255677
1816089157
1817619805
1819843561
1821743089
1822552681
1837281661
1839562819
1839598843
1839895201
1839904789
1840525831
1843060801
1845239845
1848519187
1852433251
1853474461
1854968977
1858185619
1860373241
1861069501
1861197181
1864274917
1866986893
1868206627
1871052697
1875289441
1876064191
1876601653
1879201297
1881021517
1883251297
1883509633
1884771439
1885915841
1889528033
1891034809
1905283801
1909566073
1909815701
1910134309
1911153091
1913422591
1915032869
1916523181
1916876881
1917143479
1921309633
1932808963
1937902909
1948261277
1951469101
1954094671
1954437607
1955555801
1956185753
1956230041
1959964273
1966596061
1976640967
1983296561
1983865649
1985348527
1985912701
1987732891
1994166373
1995401357
2002855891
2006997217
2009621503
2014209871
2030594617
2030600833
2032335317
2032627609
2035304101
2036628553
2042467741
2045290759
2059739221
2060041831
2062838221
2063152081
2063958205
2068812451
2071874419
2072422637
2072679841
2075508397
2077199143
2077280731
2079332965
2080995841
2081712931
2083870045
2089285381
2090066947
2090278051
2097351169
2105791073
2109081973
2110578445
2112982201
2115030173
2121576241
2125774759
2129825413
2129979043
2137495361
2139888577
2141340833
2143585621
2143657519
2145072511
2146972213
2147490991
2151933701
2156151313
2156567291
2164956223
2166269509
2171600113
2172857611
2174046491
2183757409
2186502319
2187580487
2194422751
2199931651
2200657811
2205160651
2207357101
2225383441
2227175689
2234843157
2241674453
2241880033
2242285517
2242724851
2244074801
2245134403
2250292687
2250764641
2260450765
2265896953
2268096001
2268662579
2274704701
2276606503
2279149363
2292773083
2297496961
2302044301
2305346443
2306716021
2307438433
2308298011
2308966661
2309977441
2312077051
2312570317
2317579951
2317705447
2319724441
2323158881
2327748337
2335341601
2335522393
2341130921
2344054721
2347597981
2358193447
2360225737
2361232477
2362421953
2371036361
2379028837
2383788691
2385574201
2387525141
2388757177
2390720641
2391373001
2402976967
2412484847
2414673271
2417408533
2424553051
2425249601
2431561273
2433771121
2433943891
2435308919
2436033061
2436927907
2438403661
2440457821
2445351445
2446810957
2446872389
2447410073
2477210149
2481511187
2486708281
2490859243
2491325929
2497638781
2500092013
2500744121
2501907739
2510172469
2511297601
2515507021
2516829113
2519186671
2520361531
2546055527
2555016481
2557026451
2560891327
2564594059
2565186137
2574167041
2583322381
2585837251
2591962249
2594603437
2598580381
2616193273
2621622151
2621977627
2638974181
2641421569
2643150061
2644235941
2650704271
2653722293
2654934631
2655357841
2658630913
2659939453
2660726881
2660739017
2661462541
2661478241
2670102541
2672605657
2688686887
2693185507
2704546027
2714557861
2716344661
2719756001
2719809181
2728624939
2729020061
2729975941
2730472021
2730618871
2734206161
2734668077
2738437271
2743342039
2758602939
2763236107
2763262837
2766403333
2770790591
2772674881
2785203037
2791630801
2795304097
2804783533
2806074613
2807249551
2810464511
2813771287
2814002297
2824256377
2826713761
2828698133
2832748397
2833706443
2837860973
2843781761
2858105251
2859456923
2863728671
2864711789
2871232033
2871581581
2872942513
2877769501
2884465729
2885972701
2893480901
2895537481
2900526023
2908819513
2909817241
2915317549
2915953633
2919966611
2931708097
2933267371
2937775501
2937787777
2939631917
2942488711
2945549881
2947014673
2953679873
2965539781
2970315601
2970486251
2979684241
2979898783
2981959117
2992394501
2994536801
3002684617
3004224137
3014101261
3017956187
3025350343
3026048393
3030146401
3033334657
3039603577
3040398241
3042949001
3047600641
3047979019
3049006621
3051199817
3059577181
3062059783
3070208261
3090054199
3096985249
3102234751
3104176111
3105846829
3106173701
3111148097
3112723351
3122667601
3125953601
3127473257
3128186107
3128800841
3135890647
3155463287
3163106953
3163771441
3168156001
3168181273
3176917801
3181356263
3196431829
3202538613
3205875479
3216341651
3217744531
3217915759
3225276937
3225621521
3227488049
3227669677
3228044821
3228422063
3229110041
3233558021
3240455321
3240703229
3251835001
3254827339
3256500551
3257717101
3267197933
3269988541
3271871593
3274264033
3274271911
3277694971
3280624513
3281593591
3284060977
3284691451
3295362727
3299956747
3300548473
3305712859
3309609901
3313196881
3313880389
3316736971
3317163359
3324006533
3325889629
3326087273
3326971301
3328354801
3332340703
3332800021
3332966737
3340230013
3346592869
3347214421
3349997731
3352026133
3360379777
3362615407
3363763231
3366634321
3368823121
3372563239
3383477191
3383772713
3384164401
3385749781
3386814211
3387014401
3390739507
3399273361
3403593901
3413054251
3417817051
3418234177
3418883521
3437258051
3444123547
3445470001
3453111643
3453354607
3457896259
3482137231
3483424981
3485894371
3492023809
3494842327
3495943153
3511012201
3547777349
3548695879
3569247553
3576804001
3578982881
3581682911
3583822691
3583861759
3593276353
3594006241
3595595881
3597748507
3601083511
3601806251
3603030637
3606025411
3608461081
3621618331
3626274271
3638653201
3646445739
3653986493
3665734301
3667828513
3673902517
3682604161
3689127773
3694049321
3694445767
3694489163
3696402331
3700467541
3712432601
3717056377
3726882193
3735930553
3737564401
3745163341
3752987239
3754560811
3754758307
3756206213
3760896133
3764703619
3770464513
3780341533
3781402969
3782870081
3785729117
3787491457
3789804449
3789885163
3795253741
3800306971
3801275017
3803619121
3814943411
3816081361
3816483301
3824948801
3832108501
3833131091
3833400811
3851685601
3852800033
3866675737
3875965417
3879383761
3882174649
3882346903
3882409171
3890661545
3890921317
3895046191
3901632313
3912991937
3920966017
3924969689
3931755037
3933830261
3935333953
3937526911
3939049801
3943554457
3951029161
3953949421
3954505921
3956902801
3961215889
3961312801
3965377153
3967638581
3975414301
3980345443
3981776653
3984737791
3989243521
3991164857
3993302321
3993401411
3995875841
3998375593
4002217987
4010228461
4010572543
4012250513
4012771271
4015863559
4017895207
4028995297
4037490451
4047480067
4054515937
4058220601
4059250651
4068000721
4075241633
4075522179
4090231237
4098157311
4102265311
4105691393
4106132539
4128727241
4134189937
4135583233
4143571909
4145038847
4161300049
4163672017
4175289271
4176385921
4177867091
4185429361
4187906581
4193096701
4195310417
4201817311
4209872437
4210922233
4218063391
4221958291
4228090903
4235818861
4238910461
4242218161
4242354731
4244022301
4245487153
4246689241
4248489313
4254593911
4257035407
4258945849
4268034937
4271531343
4276870753
4281834673
4282136321
4288586251
4291189571
