9
27
55
1045
1387
1541
1649
3355
3997
4015
5921
5941
6697
10585
10615
11773
13333
14981
17701
18103
19951
31753
34133
54161
59291
61309
76285
80245
88831
96727
104653
112141
119719
128627
146611
166499
176149
181381
218791
219817
223687
237817
241001
265045
276013
289693
289787
293281
299917
300161
326233
333061
346555
385003
449065
459973
465651
491063
520801
528749
597871
615851
647515
665281
667153
701521
710533
722261
745891
763813
769567
800227
821059
855553
859429
891331
909709
911887
954271
975031
989801
1024651
1027297
1056331
1075321
1082401
1141141
1163801
1203401
1224721
1272721
1318171
1344295
1365379
1436791
1537381
1566891
1620235
1735841
1785533
1803601
1809697
1869211
1910251
1945441
2091181
2205967
2259251
2261953
2273057
2281049
2358577
2458699
2525563
2531845
2545181
2572453
2650201
2704801
2746477
2818567
2899801
2972657
3059101
3340921
3375041
3387781
3646081
3647621
3664585
3704635
3856711
3862207
3895705
3936691
3975931
4011715
4089349
4101637
4135517
4177507
4178539
4181815
4209661
4219129
4291801
4448351
4518457
4588033
4591123
4595651
4686391
4869901
4975489
5404801
5406787
5483011
5516479
5522401
5563783
5701697
5711091
5756929
5768533
5876261
5902849
6140161
6151949
6157601
6186403
6213049
6270109
6295969
6335671
6430601
6538861
6584545
6851521
7092469
7299139
7302703
7440553
7743331
7759937
7795201
7840201
7879681
7884001
7901037
7973507
8399371
8405857
8455087
8477801
8577391
8725753
8739487
9037729
9090439
9158269
9172357
9273547
9346555
9588541
9589291
9671041
9674497
9812921
9844237
9863461
10164493
10336411
10360321
10374797
10448939
10554445
10630363
10679131
11025001
11096929
11099189
11412241
11541307
11736211
12302785
12306763
12327037
12357841
12652201
12890503
13012501
13012651
13188319
13314229
13368013
13738831
14008627
14056111
14160355
14480513
14647851
14923091
14925817
15018889
15142531
15217577
15243229
15341311
15392683
15750043
15891457
16329151
16398541
16579697
16627937
16819489
16853077
17176807
17491951
17652703
17705161
18064971
19061281
19212821
19328653
19514197
19578847
19840129
19879777
20133361
20256097
20536001
20610101
20722561
20830231
21080011
21372661
21654533
21804967
21913621
21979543
21993421
22174611
22509973
22689899
22885129
23354603
23416247
23867071
24016231
24354529
24371173
24490201
24589577
24743581
24847873
24966913
25276421
25298515
25601281
25682941
26867485
27104437
27409541
27491237
27532657
27543979
27773887
28090651
28103041
28363791
30646141
30885401
31279931
31329923
31464317
31482127
31571161
31571443
31810561
31817633
31957351
32095057
32382505
32579629
32786371
33093901
33600533
33625381
34082701
34163977
34242001
34657141
35018777
35185591
36498053
36765901
36952969
37492141
37649503
37962541
38334661
38351347
38676373
38862319
39154081
39545221
39547171
39786877
40190095
40266731
40354801
41125723
41672161
41847391
42013021
42165271
42249621
42329659
42568681
43195387
43642429
44068001
44396101
44736511
45000841
45219329
45344681
45740101
45879941
45918641
47020177
47248961
47253781
47268595
48064021
48408751
48549205
49323191
49390463
49639297
50431273
50825881
51271111
52600201
52808053
53129035
53390611
53949761
55318957
55464481
55830251
56160133
56918101
57517241
57677051
57884699
58372291
58679941
58725703
60011599
60155929
60239521
60631561
61719259
62249797
62399041
62936971
62956637
63282781
64661941
64951897
65737519
66619391
66696085
66760471
67706501
68033593
68995387
69178801
69187411
69880861
69949447
70275871
70579081
70760971
71433055
71602649
72047557
72115831
72454131
72543547
72642571
72884701
74181673
74184101
74400311
74745217
75663451
76055401
76129987
76192117
77146831
78189379
78255341
79078357
79089553
79398901
79417801
79624621
81376903
81747793
81798289
81816547
81974201
82234405
82584907
84050191
84303001
84982501
85146973
85169393
85187233
85207669
85806761
86536201
86832241
88020833
89278309
89532271
89784581
90273751
91049995
91119799
91730539
92018261
92193571
92779507
93568609
93590141
94371229
94792951
95278453
95348081
96469201
96878101
97253539
97919515
98337691
98728033
101791471
103216681
103568551
105403321
105544945
106374071
107016011
107302901
107654779
107903617
109437751
109838431
110588851
110715727
110929939
111579361
111957409
112798579
113197061
114388093
114683381
115441129
117662981
118113473
118172251
118277581
118998433
119693267
120290203
120323831
120441601
120755183
121738997
124028519
124855551
125539217
125782861
126731393
127044781
127602971
127664461
129696401
129767551
129864061
130199081
130606547
130713907
131028371
131803153
133838659
134238289
134274017
134499553
134777221
135785971
136173661
136545067
138736153
140218681
140742253
140770213
140780911
141164101
141616201
141762571
142285417
142465181
142881805
143113651
145457245
146103391
148910653
149532571
149852431
150614413
151358059
152437321
152716537
152922641
154010221
154157599
154875745
154929953
155539567
155878997
156157021
156924353
157119551
157478017
160332877
160776481
161184013
161459713
161727931
162243091
163079983
163340941
164134921
164279569
164797151
165747851
166196293
166379557
167709281
169086341
169446817
170782921
171922183
172667821
173401621
174011161
174187651
174223681
174307897
174376651
174670021
176036249
176150179
176597821
176977921
178230751
180107533
180250901
183672961
184353001
185614801
185671279
186803065
187143661
187642711
189471869
191648161
192331567
193296517
194159881
194353699
195568847
195664957
197694901
197712659
197781541
197991109
199574701
199958761
200085173
200534455
203231621
203269177
203612839
204798571
205348153
205364251
205714531
205967701
208933577
208957169
209796061
209802581
210023917
210909991
212152249
213875251
214038533
214110541
214852609
216087103
216386957
217771681
217805281
219076057
220012591
220883521
221557771
223292035
224294533
225504311
226366003
228241427
230122657
230382401
232794253
234402379
234866689
235130561
237126779
238421761
239854429
240141287
241823161
243314641
243576341
244061371
245408185
246475711
248164885
248290927
251013751
252853921
252888781
254654941
255067121
256416883
257618089
258503701
258773191
261598213
261703417
261962317
262019423
262480501
265260799
266163913
266589577
267152033
268042471
270011227
270337051
270447157
270639403
270783251
273138769
274937851
275529559
275754529
278134081
278943061
280283401
281253001
282322261
283330441
283768057
285011201
286171201
287546797
287715121
287737207
288063917
288361351
289197241
290291251
291088513
292409651
293116721
294991651
295455913
298204831
299060161
300507859
301265101
303003361
303220927
303286033
306339457
307724791
309714841
310001759
313158913
315689977
316349281
316659583
317328691
319053281
321432913
321805651
322426765
322809103
325587541
326088253
326469137
326702531
326931601
328886251
329788981
330262843
330433261
332728411
332740981
333556957
334529501
336273211
338458807
338949469
340496533
340937101
343581085
343855751
344064109
345062609
346000301
346015811
346305403
346859521
348477751
348668321
348690371
349752913
350454479
351319431
351693619
353398189
354747121
354870431
356604421
358922497
359696431
360325661
362276251
363159721
364236769
364282381
364652381
364664521
365511191
368414107
370349911
371376631
372383857
373935313
376096033
376336501
377171681
379072693
379827397
380802269
382956757
383917321
384701953
384824441
385832809
386166133
387188561
387955151
388176601
388826213
389014921
391336151
391712641
391822915
391930003
392990749
396512681
398609383
400374253
401828233
402358321
402985441
405739681
406151773
408288649
410488051
410733049
411336787
412936327
414014221
415800703
416964241
417027451
423890587
424005121
424820257
425821447
425903761
427659383
428481019
431721271
432985061
434487727
434503213
434644033
434932961
438628601
439212841
439418761
439432753
440306461
444232021
445712833
446008879
447121993
448284817
448563127
453542053
454168093
455461471
456660517
456960451
458369651
464169259
468950021
469443301
469574095
470185493
470232277
470516437
471697799
472294369
472708321
473995061
479361241
480671785
481975321
484322317
484404397
484791841
485423659
486711259
489281101
490378981
490518181
490643591
491848897
492291673
492600439
493741261
495814051
497777281
499772701
500520833
502748353
503266157
505716121
507876737
510209561
511605151
512557301
515749963
518820101
519570451
520809241
523703179
525281327
528043753
531929543
535702301
536740777
537242899
539394769
540621181
540910679
542594989
542883223
545793263
547608289
553904677
554949991
558088637
559900951
559918633
559989541
560335231
561014245
562072069
564618601
565704091
566037301
566208941
567340951
567435901
567737633
568125673
568902001
569720321
571010519
571755745
571956061
572228929
573862021
574821123
574824559
584570491
593921161
595710119
597152071
598234291
598371107
599928121
600284131
600893921
606875179
607987307
608560661
611083043
612546793
613020601
614242003
621078301
623662903
625223623
625482001
625719793
627508759
628940929
630317509
633281419
636442003
636768301
636778861
637564313
638632051
638837761
640811051
641773471
643552909
644453633
647265907
647618801
647817913
649097515
649497967
650028061
657920257
663279301
663699961
665498107
666732109
670384031
671100607
672228649
673778827
674194207
674910259
679435531
680022883
687621691
689048201
690422839
690801229
691395871
691664117
692487433
693858367
694656901
695189601
697005577
698643961
701519221
705037097
706562851
706600441
709393483
710264941
711952649
712157473
713197801
719447961
720385903
720440033
723244001
723799099
724969087
731018891
733652473
735312241
737511193
739206667
739643491
746331041
756579151
757158533
758142883
759390601
759622753
760521637
762133751
765167801
770474485
772798951
775165789
776081503
777884381
779566211
781347841
781854481
783109489
785190451
786671677
789557477
789707707
792447521
793701481
794037799
801123451
808983319
809506133
814441633
815697133
816002419
821109151
827980471
828473641
830609869
833278097
836459761
836715851
837386227
839280691
840261997
843703213
851703301
852154181
852583961
852687973
852815617
853877641
856301227
857538991
857902861
858906313
859043117
859096477
860578687
866008153
867022747
871695397
873631027
876850801
877156831
878607031
878621941
882879121
885493927
885510239
887141971
890909441
894790667
895054081
896231953
897756751
898103305
902511247
904221641
910802201
912044141
914634883
914823073
921134551
922845241
923969551
923992807
928235197
934739863
934968217
936525521
937675393
938030101
938376181
940724555
942520597
944415809
944724385
946495369
949324951
951436921
953203051
955371871
956427481
957765607
964240687
966576241
973368481
973937303
976396961
978563041
979869211
980882029
982590163
984159055
985495249
988087951
993321187
993987611
997006141
998002097
998033401
1006616489
1007931601
1008590537
1011570457
1012710571
1012911409
1013196931
1016205961
1017638747
1020480187
1020615163
1022001553
1024651321
1032566401
1033994089
1034283421
1036828913
1037560681
1037627051
1038857051
1048478413
1050721561
1054740191
1061998253
1062556939
1068767533
1069097941
1069100101
1069431553
1069979689
1070063191
1072824217
1073299501
1076798641
1078085287
1080316441
1080809929
1082302993
1083565921
1088638807
1089081631
1095280759
1097102353
1097560507
1100596657
1101084937
1102155151
1102412161
1104119249
1105408789
1105844851
1105887613
1106206069
1109914849
1117968517
1123066337
1124123141
1124454421
1127977309
1129146481
1129716811
1134679321
1134779551
1135428031
1135685633
1135791691
1136940031
1137389749
1138289041
1139434453
1139491201
1148486197
1149041323
1149153601
1157848327
1159202773
1159896277
1161194161
1161306721
1161531601
1162802551
1167731119
1168668541
1169722399
1173008131
1173178337
1175010817
1177054763
1179544801
1186954921
1187012485
1192412033
1195524181
1196944351
1196969707
1199692369
1200417571
1204205449
1208293601
1209155599
1213347691
1216980667
1226822281
1228303631
1229866087
1231892713
1232013421
1232097751
1232216833
1232343631
1238517649
1242693121
1246110361
1249785941
1250656621
1251735733
1252222619
1254887863
1256637509
1256845481
1261099531
1264887007
1265052941
1265296489
1272435181
1273467709
1276051141
1280365621
1280486131
1282612941
1283350741
1284674899
1289281621
1291111711
1291382881
1291412431
1296613501
1296742621
1298090431
1303139599
1304839873
1307004641
1308544903
1309382713
1311255661
1316475749
1320908807
1325857541
1327393849
1329662179
1332679937
1335361609
1342523491
1344420013
1346538961
1347387361
1348788257
1352453257
1354991653
1355016941
1358759761
1358900173
1358906383
1364378203
1364428519
1377660887
1378060561
1387053391
1388709841
1390955887
1393829263
1394966893
1397434501
1399203521
1400966537
1401247189
1403632469
1409451787
1409792801
1410341377
1419045959
1419993973
1422503531
1423067801
1426068821
1427682565
1427771089
1433928581
1436179097
1443742273
1451240057
1451951069
1453876129
1456844033
1457361137
1462471921
1463992661
1465454101
1467403213
1469660099
1477422187
1482662881
1485585641
1487222857
1487934631
1489506481
1490212657
1501414951
1502434501
1507136797
1508953447
1509156013
1510643569
1511970301
1512395389
1513035301
1513581071
1519129081
1528295077
1530159247
1532368027
1538082223
1538128901
1539074881
1539583921
1539806731
1546432507
1548686081
1549603213
1553427457
1558913203
1559625211
1560694119
1563371713
1563607081
1564278211
1565690029
1565791067
1567830241
1570109689
1574362441
1576079641
1578562589
1582547851
1583205643
1585792097
1588247851
1589749801
1589853281
1590564601
1592595703
1592900513
1594058857
1596250951
1603537153
1608508201
1613864449
1625680961
1625925121
1628692201
1630854187
1632286673
1632785701
1632816001
1633842841
1634013181
1634373313
1636294577
1643302417
1645020833
1645377337
1646337379
1650920129
1654940509
1656942271
1662233869
1665597781
1668217027
1668294839
1672311601
1672477273
1673513731
1675681039
1676788501
1677591757
1679240179
1679283761
1683174533
1689918931
1691113999
1693368451
1693911013
1697768231
1701544147
1702123201
1704141601
1706908751
1707662881
1713319453
1718281843
1720994833
1721558401
1723959161
1726007797
1726734313
1737847411
1742288881
1743186241
1743657931
1751390681
1757055847
1759477399
1763584421
1763702533
1766422729
1769148751
1769480357
1772267281
1778233969
1781172829
1781806897
1803419557
1809986089
1811574913
1815605221
1816408273
1820306953
1824691441
1826906621
1827091663
1828749841
1830516757
1834448443
1834901653
1835114401
1836981721
1837021801
1837099211
1844279011
1844641891
1852666901
1858395529
1860389833
1862896561
1864346929
1866409861
1866986893
1874384311
1876485691
1879111697
1882325891
1885467781
1885652497
1885915841
1886812211
1887978607
1888718201
1894349101
1894955311
1904558701
1906722439
1913296951
1915958801
1921508029
1924928011
1931328631
1932263581
1935451201
1942203583
1945335013
1950276565
1950367633
1953004061
1955242873
1959274153
1965851861
1966146451
1966629101
1969084417
1970762641
1972529821
1974402511
1981550353
1985348527
1991755079
1995525181
1995784961
2004080941
2004299641
2005643251
2011297009
2011820927
2014020221
2020188949
2022990041
2027306107
2027351929
2031250915
2034039871
2034348961
2037233839
2047861171
2049191761
2052500347
2052510241
2054080729
2056574501
2069103151
2070303709
2076940741
2078082121
2079463049
2083796551
2090745001
2092074895
2094177403
2095755377
2097580697
2103327847
2103716281
2107449271
2108673757
2111781601
2113199551
2115769633
2123792551
2124364651
2125407373
2129502833
2142302741
2147440681
2148892903
2150489251
2161627261
2162615041
2165467081
2167534783
2170185517
2170186021
2173525411
2173907821
2175020929
2180510263
2189162863
2192902141
2193974131
2197944451
2202913729
2203663621
2206341229
2208348781
2209078367
2213057893
2219008177
2220775813
2227533067
2228825803
2229640183
2231794681
2234971621
2248354153
2250292687
2257789631
2259226927
2262861901
2264058301
2266681939
2274023561
2274409591
2275713441
2277117701
2277246991
2279149363
2281486573
2283406201
2284416181
2285660833
2290361221
2290647061
2292162601
2293014533
2295406591
2298773143
2299190401
2301745249
2302136369
2305872731
2310633473
2314788103
2315276479
2317403089
2317579951
2320640011
2323017761
2324454793
2328006127
2344054721
2345045149
2347414609
2360261989
2372814613
2374165249
2393568809
2394666383
2394862751
2398219651
2399409541
2400771337
2404912501
2412697699
2413092401
2414673271
2418893557
2427745249
2428641601
2429334013
2434869949
2435290495
2436927907
2442418529
2448374689
2449222381
2451260831
2455024133
2459707741
2460957877
2462259791
2464569031
2472588653
2480483669
2483816171
2485230751
2486512027
2489462641
2490533977
2493358369
2499853333
2505569419
2507627431
2508173737
2519186671
2520852517
2525957851
2529627673
2534878501
2541095671
2548475203
2548565181
2551223533
2562814621
2565085141
2569676491
2575212881
2575558171
2577406379
2581346923
2587320401
2588970151
2590281019
2600611861
2611138393
2615542567
2617882807
2623918697
2626783921
2627007007
2646486097
2652091381
2652410993
2657314351
2672605657
2673502921
2680797701
2680883617
2686338271
2690867401
2697986713
2700106153
2709658561
2712456601
2715365971
2715421901
2715427681
2717549929
2717623567
2723932801
2728102651
2728997441
2733156029
2734240801
2734668077
2734805935
2735934391
2736316301
2741365189
2742018197
2746882669
2750350081
2754696073
2761545403
2761993259
2764112899
2770560241
2774274031
2776514665
2783771017
2784469609
2785361251
2788694749
2789271101
2790281551
2791053541
2797709833
2797912987
2800904401
2804470327
2806589017
2813512591
2814414331
2814870043
2817882607
2820853921
2826128971
2827051459
2829656371
2832867181
2833405849
2838534337
2840313491
2847894377
2855493397
2857797281
2861933467
2863641199
2864096047
2866503641
2867266901
2867781001
2868141629
2869144141
2871232033
2889079201
2894009761
2894667781
2898023521
2898893341
2905675795
2918295451
2925884053
2927266123
2933563781
2934234829
2942297641
2943497233
2945960033
2948673901
2952146191
2954538497
2957102129
2959450063
2966697553
2970486251
2974506841
2976407809
2982232321
2992394501
2995097503
3005452577
3010415851
3014193001
3023483761
3023629561
3025152913
3029622611
3029961199
3038113339
3042630533
3044527477
3044636687
3046669561
3054297997
3056100623
3056395543
3056666881
3058507513
3061023001
3065493229
3073935481
3074534299
3077024413
3077771497
3077802001
3077824681
3079153969
3090054199
3094781797
3103736417
3103933501
3108660661
3112723351
3115122697
3117678337
3121936271
3128363701
3144031801
3150171677
3155864821
3156846463
3157579861
3160818433
3161757457
3169419229
3175904033
3175975729
3177449713
3177858847
3179066311
3194858941
3197796583
3214785817
3215271337
3217744531
3219670135
3225579085
3227082823
3228800303
3232042357
3239174233
3241793629
3248285401
3258269101
3259942351
3260594173
3268841941
3274526287
3280967353
3285347011
3290906273
3301335577
3302923111
3304511219
3306116881
3307251221
3307283857
3316601017
3322551403
3328354801
3332340703
3340984501
3342491639
3347214421
3348969121
3352026133
3355623181
3362655521
3380409397
3380619751
3380740301
3383477191
3390067481
3393689833
3398362291
3409523911
3414819409
3415382111
3416531581
3424971201
3432881233
3435462601
3440006659
3446463281
3448079911
3450355847
3453354607
3453864329
3456011131
3464236901
3468274879
3483871969
3503272783
3503841139
3505364101
3507805153
3511691849
3514590239
3517604177
3519867751
3526451497
3530070811
3534353311
3536475601
3547602901
3548607841
3548659357
3560606209
3564769951
3566014861
3570928927
3571725481
3575768641
3577809761
3589339447
3596337361
3599942113
3608134993
3609302311
3619284401
3623842273
3626648897
3642198535
3646907785
3659562451
3673744903
3682471321
3691837697
3696718699
3697278427
3697434133
3712507741
3716075521
3728463481
3737709991
3743686283
3745049177
3751554581
3758603951
3759781369
3762195163
3763362401
3776019979
3786262241
3789077797
3789343801
3807151039
3807308269
3811513501
3811708881
3816148139
3821259331
3832807681
3835537861
3842941741
3843146341
3848262053
3852262831
3853382527
3870110623
3881137861
3882346903
3886200797
3886515361
3887635753
3896963857
3905533721
3907811447
3908908033
3911878297
3918719251
3943634689
3959921521
3963590359
3967856281
3968089543
3980558401
3990904499
3993401411
3995992177
4002592133
4005733021
4007577281
4013014507
4020144133
4020154141
4021546777
4030637771
4035522681
4036496131
4046045257
4048989001
4049382481
4054903763
4057665641
4064364217
4065052111
4066007107
4079992015
4080224717
4087055671
4096149751
4118064211
4118359813
4123803017
4127050621
4131518621
4134189937
4145880961
4147919821
4149638767
4166186473
4169429399
4173866413
4177954021
4179008347
4185707731
4186663981
4187878531
4189357987
4206695677
4206723067
4207571131
4208029879
4215634699
4232966251
4234217191
4234560401
4235818861
4243002619
4243107961
4246513921
4250911061
4258015697
4271761519
4289393281
4290473911
