121
141
553
565
1843
3751
4097
5383
6063
6541
10011
10735
12403
13129
21421
25531
29341
31417
37901
38503
42127
48133
54805
60751
64907
67027
71303
83611
88561
96049
113401
120571
126673
128627
133141
145801
164081
191407
196555
206981
211411
226339
262417
297529
297851
310381
314821
319903
325851
341531
344311
357013
390415
410041
419761
425257
446431
448183
486019
502153
521459
563347
604117
750361
763693
791461
840781
845131
928201
969701
974323
1032533
1033853
1041295
1090051
1092547
1168985
1180481
1235851
1243009
1263893
1273513
1302451
1309111
1337491
1357441
1433407
1451791
1454933
1457311
1458217
1529551
1661423
1742521
1768621
1778281
1785533
1803601
1898999
1963501
1987021
2189279
2251549
2337301
2367307
2491637
2508013
2512621
2591941
2604571
2639737
2727649
2830213
2864773
2944901
2948947
2955349
3038611
3075001
3093697
3144307
3225601
3243641
3285829
3329701
3332317
3375487
3440407
3522481
3552223
3737701
3768451
3862207
3893737
3985921
4124779
4151869
4348207
4364119
4406257
4464517
4519831
4672851
4712269
4922413
4966921
5090821
5122133
5273899
5352499
5575571
5688439
5705041
5722289
5819023
5899957
5916781
5985127
6226193
6747203
6755551
6952037
7120513
7358051
7417885
7433923
7444291
7686401
8031493
8135779
8285173
8332381
9164803
9173401
9369823
9442651
9493903
9516977
9530701
9692077
9813277
9855241
9902413
9930047
9951091
10019491
10267951
10309499
10479787
10661593
10974881
10990513
10995931
11092229
11180027
11403709
11415301
11431141
11476879
11530801
11548811
11686141
11767001
11990809
12024217
12276421
12529183
12574999
12890503
13193273
13404751
13516651
13565113
13692013
13809067
14526091
14773501
14842301
14974417
15576571
15805747
15825841
16346899
16389509
16463521
16560301
16666651
17641921
17668631
17763743
17803759
18111773
18303319
18692227
18888799
18985627
19328653
19609633
19972009
20049415
20196013
20576089
20818711
20886031
21395611
21553729
21623659
21653591
22262311
22439413
22549577
22641391
22697281
22876153
23135421
24045001
24149509
24326747
24930179
24966913
25004183
25440481
25620467
25936201
26017291
26054491
26412439
26442631
26605573
27012001
27038047
27816205
27872443
28213333
28285219
28798421
28975591
29429051
29448631
29727413
29866747
29975353
30044101
30453121
30740417
30863977
30967381
31470211
31510291
31521211
31767121
31918987
32053531
32299849
32332301
32414581
32621401
32795551
32804227
32813831
32960101
33120341
33135967
33166849
33333091
33340147
33414833
33796531
33835231
34011629
34713361
34770403
35078011
36142849
36484471
36504199
36953929
36974341
37610527
37649503
37804969
37870255
37962541
38876581
39013829
39383161
39676033
40313287
40380761
41435521
41445361
41798401
42358601
42678091
42821539
43380241
43838341
43903721
43993951
44039119
44068001
44122321
44377313
44683003
45091901
45466513
45624001
45742501
45948967
46405717
46633861
46724131
46977421
47239537
47388889
47661373
47728501
48191653
49269061
49402543
49484933
49735981
50811961
51898351
53390611
53452631
53638903
53803201
54018151
54095021
54353441
54357031
55178551
56034343
56160133
56420033
56458361
56659639
57568531
57697771
57833861
58058947
58454167
58613213
58718909
58973479
60199483
61230943
61247293
61469227
61505911
61621561
61624669
61840651
63503251
63553621
63745921
64166939
64735897
65087485
65248697
65777461
66096253
66321319
66765349
67391941
68182003
68647051
68768569
72543547
72611701
73527301
74137573
74620739
75141361
75221023
75320341
75504073
75851801
76232581
76479397
76495721
77009419
77146831
77723227
78487723
78520639
78794047
78878341
79136527
79183417
79400213
79624621
79952413
80918281
80936929
81547441
81810301
81926461
81954133
82139471
82487159
82929001
82935793
83314561
84354821
86017361
86233351
86563277
86712931
86995709
87430253
87581141
89532271
90014653
90377317
92139433
92886067
93255895
93431521
93871213
94196941
94554301
95594617
96077101
96411793
96925921
97778017
100236949
101152133
103253333
103398361
104027197
104220703
106281121
106374071
107302901
107344777
108260101
109018591
109445911
109838431
110631841
110793457
111236833
111291181
112206733
112626619
112702591
112835729
114254009
115521907
115637057
115804501
116617289
117433031
118101901
118805831
119537993
119662657
119710951
120347731
120464143
120811241
124028519
124709311
127535651
128536561
128983711
130085569
130338361
132551563
133121017
133313671
133391611
134176771
134772961
134777221
134995771
135864691
136750501
137231821
137340451
137755927
138828821
139363927
140324053
140978749
141355099
141618181
142774399
142819909
143168581
143787551
144098501
144426601
145624795
145820503
145863911
146053267
146382583
148910653
149407273
150080407
150403997
150784681
151358059
152368133
153431713
154013641
154895833
155173831
155203361
155859241
156052651
156428669
156963727
157182637
157206349
158161519
158238631
158301961
158727371
158742739
159992841
161459713
162096901
164138801
165526411
166374641
166406561
166812101
167372437
167472451
169404581
169861357
171141991
171356527
171454321
172376573
173068309
173762227
174084931
174122491
174167407
174963961
175244581
177250261
177439061
177951973
178503967
179260621
182202697
182865001
183575393
184256647
184829581
187740799
188813057
192346153
192628511
192800833
193296517
194389903
195757381
195850411
196035001
196931251
198257209
198318781
199686631
200430231
201634889
203110001
205677187
206006533
206372377
206975161
208096681
208953811
209639431
209950721
211061251
214435261
215081651
216126751
217326607
217805281
218970937
220222297
220529499
220759883
221560481
223024783
223051141
223502701
223839001
226061921
226845655
227132641
227612401
227892097
229440331
230300857
230382401
230860603
232173941
234610291
235441763
236372989
237918901
240876161
242589491
243583201
243692489
245006623
245309461
245497669
246216881
247281161
249144607
250255063
253158751
253851277
254537713
259373941
259765747
260040661
262587601
262921751
263128951
263459851
263552701
263790781
263930971
267685237
272261221
273514951
275260091
275484379
276107261
276654401
277210081
277739767
277962637
278587843
278943061
279531379
280312003
280783357
282769771
283020013
284166877
284301751
284368603
286342717
286800001
286854947
287449091
289584913
289768333
289975291
290764501
291850111
295057949
295419097
297499339
298192753
298705877
301745209
302780563
304394861
304854481
306191621
306524441
308048833
308483821
308568691
308695321
310532881
311425999
313950991
314393623
314736661
315151433
315689977
316659583
316712867
318461089
319036201
321029927
322762007
323438431
324171541
324186451
325555903
325842481
326511697
326878651
326955487
327988207
328142641
328678741
329542111
330747301
331320991
331361101
331745233
332944669
333285583
333393737
334963333
336803581
337593751
338455153
338878513
340751563
342231661
343026091
343306351
344966599
345674071
346092991
346305403
349138567
349321481
349752913
351058753
356184721
358922497
362379851
363371161
363941467
364754413
366073621
366487201
366652201
367671931
369922997
370740833
371376631
372432451
372750739
373299841
374159311
374325841
375217291
376302499
376957153
377295871
379115741
381587471
384234031
384484147
385507471
385577617
387132001
387595441
389733401
390057997
393398281
396106261
396112687
396717319
399323611
400253701
400374253
400922801
403918369
406652569
406833487
408145079
411391801
411988207
413689249
415160401
416607787
417767201
418533257
418617281
424632913
424814447
426085111
426097321
426448411
430479169
434088449
437086159
437444431
437496259
437665159
438023251
439714133
441139051
441443749
443345701
445172743
446235373
448237193
449276171
449501761
450759817
452115161
453919201
454398193
456184081
456316963
457274161
457606451
460585861
460756957
461115691
461329601
463603771
464050651
464144851
464847661
467491753
468500033
469321997
470752133
471664513
473750371
474936881
475103071
475461659
478746269
479461613
480143201
481135021
481239361
481593997
483505969
486722497
487890703
490419463
490518181
490693897
491850173
492354461
493141861
493961737
495159757
495411859
495416503
496890451
497521741
498059647
498860101
499004273
502449481
505314829
505332703
508710745
509299577
512027933
512626201
512919361
514185857
514659671
517567051
518504533
520399381
520809451
523263841
523478981
524226341
525529621
525742489
527954017
530714887
530761081
532558441
534412171
539537941
542003617
542761301
542883223
543266177
545670533
546322201
546899551
551273581
551672221
554494951
556352101
560130281
562960007
563975029
566940193
567444011
568467631
568776083
572199013
573181381
573447799
573862021
575833861
576650677
577352641
577811989
578872001
579354847
582966529
586509481
587336401
590639851
592769633
595950587
596933611
602891671
608515849
609244501
611852671
613410667
614186197
615321097
616685887
617087701
618045391
619837921
620859517
621753133
624732421
625842713
628886647
630918367
633787813
636859339
637664887
638337043
638837761
639486097
644240741
646097957
647265907
648321451
655219207
656368441
656661097
656723161
657414577
664574653
670681601
670796641
674737523
675084073
676683001
677841851
682460501
684146251
684634133
685291421
686658487
687119729
688160971
690484411
691498837
693434509
693708289
694656901
696102401
696581533
697791403
699224137
701517409
702683101
704672417
706562851
708738661
709879301
710666743
711374401
716212531
717096641
717283333
717831211
719534845
720385903
724511033
724615651
724969087
725231629
725967529
727001293
729458299
731467801
734590837
738110101
738667063
739669081
740945171
742415311
749879729
750631033
751632151
753594001
755048449
755754301
756066901
756913459
758401421
759586519
759622753
760111129
760954657
769006153
769877707
770601569
771731941
773286889
777054209
779376085
779502457
780384013
783775409
783775807
786333241
787559263
787838833
788046901
788654911
789951511
790318273
790468141
790858927
793100519
798428947
803014241
804801313
808084769
808914881
808983319
813642311
813874933
814388929
824327641
825639511
827980471
828972661
829617601
831821327
832454089
832870891
833610751
836682313
837775711
842220289
842341417
842687791
843069937
843153763
844325299
847324843
850402801
852112081
857185489
857902861
858200701
858374833
859393891
861100081
862069079
867446441
867965251
868119121
869560903
874837633
878072071
879196897
882951203
894809791
898759501
901602991
904023451
904221641
917127451
919748131
920459513
920519293
921188251
922970599
923426633
929559403
937951531
940353709
942503831
945651697
949534969
950908781
955050241
955531769
955609903
957139217
957479993
958318057
959382467
960527189
960608161
960820801
962046797
962983183
966149633
967197457
967423153
968283247
972471151
975539251
975783433
976396961
977483449
979377433
980458831
980957071
981273151
982135969
990035317
991335451
991609921
991977017
992318251
993885751
994170031
999598217
1000354213
1003135681
1011537091
1012601251
1012710571
1014523693
1028668369
1028930041
1030401901
1030552931
1035276277
1036969627
1041035497
1045829809
1049050507
1049144801
1050721561
1051182217
1052215481
1053016163
1058238481
1058816533
1059362729
1064350393
1065602281
1067194753
1072839941
1077199817
1081298419
1081524361
1081804291
1096381001
1102346551
1104628211
1111237271
1111833169
1113203521
1113262921
1122095311
1127993861
1129046801
1129390421
1129716811
1132897351
1133019571
1141963489
1143730459
1145170153
1146283363
1149895909
1152079741
1153260343
1154699479
1155967723
1156929751
1156995407
1157445451
1158248449
1161138001
1165819027
1165956121
1166569709
1167556951
1169464441
1172291243
1172964811
1177300951
1179405921
1182582649
1183338241
1186915861
1187882177
1187887891
1188646903
1188802379
1191584323
1192876537
1192885891
1194174013
1197060271
1197998101
1202142061
1204082011
1205304299
1207252621
1207415441
1210169137
1226159461
1229956921
1230818359
1236462841
1238018797
1250656621
1258065073
1259432101
1260864061
1262024521
1264505863
1264887007
1269481501
1271789569
1272435181
1276051141
1280040161
1282550473
1283513333
1283596073
1284674969
1289092381
1293049057
1296613501
1296974533
1299656821
1301700553
1302182593
1303638391
1305146881
1309382713
1321734497
1323238951
1324344341
1326215851
1326399229
1327745989
1329198991
1331413333
1333858363
1336210877
1338598981
1339620301
1345523401
1346838599
1347736573
1348114069
1349467547
1352050813
1356241321
1362062059
1369420933
1371765631
1381647439
1382453333
1384219009
1385884597
1391758501
1391958751
1394632891
1394841763
1399292221
1402248403
1410521941
1410798481
1414755619
1415075663
1420060741
1422799673
1427900833
1429064839
1430446951
1431138193
1436002751
1436084893
1436709641
1437127649
1442994481
1444508707
1446457933
1447595353
1448664307
1450353601
1452806911
1453876129
1455266413
1462624879
1464586421
1465685527
1468713811
1472221921
1472612159
1476805891
1480849831
1482485551
1483761511
1486711549
1493493541
1498924801
1501473037
1506338161
1507105651
1518290707
1518995071
1519482337
1524211921
1525351405
1526233231
1527763333
1532755369
1536053257
1537156261
1537444151
1538012449
1540030273
1545119521
1545841343
1549340801
1550735941
1555029239
1559121023
1563607081
1564637101
1570180057
1576059421
1592236171
1595229301
1604586241
1607530051
1608751523
1609139887
1611615151
1614341431
1615316221
1616387653
1618435171
1618988743
1621556311
1624011023
1624628251
1627667515
1628961013
1630161541
1636746743
1641971701
1642588273
1642832101
1649338651
1652671081
1656754241
1663436617
1663808455
1666434361
1666551781
1672719217
1674626147
1675468441
1676680405
1681304041
1683174533
1683444691
1687491931
1697897543
1699279441
1705603733
1705641901
1706109721
1706302123
1707022711
1709290529
1715427451
1716105637
1722463471
1723508921
1730163803
1731474379
1731573829
1733947783
1736342971
1737569401
1738120903
1739057633
1743657931
1744387501
1744510861
1745816647
1748111639
1748630753
1751432959
1752172003
1756105849
1756177151
1757349133
1767013411
1770257917
1773291017
1777190651
1778249881
1779055741
1780243159
1781378941
1782992401
1784323201
1787934881
1794670957
1794772669
1796170351
1798913591
1806471001
1810329403
1812406633
1817457121
1820306953
1821500041
1824603769
1825925089
1827510469
1828887061
1828916251
1829245091
1830909781
1833652199
1837112509
1838745541
1841355751
1844279011
1844469001
1853659697
1857873187
1863742301
1869673873
1870770793
1877441441
1879721351
1882413649
1885405453
1885752763
1887518329
1898876233
1898931709
1904524903
1905245009
1906418021
1909566073
1914852829
1916175691
1916469421
1919563717
1921416421
1921920541
1923638341
1926560329
1930534453
1931085433
1931927303
1932925597
1934297011
1936802869
1938228451
1941165337
1941303001
1942089601
1942666501
1944427817
1947245323
1955156197
1956219259
1956758269
1962565333
1965160711
1974474049
1975247819
1979238673
1979933491
1981681153
1984125109
1989909931
1994920327
1995830761
1999817009
2000436751
2008585897
2012104249
2012188627
2014921561
2015145287
2021613343
2025112501
2025677161
2032248961
2033065273
2034326461
2045584711
2046770701
2054080729
2054711381
2061135001
2062612033
2069173531
2072488771
2075417257
2075486827
2075639515
2076192007
2076374941
2087420713
2089320157
2089371397
2090066947
2091005401
2097928883
2099680201
2106147457
2112158371
2114120977
2116483027
2118597955
2126800747
2127197489
2131620571
2136919331
2137324561
2139462991
2148892903
2149255487
2150849317
2151018223
2153076001
2155655767
2169646561
2171281421
2173172017
2174070421
2174349029
2183000227
2189515541
2190068393
2196463963
2197813333
2201924341
2214761251
2216093707
2217929851
2219008177
2224278253
2225383441
2225864299
2231476987
2233350271
2233353433
2233599133
2233991761
2239622113
2242159921
2252865001
2259174331
2260590061
2268363133
2270214127
2272203541
2276130907
2287872931
2292068143
2292728401
2294455411
2295574513
2298363451
2300413231
2302275361
2303386597
2307187171
2308553557
2309325751
2311564321
2316990985
2319724441
2325117937
2325486577
2332308469
2333074153
2341336859
2341421867
2342689841
2350043767
2352855691
2358174853
2383164577
2389164961
2395593091
2403455503
2406157561
2406225793
2407398757
2413505921
2416333501
2417408533
2421909911
2432761633
2437401781
2439600833
2441432503
2451260831
2452218007
2452359457
2458979779
2459826601
2465310979
2474659771
2485593401
2490815941
2500605451
2501960501
2506269601
2509860961
2515992013
2517992123
2519621857
2525900833
2526634909
2528021599
2532645517
2533915781
2534916931
2535819791
2541606367
2547712927
2547746447
2553045097
2554606871
2556448777
2559476251
2563410721
2565186137
2570899049
2572534147
2577345541
2582751391
2585382529
2588064821
2601944221
2604053359
2615851351
2616963599
2626215751
2627251741
2632726387
2632780807
2644366861
2647407881
2649579661
2657314351
2668304101
2670298867
2676053333
2681926913
2684294131
2686047661
2692976623
2696771153
2699471503
2701878941
2703714007
2712315959
2712456601
2712724291
2716157989
2716305643
2717070253
2717428033
2722003741
2723521321
2727237559
2737789441
2739606451
2740000147
2743312037
2750435651
2758078201
2761545403
2766983551
2767022701
2768991097
2771325551
2780668703
2783544737
2803652497
2804709881
2804749687
2810725261
2813512591
2814177901
2817110227
2825101651
2838217159
2840313491
2852013361
2853118847
2860165229
2875479371
2880188497
2901334723
2906603881
2913401611
2920247207
2922383017
2926413397
2928350401
2928676747
2937067717
2937491101
2939601949
2941962661
2952559351
2955782789
2960328017
2968206601
2975377429
2976930001
2978766341
2984835391
3004181909
3014510201
3015503191
3016957381
3017137049
3020769793
3021506231
3042630533
3048242401
3051919621
3054297403
3063683503
3063685633
3071729443
3079699081
3085908851
3087385291
3095994541
3099369043
3099515251
3100610329
3106326511
3108738109
3109742371
3114276619
3115120321
3121014211
3125830489
3126920773
3128022691
3128899393
3142863751
3149447401
3149593591
3157579861
3157759289
3160282831
3163067669
3176971171
3180981781
3181341239
3182243917
3189423553
3189636209
3190016299
3195537623
3197941979
3198610829
3202756789
3205563103
3211388461
3213895051
3215031751
3216762067
3227016661
3227795273
3230408683
3234512161
3241265861
3245090977
3253543207
3256366051
3260299771
3261280549
3263088193
3267660061
3268697719
3270274321
3270403681
3273820903
3280018381
3282974857
3285456491
3293736967
3298838579
3311535271
3315724513
3322130111
3323138443
3327830269
3332833369
3335899927
3336181601
3338035903
3340984501
3350863309
3361025461
3365002721
3386720761
3387014401
3393689833
3397422541
3397588993
3398362291
3399831361
3413054251
3418916089
3420524467
3431631241
3434571937
3441666181
3443019667
3453354607
3457562501
3462817177
3469409143
3478177003
3480387041
3482161261
3485027911
3491923051
3497127089
3502594291
3503841139
3507931597
3512879551
3516565057
3519279733
3528544751
3533856913
3534273403
3535636963
3538207817
3540418981
3542176051
3547448161
3561896843
3562356703
3563340457
3566014861
3566060191
3573982693
3595127761
3599689549
3602006101
3608154481
3609494533
3612825221
3616098557
3618244081
3618480751
3622138339
3624748261
3637831753
3639144319
3653628247
3653986493
3656813161
3662503093
3664909561
3665549171
3670971331
3673687711
3677273029
3677410861
3678934981
3681650281
3682710571
3683848477
3687968257
3691509389
3692283211
3695441941
3697810873
3698276741
3702830041
3713287801
3727828501
3736293461
3747439567
3751554581
3759781369
3769364299
3779677679
3785729117
3787284821
3793089427
3796689901
3812592037
3820023299
3840118669
3861513793
3863326897
3863759657
3864319933
3866675737
3872868193
3874110157
3874135651
3874186471
3875096893
3875965417
3890510383
3892928203
3895924033
3900636265
3905421547
3922842577
3924892921
3926933557
3932001361
3932068741
3933830261
3937526911
3938447311
3939276667
3942600481
3945704401
3951029161
3957986233
3960585721
3967486339
3967856281
3971095301
3978642529
3979012561
3986406817
3987356773
3992486389
3998714617
4001715541
4002592133
4011325697
4011793273
4027323829
4028995297
4038105779
4041216643
4042578403
4044905597
4046925583
4048989001
4055746861
4057842601
4063732063
4074352333
4078542241
4082576387
4085630953
4118784101
4121854001
4121946553
4129681753
4139069521
4140681511
4145855101
4147919821
4156580741
4157604929
4165979329
4169679151
4176385921
4185014419
4207057021
4207154701
4211747581
4232966251
4235887891
4237802713
4239174661
4256316013
4257763999
4260866837
4271121161
4274496517
4282600561
4282650187
4282671721
4287782251
4291189571
