15
25
51
75
85
255
319
325
425
781
1027
1105
1275
1541
1975
2233
2501
3655
6175
6541
6697
6715
12403
16725
18721
19513
20567
25675
26281
27469
36391
39101
45475
46531
50977
52825
53341
56761
60701
66397
67861
68143
68851
73261
79003
79361
84925
87295
88831
103403
104653
109061
112141
113271
115095
117931
127585
131401
132193
134863
143893
146611
153595
163009
166927
167025
178709
179605
188221
197209
200175
251175
252601
282133
297733
316711
319507
385009
386341
387001
393427
398413
423901
461423
464185
468631
479119
483855
497377
521911
558925
582193
613927
622909
636049
652205
655051
686725
703909
721801
729973
738541
753667
781901
784225
787081
791101
833941
871975
905399
976873
1018601
1035775
1039849
1053761
1063051
1127251
1142791
1148371
1152271
1181167
1194285
1248521
1302451
1368991
1387051
1408513
1421993
1422571
1439425
1503101
1523731
1527571
1584133
1603141
1603213
1733887
1777793
1911397
1979017
1987021
1999759
2165801
2170051
2184571
2229775
2270461
2290201
2310821
2334865
2342587
2370957
2371799
2466133
2469071
2576827
2599169
2678413
2727649
2741311
2741845
2748331
2755441
2812711
2909599
2974087
3059101
3062347
3162133
3221851
3227365
3253801
3273049
3343675
3375041
3412495
3459061
3488563
3539101
3747225
3849877
3949201
4066651
4096639
4108409
4112369
4173175
4255903
4258213
4331111
4448351
4499701
4554775
4608451
4756861
4915681
5016191
5173169
5406787
5452525
5489641
5627953
5717123
5979247
6140161
6278533
6304069
6318325
6405601
6505051
6536245
6594061
7098301
7357801
7480549
7567925
7758985
8163167
8190703
8293381
8333201
8634583
8778743
8880449
8978113
9095581
9195061
9376201
9467767
9783075
10087457
10573967
10654177
10687051
10762961
10785475
10990513
11034337
11242891
11467351
11541307
11781397
11976571
12327037
12397191
12482101
12975691
13012501
13073941
13227481
13260241
13324411
13490621
13747361
13855675
14188795
14527561
14887757
15008033
15247621
15290677
15362513
15576571
15936731
15940381
15978007
16253551
16354837
16567525
16613521
16677889
16773763
17030623
17421379
17449417
17842579
18016345
18217225
18225703
18443701
18585431
18595801
18658621
18674713
18736801
18787891
19261425
19456129
19669271
19795411
19877353
19897151
20117467
20196013
20560073
20576089
21397381
21714241
21831571
22028203
22072051
22363741
22697281
23335681
23382529
23499701
23759881
23868781
23957935
24199021
24255127
24540787
24787321
24904153
25052527
25514959
25700221
25917409
26044633
26222925
26605225
26714395
26812321
26824547
26886731
27236311
27327617
28103041
28247803
28421371
28482931
29097953
29218981
29458573
29469637
30219757
30415711
30862459
31040833
31166185
31405501
31470211
31560701
31563481
31759121
33183841
33241291
33257521
33612937
33665185
33796531
33840397
33893611
34035271
34191581
34419451
34490281
34498001
34519211
34657141
35218297
35539793
36053333
36248941
36314371
36636251
36765901
36953929
37248391
37270231
37392577
37539503
37675771
37804969
37962541
38234243
38248981
38270377
38443897
38866717
39738637
39922121
40266731
40433551
40664737
41127675
41452759
41528327
42446251
42587561
42734497
43158025
43326991
43417249
43594453
43999489
44117821
44122321
44264491
44326427
44399473
44404001
44482901
44961193
45786133
45877861
45959707
45981601
46780169
47196557
47253781
48191653
48304481
48481057
48981241
49062751
49214269
49581331
50759141
50870401
50990149
51302353
51807713
52353379
53053981
53269651
53390611
53597749
53638903
53730067
54095101
54188551
54251275
54677351
56374837
56380561
56420033
56551301
56810137
56933801
57018851
58197547
58679941
58725703
58986091
60233197
60262741
60446413
61363541
61621561
62323843
62359849
62925661
63361981
63520577
63707575
63929497
64036831
64062541
64160245
64349011
64870913
65255273
65415997
66024137
66096253
66124297
67194401
67271581
67315693
67680491
68311027
68314357
68486881
69219169
69231061
69273137
69871583
70084801
70280251
70736777
71455201
71779471
72018581
72415531
72543547
73278451
73527301
73699327
73981657
74927161
74988775
75173089
75187877
76232581
76465957
76924693
77594653
78291973
78304549
78403459
78644611
78795181
78972001
79290325
79310897
79532311
79644151
79989391
80104033
80748391
82574509
82810001
83400761
83568871
83861551
83901511
85828681
85896721
85982521
86849857
88216507
90114001
90306481
90665789
92143657
93246553
93453283
93980251
94037287
94422781
94620241
94914691
95556131
95892673
96180931
96413593
96777781
97071211
97269145
97290397
97622773
97814539
98096237
98728033
98964763
99221761
100349789
100399195
102016283
102038719
103161787
103874491
104220703
104386801
105299137
105520213
105919633
106349713
106485121
106548901
106570297
107520533
107646463
108451649
108596953
108869707
109427291
109522841
109541461
109838431
110071279
111328519
113100235
113389249
113915071
115641345
116183401
116385751
117129421
117187237
117598661
117899335
118681963
119607581
120300769
121374241
124593031
124995473
125284141
126066181
126428851
126720295
127135009
128987429
129431521
129451297
130122721
130437233
131028371
132900289
133027075
133227451
133962907
134274017
134777221
135008479
135391411
136130431
137758147
138828821
139027201
139693891
139952671
140144491
140309947
140384161
140803657
141069067
141437881
141630193
142335491
142844269
142930657
143145157
144899925
144905417
145820503
146350009
146451691
148109473
148526365
148652767
149228917
149390021
149532571
149794129
150103061
150683641
150943321
151002523
151813201
152368133
152718793
152751997
152964289
155274571
155582701
156342343
157368661
157803521
157812601
158496911
158684593
158952041
159081841
159492061
160413751
160520701
162085757
162463699
162636709
162905761
163123573
163970159
164270233
166442251
166595131
166741681
167472451
167692141
167995129
168507473
169087549
171340651
171930121
172035841
173021851
173093491
173881951
175304041
175926115
176563157
176609441
176728621
176825401
177254533
177730279
178918741
180089251
181503691
181682971
181870591
183013601
183402343
183524111
183595777
184454335
186519139
187248307
187546133
187790131
188595241
189546319
189686503
189733937
192346153
192498751
193019681
194424491
196035001
196075949
196872661
198796027
199104533
199186975
199454201
200001829
200313073
200437519
200722777
200790371
202897675
202984217
203090707
203241361
206437741
206804701
206976001
207249379
208051201
208264081
208758061
209711431
209971733
210532961
210812311
211156219
211867969
212826631
213617381
213835861
214216423
214760161
214852609
215502757
217224811
217472501
217795399
217801021
219029329
219621781
221575927
222513691
223024783
223515253
223942951
224574871
226474441
227030581
227180923
227418133
227565571
228000197
228369025
230879041
232250269
236514721
236587849
236653201
236807011
237670525
238001653
238045501
238259971
242152501
242304061
242650717
243400249
244762057
245883325
247507961
247508813
247755113
248158561
249141421
250922071
252876871
252966715
253461781
255563857
255879773
256192861
257623021
258569923
260518801
260869201
261786089
264806701
265731931
266038229
267146377
267574091
270240769
270343471
271025621
271289929
271763467
273096381
277477903
278152381
278915401
279285859
281275003
281535697
282353851
282391201
282402415
282707461
282826111
285057263
286023403
287051689
288693967
288857101
291493411
292667761
292922893
293781727
296444467
297811673
298831963
300931541
301637089
302795671
303021211
303373801
304483241
307277571
307558189
309102841
310693633
310705669
310962361
311671361
312637515
313084117
314154937
314283601
315731131
316094941
317780737
318465703
319113791
320104135
320894687
322017049
323596193
324429361
326931601
327872087
328302791
328633901
330722731
331539301
331623307
332162521
334008533
334738405
334872721
335014769
335277671
335740231
336100213
340374431
340783633
342310555
342839611
346305403
346795639
347019947
347347087
347441639
349311145
349425901
351314881
351910021
352595251
352628453
354125641
356184721
358006309
360935749
361173691
362264257
362619181
363245581
364387921
367678981
367783109
369217549
371376631
373669453
374703127
376935769
378263821
379826175
380117737
380142757
381767797
382990987
384181097
384415981
384824441
388695301
392358851
393010939
393247027
395445821
396036877
396106261
396676981
399120013
399772033
400253701
400505257
402279403
405739681
406511761
409875355
410060809
410465273
412837471
416818321
417027451
417030391
417814519
419894021
423232213
423448651
424279621
424750033
426821473
427088719
427408633
430227877
430577491
430733701
430833313
430953631
430970041
431938981
432523051
432626011
434644033
437053501
437066059
438285163
439827139
442181291
444611201
445832641
446247775
449011603
449378401
455061781
455933521
457704901
457880761
458869951
460585861
460756957
463966213
465658903
467294833
467673655
468765793
470063791
470562233
470752133
471168253
472126381
473750371
475941583
476844161
478173313
480693929
481734401
481880215
482164597
483029821
483921373
484510399
484962859
486622849
486806203
488656981
489028697
490303909
490886475
492081001
492956731
493961737
498442951
499310197
499705039
500752033
501068881
501278779
504954097
505749151
506349421
508323271
508607101
508788041
509299577
510425569
511056211
511203551
511980925
515497841
516243197
517191277
518820101
521165713
525281327
525682405
526038757
528255073
530252141
530717833
532758241
539019361
540143465
540598501
540621181
540925351
540984949
542003617
542761301
543445291
545670533
548832793
551386837
554118661
556488811
557437999
557548801
558220151
558987997
560612167
561954817
561963799
562172257
563975029
564026425
566658723
566820013
567737633
567815617
568267207
568777351
572401135
572448565
575042161
576345211
577230187
579085921
579956653
580686881
583061411
583128907
583948471
585562561
585830281
586297279
587336401
588314325
591698911
596534989
598863457
599645047
600221711
602400133
602485441
603729361
603940429
605221501
605564851
606807181
609264361
609361567
609474241
609813781
611578741
614357353
615895897
616156451
617087701
617102929
617688691
620289629
620928533
620966413
622137601
624962213
625060801
626470001
628430093
628741933
631026325
631311031
632785319
633289807
633491569
634467461
635147101
641582911
641814179
643751489
644453633
646314661
646756111
648012773
655297133
656628107
657529561
657592975
659830621
665820161
666028721
666434791
668432161
668494243
668783737
669916099
670909727
672300403
680022883
682029181
682413103
683116849
684010673
686059921
686091331
686310697
688353139
689079151
689300977
689410801
691031881
691830811
692470675
694583821
695468401
696473269
697061197
698759461
700313561
700627591
703126993
707170697
710721001
711675667
713946133
715040569
716956381
720440033
720743101
723159001
725519089
726933781
728173681
731894131
732842101
735955795
739444021
741470549
744797701
745891261
748304311
749670247
754020361
756645481
757922413
761932033
762982201
764283361
764923477
767575771
768780091
770383897
777017041
780170869
781608349
782220475
786754333
788015881
789221941
791063341
792350413
793271767
795172181
800693881
802470961
803589733
803744371
805677931
806569261
806586285
812311751
815430533
816718681
816917707
817196491
818354029
821376533
821930779
823239929
825028861
826004467
827329633
831026513
832108051
832357825
832870891
837386227
842957611
842960981
843161887
849606031
852081121
853044001
854094781
855212821
858063361
862093597
867323521
872451661
873631027
873733771
878940833
879706741
883689049
886067533
887570599
888520783
888838273
889729993
890677981
892938619
894381793
894611911
896435489
897119581
897916207
898395421
898966801
899451229
905737639
907915339
914668291
914783221
918400033
919384231
922205651
924352381
925112777
927106561
930662111
932148253
934777621
936662687
943690801
945438001
946260025
947822149
949778911
951728681
953527171
955042373
956358913
956427481
960805567
961530769
965113621
965725853
968324881
971041951
975094901
977355893
982262701
983893429
984205921
989283481
989908921
991115371
996094321
998924851
999469693
1001563141
1002726913
1003062061
1003997369
1007048827
1013968411
1014119947
1020662641
1021281301
1024038721
1026239911
1027744453
1028018413
1028939117
1032101461
1034952001
1037090011
1041112297
1041946849
1046641531
1047364993
1053512821
1054596079
1064923201
1065602609
1070941987
1071704341
1072839941
1073066881
1073243389
1074353983
1076434573
1079098231
1079324761
1080708091
1081255267
1082488867
1086477809
1086670729
1086901553
1089726373
1090447489
1091720561
1093506217
1099085791
1102550131
1104848273
1106400553
1106576857
1107200719
1107612269
1107784159
1111027951
1117132273
1120657429
1120980151
1121301151
1130845297
1131059917
1133619841
1134800509
1137355201
1138265941
1138289041
1144518841
1147834153
1147844801
1148063573
1149032981
1150704241
1153164097
1154201761
1155967723
1157839381
1158527449
1160205571
1160744531
1166064661
1167403261
1176157621
1183286233
1183484149
1188646903
1189665361
1192412033
1194174013
1195524181
1203053993
1203530381
1212036013
1213347691
1218178057
1222915279
1223171335
1224540931
1226271961
1227061039
1231340779
1234041121
1235070601
1237524293
1240735609
1242958501
1244182703
1245989471
1247503921
1247875903
1249868281
1250656621
1258492831
1261570133
1261959001
1266003461
1270877557
1273008901
1279928131
1280837381
1283400449
1291796545
1292216833
1292397751
1294907449
1295074171
1297092721
1299963601
1300375675
1300646593
1301171071
1302463961
1303541317
1304553251
1307520469
1308758533
1308998741
1311616153
1315821821
1317124331
1317157217
1320395737
1322165377
1327026403
1328445037
1331196721
1332804013
1334647021
1336757731
1337821451
1338532291
1338605713
1338715981
1338966943
1342859761
1343597401
1345672315
1346627167
1347948001
1348995187
1349094781
1351376021
1357176871
1361253121
1367303167
1375684831
1377027467
1377829441
1380507701
1383311371
1383993427
1384492237
1385188579
1385597971
1388182561
1394378693
1396211329
1399144291
1400287213
1401547687
1403841083
1404228421
1405238111
1409563741
1414938377
1417680349
1417897909
1420297417
1426068821
1426990141
1429028921
1429577353
1430021347
1431637351
1433448739
1433690497
1436002751
1440215011
1442437897
1446064351
1446812641
1447602955
1454020201
1462817113
1466163453
1466290117
1469676121
1469740429
1471858921
1475874541
1486847071
1497221281
1499505241
1501709161
1511042851
1511104141
1513445201
1513822861
1516410901
1517423851
1518452383
1519425331
1524211921
1524708013
1526916691
1527763333
1527888433
1533573731
1534201483
1534636171
1535217223
1540208251
1540376839
1541595287
1544157361
1545618989
1560731503
1562213489
1562473021
1563108427
1563371713
1563607081
1564278211
1564637101
1565791067
1567717291
1570997431
1571215553
1571754241
1573316167
1573689151
1575229679
1575887647
1577428945
1577623921
1581426541
1583205643
1588247851
1588472341
1592187407
1593837761
1595933197
1607753629
1614341431
1617244367
1618435171
1618587001
1619899667
1623595051
1630346593
1631267683
1637781991
1638294661
1641086371
1642610413
1642868137
1647506791
1649863717
1650287083
1650682153
1655020613
1659508223
1660780273
1663330357
1663381981
1671276601
1673026081
1674580525
1674658133
1679675401
1687374697
1688127241
1689523291
1699975603
1702123201
1705737289
1708297039
1710129719
1712060071
1714322377
1715154307
1716865229
1718282017
1722306779
1725217121
1728960133
1733075107
1737552601
1738687469
1741524949
1742382601
1743320651
1746635773
1749548347
1750897303
1751504581
1757034241
1760706811
1763346751
1764313651
1764897361
1766528533
1769148751
1773230041
1773654721
1776820033
1777692547
1784403811
1784865337
1787473169
1789106881
1790023861
1797382823
1799407633
1802929153
1803308057
1803937591
1808776369
1813050643
1813073653
1818124575
1818769681
1828593583
1830606751
1831812841
1838453203
1840147789
1842800311
1845476993
1856009377
1859769979
1859787187
1866986893
1878368311
1882413649
1882534921
1883785681
1888952179
1890504767
1891418311
1897321619
1898139707
1899525601
1902303721
1904524903
1913422591
1925372341
1930364693
1937105941
1939105621
1940157871
1944427817
1948898429
1950575551
1951021801
1955534401
1959764761
1962940981
1967573029
1970707217
1976375449
1977932797
1979706499
1985348527
1987732891
1989628327
1993252169
1995830761
1998752449
2000877953
2004299641
2006845279
2009621503
2015145287
2018789191
2028685753
2030600833
2036224321
2037068081
2045121457
2047079761
2048094203
2049987001
2063181331
2065308617
2068700041
2069182981
2070303709
2072488771
2073948361
2074547651
2075111269
2077993801
2082146617
2083340491
2085686441
2086236181
2088768533
2089320157
2095627153
2101744837
2112678877
2114647081
2115769633
2117749261
2122600033
2126514301
2127197489
2131875901
2132833681
2133612013
2133929893
2139462991
2140538401
2148466951
2150969633
2169917881
2170186021
2170941821
2173128283
2173243321
2173888193
2175406201
2180509987
2189700833
2189978909
2190226817
2195607943
2196839041
2199397525
2199452131
2201916697
2202205897
2202294835
2203663621
2203866145
2204314003
2213057893
2219523481
2222139791
2227207399
2230500301
2232907081
2242209001
2244518113
2246607061
2251007251
2253176951
2253717439
2254469101
2256387751
2262695401
2263594717
2264131675
2277180271
2277246991
2278235809
2279751181
2285195441
2288240701
2289159419
2292626641
2296030201
2297206103
2300319061
2300356301
2301980801
2302591591
2304120001
2308270031
2309167393
2311645177
2313521809
2317403089
2319891307
2321078377
2323147201
2324903257
2328205111
2332804825
2335522393
2337377849
2347195303
2347597981
2351920801
2352954565
2352966139
2361210977
2362797713
2371036361
2373256747
2373469801
2374172497
2376547939
2379503947
2385392101
2390362327
2390659993
2391028399
2393474293
2393695613
2395938571
2398628653
2400771337
2408600321
2412172153
2413297661
2421678529
2423979919
2425249601
2425316221
2426509621
2435308919
2435864471
2437096507
2439032461
2441432503
2441554993
2450716967
2471771251
2476192195
2481558643
2492585311
2496697051
2497638781
2499893059
2502525637
2506140859
2506529257
2507107649
2508757525
2510553601
2514929581
2516684801
2521431937
2523246675
2527844609
2534419553
2543352427
2549408401
2549908337
2553470497
2563814611
2565186137
2565813691
2576284327
2579163931
2582990411
2585281861
2586061363
2590788041
2594169733
2597841221
2598405421
2600705017
2601173821
2609471341
2615233349
2616180821
2619574849
2620964501
2623206697
2624001001
2627375329
2628395641
2630374741
2634352001
2654651537
2659220401
2662805599
2664370297
2671278301
2674839511
2683742491
2684964631
2686006327
2686776511
2690531171
2693739751
2695134373
2699408551
2699471503
2701021027
2701920341
2710123001
2710494901
2712745351
2720207353
2723159251
2726168147
2735067371
2739425725
2739606451
2740348727
2743738003
2745385525
2748098107
2754547987
2755847173
2761545403
2764097359
2764458841
2766006253
2770343869
2772819817
2775739261
2775980593
2779419673
2780879401
2784469609
2787998641
2788970881
2790856751
2791053541
2800172953
2801847761
2807378911
2808005713
2813512591
2824256377
2824804273
2826128971
2834517241
2835578309
2837102833
2838534337
2838864997
2850264451
2851693501
2853071233
2858583961
2866872781
2870305681
2873094001
2878775563
2879816941
2880131899
2885972701
2886402487
2892622591
2894667781
2904875191
2906731153
2911911913
2944080133
2945960033
2947262551
2951136343
2958453401
2970453333
2971664921
2975096953
2981405991
2988134717
2989541677
2994253891
2996078801
2997308323
3013708057
3024043725
3028586471
3034691893
3039603577
3044518969
3047600641
3051096157
3053287189
3058507513
3078743357
3080401129
3090248371
3091520521
3102144361
3107923547
3108738109
3110830003
3115284481
3120183361
3121065713
3123578849
3130386821
3133921969
3137756161
3142164559
3146235733
3149218381
3150843301
3155535541
3158016401
3163106953
3163299283
3172658653
3172789219
3172856311
3172860535
3176109361
3179240371
3183907579
3186421351
3187421077
3188031211
3188996411
3200416363
3202695211
3204068117
3208594117
3211098811
3217744531
3218832577
3221811709
3225726331
3233139001
3233558021
3239174233
3240057913
3248891101
3265122451
3267420647
3277421989
3280967353
3287168431
3299956747
3304861061
3305552221
3307251221
3311236741
3314067967
3314111123
3322130821
3324006533
3332340703
3332800021
3337776883
3339146431
3345658891
3348855557
3349042841
3349218881
3349997731
3350872009
3369642877
3370356049
3375949001
3382261579
3383767333
3388541287
3392092129
3399149209
3399415867
3403593901
3406501937
3407609221
3409710851
3412211641
3415382111
3423222757
3427929451
3429846883
3429982081
3430292251
3431631241
3436339201
3446601523
3450191977
3450935503
3451226311
3452102971
3462909031
3464369581
3468448301
3468903571
3481359517
3482122573
3482892733
3487314975
3487342741
3497882149
3500177563
3501218389
3502870363
3504632365
3504920701
3505364101
3507558367
3515283721
3521383951
3527380819
3532887073
3533651083
3535627225
3539454223
3546090721
3547777349
3550378129
3552838183
3559144321
3574500703
3575224669
3581894263
3583011169
3584693971
3584910841
3591933913
3595084573
3595831207
3597507607
3601552249
3612070747
3612298321
3612833281
3617313421
3617332237
3618641893
3618820837
3621102871
3621847825
3628862893
3629796061
3637831753
3638653201
3638805913
3640903111
3642034261
3652730689
3661594051
3664723231
3666918109
3673744903
3684941053
3688679149
3703525057
3712619415
3713287801
3716044333
3721884013
3723104797
3727828501
3743172511
3751554581
3759836311
3773082721
3775009075
3779970049
3780281983
3782900737
3790867879
3791825423
3794366461
3800306971
3801299251
3801498541
3804762517
3806586631
3807151039
3809018947
3831903011
3843146341
3846849967
3857359069
3867183937
3868239149
3874523017
3875462561
3877846459
3878450413
3886035871
3887635753
3891892421
3899962789
3907815001
3907825153
3910653577
3910820761
3920350201
3924969689
3928236661
3928653581
3929142281
3934940833
3935351707
3940455025
3940828201
3940980961
3943784917
3949984117
3952385319
3954334159
3964762363
3965270401
3973363381
3974165033
3976216973
3976922941
3994532539
3997051597
4004704897
4025579471
4043656801
4046925583
4059250651
4063568449
4073353243
4077351825
4083065003
4086437587
4087695025
4100934241
4112103271
4112328991
4112437225
4121449399
4134125893
4145880961
4154880071
4155103877
4157914111
4164141841
4164191203
4167169411
4167686513
4170473425
4173838327
4173866413
4174073731
4175362133
4180416931
4183055857
4183664101
4184012837
4186561633
4187360341
4189000801
4193656651
4195310417
4202817481
4203547921
4205829781
4210728547
4211884063
4215249113
4229829787
4229902727
4235818861
4237802713
4240003987
4243744201
4246689241
4251724627
4264933861
4268178109
4271761519
4275230917
4275478495
4277345605
4282600561
4282671721
4285858523
4289842081
4292313257
