15
25
75
121
175
341
377
1921
2047
3133
3751
4033
6611
8365
8911
14981
18631
24869
31621
55477
55801
61337
72721
73373
73657
74593
79003
88201
88357
97921
112141
113401
115921
122671
139553
188191
188501
194737
204941
218791
229633
230323
270481
281107
283529
303101
340033
341497
362113
372737
382169
385003
385201
398413
441435
461113
481201
498451
503201
534061
585631
597871
642001
665281
694907
700525
705091
721201
725275
764941
825563
840781
861595
927617
929633
954271
1004653
1056331
1056511
1093417
1153741
1293337
1306117
1333921
1353067
1373633
1398101
1413989
1449931
1527571
1626041
1718575
1773289
1869211
1885379
1893943
1911397
1915801
2052649
2098891
2134277
2160973
2254351
2255977
2387797
2395331
2466133
2479051
2508419
2545181
2568055
2722721
2741311
2832337
2989249
3021593
3537667
3567929
3609341
3616241
3623761
3634633
3768451
3822607
3913003
4132871
4238191
4258213
4314907
4322579
4336879
4364119
4554775
4915681
5049001
5305021
5341873
5344237
5412871
5419751
5603333
6046993
6082009
6090113
6198961
6315457
6438673
6566671
6577121
6696097
6881557
7049459
7169377
7295597
7303801
7780501
7879681
7891657
8034001
8177137
8378371
8420851
8437339
8629201
8698069
8830801
9131401
9259069
9297689
9533701
9729721
9816511
9863461
9863569
9864941
10018807
10181641
10509751
10679131
10849777
10983421
11137237
11147491
11794201
11990809
12030025
12163817
12169711
12350521
12388951
12553967
12555619
12635389
12656803
12672001
12709819
12799697
12874021
12878077
12932609
12935557
12942823
13003981
13012501
13125659
13187077
13369957
13381349
13568353
13692313
13890293
13909559
14166871
14401441
14464337
14630201
14794081
15109741
15367129
15766651
15769489
16253551
16316609
16477891
18225703
18469937
18501211
18520141
18679879
19061281
19194181
19209601
19578847
19691911
19707391
20030341
20170763
20177701
20196013
20234341
20705731
20981701
21116551
21215801
21705653
21868057
22028203
22174021
22369537
22376201
23353217
23530123
23698273
23734901
24434749
24589577
24709807
24784481
24791209
25172033
25241371
25574897
25729411
26122979
26151761
26474581
26537141
27331921
27381547
27664033
28011001
28606021
28785907
28850719
28871815
29353261
29572237
29581501
29723737
29765719
29912521
30183311
31076033
31796617
31989109
32091781
32322067
32504239
32701297
33462641
33562189
33893921
34320661
34590403
34792741
35082217
35295401
35368601
35739701
35820937
35845633
36114937
36307981
36620299
36709427
36787141
36858709
36981601
37649503
38885003
39117439
39252253
39272833
39547171
39859801
40261591
40629601
40664737
40863061
41798401
41899981
42149971
42474547
42714937
43029043
44482901
44677231
44958841
45614711
45879941
45931117
45990433
46373521
46390693
46408057
46714201
46728533
47975629
48064021
48481679
48614491
49779577
50201089
50593201
50966621
51105809
51459601
51627817
51836149
52882513
52936801
53235037
53338381
53542147
54184153
55729957
56160133
57120001
57211903
57280081
57329119
59321753
60025421
60032369
60197437
60229121
60396031
60552161
61171951
62713261
62756641
62870627
63083389
63397751
63639881
64266427
64409437
65221381
65416753
65861671
66163241
66363463
66932851
68090203
69521897
69794519
71265709
71310583
71496241
71498443
71937109
72286501
72467683
72661351
72841301
73031837
73307083
73580077
73645001
73902403
74112787
74328013
74879213
75320341
76941901
77146831
77323537
77600881
77648941
77871691
78206917
78277363
78430801
78580841
79089553
79398901
80903269
81244951
82261433
82690471
83400761
83661707
83926369
84135811
84544853
85021901
85371859
86027329
87640801
87738337
87820771
88456591
88994809
89337401
90273751
91092377
92942669
92983381
93602653
95451361
96098509
96894071
97047301
97211341
98917705
100760413
101144671
101550919
103065299
103106251
103253333
103340777
103448809
104220703
106327567
106458103
107486413
108066979
108699193
110127739
110413333
111432011
112013281
112702591
113605201
114100351
114910489
115144525
115399237
115432367
117087529
117447331
117662981
117688661
118172251
118566533
119184451
119577151
120041561
120236707
120343021
122259769
122640769
122839417
122924609
123886003
125284141
125723491
126135637
126654949
127368619
127728811
127757863
128357311
128481809
128536561
131028371
131136301
132071593
132806171
133027075
133391611
133688803
134767153
135358831
135767425
135785971
137583181
140384161
140846567
140884673
141209801
142922413
143150701
143647741
145410931
145603333
146157859
146256529
147098881
147899281
149282893
149882641
149915011
150155039
150454081
150988753
151659619
151713031
151830551
152279063
152716537
153086701
153589801
153890227
154011467
155165449
158147047
159070913
159141001
159874021
160058921
162288001
163140847
163194661
163206271
164686321
164944781
167138701
167160013
167798731
168197797
169396921
169771541
170173741
170856533
171482221
172116181
172272187
173021851
173401621
173678203
173809441
174385321
174598387
176030977
176442961
176629141
177167233
178469509
179963621
180022597
181540427
181934759
182848331
183484571
184993121
185149051
186983521
191489431
191533141
191845249
191886397
192346153
192800833
193875557
194849821
194869991
195100057
196287391
197239591
199059937
199484641
200083333
201634273
201853147
201944839
202610311
202984217
203330401
206504033
208264081
208301941
208399231
208464887
208969223
210045461
211061251
214038533
216095671
216315457
216641657
217062913
217333351
217815193
218624033
219172069
220222297
220864645
220883521
221398661
221823643
221914333
222354721
223073017
223738741
225504311
225601921
226366003
227132641
227239963
228988033
229038601
232879081
233049769
234717913
234792221
234843841
235950041
236636473
237680057
237903301
238622413
240516043
240643639
241823161
242051153
242729401
243957949
244061371
244908929
245006623
245309461
248703911
251663837
252552301
254033911
254595097
255265651
255486997
255895201
256924907
259949171
261033697
263115763
263408071
263428181
264509665
264752227
267152033
269337751
270927841
271830469
271955821
273894997
274056889
274937851
277787141
277841827
278274781
279022837
280312003
280759859
281288801
281477701
282453151
282454621
283913137
285161137
286774073
286854947
288311761
289125373
289285951
289901641
290166721
291227789
292607473
293116721
294038501
294371117
295419097
295902559
296443561
296738821
297243631
297812677
298204831
299736181
301719959
302441833
302531833
305464661
305897581
306785051
311016737
311261329
312119341
312637515
314200501
314686441
314940271
316954189
318896257
320454751
321234587
321781633
321807523
325423141
328573477
332976961
336270017
336273211
337206503
338455153
338628973
339033221
339902081
343914859
344255551
345132481
345674071
349470703
352840601
353547121
354666817
357273001
359112857
359499781
359696431
360096463
361381951
362205271
363221953
363371161
364282381
364285351
365543861
368113411
368355457
371283067
372401797
372797101
374336701
374654251
377269579
379067939
379580741
379982377
380292251
380305213
380913301
382386271
382692817
382726391
384993451
385577617
386224681
390030721
394313401
397102841
397195609
398599489
400142167
400374253
401305057
401487049
401802835
407837923
409803497
411047407
411988207
412102489
412402631
412988761
413271629
413670661
414741961
414832969
414856769
415974571
417746629
419415121
420465277
421150801
421502839
422707889
425337023
428180191
428502757
429562411
430581041
430833313
433631479
434644033
434813921
434932961
436215739
437496259
437581871
438309631
439671241
443129311
443526217
447191893
448563127
454168093
454766287
457320533
459387451
461115691
461329601
462221621
462587329
462786271
462812671
463440949
463707157
464040325
464382361
471168253
472708321
474946741
475668061
476362693
477002101
477086741
478614067
480061297
480974609
481049137
482164597
482244533
482314801
482815321
483562241
485106553
486711259
489584671
490518181
490803461
493049461
493838101
494680261
494873209
494882909
495018343
495148933
495421681
499390169
503961137
504063611
504870241
505226767
505626001
506359879
506883529
508185341
510856051
511408171
511440493
512977327
513590533
515360561
516578789
518177921
518710081
519570451
520855711
521463359
521610037
521867741
521997841
524704069
525127777
525484961
526448249
528289117
529211791
529774669
532758241
535836263
539537941
542125747
542441521
542889901
543379831
544571921
544660481
548061067
550052137
556242217
560335231
560907271
561206881
564815683
566530849
566820013
567737633
567799633
568799461
569327351
569332177
569784403
573856501
574817527
575133131
576540277
578821531
579956653
580397149
582433547
582799951
584414041
585914297
586509481
590798657
590799763
591093053
595710119
599945233
600603601
601124101
601568881
602360513
603415933
608016599
608470345
612803173
615696271
618590501
621249191
622794961
623210911
623606413
623662903
624688189
625536071
631881337
634323551
634522397
636596651
642426049
643642301
643767931
644842091
644873821
646737869
650699761
651514753
655219207
657067951
659828443
666244321
666365491
666887761
667590073
678218311
679379581
679975003
681118367
683116849
684634133
689537441
692930813
695406727
696447181
697821857
698193571
703787551
703995733
704133481
709393483
711304903
712650881
714489301
714619277
715869929
719538431
720385903
720860431
723901537
724112953
730704133
731544841
732473953
732736621
734027821
734614303
735014773
736685557
739644193
745565731
747236701
748419127
748959709
751705597
753567371
756318751
757834531
760777063
762382381
767513341
773131927
773286889
776081503
778514923
784042309
785213801
786604801
786814333
787540879
788841931
789375511
792049381
792447521
795490747
796339909
800055367
800393381
801902753
805470307
808587137
809506133
811478533
814878541
815430533
816549121
818243479
821376533
822214219
830664451
832870891
835463999
838770901
841217653
844788757
848985901
851500807
852503737
852687973
855073301
857401921
859996477
862069079
864608293
866161801
867022747
867087451
867965251
869109281
869697401
870142879
872162479
872380321
873571459
877963969
883353871
885146201
886230775
886922851
887838197
889405021
890475037
891706861
896231953
896791921
896878501
897756751
902786977
903136901
903564713
907514561
911059993
912013381
916649641
916962877
919510381
927470251
929040421
929238913
931869553
932148253
932459581
933184801
934290251
940302685
943261049
944832533
948425353
949324951
954851167
955607239
955609903
955938901
958588681
960730513
962128081
967695211
967710301
967790401
972471151
974192941
975976381
977027761
985563217
989810251
991977017
993756913
994680979
998006173
1001338771
1004245621
1005160927
1011460741
1012366273
1015350229
1022925583
1024108201
1025956037
1028018413
1030981489
1031704129
1033013353
1035988087
1037919331
1039082791
1040357161
1040449769
1042219993
1043549911
1047855691
1049584313
1051305193
1051380721
1056092137
1057459409
1057578763
1064959261
1065436513
1066862833
1069703551
1070063191
1073066881
1073729801
1075194437
1079035651
1079885467
1081176601
1084087073
1093555937
1096651921
1097102353
1101623381
1102153249
1102550131
1107981529
1111114663
1115222681
1120023871
1122967693
1123095877
1125112841
1127409551
1129146481
1129716811
1133110837
1135103867
1137488249
1141201001
1145092321
1147834153
1148807551
1149570181
1149709601
1156995407
1157724577
1157839381
1159202773
1159411009
1167584549
1174822391
1174977943
1175812669
1177054763
1177778671
1183231891
1184411957
1185460121
1186915861
1188646903
1189500313
1193088709
1195569901
1199348641
1200456577
1202085067
1202554651
1202915017
1203968533
1206843463
1208273771
1213347691
1216713457
1217181061
1219858921
1224210439
1225968641
1226307211
1227543751
1229540161
1229624749
1234887673
1247411719
1248065459
1248838579
1250656621
1250896849
1253314693
1254318481
1254948337
1258094801
1263293281
1264335697
1264887007
1266025351
1268392501
1269481501
1271364709
1271548501
1272542209
1272702241
1274609701
1275037457
1275130525
1275932791
1276166263
1283079421
1284321611
1284469691
1284585961
1284674969
1285742377
1287350161
1289661739
1289777633
1290999529
1292885731
1301909761
1301933249
1304287601
1304430481
1310329567
1311701513
1315474513
1317157217
1318126321
1318738387
1320395737
1324676449
1324846273
1325761037
1327885969
1328623463
1331413333
1332633277
1333215703
1338247681
1343575381
1346386193
1350685001
1351359953
1355528617
1366431991
1369420933
1375236721
1377031463
1378203751
1379481583
1379933923
1387286569
1389266449
1392716581
1397357851
1401238441
1402587761
1403536457
1405486051
1406500903
1408610503
1408696057
1412756801
1412900707
1414753387
1421189551
1422958711
1423067801
1424435689
1427526157
1427876839
1430815921
1432940671
1437127649
1439124133
1446569471
1451159873
1451635201
1453548403
1454337721
1460720521
1462925179
1463305433
1464568381
1465152151
1465984609
1467151471
1471557973
1472650999
1476255925
1477400767
1477422187
1479695473
1484629747
1486078903
1486197721
1488309877
1489022263
1489932613
1490813371
1492762133
1493173441
1496730331
1497221281
1497965713
1498659049
1503869473
1506331273
1507121801
1508642701
1511558533
1513701071
1515664153
1522307081
1524585841
1525781251
1533555271
1535140231
1535837329
1540117801
1540341821
1544599061
1546894171
1547543161
1548553609
1550001113
1553955001
1554109201
1555914599
1558913203
1563371713
1564278211
1564968653
1565258689
1569843451
1570312171
1573689151
1574362441
1575910621
1578611501
1579079503
1579474249
1580591011
1584498187
1588444501
1588950641
1588990201
1592595703
1594267009
1594366021
1598982533
1608312571
1608954101
1613686033
1614341431
1617795181
1620216907
1632785701
1636435201
1638294661
1646590843
1649082961
1649461301
1649578525
1650195773
1650287083
1663266151
1663535989
1668357013
1671107833
1674626147
1675978193
1678257103
1683878689
1684534681
1686298447
1690297201
1696913551
1703466889
1704256301
1705830617
1706705509
1708549501
1712392321
1713601217
1714721059
1718546443
1722977299
1728960133
1730163803
1731264079
1738201541
1742815621
1745024791
1746304201
1749686401
1749973681
1753052029
1763367401
1764709277
1765183801
1767911641
1769267761
1772239873
1775658259
1775969347
1776399059
1776716551
1778653661
1781755813
1785453913
1788534817
1791674221
1799388181
1807922491
1808304401
1809189121
1809972721
1816853581
1826906621
1832324531
1835771419
1836380719
1837596251
1839568981
1842249517
1844028961
1852356281
1858180339
1858375681
1868747113
1877256587
1883509633
1884140501
1887043201
1890061213
1897658731
1898575499
1898826463
1900687381
1902303721
1902868351
1903097173
1903519661
1904558701
1908935617
1911580273
1913422591
1914997141
1918988341
1921150531
1924975879
1928551241
1928577709
1930945069
1936491259
1943521771
1951469101
1952968753
1957084741
1962730531
1963133581
1966648231
1966715537
1969847041
1974627097
1977257441
1982131313
1983011479
1984474507
1985139001
1985873047
1988305831
1989544903
1994937979
1995401357
1997844157
2000436751
2005360351
2009621503
2009830813
2015750269
2016064117
2018378641
2026633951
2029328941
2031756281
2034986417
2039604139
2049669133
2050839121
2054080729
2058163561
2059739221
2065542821
2080995841
2086618571
2088076831
2090913437
2092970461
2093334601
2094177403
2099131217
2104788151
2107171501
2109500149
2111818873
2115769633
2120192497
2122894177
2123112967
2126773741
2127197489
2135101921
2135404987
2146301929
2147855533
2150969633
2151776189
2151933701
2153860957
2154792025
2156767003
2164324201
2179965961
2188728341
2189849401
2191002997
2197813333
2198630017
2200060769
2201347513
2205507169
2207605327
2210789671
2213243951
2214761251
2215258069
2219248351
2227175689
2232972101
2233350271
2233703377
2234202049
2236535251
2236928341
2240507821
2244047261
2255214391
2256666133
2260550797
2263420459
2266007521
2268059551
2276280793
2278829281
2282758297
2286489397
2288604187
2290316377
2293014533
2296495447
2297460691
2298732481
2301745249
2301980801
2305650187
2308614881
2310142321
2310144757
2312326801
2312391467
2314350721
2316020413
2317579951
2320173151
2321403521
2323017761
2327306581
2332745029
2334506833
2336083879
2344054721
2344178689
2347701661
2350595521
2352371251
2352394153
2353390807
2354453561
2358174853
2360225737
2361510689
2370504475
2380759471
2382965861
2387675861
2393317291
2397573553
2401835977
2404484177
2404687501
2410245473
2414309437
2414422849
2433771121
2435491939
2437482301
2441901211
2446810957
2449191841
2450701501
2452359457
2456404231
2462280277
2462440753
2471706953
2481232183
2496783271
2511528985
2513688481
2515436251
2516219821
2521810897
2526244801
2526634909
2527401691
2529689341
2531385001
2532010139
2533915781
2534419553
2534690341
2535481601
2537105761
2545067281
2546257177
2549408401
2551223533
2553133441
2559406033
2561654099
2562814621
2563295621
2563596751
2568646001
2568819601
2576042155
2579283631
2592901321
2593197601
2602378721
2604168793
2605482601
2616229201
2625912901
2626457803
2628369409
2633082601
2636360191
2640936191
2641917601
2653899769
2655456127
2657314351
2660437189
2661640117
2665525051
2666567221
2674839511
2689365491
2690867401
2691029401
2692810429
2699471503
2701878941
2703779461
2704366597
2712456601
2718711601
2720539207
2721721939
2722003741
2728298717
2728730287
2728997441
2730595501
2736634183
2742119407
2756282149
2766752561
2766789061
2770608457
2771661241
2774577031
2778813041
2779478113
2782268161
2784469609
2787239801
2798511643
2801575729
2812050757
2817204463
2819322953
2820830773
2827961221
2835768041
2836811693
2845397809
2848786987
2855736217
2860553791
2874627649
2884499081
2888672221
2890106797
2895004927
2898023521
2899117621
2900448163
2908878151
2910827089
2912876821
2913401611
2928453551
2930570501
2931708097
2931878071
2933563781
2935002857
2938407581
2939999581
2947686409
2957979943
2958586781
2962342099
2970228199
2974506841
2986522309
2987390449
2994415201
2999322811
2999954081
3000168733
3002848921
3006968647
3019761127
3019916461
3020299327
3027823411
3031135837
3032134387
3033145001
3035968951
3037521601
3042630533
3048787337
3049936891
3054562831
3056100623
3057111721
3062540651
3063685633
3074378369
3077802001
3083647321
3085908851
3089280793
3090989651
3103336297
3110797801
3114276619
3131132489
3131560417
3140799751
3141171001
3144321991
3146902111
3151353941
3152812357
3155473777
3156601561
3164505371
3168847441
3172658653
3173819857
3175904033
3179553301
3180742577
3181154621
3184626583
3192323681
3194182081
3196431829
3197442337
3203549441
3212513461
3216423169
3218821007
3224109701
3230452031
3237992101
3242256871
3244355713
3246362881
3249265141
3249410789
3250257559
3252800401
3255326401
3263494501
3267680441
3273820903
3280031929
3296403601
3311236741
3315139717
3322727437
3326803201
3340984501
3346957153
3348969121
3351943513
3352304041
3358551043
3359734241
3364689851
3367922221
3368006801
3379167661
3380740301
3385381429
3391255981
3399890413
3401510113
3404549611
3411003817
3411250081
3414693871
3415379701
3415519301
3426330571
3445230661
3445470001
3448739269
3458253649
3479969593
3493069141
3495943153
3498333611
3502404577
3505973321
3507623351
3512790871
3518343973
3531436801
3533632129
3535358863
3542303047
3544617763
3545311183
3548607841
3553319989
3555320497
3560801581
3568893791
3575285137
3578539543
3581459681
3586532617
3586803661
3591220013
3592265737
3592316953
3594968821
3595831207
3599554709
3602326913
3612825221
3614349313
3624748261
3635592691
3640031081
3646008421
3649577989
3653550361
3656374849
3659569159
3659702911
3660801821
3661178411
3663218651
3664215361
3671427475
3682471321
3687724321
3688628299
3694411001
3695127217
3698276741
3701183389
3705051241
3715917661
3728537377
3733646491
3738170899
3743072341
3751259087
3756206213
3764453713
3766083481
3775057037
3776019979
3777952627
3790587781
3796105951
3797769403
3807428081
3809018947
3812653423
3812822413
3813283939
3816844201
3819375701
3819381661
3821259331
3821549293
3824339819
3831903011
3835537861
3836255593
3838687231
3839106823
3842178391
3869668351
3869747533
3874913407
3890736481
3890921317
3891209851
3894053311
3895046191
3912828961
3926149939
3934797241
3937526911
3971971567
3979234351
3997740319
4001047109
4001510633
4011901297
4014621601
4019723791
4020221245
4037911333
4039299227
4045222081
4050202501
4065336991
4070491489
4071163097
4075853569
4083370217
4088827657
4091153431
4097814517
4107721073
4115153233
4130060383
4139069521
4141945001
4144692413
4169765101
4175289271
4178775641
4182189103
4193096701
4195033561
4206464623
4206723067
4215885697
4219493743
4225888109
4226815517
4228743611
4233038779
4234941001
4241317571
4244787233
4264604801
4267523881
4268779531
4275230917
4285521251
4289393281
4294095661
