9
15
45
341
703
763
1065
3781
7363
7957
15457
16609
19783
20835
29539
29891
42127
48709
52633
70645
76049
76069
85285
92137
112537
122695
135577
139231
139897
145351
146611
147109
171001
182527
194221
196981
208999
215209
216457
219151
220669
226801
228691
229633
232447
236177
253921
262753
263701
268687
289441
303101
319507
339013
341371
433621
480187
486737
513523
514447
566155
575801
588089
597871
636401
636949
669281
687241
708401
736291
752221
783901
819541
935713
940837
1026241
1033853
1043359
1118657
1178677
1180481
1184503
1303561
1314631
1356041
1420189
1452811
1492663
1537381
1564021
1603213
1611073
1621901
1744981
1755001
1767221
1776349
1810513
1940681
1963831
1987021
2085301
2125243
2156347
2281049
2337301
2388073
2441501
2560001
2603989
2630071
2661479
2761921
2797369
2850833
2931349
2944261
2944901
3062347
3178909
3204241
3263527
3336013
3448411
3522481
3661201
3677935
3747143
3801409
3923879
3938221
4111381
4144321
4163869
4181921
4322579
4330861
4417001
4671577
4678441
4686391
4728439
4877641
4935701
5044033
5176153
5192053
5194051
5263681
5371577
5406787
5502061
5553037
5592091
5610691
5788711
6150979
6190507
6253921
6342701
6374111
6474289
6577121
6774499
6968627
7006099
7214969
7232321
7279303
7419127
7575683
7669729
7689683
7729961
7864891
8036033
8093233
8095447
8108717
8185977
8260817
8291521
8507731
8688737
8725753
8902741
9080191
9102619
9439201
9504191
9533701
9591661
9717247
9756937
9863461
10402237
10590721
10679131
10837601
11001343
11303909
11415301
11645377
11670355
11888621
11990809
12170413
12193441
12400081
12497539
12540421
12659989
12890503
12942823
13073941
13188319
13315695
13418519
13692013
13694761
13714867
14005441
14108261
14469841
14486413
14541529
14907037
15216151
15257089
15292801
15387557
15441203
15707777
15720013
15805747
16226029
16324001
16618729
16735489
16912567
17108701
17236801
17349307
17527049
17762441
17846461
18338131
18342241
18473797
18534731
18692227
18809911
18871189
18909301
18985627
19020191
19212821
19337473
19609801
19947271
19981081
20196013
20236483
20256601
20342449
20614699
20862623
21332033
21397381
21699961
21813661
21935611
21981909
22055881
22072051
22349251
22394863
22433473
22482433
22556711
23053867
23129633
23363401
23407471
23464033
24179347
24220501
24539437
25696133
25853251
25936201
26017291
26204161
26231041
26364829
26470501
26947523
27105541
27265801
27441577
28207537
28403761
28504141
28670973
28678951
28727353
28758601
28850719
28914817
30071071
30529171
30798431
30970171
31116241
31277017
31315033
31474759
31695571
31817633
31902553
32099777
32239111
32264029
32434741
32817151
33149593
33294889
33717991
33796531
33847469
33989671
33995593
34060219
34209913
34657141
34865471
35295401
35922001
36142849
36937001
37299565
37492141
37964809
38239741
38277793
38496737
39214771
39272833
39545221
39669841
39937927
40266731
40916591
41069047
41303401
41710411
41848687
42788989
43036003
43275229
43611049
43646593
43825567
44370559
44628673
44656529
44745667
45100177
45379129
45879941
46310977
46633861
46702855
47020177
47259001
47375689
47388889
47664937
48110063
48390751
48408751
48507331
48660041
49019851
49253207
49423039
50699317
51413713
51600529
51775219
52181407
52204237
52476499
52483421
52519291
53218441
53542147
53876173
54255521
54757693
55028401
56022061
56034343
56059169
56514053
57511189
57903301
58430395
58679941
58718909
59156281
60481411
61363541
61624669
61770041
61805801
62785009
62897251
63318169
63419985
63618749
65144501
65383759
65739329
66998317
67619161
67902031
67916287
68245909
68363467
68894981
68967389
69128641
69885649
70154587
70555297
70857781
71238961
71592751
71700931
72098471
72467683
73402463
73550557
73902403
74644681
74674657
75469519
76431457
77309809
77526049
79333021
79361701
79525261
80441089
80903269
80929087
82205317
82242007
82353421
82452061
83248513
84350561
85393729
85619551
85907917
87238729
87466843
88219601
88751191
89445049
90363001
92267341
92511541
92948113
93063097
93582107
94025023
94760137
95212057
95597161
96053981
96232501
96278911
96356213
96742771
97059691
97752331
97924217
97967431
98728033
99381409
99656569
99827911
99971821
100223083
101270251
102191077
104404861
104524421
104569501
105395005
105640481
107465977
107687317
107903617
108596953
109047889
109437751
109879837
111501667
111654401
111678769
113197061
114089849
114329881
114966041
115191553
115804501
115852843
116090081
116701003
117619633
118172251
118245109
118387447
118506403
118566533
118623727
118694101
121816873
121820887
122220793
123998005
124610209
125236901
125446597
125868943
126633151
126939653
127250611
127371889
127688641
128116387
129205781
130072027
130288231
130606141
130944133
134117441
134295061
135220411
135476813
135647569
135969401
136689211
136916335
137154839
137200981
137987431
138609847
139363927
142641001
143512553
144531073
145603333
145943459
146272901
147663001
148910653
150435517
150917103
151006717
151438361
154492231
154944533
156411037
156936121
157358503
157368661
157459411
157581997
157853521
158301961
158416129
160225139
160940251
161158601
163340941
163441171
163790071
164138801
166087267
166113169
167656501
167692141
168723145
168808669
169396921
169771541
169820707
170856533
171328523
171922183
172272187
172521737
173678203
174060749
174223681
174284377
174385135
174435697
175007251
175459411
175788971
176597821
177556771
180460849
181647497
181934759
184071581
184588231
184611311
184993121
185040703
185510557
186354841
186998729
187143661
187546133
188516329
188524799
188985961
189278977
189324217
189904513
190212181
190365757
190786177
192513697
192800833
192996787
194649001
195218167
195654817
195921181
196287391
197320789
197696329
197805043
198073951
198138371
200030123
200083333
200100781
201131009
201366577
201809071
201853147
203631073
206006533
206246003
206304961
207132481
208686041
209171617
209736187
209947553
212473801
212941513
214287289
218043577
218698921
219628537
220081097
220471841
223993729
224769241
226366003
226457239
228990653
230996949
231405701
232460821
233322811
233607889
234610291
235338865
237321727
239806561
242067841
242650717
243178181
243774595
243855397
245388781
246570721
248290927
249515587
249675581
250024069
251366009
252714871
253447261
253613587
253935721
253943363
254825201
256153141
257460851
257623021
259263841
260107993
261938561
262870961
263661817
264085193
264225151
264350521
265687567
266292121
266313451
266569915
266687297
268695277
270342581
271552627
271565713
272615201
274927841
276501473
276751201
283571569
286392709
286412881
288086041
288522001
289772783
290197211
290344753
290556865
292821313
292918351
293924269
295289551
298204831
299671921
300507107
302773777
303220927
304788013
304854481
306578203
307061371
308568691
309935663
310693633
311671361
312485167
312773141
313338061
314099143
314150621
314154937
314311603
316349281
319053281
319440769
321833921
322762007
323604191
324264943
326266051
326695141
326931601
327264403
327735521
328906477
330016541
330262843
330801539
332728411
332797903
335520181
336273211
336311011
337135501
337512961
338253401
338878513
339115591
339573683
344066101
347006801
347434501
348329887
348668321
349138567
349193051
350763967
352498879
359283937
359696431
360018361
361656261
363941467
364375213
364570669
365270977
366373121
367156859
367228297
367866721
370711153
371376631
372211237
374346361
374923891
374993071
376146421
376957153
380476567
382304161
382435877
384472481
384872209
385593391
387199177
387955151
388077247
390612221
391064941
391431941
391930003
392918983
393398281
394980643
396231887
400762693
401275099
401427937
403726231
405232661
405468991
406175347
406682641
407282851
407945737
414395701
414876013
415200361
418044563
418192133
418226581
419666833
419852161
421958731
424641281
425309303
429199321
429890581
431340859
431925469
432523051
432942511
433533241
434363179
435860497
436523473
436805651
437778133
438306553
443525843
446715221
448563259
449857921
450674071
452178673
453457441
454398193
454766287
454858073
455347489
461280529
462081901
462587329
463628551
463705807
466850221
467090641
469121269
469328203
470063791
470273959
472202011
472708321
475646393
477004327
479305051
480479791
481183627
481967399
482124215
482164597
483338341
485188051
487683829
490234951
491075173
491646403
496589101
497185937
498706651
499998151
501068881
503935921
504870241
505782781
506008913
506832871
507219211
511203551
511495297
514564051
515725087
516058201
516764063
517110427
520468901
525033169
527002741
528524221
529493131
529656013
532094413
532941121
533290181
533320153
534880429
534943649
539019361
545220869
545738203
547778659
550821051
554118661
555593707
556016161
557127889
557160241
557220403
557221603
557834941
559724797
560448631
560528321
562310321
563905037
564186001
566969311
569720321
570455521
571373911
571412389
574692161
577232657
578185301
578258353
579732607
580186133
580653613
580666777
580747883
584774371
584868181
585281791
586435457
587428921
587444287
590751661
591686803
592769633
594161833
596821213
597250081
598428871
599135767
599960539
603374831
604246231
604888301
605281033
606886561
607276931
608917753
609361567
615916577
617718193
619204933
619302361
621356737
625482001
625536071
626651953
628652147
629055143
630062317
630072349
630888481
631140619
632602891
633604333
634467461
635165701
636442003
636561377
641069729
643238017
646872481
646908001
654984721
656227853
656723161
656793899
659846021
660790057
661795597
662945911
665498107
665742421
670208533
670567301
670987021
672579671
674183347
674194207
680860351
683116849
684210061
686059921
687039013
688285459
689079151
689812051
690652411
692725051
692758331
697373713
697544923
697791403
705883951
709004017
709046269
710562641
711210523
713070469
714619277
715704313
716230841
716738221
719305861
720385903
720819641
724503833
732496001
733172623
734515237
734793467
735228451
739470313
742694221
743064643
744478901
744889181
749407951
750122101
756318751
756647719
757158533
759622753
759814261
760777063
763509001
764283361
764666281
764899939
765378241
770330669
776081503
776342533
779597281
783446633
786194389
786218551
786256519
787838833
792350413
796652737
798667351
799082893
803014241
803831681
807004069
808724041
811891747
816917707
817315441
818874541
819104089
819696431
821421901
826141837
827517181
828609931
829303081
829368167
831024193
832127489
841217653
841741237
843703213
845376533
849606031
850402801
852729121
853239097
853555177
856950371
859769191
860995657
861133681
864680671
865028011
866884357
868173615
871337209
878940833
880951717
882387487
885493927
886618813
887141971
891717451
892171663
893583961
898379357
901984931
903393037
903409681
906844261
908090933
909369161
912070853
913983071
915743251
917380721
918165751
922150153
924718321
925126567
927353571
928714151
929211683
929559403
929781217
931869553
932298121
932773069
938290963
938443213
939188251
946537843
948834811
949376737
953370133
955134181
955371871
955938901
964924007
965587681
970005781
973368481
974845969
977737321
982664255
989908921
990729601
990983053
992185471
993321187
994885141
995890897
997488229
1001338771
1003062061
1004752181
1005402133
1006221427
1007323357
1008092629
1009052641
1013418337
1014527421
1015269391
1015914307
1018125187
1020225961
1020472367
1022868911
1025956037
1026583801
1032101461
1033658173
1037360521
1039247719
1043231941
1044242911
1048478413
1055163121
1059362729
1061829121
1061855539
1063259569
1063929421
1069388497
1070063191
1071552121
1078154101
1079536069
1080708091
1086706081
1089317941
1091327579
1091592631
1091925361
1091948051
1093555937
1093690621
1094733641
1096814021
1099754653
1100510413
1100624857
1105623091
1107379681
1110003493
1111502701
1118612617
1120297697
1123910581
1124351119
1126040085
1126262173
1129716811
1130322943
1134696067
1135428031
1136660323
1137320581
1137389749
1139128577
1140441121
1140573601
1141931617
1142023507
1143819667
1147844801
1149112651
1153164097
1154007109
1154814181
1157445451
1157575777
1158118105
1162684643
1162768741
1162991971
1164701521
1165668967
1168003201
1171264817
1172737147
1173961861
1178725607
1184694673
1193005477
1194419113
1196847667
1197763961
1197972559
1198071499
1198880261
1201147543
1202142061
1204059841
1206476305
1207338049
1213451401
1213619761
1214292433
1215354241
1218924023
1219858921
1220785813
1220989043
1223700787
1229956003
1230343451
1231910893
1232097751
1232516171
1239130999
1240182913
1243468423
1245132379
1247875903
1250981273
1252236421
1258547221
1264748869
1265748751
1266054193
1268392501
1273327301
1273816963
1278984061
1280313217
1284818533
1290369799
1290999529
1291773451
1297040671
1301700553
1305614743
1305652577
1305832289
1308758533
1309339709
1313172481
1314145841
1315032571
1316161529
1323807073
1324344341
1326543467
1331054401
1332313291
1343559533
1343575381
1347387361
1348480801
1348995187
1349461537
1350371821
1351184017
1351198489
1353440233
1358161681
1362726401
1363200833
1363735921
1369642459
1370444401
1372497341
1374303407
1375019101
1377008287
1377988201
1379388001
1381710961
1382453333
1384012351
1385142661
1385627077
1386398971
1390850491
1390911001
1391447723
1394655193
1395928381
1397169091
1400436337
1404253369
1404568621
1404745211
1408019017
1408050073
1408348451
1409052091
1409841721
1414154827
1416144133
1417383271
1423067801
1424287099
1425314521
1432204159
1432924151
1435913441
1436433631
1436623501
1437866561
1440984397
1444957753
1448466631
1449840547
1451016001
1453354081
1453876129
1454907439
1456667369
1456844033
1460152009
1461354497
1463267041
1464568381
1465702687
1466019691
1468246573
1468778411
1470308401
1476314551
1477422187
1478625451
1480849831
1488044111
1494595801
1496207809
1497092347
1501882201
1504873027
1506757177
1512395389
1514172001
1521530239
1529817171
1530898111
1533979973
1538071061
1538100917
1539180001
1539235189
1555316911
1557142099
1561901023
1563607081
1563617989
1563799981
1567090867
1568259001
1568516167
1569332719
1569936097
1570579201
1571038501
1571051329
1574719651
1577741089
1585372837
1588247851
1589192867
1590380731
1592892589
1596679393
1598982533
1606749061
1607530051
1614341431
1615998859
1618435171
1618701251
1619899667
1625509597
1627647751
1632031829
1632785701
1634861971
1635548221
1638294661
1640960641
1642484341
1645020833
1645859251
1647679591
1648562359
1650920129
1654203961
1659195253
1663725919
1666915309
1669354441
1673513731
1679082721
1680901381
1682594551
1683658591
1690914781
1694664287
1696259137
1697417021
1700718121
1701760373
1702123201
1706302153
1709909293
1718259671
1718747857
1719318121
1720913321
1722306779
1722679537
1724579599
1725278941
1727978801
1730843701
1738190981
1742008273
1743873539
1752172003
1755516673
1756727233
1764951371
1780258517
1780945501
1783004887
1786703497
1791426787
1794136627
1795065841
1796170351
1803308057
1807456033
1813581353
1819050257
1835112241
1835728753
1836291101
1839568981
1842710893
1844279011
1844283673
1844641891
1844795551
1851153181
1852869061
1859509513
1860373241
1866337201
1869875281
1871704441
1872398629
1873207981
1873384561
1875867121
1876485691
1878978977
1879201297
1880181073
1881337537
1882775467
1885915841
1887030181
1887845893
1895460859
1897658731
1898076241
1901843353
1905283801
1909839401
1920084949
1920301951
1922118769
1923932251
1928881633
1930534453
1936770697
1937105941
1940174209
1941094123
1941630463
1943951041
1948898429
1955175139
1961763241
1965021901
1967156881
1969242871
1970256151
1970707217
1972522861
1973895403
1976640967
1980709741
1985348527
1988292601
1988675053
1991288821
1991596993
2001148321
2003561051
2004250141
2018761111
2022738001
2028502303
2028685753
2030600833
2030923441
2033881201
2036628553
2041892161
2045685469
2054155399
2054711381
2059972021
2060823643
2061769681
2070771631
2072078143
2073313741
2075805577
2080640381
2082440533
2086236181
2088139897
2089416493
2090066947
2090370811
2103713371
2108568827
2114102593
2123112967
2125774759
2126100367
2142324367
2142945793
2147291821
2149134469
2150849317
2158963171
2159974891
2161323277
2161582291
2167577527
2170186021
2172950821
2174166881
2174349029
2175136133
2176164143
2179965961
2189191633
2189197501
2189267257
2189700833
2201924341
2202205897
2205763129
2210010493
2210621797
2212670723
2213057893
2217879901
2219931223
2225576123
2228454289
2230398551
2234003857
2234695231
2239490593
2239613281
2244979159
2247002191
2260728641
2262861901
2263594717
2267429599
2270816351
2280656953
2284072579
2284197361
2290361221
2292969841
2293945879
2293994371
2294455411
2301828211
2302061761
2302141393
2307054601
2308966661
2312430037
2314820377
2319724441
2321554921
2322109369
2327048107
2327340601
2335522393
2335706909
2339829577
2341678249
2344009253
2345428321
2352378601
2357430059
2362462723
2363390977
2365137793
2367009767
2368721851
2375894809
2377986421
2379981121
2380404749
2383164577
2384502817
2388733877
2389012435
2394862751
2396454799
2402691103
2405914759
2407398757
2408462449
2412172153
2414673271
2415409411
2416063789
2418525607
2422236601
2428158643
2433344897
2436691321
2439136099
2439600833
2441249809
2441717587
2444736533
2447469883
2452359457
2455840141
2464316551
2476540639
2480139601
2482919441
2486661139
2486831491
2489647861
2493698131
2495393335
2503327549
2507171801
2510878081
2514936079
2519186671
2526939433
2527673497
2530571041
2539839727
2542290643
2560891327
2564831249
2565436301
2566804501
2576446753
2579163931
2579214529
2584152565
2587705669
2589001309
2597294701
2598933481
2600208773
2602171951
2603164081
2607156271
2607251431
2616180821
2618334601
2619938401
2626769521
2633771299
2656433531
2657314351
2659423141
2660275171
2668673251
2671029343
2674839511
2690411257
2694171037
2695064653
2696851441
2704329019
2710987613
2723910103
2723932801
2730595501
2734170067
2735625799
2743738003
2748697579
2753719741
2761096081
2763142649
2776123461
2778076421
2785407871
2793812113
2794587643
2807990431
2810725261
2813925377
2817103873
2822521411
2842307621
2844147601
2847423001
2848065109
2850473389
2855290901
2857618937
2866783501
2866872781
2871974561
2881731751
2887282129
2889079201
2889404071
2894421157
2899638523
2904238351
2905344751
2906284841
2907625801
2913401611
2921434837
2927963231
2928676747
2930831641
2931878071
2936227603
2944080133
2944141183
2947018141
2951136343
2951312209
2957499931
2958453401
2958705223
2962624579
2970004051
2971480381
2975096953
2975992601
2982072601
2986220929
2988031201
2992013641
2992394501
2995033267
2995526773
2998970087
2999871361
3007699921
3008333333
3009018601
3010303801
3011105827
3015777493
3035854153
3041596729
3049386451
3064189031
3066256981
3075340903
3077122133
3077802001
3078042169
3079153969
3082068013
3082355443
3083025877
3087935561
3088110455
3089280793
3095300077
3112723351
3115882999
3120056497
3121855153
3123578849
3123781345
3142095661
3146902111
3150972917
3151353941
3152711161
3158016401
3161527483
3163014161
3163106953
3167134813
3169830751
3171062701
3172327849
3180286357
3181356263
3184058957
3185506369
3188825161
3202626169
3204225301
3206924209
3214070927
3216762067
3218185301
3219458923
3224109701
3224144191
3225108797
3226607623
3226864033
3228044821
3229328467
3231081169
3237992101
3240703229
3253322881
3255246091
3267761381
3268990561
3276102787
3281593591
3282158419
3282974857
3284679379
3286184287
3287174129
3291182533
3299532251
3304301393
3307251221
3307304781
3308512771
3311236741
3317634181
3323590463
3323989261
3326803201
3332340703
3363483589
3364585801
3374957881
3380848153
3387014401
3391347247
3392310501
3392394721
3393773489
3400714021
3404154151
3417451363
3421176877
3430091491
3436450951
3437907019
3439392769
3442833857
3442964671
3443019667
3445868983
3446146201
3449892601
3450007651
3450935503
3453086513
3453354607
3460072249
3463907761
3464052769
3464369581
3467319967
3469129201
3474335437
3481528753
3483871969
3485894371
3486888901
3504059791
3504570301
3505667761
3505895641
3507368419
3515611537
3520909237
3524962321
3525897337
3529192153
3544200551
3547080781
3550378129
3559730051
3565977451
3570416011
3571568353
3584542681
3586004173
3586532617
3597507607
3600724339
3600908617
3611117357
3612825221
3615489781
3616284631
3616574081
3622784497
3625328981
3628122101
3628526287
3636081721
3636808255
3637389793
3637791751
3638987857
3642034261
3656012491
3664694713
3665242951
3665630701
3670404301
3678021181
3681548821
3684504691
3685038757
3687246109
3690447517
3704116219
3712076521
3718154917
3721689089
3724542151
3724855135
3728463481
3729361057
3729774547
3732063739
3746348017
3752632633
3757630801
3758383207
3768275429
3774983941
3779112079
3780257881
3786019201
3787284821
3797234443
3799219951
3800306971
3801785797
3802283311
3815986267
3822308461
3828539107
3829656403
3835457341
3835728991
3836732311
3843589933
3854441431
3856496297
3856732921
3869668351
3874186471
3877165657
3880249927
3882346903
3890619097
3891892421
3892928203
3895046191
3902777011
3910477645
3917319841
3923441671
3930291361
3935864017
3937994413
3941075647
3951472961
3954245329
3954334159
3971095301
3973599239
3974509657
3975476671
3976432711
3979928161
3984377851
3985996967
3987960913
3990707295
4000960721
4008491821
4013281081
4013672041
4014432577
4033443853
4039704853
4045033099
4059250651
4060856629
4061729101
4065445283
4066707709
4073094397
4076107811
4079441701
4081213117
4091041501
4098561601
4102768289
4108457341
4108970251
4114335131
4115891893
4121286907
4126305349
4127050621
4130060161
4135285369
4143002257
4157487001
4173645169
4185598297
4187318719
4193656651
4200307801
4202817481
4206695677
4210095667
4219879093
4219975813
4228501051
4240379641
4246144321
4253981047
4267640833
4273734433
4281876271
4282136321
4288625947
