15
451
1141
1247
1541
1661
1991
2413
3097
4681
5611
6191
7421
8149
9637
10081
10217
12083
13981
20701
21953
22633
27331
28073
29341
32551
38081
38503
38963
40717
43213
43905
47461
48133
51661
55969
60691
65041
65281
68101
68251
70579
81631
83333
106201
109061
109771
114017
121301
136039
144841
146791
179371
201713
212717
218791
231181
251521
256961
272161
277111
282901
300641
314821
317861
340033
345313
349309
350407
356393
362113
365761
388321
393319
398413
443197
446941
498191
499393
514447
521921
529849
534691
564719
607609
638011
640921
645679
653333
657901
690481
735913
745889
803701
811921
812197
846793
847261
850513
875977
878219
895847
896239
929633
943669
943979
1024651
1038799
1044577
1053313
1118657
1120571
1128871
1132657
1141141
1241641
1314631
1318171
1361837
1373653
1394171
1463443
1496161
1517221
1596403
1596991
1604401
1734751
1745089
1820729
1834801
1861003
1869211
1884961
1888363
1911115
1963501
2085301
2111131
2182267
2337301
2341279
2429521
2457599
2489527
2508013
2510569
2517763
2530561
2559113
2629801
2674603
2759509
2848217
2871571
2964673
3116107
3125281
3252991
3297361
3297649
3310471
3364001
3391249
3551087
3609341
3647621
3796291
3940399
3960181
4014361
4177507
4242817
4293181
4324741
4382641
4411681
4454851
4504501
4638871
4811851
5111501
5171059
5176657
5421271
5481451
5606527
5635351
5744935
5783849
5826817
5836373
5849677
5981401
6058681
6168793
6231331
6251173
6278533
6350941
6417601
6539821
6560947
6636871
6696097
6749021
6755251
6765883
6868261
6892213
6898943
7166611
7268413
7439641
7497163
7711729
7712629
7725901
8086231
8231653
8293381
8417281
8420743
8502551
8559787
8590441
8761553
8795401
9073513
9131401
9146831
9341263
9343531
9784915
9834781
9854461
10014271
10063253
10303151
10425511
10461431
10620331
10818893
10837601
10930459
11158753
11206291
11328409
11564897
11860001
12113881
12120791
12326281
12494491
12885679
12890503
13072879
13281529
13532681
13605509
13694761
13951189
14005441
14017109
14055361
14166871
14725099
14783203
15018751
15123151
15188557
15266801
15466969
15486659
15576571
15720013
15882217
16462297
16575421
16735489
17153401
17164913
17237611
17630461
17638657
17911807
18212881
18225703
18366937
18662869
18673201
18679879
19507841
19579519
19744811
19868551
19969571
20234341
20310751
20351563
20862623
21044981
21294991
21404911
21578377
22028203
22035917
22187791
22533761
22678657
22828651
23087063
23095717
23142307
23357773
23822329
24198043
24482503
24807421
24904153
25286353
25414201
25502891
25981957
26017291
26182823
26224141
26332181
26401681
26455153
26480287
26644795
27032671
27532657
27694301
27808463
28708219
28730491
28989871
29143781
29903407
30069241
30141469
30157219
30565417
30817645
30958201
31287721
31315033
31864267
32053531
32274199
32429431
32598091
33195121
33328331
33598291
33796531
33842071
34082701
34338277
34696531
34811911
35050921
35877889
36120901
36314371
36421201
36469057
36630793
36787771
36981601
37006741
37072231
37649503
37656013
37667137
38226959
38248981
38423729
38624041
38722301
39154081
39347573
39378961
39578053
39792565
40102063
40621591
40784633
40795861
41424137
41798401
41837177
41843761
42092341
42129613
42385883
42430441
43150501
44362243
44403521
45018001
45324595
45791371
45973621
46112921
46543213
46597951
46631971
46912051
47253781
47405837
47759041
48075821
48182149
49506721
49573627
49744841
50516155
50649751
52448371
52863553
53269651
53294029
53377171
54239041
54459841
55570393
56002321
56286019
56322961
56423599
56525491
56681353
58344589
58986091
60683041
61363541
61754941
61770041
62540861
63300173
64020001
64951501
66181699
66202741
66345221
67706501
68102641
68327929
68717287
68964121
69245273
69280501
69661513
69869231
70278571
70771307
71345633
72721097
73429553
73527301
73530181
73755631
73922663
74328013
74574737
74620739
74927161
74948611
74985607
75263371
75297637
75823457
76164013
76549901
76887757
77053453
77439521
77931739
78274621
78299131
78304549
78364763
78520639
79102765
79380883
79497601
79511203
79774361
79786523
80896321
80903269
81571001
81816547
82521583
82630369
84022373
86067367
86743691
87167971
87217957
87456377
87857827
89998273
91367431
91935947
92037749
92131771
92303857
92631841
92917921
93268855
94602301
94620241
96142927
96569651
96779071
97071211
97253539
97676723
97865737
99151981
99510247
100424041
100907047
101547217
101657041
102482407
102602719
102924109
102981523
103149019
103874461
103885601
104220703
104262631
104569501
104663089
104780213
104930533
105831181
106247809
106362001
107543333
108324701
109104337
109427291
110413333
110555971
110709523
110740999
111291181
111461981
113027461
113197061
113552861
113605201
113742751
114305441
114366313
114384799
114713281
115804501
116151661
117060217
117662981
117845713
118262497
118566533
119388281
121820887
124977061
125122099
125225953
125916451
126820387
127176757
127513751
127547401
130506931
130693393
131496371
132542407
132668857
132822133
132949801
133579993
134767153
135013451
135234331
135358831
135969401
135996631
136746751
137212741
138003553
138069647
138409483
138828821
139201849
139592101
139810133
139952671
140553601
140889601
141079537
141800251
141921721
141968221
142131553
142673683
142924009
143520833
143787673
144505271
145127617
145469881
145691491
147028001
148415737
148837831
148910653
149196079
149941837
151482241
151669591
151788253
152696741
152797927
155859241
155980441
157024981
157368661
157687003
158162887
158175343
159104129
159457121
159874021
160112191
160210441
161304001
161981821
163193473
165283471
165774727
165938653
166595131
167696317
168059401
169198751
169234003
169273633
169558159
169655641
170856533
171275959
171733591
173696359
173866681
174167407
174325649
175616101
177167233
177365761
177710413
178085893
179593501
181992961
182026081
183082961
183554407
183778607
184603417
184746889
185040703
188209081
188821951
189098869
189686503
189944353
190212181
190761731
190993441
192346153
193186531
193558369
193875557
193949641
196049701
196287391
200801089
201008767
201809071
203071903
203631073
206006533
206017081
206976001
207654679
208947217
209561239
211487209
211608331
211632373
211887521
212559915
212938361
213390673
213758621
216727561
217401493
217522561
217966321
218053859
218112133
219323413
220701601
220883521
221229631
221884001
222123799
224737021
226786577
228085831
228423889
231779659
233148889
234870301
235319699
237691441
238423711
239986693
241145641
241370179
241508359
241560971
242647921
244472353
245413463
247003093
247794611
248476897
249115309
249269791
249993101
253158751
253859783
256470259
256911869
259162273
259489441
261416881
263506769
264104509
265258099
266521789
266867371
267559627
268626181
269526097
271192321
271565713
271633651
271830469
273521189
274617001
278134081
282707539
283020013
284468549
288086041
289055371
289150831
289866529
291178801
291190681
292845001
293606839
293895841
294790771
295572289
295768133
299088193
300164287
301413001
301870999
303651041
304384117
304900201
305872001
306191621
307061371
307116701
307946929
308208061
308568691
309058177
309171169
309935663
311076001
311272243
313380971
313989931
314924191
316898893
318849607
318862783
319044041
319195801
319482931
319526377
321056569
322913743
324552457
329315401
329901001
330159061
331623307
331690453
334574461
335304691
336119327
336770113
337994329
338455153
338737457
339674581
339713833
339764101
340537201
341389021
343026091
343477681
344164087
344776301
345506113
345675961
346325761
348141301
348400963
349470703
349776415
350022401
352459697
354386821
354870431
355043569
355719493
359696431
361047457
361173691
361198241
362469151
363365137
364571677
365172697
366429533
367545803
367792181
371675221
375693121
376404689
377303543
379732501
380142757
382114711
383470541
390609941
393094969
393371621
396106261
396332399
398973961
400114009
400142167
400207393
400374253
400395997
401635909
406761587
410454409
410786039
412936327
413183539
415770713
415800703
417516289
419894021
422449801
424279621
424421353
425716927
425848781
426019621
426515851
427578751
431230681
432525607
433559501
433634401
433812229
434607673
436817071
439998511
440306461
443353633
443440927
444223261
445448641
446365279
446715221
448360381
449608321
449642971
449799967
450640667
451631041
454827559
455232181
457320533
457431437
462540331
467491753
467832421
468998977
469784561
470000833
472630159
473012677
473617513
477002101
479489557
481637381
483505513
484584829
485163401
487538479
488085251
488207501
490077001
490703617
490894111
491646403
492551431
493961737
494937763
495062443
495161461
495299251
497514961
498195961
498662561
503626243
505483441
508873009
509624257
510779039
511408171
512768959
512913221
513080129
513431101
514564051
515281807
516720163
518504533
519167617
519319607
523367911
524151253
527033605
527278127
527954017
528992669
529878781
530181887
531393391
534250393
534412171
539019361
539537941
543038581
548870297
549214111
549557251
550781089
551181511
552783241
554494951
555102871
558320039
559702153
559980091
560484307
560531017
563298061
564770081
569197201
570121381
570214891
571383619
571389001
571823533
572123521
574870753
575606461
576691741
578185301
580786331
581055623
584868181
586830577
587683621
587934001
588604873
590356357
593584357
593911319
594593281
595616227
599786929
601056457
605253221
606895531
608917753
611359951
614710027
615416341
615760133
617620537
618012011
618359941
619393921
619770433
620068051
625310141
626123161
626497741
628197533
628754221
631656901
632792831
634559917
635165701
635753581
635960651
636620401
637012531
638903233
639859501
642048317
643449691
644010253
647001757
647190253
650061301
652923521
653037211
654454261
659664721
661321511
666288001
667081801
667563487
670475761
675236329
677711063
679934041
681044071
682114241
682532083
682675183
684266671
684350833
687128671
687721591
692446921
696032791
697332497
700252673
702913513
705883951
707265451
715689577
715898737
716332061
718944227
719538431
720385903
720440033
726665647
729099181
729856837
730174513
735010831
735166531
735774661
737157581
738946741
739644193
740005759
741181547
742351741
743404663
746864071
747628267
748959709
748967551
749172821
750235879
751268359
751737911
752416601
755048449
756629941
757158533
759431251
767712331
768037001
768147409
770114971
773014451
775136251
779819587
783326377
783518821
787085857
789375511
793880371
794321909
795073483
795178231
797050603
798356791
800018221
801870301
802355329
807115753
807477581
810097601
810389545
811478533
811854737
813026341
814902481
815430533
816078271
818611921
819153557
819857501
821376533
822473029
826006897
828957403
834451129
834784039
837902431
838021313
839635651
841217653
842882617
843069937
843161887
846649957
847204663
847297987
848037823
853508059
853799059
854510959
855006841
855734401
856550101
857185489
860334301
860988169
864104561
864711637
867241511
869851009
870559777
877185781
877532671
878940833
879706741
882096049
883260641
887266801
887570599
892715221
895054081
895261553
899937281
905014081
905333761
906471301
915635557
918400033
918766201
919510381
919891201
922845241
932148253
934290251
934968217
935418301
938376181
941548753
942794791
948845017
949771171
952881253
952916801
952927643
953370133
954472135
955371871
956558387
958501279
960805567
962321473
964490671
969450241
972471151
973368481
974192941
975817987
976794841
977829733
978638221
981250051
981357703
981553039
984357361
984716977
988145341
989187739
989810251
990816679
991938251
995548511
997855447
997869727
999094801
1001064637
1004288449
1006081441
1006116931
1006916353
1007713171
1017699061
1017968641
1018153153
1019494081
1026835591
1027744453
1028591801
1030336651
1032101461
1032149831
1033114513
1036405345
1037801447
1037849177
1042647061
1047340963
1048187641
1050721561
1060109383
1063194751
1064739041
1064942393
1069110157
1069434361
1070063191
1073066881
1073792761
1077808513
1079035651
1080124657
1080425119
1084382461
1085117101
1086667987
1088226731
1089682837
1090324561
1095205801
1096651921
1100927281
1101404767
1103072821
1105782913
1106443333
1108706857
1110148033
1112103541
1120836193
1121176981
1122929641
1123406047
1125579601
1127495209
1131697909
1131889681
1135902931
1137402631
1138265941
1142300503
1142850913
1144852337
1145409817
1146920321
1149032981
1151245657
1152088033
1157724577
1161672049
1163343239
1166240833
1166293591
1168256953
1168668541
1168692949
1170562093
1171198547
1175136481
1175296657
1180550197
1180970407
1182011041
1183338241
1190753407
1192412033
1204176751
1205045761
1207217353
1210774751
1211006521
1221767831
1224200801
1225671751
1230466231
1234290919
1234646533
1243051051
1244887051
1245132379
1246741367
1248920093
1256749993
1257102001
1258903981
1259451073
1259514281
1259867071
1266003461
1268976011
1270193401
1273050563
1275370237
1282875397
1286763997
1287709741
1292751617
1295074171
1297156591
1302145267
1308544903
1308619843
1309382713
1314725809
1315338457
1318530301
1324344341
1325081237
1325761037
1326448621
1328322451
1328560801
1329517583
1330655041
1331061887
1333748251
1337868661
1338077539
1338902531
1341744517
1342833983
1343880883
1352401597
1354991653
1356779521
1359581311
1361771269
1363200833
1363871251
1371328081
1373410081
1373452033
1375236721
1376173621
1376331833
1382453333
1384962419
1389556783
1390655251
1395564127
1401840833
1406883061
1408600813
1411672673
1413112411
1414755619
1418437021
1419459121
1424547977
1425911953
1427840137
1427876839
1429196269
1431044161
1432548937
1435661569
1441097659
1442742931
1444588241
1450784567
1452705841
1453504951
1454704591
1455266413
1457596489
1460115763
1460142121
1462038197
1464087601
1467817471
1470091001
1473460777
1475522413
1478602441
1480743133
1485065537
1486078903
1487387611
1489506481
1499325733
1500759751
1503037369
1503780913
1509077611
1516971301
1517122331
1518738157
1518836971
1527763333
1529705629
1531002523
1531245379
1534673729
1543776301
1544903011
1547848237
1548553609
1554811831
1564278211
1564753501
1567042051
1569144547
1569179897
1570997431
1573314731
1577194561
1577778931
1581025597
1582310857
1582527241
1586492113
1588247851
1588472341
1590045931
1600425773
1600839553
1601181121
1602185971
1616767939
1618435171
1622328217
1628689591
1634695021
1643759237
1644513361
1650187993
1650287083
1652302891
1659062401
1660452751
1665597781
1667236201
1667424529
1668207731
1674503821
1675727857
1680631159
1683878689
1686298447
1686354757
1694408449
1697706451
1699279441
1702140301
1703130133
1706114719
1712127241
1715720119
1719138241
1724125751
1726799911
1728834889
1729369651
1729741469
1729918081
1730009251
1731931879
1734482053
1743657931
1748630753
1751933273
1754128069
1756392031
1757148121
1759420141
1760706811
1767748729
1768357171
1772998681
1776399059
1783669891
1786751063
1786970791
1793631709
1798592041
1800566561
1801925707
1808205701
1808754781
1811444461
1812536833
1821800611
1822479751
1826830441
1828051627
1828182427
1835061703
1852869061
1861026133
1867238101
1869875281
1877445571
1883599051
1886657137
1890061213
1891821439
1893873367
1894818241
1902303721
1913422591
1920640177
1924201501
1925947771
1937105941
1944361537
1948291201
1949984929
1953542081
1960577189
1962490871
1966182401
1987966657
1989628327
1990056797
1990566187
1992809017
2010462607
2012104249
2014210729
2018761111
2019273895
2024869991
2026579369
2029783267
2030516251
2031881281
2035201411
2039986187
2042467741
2045584711
2046408787
2048649091
2057853061
2059739221
2067263113
2069485013
2069867791
2072488771
2074544033
2086236181
2087028067
2088276737
2092130821
2094177403
2095330381
2098938241
2105620021
2107449271
2108206409
2113869941
2114102593
2114619697
2115480553
2115769633
2125526581
2128021633
2130156361
2136357055
2139075937
2139462991
2150969633
2152643557
2155604617
2156100421
2156216567
2159239219
2162366251
2165069761
2168657317
2172857611
2173406821
2175136133
2183757409
2191330261
2195607943
2201924341
2213208901
2214795101
2216267467
2219008177
2219615201
2220382627
2220540967
2222107843
2229367351
2230763179
2231277151
2238634693
2239383511
2240825581
2245615949
2257572013
2265962497
2269506313
2271443329
2277117701
2282776651
2286489397
2294611777
2295158953
2296894753
2305286951
2308966661
2310142321
2318964821
2319724441
2319891307
2325899021
2326319101
2326871399
2336219471
2339347063
2339712169
2349853969
2359981109
2361445049
2363722241
2369602813
2369843521
2373720091
2376769741
2385364087
2386800001
2403623713
2404526837
2407191181
2420630213
2422236601
2423075201
2425249601
2430590131
2431144801
2432761633
2435163343
2441432503
2442050353
2444993221
2446893703
2449191841
2452746671
2461676197
2462440753
2462662801
2464977667
2472431959
2476333157
2476964641
2478406673
2478708601
2482435981
2486598913
2488588801
2490436903
2493698131
2500517587
2508343657
2509649201
2517714091
2520648397
2523011761
2536918999
2539839727
2543211763
2545660981
2561857943
2562814621
2564530321
2564594059
2564831249
2565085141
2567513521
2568560051
2572151401
2572432801
2573866153
2577770561
2579147797
2596097911
2600826229
2604128651
2611561313
2614688801
2618883751
2623100899
2630900521
2631641431
2633064281
2649744257
2651564021
2655271249
2655903781
2656493659
2657314351
2660275171
2661906001
2663436301
2670171059
2672509841
2672552131
2676053333
2677334059
2683025627
2684791981
2686816133
2695064653
2697148801
2699471503
2700901369
2702710279
2711979217
2712724291
2712927661
2716344661
2719095421
2722642849
2723521321
2724552907
2725799959
2735313811
2735823511
2737581481
2738491211
2746494133
2750231017
2752534271
2761545403
2770560241
2771071031
2776453237
2780668703
2787062459
2788398413
2789018821
2794990177
2798992811
2811419209
2817144049
2817478249
2827428341
2831111771
2838567391
2840890051
2845837861
2847823829
2853118847
2854281673
2860297111
2860846721
2872948321
2873765143
2876890213
2877475141
2882455369
2889079201
2897130979
2900333521
2904676633
2908326767
2908558891
2910431899
2933588503
2934533281
2939594407
2942828767
2944080133
2959277263
2967053953
2969488961
2976407809
2979666259
2987852251
2991200941
2992248631
2994946937
2995781143
2998633441
3000119329
3000151201
3011304901
3014193001
3018593251
3023317261
3028436713
3029174899
3031492729
3035357921
3037464691
3044238121
3044318761
3045027277
3047224001
3050406241
3054297403
3070208261
3077802001
3077926831
3078386641
3079878931
3082068013
3086097085
3093430927
3093769801
3095545741
3109453309
3109669669
3110830003
3119884093
3126620737
3142863751
3144031801
3163379617
3169830751
3172953373
3176138851
3180981781
3182661619
3182945221
3184016191
3185944273
3187421077
3189732781
3192183151
3194858941
3196681601
3199531501
3209135863
3210618601
3210950341
3211997891
3215031751
3219592147
3232141561
3233558021
3235332193
3240242513
3248561821
3255266629
3257334541
3273820903
3275012881
3278313865
3285725701
3289780537
3292307617
3294247169
3313963031
3322130111
3323829169
3331394837
3334200061
3336384031
3337610743
3348855557
3349997731
3354154159
3355674799
3365345017
3365494273
3374598781
3377927323
3378500161
3380797603
3389409871
3390067481
3392265673
3393758791
3396162829
3399415867
3400458931
3407952169
3414771697
3414824557
3442964671
3450935503
3453354607
3456581701
3460390429
3468046819
3485778001
3485894371
3492297817
3497127089
3498556231
3508353377
3512859673
3517842439
3523954141
3527381089
3529344607
3533166271
3538213381
3539578501
3542828801
3549842221
3555906481
3563551991
3573430873
3575224669
3578360917
3593342461
3597905683
3602550451
3616680061
3635742301
3638653201
3639431629
3640221289
3640903111
3651150331
3652672789
3660449311
3682471321
3682630327
3689978449
3696437831
3697696157
3708583651
3710559007
3711047701
3712618279
3713327911
3713521033
3726572851
3737346049
3751554581
3758383207
3759621601
3762124381
3776524201
3783507931
3784302721
3785972863
3787284821
3790142821
3801967049
3806451427
3813919453
3816081361
3820951681
3829656403
3832582043
3846728491
3848013541
3854088613
3858061477
3860781299
3864538261
3868182631
3869668351
3874288891
3883439647
3884199713
3896103559
3896685631
3908413559
3916489571
3916808461
3917814697
3929293061
3936225763
3937526911
3939469091
3949249501
3954725681
3959921521
3960653029
3961492393
3964692673
3974080889
3975669553
3983868001
3998375201
4002433051
4007101001
4011325697
4034370911
4035028861
4041356801
4044096053
4045222081
4046045257
4046761909
4052085121
4053267217
4054692601
4070235731
4083197509
4083919057
4088290051
4091041501
4092134881
4092929149
4107966481
4113742057
4115881207
4122282079
4129762093
4132202941
4134447131
4143172177
4145880961
4149101017
4180230127
4184510221
4187016611
4187906581
4191829921
4195630171
4199132281
4199640727
4202084251
4206758533
4210095667
4214623001
4217502449
4220175961
4227636337
4227744469
4234235149
4235818861
4242354731
4243002619
4244707297
4247361901
4248035011
4252412503
4255766969
4256352907
4266769313
4267640833
4269418939
4275230917
4286217541
4294312993
