15
25
75
91
299
1037
1771
2821
2941
3097
3367
3475
4187
7421
8401
9361
10553
11989
21475
24431
24661
30073
33251
45141
48133
49771
52417
54901
57553
62261
64681
66025
68851
73555
80137
85289
88507
88831
90751
94609
102853
114211
119401
146611
146791
154513
175111
179371
179401
202111
206981
232687
235321
239149
268867
269011
277733
287715
303241
359341
359401
395557
408025
470017
479941
506353
511741
522349
526891
537473
561601
566425
579377
601891
625321
638611
646921
667459
670033
690781
701143
722261
736291
760021
764491
764941
765703
769567
773051
777547
801139
803701
844027
844147
851851
859825
872051
896041
902831
947953
974965
991117
995861
1056925
1068301
1084201
1090987
1103077
1134739
1194761
1226413
1297741
1328471
1361851
1373653
1394303
1530787
1603213
1636753
1669663
1703521
1735841
1757251
1930015
1954207
1965547
1987021
2044307
2057161
2079317
2192725
2253751
2290289
2360821
2392261
2407609
2442277
2512621
2536831
2575501
2613587
2681309
2780381
2848217
2884669
2943851
2958103
2985025
2993971
3059101
3060541
3063751
3076481
3167539
3316237
3383353
3418273
3463781
3488761
3500425
3565823
3645991
3715897
3850001
3862207
3890881
3898129
3913003
3933391
4181921
4224533
4543621
4588307
4616353
4672213
4854529
4865251
4906441
5044033
5146759
5176153
5202121
5245381
5481181
5611393
5723677
5813081
5888401
6018431
6213049
6265441
6294601
6321187
6508417
6681341
6760531
6798985
7002521
7007851
7143571
7295851
7324129
7344947
7723451
7981777
8082823
8333333
8346001
8385175
8417251
8437339
8609419
8829451
9125059
9281791
9493579
9543701
9624401
9670873
9993631
10089601
10134601
10334101
10422161
10501681
10672663
10762075
10948483
10961731
11141431
11144017
11210431
11281537
11518963
11677541
11712691
11936497
12032021
12169711
12205873
12563681
12574999
12890503
13012501
13012651
13104811
13443661
13445881
13550725
13647691
13692013
13707457
14126491
14323951
14497267
14555221
14580563
14614417
14742847
14842301
14843767
14878171
15576571
15913261
15978007
16462297
16705021
16755481
16859611
17013289
17129921
17295601
17296021
17473891
17542801
17729141
18029551
18119501
18658621
18745147
18888799
19423961
19479601
19609633
19983851
20081953
20259037
20272253
20514691
20770621
20953591
20982367
21042071
21122371
21414211
21430951
21611581
21925063
22187791
22191553
22269739
22384181
22447951
22468177
22669501
22947181
23308951
23430169
23547151
24147775
24689939
24695983
24904153
25023475
25172033
25617601
25676981
25696133
25859767
25936201
25942561
26360401
26678161
26977001
27152173
27230701
27331921
27374239
27381547
27525313
27872443
28165957
28606021
28672099
28914817
29054257
29229383
29984635
30219757
30291661
30371923
30685169
30972901
30978871
31405501
31548469
31695091
31949221
32355809
33304361
33311827
33312091
33600533
33666949
33796531
34032451
34252921
35137279
35220121
35798491
36736951
36814273
37208485
37248391
38696347
38826391
39083381
39083921
39982097
40272013
40465501
40583251
41657621
41661775
41662297
41899981
42460367
42516263
42702661
43146181
43838341
44212807
44212951
44935021
44958841
45341381
45383911
45694369
45786133
45796801
45879941
45931117
46212661
46457993
46633861
46672291
46679761
47802977
48191653
48247201
48764179
49020301
49023151
49030381
49694077
50102551
50581081
51183469
51425011
51627817
51716101
51876301
52839811
53037319
54414361
54772081
54816059
54837649
55279783
55450387
55830251
56052361
56574829
57253561
57481673
58003213
58060981
58271401
58282291
58338451
58869811
58890421
59309251
61100551
61491187
61539239
61799011
61872623
63210151
63771991
63983851
64271351
64280707
64377991
65406541
65423827
65516669
65565457
65936101
66508075
67103401
67432961
67902031
68154001
68182003
68297971
68391559
68462551
68717881
68845393
69747113
69985921
70555297
70886341
71094223
71244811
71760001
72604561
72611701
72805981
73032851
73410301
73527301
73616929
73705633
73828261
74342171
74454229
74705401
75621281
76027513
76129987
76495721
76894651
77146831
77555713
77812153
78612337
79555021
80009141
81596513
81922051
82582529
82690051
82870517
83245261
83686429
84164033
84303001
84354821
85288621
85446571
86385587
87107593
87650413
87938111
87968857
88132169
88741171
88928431
89730145
90087301
90214741
91104367
91116439
91798991
91877017
91924093
92267341
92625121
92794477
94096633
96398569
96834211
97071211
97397671
97836289
97948481
98779441
98876701
98939263
99115297
99443071
99882151
100075921
100188817
100404461
100618933
100907047
101381371
101519057
101649241
102333529
102358747
102469469
102900491
103788301
103983907
104933377
105558787
105919633
106485121
107051701
107167607
108906901
109197775
109529809
109854037
110044741
110274193
110606761
110736151
110840959
111174001
111280303
111607471
111914497
112138393
112292041
112702591
112798579
112917841
112918591
113183101
113189401
113605201
114366313
114895691
115054213
115547741
115804501
116385751
116701003
117186037
117435839
117640711
118737901
119450033
119795761
120323831
120982801
121935121
122658427
123207229
123513601
123771511
124000651
125050537
125883667
126202877
126476533
127286341
127664461
128656753
128891731
130789351
130944133
131238571
132051151
132824341
133027075
133579993
133726601
133838659
134128411
134138863
134696801
134741179
134746921
134960029
135127861
135632423
137267929
137632001
138736153
138958531
139295701
139810133
139883477
140052451
140677681
141172523
141527341
141598783
141744763
142015021
142342201
142673743
142943221
144020449
144571051
145448941
145469881
146291641
147654053
148047321
149389633
151997473
152716537
152751997
152880097
153361189
153589801
153739525
154287451
154513633
155859241
156052651
157052575
157372051
157478017
157542533
157790023
159081841
159874021
160730389
160906351
161304001
161459713
161504257
162586771
163140847
163756081
164602369
165588413
165938653
166046881
166595131
166757641
168727021
169193599
169333921
170584961
170856533
171125249
171141991
171147601
172272187
172379117
172436713
173218501
173447803
173678203
174167407
174505831
175315591
175638901
175883041
175973401
176590213
176977921
177455701
178356767
179467201
180264709
181011169
181026049
181503691
181670539
182325511
183228347
183782479
184353001
184960621
185752927
187084483
187176601
187201651
188771329
188988619
189686503
191657941
191852501
192797211
194159881
194706823
196523573
196765651
198850891
198861167
199789441
200418751
200624281
202276621
202738081
203269177
203432689
203592907
204695167
205832057
206894161
207915361
209459279
212037751
212571941
213479639
216347167
220471841
221391227
221821111
222403951
224582221
224870017
224904809
226366003
228676933
230392441
230433601
230534611
230851621
231299713
231697441
231779659
232460821
232507243
232790251
232940161
233242673
235460629
235998401
237656431
237687851
238100539
238200901
238706929
239395349
244644901
247752781
249414859
251416819
251928379
252908797
254527561
254781451
255889279
256437919
256929681
257463775
258070237
258779701
259765747
262503047
263688049
264350521
265444453
266550773
268855231
269102261
270117901
270362023
270466109
271194893
271565713
272155069
272343751
273818611
275926459
276252551
276664831
276694111
277464793
277477903
277591537
277673923
278915401
278943061
279196097
279285859
279540971
280116917
282147997
282589651
283210049
283511783
283732621
284443237
284562679
285111667
286154131
286681201
287350561
287737207
288683257
288735277
289105741
289509571
291918079
294740129
296213503
296938951
297017785
297499339
299226331
299569051
300150481
300164287
300580237
301241161
304593241
305372575
307061371
307812025
308337301
308343421
308550061
310693633
311016737
311565025
312679441
313386191
313858733
314056153
314184487
314624971
315595597
316094941
316315117
316366669
318456181
319113791
319287151
320211641
321021037
321038279
321845827
323419501
324775453
325460581
325873675
328377071
330711011
333072541
333229141
333451927
333879361
338455153
339195097
340775569
340813717
342265951
344094281
347347087
348130667
348849703
349984261
351208951
355646201
356604421
356991571
357273001
357414175
357938881
359053003
359394751
360145633
360318593
361173691
361267111
363941467
364812649
366652201
368030287
368208373
368848481
369350591
371675221
371920867
373043287
375301369
375528547
376352521
376957153
378818911
379270651
379363267
382803079
384220219
384993451
386649121
386865397
387098161
388235233
389130967
389909449
393871633
394689371
398384425
400963993
401583593
402279403
402497551
402752533
404028929
406171877
408530971
409934851
411840833
413085291
413138881
413557213
413841031
415072351
415854133
416753491
418744541
419358061
419599225
419784979
422879857
424228043
424762801
424778797
424854251
426882739
428378729
428716261
429202541
429295649
429595039
429802001
429902461
430276537
430987271
431640601
431945623
432547651
433786211
434060083
437491237
438198157
443211961
444869713
445288537
446069251
448859161
449501761
450242099
450381601
450491383
451002491
452076967
455159293
456660517
457050361
457734317
458723191
458869951
459739799
460585861
460851391
462166351
462468151
464603651
465810391
468356509
470644021
471168253
471272299
474660733
477030481
477215011
477702721
477875231
479997701
480284989
481637381
482107081
483226741
488328913
489133051
490104481
490703617
490785793
490894111
492559141
493108481
495779419
496922677
498059647
498097153
498133231
499127833
499470071
499891897
504870241
506359879
507135331
507219211
507250153
507520133
511408171
516129643
516480721
517567051
517937581
518820101
519570451
521605423
522647941
525006143
525281327
527373181
528879361
530181887
531731713
532800133
533913491
534412171
535235023
535267721
535517581
538412033
539019361
540654409
540743893
542497201
542549575
543730181
544494277
547839451
548695423
551728423
551856551
552163333
552768079
554355187
554565961
555050779
557276017
558855959
559536721
565250953
566705171
567653833
568186751
568902001
569332177
569720321
573339271
574692161
576691741
576728651
577067977
577850621
578155271
578297659
579956653
580686881
582415561
583061411
583267357
583417969
583592857
584526617
587193391
587336401
587444287
590414977
593535361
595378141
595590841
597407341
598371107
599135767
600507277
601334611
601693741
606883531
607079381
609361567
611660197
612790921
612816751
613472257
614186197
615126331
615244481
615752051
621675739
626944361
627007259
627508759
627628849
627826909
627921001
629130449
629840275
631727881
631794469
635165701
635637049
636111451
637787431
639616433
640730503
643074409
644514211
644865211
645634459
647638463
649410763
654778567
655185019
656723161
658665653
659846021
664092673
666429751
667081801
670208533
670567301
671138425
671910037
674194207
679741159
679975003
680860351
681207229
682460501
682528687
683193253
687344197
689443273
692113153
694656901
696102401
696439873
697347511
700208137
700627591
702621151
705184267
709912657
710382401
710617861
710741953
712362481
714357257
714565693
715208101
716332061
716404807
717915631
718399501
719428637
720068161
720206017
721469971
723914897
724969087
725758183
727375387
728822753
728884801
731217889
733786561
737161849
737859601
738174291
741981871
742069297
748959709
749172821
749396575
749496089
750275569
752334157
753594001
758081801
758687581
760090249
761284717
761827223
762667681
766714279
768494869
770974051
771007849
774413641
775824389
776646797
777149731
778138069
779095417
779334319
779566211
780160783
782720929
783292219
784927321
784966297
787085857
788027731
790629301
791442193
792832699
792954947
794591281
796654207
796898257
797219821
798229621
799692193
800055367
801803839
802935841
803003611
804182993
806382281
807298597
807895999
808562791
808914881
811110301
812577121
817823257
819153557
819570851
820975891
824955253
827226853
827314463
831492433
831821327
832870891
833988709
835051057
842490307
844788757
844923697
846778051
848845111
849606031
849801631
851026261
853555177
861206261
861286081
863229907
864658601
868088341
870291991
872551321
878061817
878677801
878834773
879562751
884020061
885493927
887838197
888506401
889597081
891685279
892109377
892876993
895223521
897087361
899905711
900624097
905741863
907786951
910360081
914200009
914350841
914611501
914628719
916053191
916831951
920407777
921134551
922845241
923992807
924171301
924940801
925112777
929559403
938030101
938035099
941215681
941883769
944973353
946034057
948845377
950252447
951688037
951698809
952977481
954657551
956558387
960805567
964485677
965698241
966339271
966910051
967367857
968335481
969512647
969639581
970355431
976396961
977770531
978563041
979363153
980957071
984008089
986897251
987517441
988145341
991523251
991609921
993042571
993905641
993945811
993948677
994113451
997419469
1005402133
1007717257
1008788509
1012100161
1012601251
1014918563
1015269391
1018877511
1022353201
1022687321
1022765101
1023405373
1023430591
1026215881
1031139227
1032101461
1034283421
1034386723
1036969627
1039082791
1040234231
1041903499
1045084847
1049144801
1052009401
1053557353
1053825301
1054841971
1055982313
1058277151
1058580401
1060347913
1065948961
1066157821
1071423991
1072839941
1072997381
1074921751
1081959607
1087465961
1092902533
1093091081
1094856913
1095519181
1097647531
1098169717
1098404941
1101854251
1108706857
1113335861
1115685463
1118940643
1119010861
1119995983
1120759511
1121176981
1121697001
1123089949
1123433977
1124454421
1125038377
1126659311
1129146481
1129716811
1131237703
1131881251
1133110837
1134341839
1135428031
1136949479
1137752887
1139674597
1141201001
1143634577
1144518841
1146209689
1148945981
1150097791
1152793621
1157585329
1159265353
1162946181
1166821657
1168256953
1169722399
1172602861
1172737147
1173530851
1179618631
1179951301
1180026751
1184554801
1190424457
1198451893
1200079981
1201972591
1202649721
1205606533
1212036013
1212314473
1213619761
1215266575
1221767831
1225088671
1240646261
1240812271
1241935001
1242693121
1246192711
1247210143
1247373271
1247875903
1251267151
1252216811
1256085601
1256144221
1256637509
1256695525
1258314731
1260461791
1262106199
1265359393
1269350209
1270819747
1272457321
1272866167
1275347351
1279564441
1279928131
1280303389
1284674899
1287217741
1287252451
1287560977
1290811057
1290883903
1291650571
1292216833
1295074171
1298340871
1305009217
1308470333
1309517353
1309979521
1310126737
1310379781
1312845661
1313172481
1314706649
1319695501
1321734497
1323011377
1323349525
1325603497
1328719211
1331413333
1336100959
1345514101
1346538961
1346545073
1347743101
1348995187
1352862941
1356779521
1361731201
1362062059
1365151937
1365701257
1374303407
1375461553
1375684831
1380507701
1381196791
1381555531
1384131457
1385038117
1391613731
1401519767
1402248403
1417152299
1424435689
1424793467
1425109243
1426472041
1426819997
1427543041
1430388961
1431044161
1431187759
1431658729
1432548937
1435067221
1438512859
1438939321
1444441861
1455933451
1459791433
1467125521
1467399691
1469768653
1469960377
1472221921
1472650999
1475356723
1477422187
1478579311
1480849831
1483204951
1486564301
1487387611
1489949803
1490056501
1490926471
1494595801
1501192621
1502434501
1503775099
1505200261
1509885877
1511075791
1512590203
1515822841
1520190341
1526075461
1526233231
1528575109
1530159247
1531245379
1534183651
1534224601
1536480541
1537444151
1538071061
1541004451
1542142463
1548553609
1548686081
1550163721
1555081201
1562337071
1563371713
1565276591
1566612379
1566823091
1568535541
1572529171
1572934897
1573601941
1574362441
1579474249
1581540013
1582813849
1583276353
1590081121
1590560371
1591051463
1594058857
1594360489
1595622997
1596199177
1599714583
1600638601
1604584675
1605405601
1606195591
1610083333
1611615151
1617044881
1627430809
1630161541
1637023513
1638060901
1639580573
1640581883
1642616599
1645859251
1648076041
1654935521
1656917377
1658089063
1661184601
1663381981
1666092817
1666216697
1667066101
1673857739
1674173525
1675970671
1685433413
1686908029
1688189311
1697934511
1698353381
1699390681
1700948369
1702964557
1706692663
1707022711
1709881273
1713319453
1718281843
1722685777
1724048801
1724941041
1734361931
1734633871
1743657931
1744424221
1748482165
1757779487
1760013487
1761613939
1762133689
1768748687
1770694969
1772877943
1774647841
1775414701
1777533577
1778233969
1780184701
1780560511
1786058509
1786378901
1791426787
1791853267
1792331861
1792348141
1794136627
1797382823
1799890411
1800812477
1805555201
1806811513
1807751977
1808131111
1809938341
1828887061
1831947001
1839860713
1841870449
1848184651
1850368657
1859787187
1861026133
1863031771
1863332659
1868309425
1875370201
1876485691
1880819941
1881852751
1882378279
1884929677
1886657137
1887158575
1891401007
1893583519
1893696361
1899027649
1901906827
1901994161
1904524903
1913296951
1913422591
1914303841
1916660269
1917038731
1924010101
1925427025
1925526571
1927372351
1934046901
1934220731
1935958729
1938945289
1942836001
1943024581
1943282293
1948898429
1950575551
1952968753
1960021351
1960072861
1960577189
1969946569
1975247539
1977389443
1979238673
1982876941
1985282359
1985611723
1988672533
2003569501
2006394779
2009621503
2016365275
2029244551
2030180071
2035858117
2037233839
2042934053
2044088533
2044454311
2045705677
2046408787
2053282501
2054711381
2063228203
2064678127
2065040353
2069182981
2071973119
2072462701
2077617193
2079168733
2085345617
2085952801
2096510417
2098791067
2104317559
2105502571
2106439399
2109240013
2111989843
2117185051
2118597955
2123112967
2123792551
2129202251
2131629181
2142302741
2143551061
2147527219
2150707931
2151124513
2151933701
2154060721
2159003281
2162076211
2168869949
2170185517
2173371461
2174799563
2174988817
2175136133
2182281601
2186174201
2188218559
2188598449
2189700833
2190092941
2191002997
2195858575
2203227599
2203875871
2206859881
2206952129
2208768175
2211011623
2219222953
2223065567
2225576123
2228691169
2243273761
2248354153
2248844473
2250351461
2260066639
2263318801
2263594717
2269925759
2273314051
2274319231
2281460119
2293014533
2293939117
2295189551
2296265707
2296894753
2298952969
2304070633
2305011409
2307480211
2308966661
2322835789
2323143649
2328672517
2332461949
2339393603
2344054721
2348523461
2350838141
2352729731
2364704551
2366663671
2372468951
2374528661
2377239643
2380679659
2384515201
2390720641
2391284323
2393394551
2398220329
2405859037
2407359217
2407398757
2411983169
2413832849
2414422849
2415815989
2430183433
2433282931
2435137657
2436691321
2439600833
2443708961
2444736533
2455024133
2455145911
2456536681
2458231903
2461719661
2464177951
2464387729
2466332821
2469879091
2472907141
2478484961
2479607591
2480147521
2487754369
2493143339
2499853333
2500365601
2502072673
2506529257
2506981537
2520638359
2529410281
2534878501
2538947809
2542510951
2542929691
2545010161
2547746447
2549268017
2553045097
2559488101
2560600351
2563295621
2565039527
2566454311
2566804501
2569717711
2584361761
2589001309
2592635131
2598933481
2600611861
2611222021
2613840211
2625047521
2630374741
2631141001
2635974203
2637357427
2646744175
2648671957
2657314351
2658902221
2660738771
2664940231
2665001521
2665209457
2675832881
2679421951
2681050861
2691018787
2692079167
2700801137
2701847401
2704221001
2705223301
2709377353
2715365971
2720566549
2727507581
2728212991
2728730287
2731028775
2732258453
2733314321
2735833729
2736288589
2737916641
2741301751
2741365189
2742301801
2743738003
2749937893
2756282149
2761545403
2766403333
2767620751
2771505073
2772674881
2774285441
2774542321
2776874941
2784010013
2794528451
2800476647
2811898081
2812997323
2815598171
2826128971
2828242957
2837080891
2838534337
2838887347
2845841233
2846183551
2851523515
2851693501
2852173621
2857570489
2857986631
2858298301
2860468381
2863328641
2867187373
2870118421
2874386737
2883878369
2886402487
2889439027
2889760931
2891503789
2892431701
2897251729
2898023521
2905870309
2912876821
2914124881
2918236039
2918295451
2918669311
2927412541
2928676747
2931235877
2931802849
2933162627
2934667099
2934791947
2942828767
2945208001
2955942991
2957320351
2960416561
2967837139
2971664921
2981938471
2983900033
2995984039
2996755061
3000271091
3014101261
3015509311
3017978087
3019327801
3023252321
3024409741
3042989461
3048698683
3051919621
3052854943
3053203231
3056395543
3057069661
3060537511
3068534701
3070144741
3072497671
3083295601
3087486361
3091354111
3091864843
3099935521
3103017175
3108392941
3110830003
3112723351
3118411501
3120247675
3124082713
3124845109
3134453281
3136673821
3137756161
3142863751
3148944121
3153933131
3156431923
3156599161
3160568431
3161050201
3165273469
3168765469
3169419229
3175526971
3175887941
3176367841
3177981325
3182357713
3184139701
3185944273
3189888001
3195638893
3200164147
3202042861
3206203003
3217862611
3221710651
3221811709
3224412551
3225930427
3228835429
3231845233
3249335941
3251586241
3258425633
3259249841
3259458401
3259595539
3261194581
3273820903
3278312273
3281593591
3286184287
3300548473
3301157801
3304470607
3306393751
3311236741
3311872219
3313196881
3313304557
3316325551
3318884017
3322551403
3324701449
3336384031
3337399189
3342491639
3344045993
3348241051
3349997731
3358551043
3359568829
3370423073
3374142841
3374598781
3383614291
3387014401
3391078861
3396561979
3397422541
3398362291
3400458931
3400981891
3408200641
3413054251
3413386747
3413957779
3415379701
3416079421
3430066501
3448739269
3450410261
3450848401
3457362151
3464369581
3466398673
3466495957
3471848461
3480548191
3482512343
3487531121
3492604337
3494255491
3495886351
3504434431
3504570301
3504722521
3509778181
3510109529
3515283721
3522337171
3534197833
3534523201
3534966401
3546826591
3549988261
3554383141
3562698199
3563551991
3564239251
3565977451
3566428301
3568088569
3569841001
3577217107
3580051861
3581267273
3587802901
3593551937
3598821371
3602006101
3605151241
3606377149
3614349313
3616913749
3616998925
3634084871
3636644491
3640021381
3643232131
3644674951
3646353257
3647994379
3648416701
3653628247
3656987687
3660449311
3661416461
3665242951
3672338431
3673148929
3679947751
3680423311
3686991001
3689293177
3697278427
3719490713
3723676111
3731618911
3736293461
3739586623
3740141131
3747140461
3755353471
3761650699
3764549623
3789787501
3791686369
3792460981
3797601679
3803308813
3806575447
3809018947
3815551189
3816081361
3821259331
3822308461
3832413097
3835457341
3848844553
3855845401
3857088929
3859850831
3862324129
3862798213
3867291181
3869046241
3875096893
3882346903
3905845861
3908908033
3910446451
3912273851
3914741611
3915521737
3917499769
3934531603
3943365553
3952425619
3952640999
3954085669
3954403153
3955054027
3955572001
3963736739
3967952257
3971721409
3980267771
3982017601
3982912669
3984622963
3987942661
3987960913
4001715541
4008224221
4014344881
4027868101
4034208301
4036219741
4039126801
4039299227
4042578403
4046045257
4046925583
4047480067
4050838837
4052317531
4052793553
4059776533
4062118393
4066007107
4068575227
4069805581
4069985281
4071163097
4085606401
4091776921
4097421181
4098318481
4108970251
4135285369
4137709421
4146221617
4149101017
4153620043
4156580741
4159450459
4160411251
4161300049
4166953165
4169163017
4173750473
4173866413
4175289271
4176387151
4182201073
4184886581
4186561633
4189357987
4193357629
4210413481
4210785013
4210922233
4223711269
4225656979
4227129187
4246689241
4250911061
4253109901
4265215001
4265895061
4270891717
4275702523
4277526901
4291571233
4292146561
4292955451
