133
265
341
551
1101
1541
2047
3409
3445
3721
4033
5963
9253
9961
11041
12111
15203
19561
19951
24727
25323
25761
27037
29341
34131
34669
38503
44287
45785
55651
55969
58829
61309
64771
67861
73767
74665
79003
90751
96049
97921
97989
102133
119041
119197
127697
133141
134009
137149
145351
163505
170039
171001
175693
180613
189259
191351
191407
201531
220669
264223
268867
286903
307393
333577
346109
360533
363091
365713
375441
394957
396271
437251
439291
460507
485321
495331
516121
582341
587161
601441
615851
615889
631351
657977
663781
673501
693001
724249
727761
743041
751607
765703
800605
859881
917701
951451
969981
973241
1018601
1034213
1034741
1074817
1141141
1142857
1152271
1226413
1314001
1353067
1357621
1433407
1446661
1499473
1526689
1527293
1531441
1537381
1552609
1696641
1828513
1855381
1863907
1869211
1987021
2108417
2205967
2220469
2253747
2253751
2264369
2279971
2284453
2289283
2313841
2380351
2426605
2485571
2487941
2497069
2538251
2575501
2603381
2639737
2739481
3020093
3166087
3186821
3285829
3318071
3342827
3364031
3373933
3387781
3403191
3422959
3539101
3647621
3663871
3765385
3778921
3786901
3862207
3910537
3941543
4059859
4209661
4209731
4335241
4371445
4502485
4504501
4527091
4543621
4577401
4662589
4686391
4722037
4808681
4819681
4851007
4886773
4970539
5128201
5176153
5310721
5363373
5419751
5603333
5918881
5979247
6186403
6227519
6314141
6539527
6565263
6622351
6631549
6671413
6682681
6868261
6901001
7004791
7214969
7232321
7261501
7961801
7996067
8050453
8139693
8233633
8341651
8375221
8385191
8403301
8725753
8831539
9021613
9080191
9150877
9273547
9288101
9450241
9480451
9524089
9717001
9852001
9953803
10008601
10012729
10128565
10185841
10198607
10403641
10974881
11392613
11415301
11630449
11875821
11955457
12140101
12507067
12589081
12890503
13053811
13167019
13276481
13326881
13490621
13747361
13773061
13795921
14009761
14026897
14277379
14308701
14497267
14525749
14556081
14621641
14794081
15133471
15142531
15247621
15294401
15430561
15603391
15604321
15621499
15873481
15938341
16012333
16043231
16216729
16253551
16349477
16476149
16643001
16738503
16853077
17357167
17810365
17922169
18052753
18485497
18662869
18809911
18985627
19267201
19554701
19692509
19842481
20081953
20576089
21191609
21240493
21397381
21546421
21785201
22381501
22505179
23546197
23868781
23963869
24365629
25104881
25386817
25859767
25873381
26017291
26184817
26470657
26597227
26602217
26605573
26656771
26794501
27219697
27236311
27441577
27628639
27832657
28074617
28460881
28541651
28798345
29111881
29169611
29291347
29531987
30726263
31201801
31470211
31483381
31545865
31767121
31821821
32065681
32800549
32804227
33168029
33446251
33503933
33796531
33822471
33854107
33860357
34400731
34539041
34646341
35165089
35213459
35507749
35662513
35845633
36509005
37093607
37797673
38270377
38624041
38987065
39011351
39469519
39547171
39721477
40238417
40314737
40465501
40621591
40664737
40728463
40853401
41027227
41230311
41530081
41539807
41662297
41996665
42821539
43407053
43505939
44084459
44402293
44465221
44583691
45402991
45769645
45877861
46293067
46633861
46800343
47388889
47494693
47677771
47728861
48690721
48759987
48978211
49182771
49230343
49379773
49735351
49751971
49896001
49994179
50172601
50469541
50670511
51038749
51088133
51627817
52072021
52306489
52316821
52926119
53006251
53377171
53390611
53536633
54285653
54459841
54554839
54637831
54678359
54816059
55560181
55649491
56630211
56951729
57120001
57446533
58489201
58725703
60025421
60033403
60229121
61171951
61422187
62710663
63001423
63495041
63617881
64050823
64349011
64770729
65221381
68154001
68512867
68621701
69594253
69605957
69885649
70116451
71151589
71273249
71592751
71709231
72782851
72976009
73205851
73232017
73934761
74096401
74927161
75621281
76205053
76533901
76788311
76899601
77052701
77622533
78217903
78802849
78835633
78876601
79403113
79465231
79511041
79511203
79525261
79764241
79791337
79923761
80207381
80375707
81231781
81330913
81466507
81543085
81712009
82291609
82877491
84164033
84485161
84633301
85400701
85572631
85719871
85757449
86259421
87430253
87570869
87843101
87852601
88020833
88099339
88132169
88446241
88644013
88741171
88869439
89996281
90655489
91367431
91798991
91974523
91979623
92169133
93417901
94260943
94536001
94653997
94954861
95128507
96501373
96878101
97211341
99507283
101356613
102288707
102393383
102659657
102714811
104220703
104284961
104569501
104643151
105889939
106146091
106485121
107901097
108022279
109533709
110043119
110413333
110749493
110835985
111340153
112366567
112395779
112702591
113492101
113776751
114807463
115161151
115723609
118821697
119413897
121128361
121374241
121855759
123130501
124451391
125805751
126386261
126904051
127560439
127728811
128541691
128583157
128905141
129013673
129623917
132811169
133042307
133579657
133800661
134176771
134490421
135353161
136217251
137018449
137826685
138095759
138276139
138358837
138480371
138904417
139624481
140420641
140619467
141618181
141749369
141977729
142258957
142581391
142634071
142922413
143859031
144388001
145015043
145486801
145603333
145975021
146021633
146156617
146843929
147663001
147959467
149226079
149447761
149848201
150023303
151001049
151847681
152887373
154010221
154944533
155239979
155261611
156864601
157803521
158519969
161124401
161216021
161304001
162633247
163692433
163759753
163970159
164063797
164279569
165283471
165792197
166244681
166248181
167480407
167528527
167608351
168586111
168949771
169234381
169396921
170173741
170594539
170609713
170853211
172436713
172798697
172907281
173401621
173492801
173630191
173678203
174383791
176869837
176977921
177365761
177439061
177812641
179593501
180022597
180740211
180874453
182565073
185040703
186872341
187212939
187790131
188030641
188382487
188821951
190993441
191191933
192657499
192857761
192973051
193442801
194081889
194407357
195100057
196287391
196758937
198040771
198705431
199405441
200335801
200629619
201261061
201789127
202655249
203531681
204500993
205545817
205766201
206009677
206304961
207543689
208483777
208817377
208933577
209301121
209378713
210023917
211490777
212073569
212787121
213474031
213479639
214159709
214433693
216534001
217472501
217735321
218535643
219029329
220402981
220471841
220620427
222374351
222439573
223018489
223051141
223497401
224617541
225021281
225504311
225724523
226128761
229383331
229731737
231405701
232794253
235476697
235583041
237687851
237834181
238247461
238622413
239142133
239806561
241242289
241626561
242067841
242229149
243037979
243387901
243684481
244175779
246513403
246801517
247155791
247721561
248002327
248254201
248290927
248783061
249901627
250947517
251460973
252552301
252853921
254459983
254781451
256222131
257282801
261186001
262480501
265990471
266514485
267599053
268422881
271700431
272343751
272995561
274490371
274937851
275255399
276312251
276586573
277505761
278274781
278437843
278790877
280312003
280779721
280858961
283936001
284301751
284429507
285710601
285869431
289289773
290149207
291461633
292681793
292703893
292748431
293984641
294608161
297392899
297761077
299443057
299671921
300580237
300979369
301390981
303352291
304788013
305594101
306191621
307972801
309426253
310693633
310850453
311213701
311220757
311403061
312223213
312935671
313380971
314184487
316681741
318210337
318338551
322273057
322893377
324264943
324766063
326266051
327121183
327413791
327553921
328293377
328402181
328566857
336708921
336891283
337783981
338070053
338458807
339084341
339940841
341497381
341848729
345378331
346056721
348424501
350170013
350656951
351925601
354486007
356196621
356643211
356645089
358243861
358457341
359696431
360491279
360617351
361200101
362205367
362297911
364138501
365858011
367176707
367678981
368614801
372038627
372810719
373570891
376653201
377625581
378360529
379509271
380152501
381232331
381706651
381893401
382073791
384365827
384484147
384923251
385162163
386624503
386932501
391899313
392882761
393950797
395264101
395786521
396413137
397587763
398976841
400698523
401985181
402296969
402497551
406292965
414395701
415108891
415800703
416493601
418226581
421138801
422519189
423060161
423176581
424814447
426699521
426961189
427165601
427795411
430658761
434063557
434704141
434761027
434922797
436256503
436386611
436686461
436849229
437029477
437974777
438605641
439331491
442951561
443353633
444119939
446792431
453714229
454668131
454766287
455347489
457050361
457320533
457462531
459938581
462169891
462587329
463118041
464012033
465658903
468500033
470063791
471059621
471168253
471928321
473694943
474307681
475341611
475639921
477871963
478578651
478614067
478868149
479202751
480668347
481734401
481828177
482706271
483029821
483351217
485627563
487234813
488169289
489766327
490769317
493619791
494219519
495062443
497638321
498340459
498363751
498662561
501134563
502254061
505239737
505716751
508606771
508788041
509551201
511408171
512519401
517629577
520383601
520399381
520443751
524151253
524226341
524581751
526959541
527177641
527631553
527710459
527954017
530767759
532258271
534293761
534661261
534821191
538254019
539019361
540341929
542134139
543186271
544402717
545359431
545686861
548256493
550352771
550625419
551297251
553138321
554494951
555692545
557163157
557548801
558335507
559702153
560026237
560516581
560907271
561235681
561420641
563947141
564027437
564182569
565589263
565753151
565769077
566410891
566935073
569843137
571822051
573554521
573707779
574525961
574692161
575249545
579006767
579363601
579662071
581055623
581748509
587422609
590571001
590751661
592769633
593978857
594375827
595961243
597583111
597694021
598506257
599135767
600221711
600507277
600848821
604798301
606318511
607078837
608560661
608963227
613686607
615895897
617087701
617252105
620107327
623471357
623662903
624678601
624732421
625991185
626741501
629021017
629108371
631656901
633156781
634131391
635314597
636384253
636936697
637941283
638903233
638909233
641157441
642290027
642824701
644212843
646737869
652569601
652721161
654578077
662367551
666434791
670208533
670475761
673112021
673255591
676229317
676273027
678407557
679764961
681303241
683116849
683984701
684800911
685852351
686763991
688778653
689634481
693212521
698196641
699238009
705037097
705180361
705303457
705883951
708651073
709409993
710874541
712763101
712982077
713197939
713713341
713946133
715688663
716332061
718092607
724432677
727083001
728344051
730449541
732736621
738001793
741214237
741223711
741470549
742712401
745858273
747083891
747236701
750257873
750631033
754020361
754236001
755114233
756194587
760258591
761932033
767403937
767575771
769006153
771271411
771417761
772841161
772957301
775088683
776081503
777664639
780384013
783623917
787085857
792145729
792617101
792878311
792934717
794399041
797367061
798374377
801803839
807192497
807546781
813045493
818162563
819888023
821376533
827226853
828509581
828646051
829620397
832281409
834953599
837595501
838693549
842051911
842290523
844022831
844245217
844618447
845105801
847498681
849165341
849271501
851026261
851214097
852772783
853650797
853877641
855696871
861657343
864165457
866977693
867022747
867323521
868088341
875158811
881824291
885528461
886695109
891706861
891995779
893485729
893604013
895168093
895354367
897387481
897756751
897916207
899012701
900824383
901816211
902922589
906326077
914848507
915454321
915641821
915796573
917598431
917627621
918558961
918686029
925126567
930308401
930662111
932148253
932377951
936088031
941548753
944919141
946034057
950371003
954199819
954218557
955081723
958970545
960114709
960658291
960805567
962620429
966188401
969354769
970586713
972486469
973280221
982724101
983724919
983868001
988610851
993161161
994153819
994775527
998914561
999529129
1007205901
1007931601
1011127181
1012124401
1013942557
1014083071
1015269391
1019567981
1021255201
1021384697
1023973219
1024966801
1026738161
1027053077
1031009741
1031687119
1035693187
1036689737
1036798801
1037849177
1037984161
1040149387
1041820867
1041946849
1045225765
1050102901
1054696501
1055437633
1057847101
1058601391
1058989231
1059492961
1060511677
1061195941
1062203293
1067064781
1067143729
1072839941
1077196261
1077407231
1078720529
1079949109
1082947013
1086262381
1093270511
1094189221
1096690141
1098134101
1099187321
1104015331
1106740801
1107379681
1109711401
1109773703
1112103541
1115910727
1117380169
1118119141
1118820103
1121479701
1123406047
1123565689
1123942387
1127993861
1128110173
1131889681
1132024561
1132571809
1133721499
1138567501
1142023507
1144704031
1145170153
1147373393
1150807285
1150947929
1155690451
1157724577
1159668091
1162265833
1167197005
1181289451
1184162801
1186915861
1188646903
1191216133
1196017481
1209565261
1209749263
1210174561
1210393801
1212639017
1213619761
1215454027
1216072603
1218924023
1221828371
1225227739
1228229143
1229956003
1230446653
1231195601
1232006539
1233585233
1233947177
1234946719
1245132379
1246110361
1252742401
1254004207
1256187217
1261805971
1265707873
1266085091
1266497293
1268920379
1271364709
1271789569
1273816963
1279994161
1281050467
1285906051
1286298133
1286952841
1292407117
1292771803
1294890001
1297023031
1297092721
1302145267
1302594841
1305614743
1308544903
1308758533
1311719377
1312845661
1314331681
1318082177
1324344341
1328616601
1330486021
1330518421
1330912001
1331061887
1338247681
1339314241
1341628153
1344177221
1347948001
1350571951
1355942927
1362168817
1366431991
1369446431
1370168191
1372492801
1375128037
1375236721
1376799577
1378203751
1379056291
1380634517
1381150061
1381582099
1382453333
1382666251
1386340411
1394632891
1395564127
1395928381
1396183367
1397169091
1397357851
1401216121
1402248403
1403590849
1406851249
1415662081
1416619045
1418365873
1419449509
1424287099
1424522611
1425314521
1425860101
1427900833
1429109893
1432940671
1436131621
1437717847
1448012611
1448430289
1448814061
1449833837
1449840547
1449974849
1451016001
1453073539
1453672481
1455266413
1461456797
1464586421
1465217911
1468713811
1472004739
1477422187
1480232881
1480849831
1481384269
1489726767
1492762133
1493666929
1494740721
1495190699
1497221281
1502001481
1502434501
1502682721
1505432881
1508953447
1511042851
1512151201
1512193607
1513717081
1513912109
1515785041
1518452383
1520450219
1528254817
1530159247
1540117801
1543617349
1548553609
1548686081
1552103821
1560929077
1564278211
1565893201
1567090867
1571111587
1572777551
1573689151
1574423927
1574909057
1575825689
1577935217
1578009401
1581025597
1588213481
1588247851
1590394313
1590722057
1600949351
1607405587
1609253311
1613788963
1614005089
1614341431
1617012343
1620055183
1621973581
1630161541
1633373461
1635788597
1638294661
1645590983
1646737403
1654613291
1656280033
1657546921
1660771801
1664466751
1665293101
1675154251
1678828537
1684044781
1686354757
1688089357
1691779633
1694554161
1700250049
1701899161
1702142989
1708206751
1709881273
1715427451
1718906491
1722467083
1728960133
1731474379
1736436311
1737330193
1739529457
1742031061
1746776813
1752172003
1759770577
1760706811
1767803047
1771380557
1774649501
1781903593
1783334719
1784323201
1785818041
1790267051
1790995051
1795211419
1796734241
1813073653
1814018389
1815605221
1816572745
1821051191
1821722951
1827172513
1827272371
1828395411
1829632201
1836484651
1838453203
1842154651
1843051687
1843895401
1844279011
1847811673
1847828599
1852496761
1853926777
1856828647
1861026133
1862752261
1869875281
1871501633
1872831871
1876359161
1876929589
1884544201
1885816001
1886619439
1888698913
1893388771
1893427981
1895004091
1898298361
1900946401
1902303721
1904524903
1905283801
1908169537
1909089257
1913422591
1914031351
1916660269
1917281341
1926993377
1928585777
1945125001
1950575551
1951469101
1962730531
1963133581
1964833753
1967325251
1973939347
1977947791
1978893919
1979795969
1989947527
1996598017
2000375161
2002855891
2004953809
2005360351
2010200809
2013655645
2019805261
2021046073
2022695011
2025187279
2029805713
2030516251
2033020081
2040713641
2044396261
2046408787
2046528013
2052039809
2054127637
2054155399
2060910307
2062649293
2079696001
2080459151
2094177403
2103239563
2103531301
2107850921
2108764481
2111781601
2116483027
2120239547
2122496683
2122874651
2123792551
2132202013
2132502613
2134928181
2135529017
2141070401
2148788881
2151018223
2151933701
2156567291
2156767003
2162628641
2164793857
2165120959
2166133001
2168028701
2169302609
2188041941
2189228201
2191189501
2199931651
2204790823
2213712499
2216677409
2227951671
2234003857
2242192213
2244870307
2252741041
2260550797
2262861901
2277117701
2277442289
2280656953
2282694901
2284081633
2287979383
2290647061
2291006381
2291916749
2292728131
2298473381
2300319061
2300356301
2300841401
2301828211
2305594513
2308361879
2311600391
2320640011
2321009993
2321300833
2322931381
2323628581
2333646169
2336667071
2338367501
2341130921
2341421867
2343266449
2345211457
2347489051
2352371251
2357880199
2362065301
2365443001
2373057553
2380770841
2382424903
2391028399
2391339149
2404292801
2406375343
2407398757
2412172153
2416333501
2417408533
2419457353
2420900497
2422955287
2429137901
2429810111
2433250961
2433751381
2443128421
2443913911
2447358211
2452746671
2455530241
2458231903
2462440753
2470869253
2474676949
2483746981
2488291657
2489777137
2502525637
2506529257
2519186671
2533067083
2534878501
2538694913
2540108891
2545660981
2553133441
2569327129
2575363561
2577400321
2581982989
2598235753
2598460369
2600705017
2601838861
2614660043
2615491451
2616889801
2626769521
2641499881
2650180649
2652996691
2655514681
2656296091
2659939453
2660783591
2661467213
2661906001
2664006731
2664473923
2666306953
2672690063
2680258921
2682385201
2683456777
2690867401
2694365617
2695064653
2696842261
2699471503
2700894673
2703714007
2703749905
2704214059
2716571089
2722876759
2724552907
2725547791
2728997441
2736066667
2736613671
2746982801
2749170943
2754899671
2755091761
2758172737
2762363521
2766006253
2771071031
2778694673
2782090279
2792468521
2793457913
2797709833
2807249551
2809770553
2812179343
2813512591
2822521411
2824292021
2825682553
2827961221
2828698133
2831111771
2838534337
2839909801
2841461773
2843088751
2845749817
2849658241
2853905965
2855290901
2857267201
2857385719
2870118421
2873100061
2877769501
2882191159
2886078691
2895004927
2895140767
2903695393
2909049397
2910431899
2913401611
2916597919
2924488129
2928189169
2933007491
2933588503
2947602241
2948614063
2948944021
2951104333
2955108889
2958516271
2959277263
2966697553
2975253643
2976407809
2976930001
2979186421
2982747871
2983822003
2993635471
2994464761
2996944133
3002340349
3005030269
3008998945
3009756751
3014101261
3017211809
3024242731
3028125781
3031533569
3032741993
3034580779
3038171011
3039094313
3040789561
3046653037
3048937849
3049386451
3050707237
3059747461
3063683503
3066903341
3068243501
3070603567
3074083651
3077771497
3086720533
3086796481
3090809369
3093890581
3095994541
3102259031
3110830003
3110951251
3111148097
3113695691
3123724231
3125047111
3128219881
3133971271
3142863751
3148795021
3148806403
3151353941
3152227087
3155608361
3157579861
3157875407
3165111613
3167801617
3168156001
3173558431
3181391641
3187939921
3201021497
3202357621
3203596829
3205512997
3211172303
3213895051
3215031751
3216102401
3223024289
3230246611
3242631853
3246756083
3247299721
3249335941
3255203269
3262805569
3263568901
3272684801
3274694391
3281043907
3286184287
3295191643
3301335577
3302923009
3312619081
3330883781
3337201121
3339034417
3340178987
3340984501
3344309629
3349859701
3350993969
3366635149
3369251047
3373485441
3373755139
3374598781
3376389853
3378056779
3382444097
3385120751
3387487351
3389929567
3393083731
3395120977
3395393173
3397746241
3403386251
3408200641
3410026411
3411338491
3412575097
3417451363
3431047951
3433078081
3436450951
3438499285
3442791857
3449243089
3457284119
3458341657
3460536577
3462909031
3497397109
3498629905
3509111521
3514588813
3518591077
3519732217
3527544301
3528544751
3531241351
3535358863
3570928927
3573842581
3579933589
3580867909
3583604161
3584800801
3585815965
3599169341
3602006101
3609494533
3612825221
3614083747
3615111041
3615330421
3620463883
3626589457
3634084871
3636615691
3642034261
3651213541
3653768449
3654812149
3659078749
3664814347
3665242951
3673744903
3675143641
3678524371
3688099241
3691220773
3692149847
3692283211
3692426431
3693177601
3694446937
3696368141
3697278427
3699645223
3703798131
3711225751
3715430413
3718845541
3733851577
3739627321
3743072341
3743097571
3744063541
3744091321
3744762251
3746917945
3752250613
3753040339
3758603951
3776978767
3777434987
3784672739
3787284821
3788970571
3789343801
3794387101
3800306971
3807044251
3811338287
3813919453
3816081361
3833749921
3852262831
3854932183
3856399951
3856659643
3861362551
3864100921
3875288185
3878450413
3890619097
3899962789
3916287251
3916723819
3926149939
3927809341
3928256641
3929293061
3937024981
3937526911
3940323829
3942332501
3950479409
3951472961
3952856701
3953218519
3960427109
3961899397
3962172593
3966877883
3967067777
3969936361
3972303781
3973938541
3994803889
3996100501
4002592133
4004016721
4012912261
4020744981
4037490451
4047480067
4054039841
4055178611
4055494801
4055673931
4057690561
4058091493
4059295393
4060942381
4071069991
4073651121
4075182739
4080471319
4082199431
4094572777
4104021137
4106260033
4106300981
4115686711
4116845701
4126424287
4126640743
4134189937
4139069521
4139820967
4142416001
4160411251
4167456859
4170094651
4190083501
4213621021
4218900001
4219598287
4228090903
4231512709
4231931521
4232284597
4254083857
4254929197
4256020451
4261593493
4267640161
4274270051
4280905831
4282671721
4282854643
4284555337
4288642381
4289470021
