25
57
121
133
325
341
1247
1513
2701
3751
4741
8911
11041
12025
12209
13361
14701
18103
20885
23725
24727
29341
29891
31021
40501
43621
44287
52151
53483
54301
61579
67861
68251
69769
76049
84241
87913
88831
96641
104425
111841
114017
115921
130561
146611
146971
153401
154549
189373
205021
205871
211961
218791
226801
229633
234881
249961
250717
256961
267977
268867
286903
296131
304921
306043
314287
314821
327237
332821
340033
367537
367813
488881
489391
497377
510533
524987
535441
608341
610091
655129
667789
679057
710533
729061
736291
810001
811921
816001
834551
844561
868001
877825
941501
973241
1082401
1118657
1127611
1192501
1325611
1357525
1373653
1420579
1602457
1616681
1735147
1939589
1987021
2091181
2139523
2208169
2254351
2367173
2551561
2603989
2660881
2819893
2949541
3051721
3062347
3077089
3257441
3285361
3301873
3312361
3316111
3446071
3542533
3584491
3645991
3656449
3702721
3814273
3888361
3913003
3946321
3981371
4082653
4125793
4224533
4242759
4255903
4291801
4364119
4439779
4465121
4518457
4543621
4577197
4614721
4641541
4652561
4662533
4931359
5046109
5049001
5065039
5084857
5102959
5310721
5530583
5596537
5890171
6122551
6157601
6236257
6395821
6588187
6642217
6688039
6688081
6755551
6868261
6973063
7045501
7092359
7127341
7571881
7604821
7652653
7801273
7951231
8077609
8274311
8827933
9040069
9114323
9180061
9280981
9780409
9811891
9828481
9828739
10202347
10267951
10276297
10410427
10479787
10537651
10848241
10924729
11240911
11268251
11282077
11602951
11895449
12194501
12890503
12935557
13086541
13628401
13697191
14057611
14138281
14169331
14342833
14403871
14613871
14616841
14646517
14725099
14918077
15049231
15101893
15136213
15142531
15247621
15445501
15561149
15597199
15604321
15882217
15995449
16059521
16853077
16945633
17313665
17346121
17355391
17449417
17632429
17669527
17821001
18158251
18225703
18790021
18809911
19175131
19295641
19368233
19553827
19617529
19630333
20302081
20310751
20459011
20504881
20981701
21240493
21419083
21955571
22286947
22703341
22721791
22765759
23172211
23346509
23692969
23749841
23752387
24717113
24736291
24791209
24860011
24980821
25052119
25172863
25342411
25382701
25494017
26224141
26474581
26748307
26987833
27115453
27269461
27491237
27617725
27759031
27832657
28213333
28324441
28406953
28437763
28939777
29280061
30185569
30219757
30407711
30932521
31037827
31488769
32091781
32791249
33159409
33209621
33250033
33420661
33717991
34082701
34124641
34139881
34893457
35018777
35213461
36114937
36441329
36765901
36974341
37108801
37734289
37756601
38520577
38562941
39536641
40210591
40225681
40253731
40423111
40465501
40703719
40863061
41866001
42012001
42344609
42670279
42788989
43144531
43714141
43714441
43903651
44241253
45402991
45481231
45931117
46094401
47020177
47721997
47847971
47925541
48739861
49410061
49735351
49994179
50087467
50228425
51250711
51401351
51580001
51733921
51886591
52824127
53389153
53933141
54190579
54255521
54381671
54637633
55112401
55190701
55234141
55384033
55533277
56002249
56157853
56417467
56602219
56885761
57370273
57661987
57692081
59009521
59318533
59676121
60240601
61386151
62176661
62323843
62399041
62633371
62710663
64020001
64042903
65363101
65415997
65866291
66342673
66476299
66620737
67069861
67421761
67717301
68097721
68182003
68563301
68697259
69317353
69330421
69728531
69809149
70414049
70515241
70695769
70745849
72342341
72604561
73633249
73901257
74328013
74495591
74927161
74989681
75440821
75663451
76307617
76733441
77009743
77090413
77219371
77295961
77528881
77605277
77622533
78493141
79465231
79921921
80177891
80768641
80930497
81065359
81173473
82870517
83403041
83478151
83703469
83766077
84057121
84212129
84350561
85270261
85914011
86438857
86671691
88735921
88815937
88928431
89131249
89235581
90200111
90203059
90547441
91116439
91328513
92500487
92654983
93311573
94025023
94536001
94916909
95452781
96680299
96953671
96971681
97022323
98104793
98592391
98728033
98755931
99017899
99099325
99933811
100072171
100611109
100806103
100943201
100980671
100983821
101556961
101861453
102038719
102659657
102860371
104056279
104433073
104723269
106664881
106941451
107032817
107649109
109316593
109393201
109541461
110104171
110191973
110400421
111340153
111360913
112723007
113427763
113888431
115636559
116547241
116715613
117129421
117447331
117730801
118576657
118846151
118901521
119474947
119710951
121053637
122343001
122459119
122679629
125050537
125997121
126386261
127062181
127632461
128124151
128457211
129205781
129677521
130606547
132314827
132806171
133697851
134513473
134613371
135969401
136184371
136554661
137200981
137340451
138266977
140309947
140666251
141029869
142335491
142634473
142702849
143168581
144202321
144519871
145410931
145820503
146610181
146806129
147959467
149532571
150592711
152499859
154011467
154012783
154486345
154586881
155239979
155859241
156190561
156253631
157615093
157803521
159793681
159874021
161988421
163263169
163340941
164042171
164887273
164952217
165938653
166155097
167472451
167760121
168189841
168676591
168948347
169086341
169412209
170609713
170856533
171922183
172417337
173218501
173401621
174076771
174553381
178347457
178918741
180460849
181222609
182145601
182202697
182505661
184045507
184611311
184639681
185752927
188330257
188419771
188516329
188610241
189734791
191848649
192518173
193014973
193230577
194453503
194588203
195622309
195755953
196049701
196287391
197991109
200167261
200271473
202164499
203528033
204952483
204961213
206006533
206504033
209106361
210023917
210356257
212277157
214110541
215680393
215998831
219756967
219875701
220531501
221398661
221525833
225127981
225693469
227534941
228652201
228754321
228842209
230726083
231779659
232460821
233935817
234691381
235027171
235061947
235426913
235713661
235915417
235955011
236196553
236620921
238001653
238008989
238608661
241410541
241657753
241952833
242589491
243246697
244061371
244175779
245044409
245309461
245795201
248978017
250346171
250958401
251697577
251706157
253158751
253173493
253613587
255866131
255889279
256261537
257460851
260736341
261186001
262979501
267559627
268422881
270303503
270984001
271092553
271199701
272387881
273586531
274937851
274954993
275650651
279742321
279806041
280312003
281898167
282776201
283134001
284297059
284309083
284666111
285111667
286019281
286023403
286257089
286844869
287014729
288086041
289800001
290149207
293387777
295039081
295419097
295721011
297108701
298204831
298837477
299200193
299639071
301106893
305855491
308550061
309148153
309186307
310638511
310652161
312107251
313192657
313195201
313338061
316349281
320147227
322913743
323487451
326980417
328098601
328402181
330034249
331868197
332155111
332302021
333078439
335668321
337593751
337783981
338455153
339357613
341518241
347347087
350454479
351910021
352735351
355831421
357250951
359691481
360018361
360948151
361198241
364537889
364844807
365109151
365519881
366487201
367307461
368476501
368934721
370170373
372383857
376096033
377295871
377446477
377806687
379573261
379732501
380137633
380956577
382402099
382457671
383425351
383740561
384770017
384824441
384961123
385207117
386430073
386952421
388577101
388695301
388920613
391431941
392275381
392990749
398443061
401891491
402146497
403104913
403415041
404020777
404667649
405180241
406171121
411988207
413050361
413908697
414014221
414916243
415476343
415878541
417027451
420180469
422446261
423448651
426448411
427544443
427573121
427750291
428417089
429562411
431495473
432224101
432525607
432626011
434343601
438153367
438777241
440159627
440306461
441143317
441408529
442442501
443880589
444634111
446235373
446454451
449185537
449837881
455461471
456328991
457274173
457462531
457531271
460585861
461770369
462154369
463123081
464382361
464733281
465335459
465658903
468725083
468950021
469074883
469328203
470063791
471284731
473750371
474468229
474887761
477086741
477189121
477267481
481166731
481593997
482183749
482222431
483868001
488585521
489766327
490178851
490234951
490703617
490894111
497521741
499344331
501757667
502643143
503569639
504826037
510323393
515028697
518504533
520399381
521165713
522194297
523079311
525330697
527041913
530714887
530787931
532165211
533664951
539437609
540183001
540201313
545296331
545738203
545970361
546034561
546911569
549132871
549162511
552169729
553491511
553601809
553761721
557160241
557163157
559547773
559885171
561817589
563764501
565753151
567640417
568267207
568528957
569852557
572766251
573191641
573584261
574870753
575385571
576599761
576691741
577254679
581905453
584968639
589052881
592170601
593921161
595405201
597616273
599537341
599570077
600292681
600507277
601041061
604636033
605584351
608917753
613746251
613757893
613965041
620072251
620169409
621289651
623662903
627569281
630062317
631231381
631722323
635129681
636120451
637565041
639652267
645301219
646737869
646872481
647241313
648263387
651514753
651960031
653887651
654122377
656824033
663036641
663699961
664272577
665440561
666699607
667275841
667578871
667810489
667916393
668025893
668494243
669224011
672579671
674194207
675533741
676880821
678532765
679018463
679033681
679902661
680860351
682460501
682528687
685196227
686045737
691131349
693708289
694116893
694343827
695057329
696230083
696391147
696447181
697423429
701480953
701873707
702098461
706162957
707704933
711304903
713868013
713946133
715427861
720068161
721121617
725992721
727327981
728726857
728851507
730955317
732736621
732987061
733488209
733539649
734793467
736180261
736668013
737672053
739444021
741981871
743000779
743832091
746331041
750709759
753987937
754055017
756205633
759431251
761629441
764923477
767575771
768469609
770909107
775334057
775435181
776552801
777487621
778472561
781204843
781274131
782330231
782465237
785213801
785410939
786604801
787838833
788027731
788940833
789312001
792320101
792447521
795455081
796353391
798279001
803433541
805859617
806149607
807492271
812036461
813654217
813773273
814056001
815430533
818874541
819886849
820553209
824269141
824389441
826380991
826860961
826945621
828971341
829512001
829737221
829929871
831821327
833880149
833998337
835882139
837847957
839786351
840118921
844566691
845376533
845667083
850028939
851593111
853965061
855073301
855748765
855822241
857540821
857902861
858725869
859863871
859927321
861837617
862914341
868088341
868113937
870559777
871462021
874193891
876228871
876850801
878072071
880951717
881824291
882321761
884584891
887331251
888700681
888886321
893377633
896878501
897842401
898354657
898546111
898754851
898949521
898966801
899841281
904418117
904699951
906471301
909487099
909753781
912836881
914524099
917069551
923459143
925729669
927089749
928560679
928742413
933184801
933360653
933673441
936088031
936662687
943795201
951715987
952689377
954199819
955371871
957939067
960076627
960805567
964874171
966239597
968283247
968926981
972471151
972766147
975765787
976396961
979736941
980957071
981357703
983659601
988276411
989473057
994885141
994964251
996548941
997294691
998607481
999812881
1002630841
1002779201
1003062061
1003954481
1005402133
1005572401
1005767881
1007713171
1008411811
1008777001
1009140161
1009825249
1011548071
1014170761
1018125187
1019522743
1021281301
1029218851
1030336651
1030834817
1033501877
1034593741
1037560681
1039740833
1040550967
1045916299
1050721561
1053732751
1057689023
1058542609
1058989231
1064180107
1067064781
1069110157
1069176961
1070941987
1073505643
1073539951
1073729801
1078787089
1079304997
1080321769
1081353953
1086477809
1089995719
1094898481
1095205801
1101623381
1103807251
1107159601
1111114663
1111502701
1115850061
1115910727
1116458773
1116470479
1117805581
1118611381
1121255407
1123942387
1126763501
1127880571
1132788751
1134679321
1138699849
1139110801
1141077037
1144852337
1146612029
1150097791
1150774579
1154987209
1157115511
1157463289
1158248449
1162381327
1175442689
1179740971
1179875161
1181372743
1182953329
1186275217
1188333661
1189576961
1190330387
1192780691
1193229577
1195320743
1196465653
1197992041
1201002301
1202050873
1202142061
1202207137
1205396641
1211241091
1212556547
1215354241
1216247533
1217107079
1217121949
1219816261
1220628907
1222568707
1224114361
1224200801
1228672513
1230446653
1240932841
1245182317
1247875903
1250067391
1252339891
1253427341
1257102001
1257507613
1258538833
1264145401
1264887007
1267277467
1268469781
1269639361
1270249073
1276581307
1279033001
1280837381
1281049043
1282879553
1283434183
1284674969
1284845761
1286298133
1287979711
1291111711
1291412431
1291781221
1293469519
1298258413
1309645651
1313011621
1316475749
1322204131
1325857541
1328540797
1329300337
1333215703
1341046697
1343575381
1344228797
1344782143
1345514101
1346624533
1352310709
1354782511
1358425741
1360559593
1371998071
1373452033
1376139563
1378203751
1385317169
1389699109
1392189569
1392320557
1393253191
1394379169
1396198481
1396862113
1397169091
1398324097
1403957071
1405722449
1418365873
1420057633
1420131301
1424547977
1425860101
1428966001
1433397001
1434212341
1435738201
1439890481
1440960061
1441114627
1444273081
1444441861
1444694213
1448814061
1449803203
1453548403
1459375741
1461392659
1464568381
1466514761
1470336583
1472662781
1472678593
1474641601
1476139897
1476529633
1481585701
1483954111
1484775181
1484796421
1485479887
1486078903
1487162843
1491596401
1496637673
1497221281
1502682721
1505432881
1507197511
1507199541
1507566817
1508953447
1511042851
1514653057
1516720129
1518836971
1519482337
1520190341
1521724289
1523652509
1526210677
1527188461
1527472651
1528283611
1532569681
1533343261
1535083681
1537134061
1537855961
1540117801
1540454761
1540547681
1541746769
1544149417
1549681561
1550947921
1552290481
1553870341
1554109201
1558845541
1558913861
1560400139
1561800833
1562113801
1563824861
1567090867
1572279791
1573689151
1575268993
1576187713
1577121547
1579079503
1585792097
1587109229
1591487041
1598982533
1602216841
1606749061
1608564739
1608729127
1611540001
1613534737
1614341431
1616387653
1618070737
1619328481
1619416741
1619680147
1620189001
1620441577
1624124989
1630307617
1632031829
1633426661
1635548221
1637635163
1638969901
1642791151
1642832101
1649253763
1651104001
1656280033
1673176381
1673239789
1676995321
1678670053
1679130641
1686581821
1690914781
1692567521
1699611211
1707699491
1707704461
1710753001
1719867911
1720994833
1723998223
1727484123
1730007301
1732991017
1733947783
1739529457
1741080661
1743657931
1744670245
1759582969
1760460481
1764076861
1764384421
1771447019
1771618753
1773900833
1774199701
1774273411
1774864093
1779593089
1782318451
1785055889
1786338877
1790023861
1791674221
1792331861
1800038137
1802510669
1802694571
1805153683
1805555201
1811173807
1813073653
1819764901
1820825501
1821689101
1823024773
1827702101
1828182427
1834663573
1835114401
1850233897
1852791301
1856828647
1867906721
1868390371
1869092161
1876581721
1887518329
1887916573
1899027649
1910670121
1918389901
1919444851
1923427609
1924975879
1928577709
1929743969
1930403333
1936835839
1937436191
1939959293
1942232101
1944452249
1949446883
1949646601
1950782777
1955219311
1956446311
1966605971
1968293263
1969698371
1969946569
1982434339
1986220787
1988198701
1988329529
1989947527
1998637609
2000436751
2001080321
2003569501
2003643253
2005954861
2006256817
2009621503
2012440621
2016261721
2024869991
2026047937
2026405273
2033258401
2038093597
2038215233
2042467741
2042507251
2044790591
2046790513
2050617713
2052045871
2054155399
2056575817
2057853061
2058163561
2058333751
2060618077
2062726597
2063228203
2066794393
2072624761
2074544033
2077327939
2082440533
2085136777
2088696979
2090913437
2096301281
2101470541
2104116361
2108375881
2108568827
2109834721
2114102593
2116483027
2119380587
2121124861
2122773101
2132984813
2151765001
2154644431
2155631041
2156767003
2159338711
2160173497
2165523553
2165938561
2170186021
2170781341
2171895031
2172669469
2177402401
2187812701
2193700697
2194649659
2196839041
2199210553
2199244801
2206632457
2208424921
2210621797
2217879901
2218416619
2229995671
2232581221
2233703377
2234695231
2238133831
2242069201
2248585769
2249066657
2250035713
2251494589
2253376133
2255092481
2256488389
2256748777
2274206149
2275650485
2277672413
2279043073
2283430117
2286715891
2288347001
2292089609
2297613301
2300083609
2306234129
2307614671
2311558021
2317579951
2321300833
2322847693
2329584217
2340456319
2341843729
2342056921
2343349633
2344801933
2345113057
2347570933
2361316621
2362165471
2368663921
2369322901
2372456113
2376580111
2379610351
2383666561
2385059041
2388455161
2390564251
2414673271
2421909911
2423818081
2425247477
2427817729
2428158643
2428870753
2430654409
2433653641
2433986731
2435308919
2439608359
2440937137
2448684547
2452528261
2455024133
2455840141
2458231903
2458306681
2460228745
2461871497
2470214251
2478067289
2480937031
2493278471
2493698131
2496613211
2496987481
2502525637
2503686851
2513498329
2515992013
2518853789
2524304287
2527586417
2529627673
2537380081
2537738963
2542958377
2544804811
2545446709
2546417501
2547406447
2547610151
2549268017
2558756251
2561392189
2561654099
2562906217
2566804501
2578735351
2579163931
2579283631
2587770907
2591622197
2597289241
2597294701
2598183683
2600209681
2602522451
2603582801
2605192211
2605757281
2613382201
2620383481
2623799179
2625047521
2630997541
2638974181
2642057513
2643585551
2649233401
2654257471
2657287873
2657314351
2657827801
2660839091
2662950739
2669925959
2677595213
2680355861
2686816133
2686936669
2689427281
2692810429
2694183691
2694553273
2695861499
2699333071
2705647141
2715365971
2717428033
2724552907
2727149173
2728052263
2731131433
2734668077
2735431411
2735574073
2740259881
2742301693
2743611697
2750711731
2760482929
2761545403
2763271369
2772198001
2775739261
2776874941
2779380829
2780879401
2789430967
2790856751
2795052521
2798509321
2798730943
2806648241
2815317649
2817567061
2820625519
2822521411
2822784121
2826925781
2829391093
2832735121
2839946149
2846143189
2846684531
2858105251
2860107391
2862352351
2864630851
2866657501
2866872781
2868006521
2870118421
2874627649
2877228667
2878975829
2882674937
2889760931
2895004927
2899369891
2904676633
2908180129
2909804089
2911911913
2916139981
2919542599
2927904901
2932161901
2934312581
2943798751
2944812319
2949511681
2950779217
2953159885
2953982137
2956985461
2964163951
2966155921
2976407809
2976930001
2978011651
2981790401
2984835391
2986528151
2998798849
3001561441
3003339529
3003827725
3004606441
3021694513
3037295801
3041984353
3050330581
3056318761
3056666881
3059193391
3060819751
3070208261
3073207933
3084153451
3085330861
3086694451
3088089001
3089568749
3089990251
3090248371
3099935521
3105241441
3109183841
3111254851
3114471169
3115527031
3118429381
3120056497
3134995403
3135564631
3140354881
3146902111
3160603993
3175387741
3187599997
3189636209
3196027201
3199915981
3206203003
3210672667
3215031751
3217857179
3218821007
3219552779
3239327261
3241990181
3263661731
3264884393
3265325773
3271017569
3274271911
3280268911
3282158419
3282675397
3282974857
3283023307
3295217971
3295362727
3304446191
3307251221
3315432847
3322551403
3323590463
3326803201
3336263461
3345088751
3347335633
3347990779
3349218881
3359639137
3360079549
3360144107
3369203077
3375127501
3380740301
3383477191
3396159901
3407952169
3412380863
3413183671
3417528193
3418991551
3426048569
3428255611
3429457921
3431378971
3438404971
3443019667
3443233501
3443573101
3448857281
3449170903
3458341657
3461487961
3462652343
3462909031
3464369581
3465759337
3497642209
3498145489
3502901011
3504653401
3504936907
3512232361
3518438491
3520795561
3523473721
3527015461
3537280361
3559989001
3563690063
3564570151
3569747777
3570271207
3571422661
3573005701
3574380739
3579165229
3581451091
3586004173
3586833253
3594110081
3599942113
3609494533
3611117357
3612391451
3614083747
3631143361
3631606021
3639210601
3640903111
3643181081
3653628247
3658087441
3661441261
3663882163
3666675025
3669435043
3672977101
3674676661
3682364221
3682617127
3683947961
3685647701
3692283211
3693378943
3694049321
3697434133
3700755073
3708644801
3709857757
3714188083
3714727771
3716564323
3720357453
3726620381
3726810959
3727047413
3728989441
3736765273
3737234351
3739577857
3739684189
3740783869
3751554581
3752984839
3754244131
3756668401
3760983029
3761451149
3769349897
3769946473
3775385011
3779488387
3783003409
3783948073
3784650221
3785353357
3787284821
3793282093
3799219951
3804521911
3821259331
3822308461
3826119911
3829656403
3833846641
3834746917
3835401251
3836565241
3837129983
3840040387
3853584967
3855327571
3855932281
3860781299
3861146287
3863401081
3869668351
3871138001
3876820751
3878050333
3878610517
3883218433
3886012177
3886515361
3887635753
3890339503
3890921317
3892928203
3900568673
3903711841
3904748641
3908413559
3910914593
3950494201
3951472961
3956606291
3957798109
3963736739
3988389547
3994532539
3998168747
4015607023
4025474641
4030024483
4036395581
4037072651
4039584061
4041214673
4043903249
4044559861
4046203921
4054583737
4060086151
4060198871
4069773961
4070858761
4079665633
4083370217
4098919771
4102588753
4105210931
4106260033
4113776129
4115501263
4119500531
4121286907
4121492761
4124182261
4124825251
4127050621
4128337693
4128379201
4139771221
4141170161
4151727457
4156580741
4159494343
4165482151
4176385921
4181177881
4181895521
4183224361
4187147893
4192150273
4204974611
4210929721
4219059781
4223501101
4253415811
4256766511
4271397913
4272825191
4278287641
4282459699
4292880139
