295
591
6031
7471
8695
8911
12403
13051
13747
16441
18721
20945
23651
27637
37465
64681
79003
98671
101461
139231
186457
196093
218791
219101
221761
225151
226801
237841
315121
332831
351209
433945
464527
591229
615851
626161
638731
665869
671509
721801
753251
765703
791743
833341
902831
913789
917401
922609
994507
1018249
1024651
1053761
1056331
1082401
1168883
1179487
1194761
1219201
1284643
1302451
1339867
1376413
1446461
1529317
1548371
1627921
1661941
1730977
1773289
1876393
1936001
1973161
1994689
2006881
2054891
2057191
2064479
2085301
2163001
2237017
2251549
2314201
2326201
2337301
2466133
2536741
2664833
2673001
2741311
2766401
2781241
2794013
2802691
2853523
2878241
2882671
2883401
2975821
3074417
3076477
3076481
3084823
3093697
3116107
3136519
3145291
3211261
3320893
3363121
3379567
3387781
3392929
3398711
3417753
3537667
3638729
4025611
4111381
4112369
4119301
4336879
4410797
4415251
4464235
4504501
4567837
4721281
4789093
4819681
5005855
5095177
5173601
5237119
5256007
5610691
5652191
5989213
6269341
6336401
6452041
6503131
6569911
6955087
6976201
7268917
7593697
7595579
7624501
7828481
7996067
8046529
8095447
8106121
8198345
8209657
8219251
8333333
8534233
8586421
8826013
8934619
8964001
9065953
9080191
9338323
9341263
9393889
9546661
9610597
9611369
9863461
10051507
10181641
10268317
10505701
10743097
10786651
10974881
11081459
11135263
11243053
11677597
11762461
11955457
12065201
12157021
12214513
12407011
12498643
12706381
12920251
13012651
13341841
13647691
14056111
14224321
14271271
14282143
14310017
14343491
14526091
14555221
14717341
15234007
15340951
15491347
15576571
15621409
15888313
15978007
15993001
16371841
16710877
16744421
16759381
17270369
17443213
17649889
18073117
18303319
18342241
18439765
18494711
18535177
18809911
19061281
19429801
19609633
19609801
19669271
20003743
21355951
21359521
21394801
21465461
21807451
21881833
22141681
22187791
22260421
22533761
22570231
22994371
23013349
23530123
23992279
25232087
25317601
25382701
25656667
25689061
26017291
26407817
26474581
26503849
26694361
26929621
26960851
27236485
27433849
27491237
27760069
27937981
28150601
28377163
28406953
28461301
28527049
28592621
28623781
28676257
28785907
28796041
28876321
29617771
29893249
30219757
30513169
30542201
30824399
31181581
31684101
31758371
32528833
32648801
33285349
33447493
33997801
34082701
34097467
34212403
34400731
34840087
34884847
34890481
34901461
34952149
35691521
35810479
36053333
36672121
36946867
36987511
37141057
37439201
37469701
37978741
38432857
38903287
39684157
39707911
40072321
40764223
42149971
42152701
42626431
42912281
42984589
43049221
43084879
43331401
43874587
44295169
44318977
45064781
45497147
46977421
47020177
47153807
47254481
47661373
48191653
48621031
48764179
49643479
49660801
49735351
49994179
50249761
50615269
51038749
51061561
51733921
52715881
52882513
53283169
53338381
53452631
53542147
53802673
53965441
54239041
54637831
54891217
55234141
55325029
55619719
55830251
56724883
56810137
56824673
57337297
57605617
57833861
57906841
57934231
58003213
58912051
59596195
59997763
60025421
60167273
61602557
61754941
63265051
64004953
64041869
64996303
65029861
65248697
65372959
65431393
65965153
66096253
66124001
66124297
67137601
67761121
67902031
67979731
68182003
68463337
68627323
68768569
68922869
69657799
70695769
71079661
72145009
72543547
72631807
72884701
73153381
73181233
73563001
73842913
73902403
73963501
74171791
74620739
74936341
74986661
75356191
75545269
75743651
76480321
76966991
77295961
77526049
77622533
78587879
78802849
78851089
79417801
79420151
79464533
79470667
80207381
80918281
81376903
81633511
83073817
83548651
84299681
84462223
85226689
85394293
85719871
87011233
87155713
87913723
90347041
91051501
92696911
93980251
94025023
94037287
95086091
95113201
95145751
95374241
95452781
95670569
95778691
96337613
96925921
97753969
97836289
99502279
99945007
100463443
101152133
101458351
101547217
101641123
102358747
102659657
104404861
104524421
104569501
104704055
104722883
104852881
105113413
105635531
105746873
106298821
106742791
106778671
106941451
107869549
108306043
108453661
109688965
109838431
111360913
111623891
112702591
112957417
113197061
113247811
113341103
113398273
113605201
114305441
114329881
115828057
116443213
116818833
117186037
117598951
118566533
119710951
121820887
122089843
122219941
122609611
122824357
123709121
125364653
125782861
126225961
126243401
126454697
126456397
127179851
127909489
129229361
129461617
129819821
130962595
131117941
131321117
131369801
132440521
132950273
134176771
134213369
134274017
134392091
134777221
135161461
135336323
135357487
135864691
136574101
136630033
137340451
137813129
140201569
141618181
141659701
141744763
142980553
143271941
144369373
145410931
145820503
146053267
147003601
147899281
148752829
148947607
149128129
149317741
149389633
150275581
151358059
151370543
152797927
153393637
153454771
153589801
154135411
155613943
156001951
157368661
158897371
161318401
161674511
161737153
163565377
164887273
165139801
165938653
167579497
167692141
167872069
167881121
169128301
169234003
169771541
170393581
170906297
171917353
172232369
172396351
173264851
174682333
175158461
176824657
176977921
177812641
178691197
178783753
179101261
179193001
181338697
182077759
182674603
184041131
184746889
184993121
185203921
185462929
185694241
185893291
186010313
188043913
188382487
188516329
189392743
189442021
189941761
190224451
191252041
191279089
193766707
193797953
194569853
195100057
195991951
196287391
196414471
198330049
198501451
199334539
200371081
202657801
204582457
205653257
205828291
205991101
206171893
209504881
210459283
211472341
211559021
212146507
212324071
212364109
213350681
215505091
216556441
217062913
217472501
217517653
219064759
220444201
220718821
222543397
224497851
224617541
224870017
225630601
226382483
226965751
227132641
228053411
228405953
228485441
228663793
228988033
231127261
231432541
232717559
232743529
233394367
234005857
234086641
234112789
234610291
234717913
235426913
235836361
237086917
238199941
239802091
243701017
244061371
244891193
245742331
247155791
247912897
248885071
249118297
250591447
250873261
251056111
251663837
252728869
253158751
255958561
256137661
257618089
258503701
259190521
260101763
260320673
264129809
265619201
267559627
268505551
268627921
268694713
271387601
271857877
272615201
273586531
274525327
274937851
276676201
277332001
278763181
279649781
280312003
280702423
281288801
282740641
282805615
283732621
285111667
285160107
285577701
286721353
288324091
288838501
288997633
289151741
289265311
289779151
289995553
294106121
294807661
295289551
297652111
299671921
299736181
300164287
302098633
303231043
303817411
305281747
305593181
305594101
306638413
307061371
311206351
311403061
311624389
312453481
312703093
313338061
316804867
317000707
319261727
320782991
321656791
323064487
325116289
325938251
327132161
327936601
328926449
331455031
335958481
336273211
338451401
338816857
339760999
341358109
341564269
342974521
344255551
345701731
346433881
346677391
348612265
348989101
349321481
349344103
352017331
352127077
352459697
355117153
355230937
356184721
358138351
359081311
363881057
364095521
364512097
364857751
365582749
366135151
367601161
368045371
368476501
368750849
369463387
372038143
372537355
374016491
375441247
376322761
376957153
377235631
378700291
379882369
380142757
382304161
383173435
384220219
384365827
384780857
390440779
390609941
391431941
392298139
392803861
396755713
398599489
399671641
400253701
400278511
400527781
400841569
400945169
401635909
402752533
403095421
404978401
405183301
407236001
410204419
411803185
414081181
414452677
415108891
415365481
415586251
416336971
417230441
417726551
418447933
419553887
419703041
421042381
421311157
425256001
426061201
427041509
427691521
428158111
428399161
429890581
434503213
434744161
436022299
436682533
438469333
438660041
439331491
441669889
443572151
445921561
446715221
447859681
450214909
451499431
452040751
453919201
454737467
455461471
458367493
458946181
459134131
461063023
461102797
463138399
467875211
468159805
468336061
469020553
469784561
470000833
470063791
470113351
470268137
470896201
472423249
472669909
472708321
474970501
477399385
478158913
478298687
479574151
481268107
481967399
483689417
484093501
484111657
484317211
485197021
486571801
487060157
487721323
488585521
488656981
489290551
490057837
490894111
491032081
493694221
494443129
495559765
495573121
495686491
495783031
496177705
497451607
498059647
499792297
500685949
502858201
505784089
507803363
509361691
509551201
510672109
510750421
512225281
513653293
517280347
517567051
519248341
519548851
520809451
523128127
523436411
523703179
523916311
524007793
524581751
527160481
527631553
528651997
530717833
531681281
531927199
533833021
534293761
535288321
538216897
538412033
539019361
540654409
540984949
541947841
542598817
543470111
544737751
545057371
545220869
546698681
547157519
549132871
550516271
551719351
553321693
553468033
553491511
557163157
558088637
560516581
560907271
561817589
562467361
564258451
564642289
565753151
568067449
568125673
570307807
571765321
572766251
573136513
573181381
574516801
574692161
577356289
579606301
580519523
581138281
582082495
583505639
584085703
585281791
587336401
588448873
588615553
593049061
593513467
594505927
596469169
600130123
603624421
605030821
605961049
607276931
607299001
608243581
611812321
614684201
615416341
615581063
617279821
619415083
620928533
620966413
623662903
626741501
629738357
630888481
631019843
633289807
633944033
634231681
634573157
636442003
636949369
638478721
640171729
643767931
646518841
650028061
652176701
652969351
653037211
659406541
660118591
663018277
664574653
665372563
667081801
667555943
667835851
668025893
668706391
669916099
673725469
678168401
678465061
680016391
680860351
683262119
684634133
685903681
688899361
689443273
689537441
690035713
692178049
694580351
699677161
699960955
700932961
701873707
703023319
703995733
704589481
709542721
710153581
710166367
713070469
714582001
715040569
717653129
719336153
723168409
723858367
727459921
728458501
730012837
730454539
735080501
738782777
741748001
741965821
744118657
746097031
748408321
756194587
756630449
757221977
757883393
758671141
759464603
759622753
760258117
760551793
760777063
762133751
764654749
768388787
770330669
778147129
779444161
780492397
784810297
792584831
794483251
797036083
803014241
803744371
804182993
804563489
805470307
807115753
808562791
810455101
812093257
816024161
821421901
822767041
826502737
831446141
831896011
832656701
832870891
835433215
839053249
839880001
840739183
843810001
844022831
847034479
848929591
850028939
851026261
851114881
853965421
854581807
855050701
857167561
859397689
859481921
860995657
863744701
864288127
865190929
865224977
866077411
866797553
867323521
870142879
870200053
873471661
875207869
878603701
879485311
879933541
880288049
884304037
884584891
885493927
888506401
888843013
889597729
894860731
895907521
897283213
897579101
899345119
903704491
910020833
911207233
911484421
914717761
916428547
917521669
918023891
924335371
927344441
928253281
931869553
932148253
933354031
933594001
935129879
938030101
939964117
942382561
944246377
944500519
946323841
953111017
953370133
955371871
959605373
960076627
962442001
964455031
964808893
972471151
979913617
987872177
988027451
988032121
988188877
990061957
992587411
995664799
1000058203
1003062061
1003942369
1004070497
1004808949
1012261951
1016351155
1018251991
1022388641
1024423201
1026587521
1028004121
1030996051
1034475601
1036275913
1040550967
1040557057
1040873707
1044252241
1048684771
1050022681
1050336769
1051836211
1051998841
1058989231
1060794769
1064445845
1067064781
1068516751
1072839941
1073066881
1079035651
1079197913
1080425119
1081485217
1082437751
1086670729
1091401261
1092902533
1093270511
1094554151
1095205801
1097606593
1099765913
1101623381
1104590521
1105322653
1105565693
1106292097
1110148033
1111114663
1111594651
1126633201
1128342391
1133762671
1135301887
1135984177
1136940031
1137320581
1141158901
1141495921
1141653871
1143217351
1144512877
1148652415
1152793621
1153276931
1153451881
1154174641
1156107655
1156764913
1161531601
1167644917
1173961861
1174448129
1175308721
1180970407
1182665993
1183338241
1185605209
1188646903
1190026181
1198650961
1199692369
1201002301
1202272171
1210393801
1210863061
1210962059
1213843621
1214140321
1215848047
1216609553
1222915279
1224572161
1229956003
1231717687
1236313501
1236666791
1240182913
1240365457
1243182541
1245283961
1245329357
1245989471
1249785941
1251490813
1252236421
1254948337
1255663267
1255812937
1267133311
1267800971
1267803793
1271364709
1272826441
1282354519
1284585961
1289281621
1290136051
1292326741
1294411231
1299963601
1301698927
1302594841
1306467049
1309517353
1314056899
1314145841
1318539179
1327026403
1329300337
1331741953
1332804013
1332983653
1333215703
1334600947
1335392521
1340121257
1342675783
1345560811
1349855497
1352290501
1352581201
1353440233
1354991653
1356779521
1361407951
1366222009
1370520145
1371998071
1372681861
1378831861
1390161709
1390637851
1392187021
1394584327
1397169091
1401216121
1401840833
1403780041
1405748959
1408706209
1424547977
1425860101
1431236041
1432548937
1433928581
1436675041
1442250137
1442692285
1443652033
1448787649
1451635201
1452442321
1456116817
1456844033
1459015451
1463030101
1465217911
1465754401
1466588791
1472650999
1474936871
1476194833
1477340279
1477441351
1488103681
1494595801
1504832033
1506281159
1508642701
1509091813
1509316901
1515986137
1517867149
1518810149
1520190341
1522669051
1523848129
1527188461
1528469251
1530214577
1531391905
1531770661
1533555271
1538071061
1539044477
1539993457
1546249951
1547543161
1550989177
1557593881
1561390777
1562337071
1563960913
1566693481
1570997431
1571984173
1572032879
1572561601
1573689151
1576059421
1576233541
1583658649
1588894231
1591121041
1592900513
1596000927
1600425773
1602758977
1606097953
1606344247
1606880837
1610968309
1616339639
1617881569
1621058027
1621862551
1621973581
1625604781
1635196471
1635548221
1638294661
1640669857
1643024911
1646366257
1651451551
1661184601
1661278741
1663055983
1663451551
1671603667
1681812823
1686365143
1687087169
1690549829
1690914781
1692567521
1699279441
1699322951
1699745683
1699852451
1702532567
1712449201
1713319453
1713806641
1714842361
1716457271
1716656581
1718759743
1719110377
1722463471
1725346477
1728960133
1741436533
1744099633
1744262081
1751624321
1752049531
1753842007
1754576617
1762308623
1763702533
1769148751
1773291017
1776450565
1783334719
1784323201
1790391181
1790465821
1795151201
1797549671
1802853751
1808491813
1822201981
1826055637
1826200981
1830949313
1838145401
1839125527
1840953661
1845305713
1848681121
1852317251
1852879199
1854715591
1860246529
1864009153
1865634601
1866337201
1867906721
1868076451
1868747113
1872885241
1876485691
1879965781
1880677459
1883443321
1892594401
1894573309
1899768763
1900823653
1909566073
1910492641
1911197947
1913296951
1916729101
1921309633
1923311317
1928450371
1930403333
1931886601
1936194049
1939247101
1941464501
1943101729
1944452249
1949646601
1958022601
1959567241
1960577189
1967293171
1971531151
1973142407
1976710451
1981681153
1984474507
1985379631
1994087761
1995198031
2001129901
2005279579
2006460257
2009621503
2009695465
2015918941
2018761111
2019805261
2027097227
2028804793
2030600833
2037390301
2037732451
2038345579
2039618263
2040774121
2041892161
2056837781
2058347761
2063228203
2066508391
2069182981
2070369991
2073792211
2073912961
2074761349
2076374941
2080301057
2080813453
2080995841
2088126151
2091848221
2094177403
2096510417
2111487943
2111829193
2111989843
2116553111
2122086293
2123792551
2136033103
2136140621
2142273599
2142302741
2143585621
2150063191
2162324431
2165196001
2167897481
2168777755
2170896001
2173907821
2174166881
2177645557
2182185281
2185691531
2185704553
2187644581
2188969201
2194422751
2194499849
2203663621
2208757981
2211355303
2212521433
2215019269
2216362637
2218416619
2227141489
2229995671
2236601179
2237084191
2245519981
2250357679
2253376133
2254079101
2254796281
2256666133
2262925211
2266645757
2271817633
2277117701
2286304681
2290361221
2296894753
2300586881
2302419601
2306716021
2308136401
2311558021
2312963333
2314422601
2316483601
2317403089
2319909931
2322648901
2327478337
2327748337
2330338249
2333461313
2334584561
2341421867
2344423657
2347597981
2351579261
2359020301
2361316621
2362421953
2374165249
2375108339
2385574201
2395276927
2406209249
2411141203
2414074627
2428842131
2440841467
2444736533
2450729851
2459637181
2466831823
2469426121
2476427311
2481023161
2483253781
2486995001
2493414691
2493698131
2510359561
2514929581
2515098601
2515507021
2520191311
2525957851
2530618177
2540536813
2544326929
2548381613
2550047941
2558892293
2560600351
2560891327
2561454641
2562997951
2563970737
2566082773
2566804501
2567101249
2578132561
2583416221
2586061363
2587770907
2593710277
2599497883
2601944221
2602510633
2605108531
2610990749
2620863523
2624034113
2630997541
2631152179
2634411361
2638224263
2642008069
2649907201
2659939453
2662950739
2665209457
2666756401
2670102541
2674839511
2675290949
2676053333
2679957853
2681054461
2683773707
2690867401
2695064653
2697374737
2712724291
2716344661
2718098111
2720355301
2724552907
2727333197
2730352321
2734371469
2735281391
2736316301
2740820077
2741127253
2741761153
2746800841
2749430413
2756721031
2761224383
2765751931
2770560241
2771071031
2775980593
2776716991
2776874941
2786102641
2787364777
2789042413
2794409213
2797675201
2800352011
2806589017
2809689601
2817287941
2826128971
2828698133
2832384133
2838633137
2839992427
2840871041
2841707551
2855736217
2857919401
2866785991
2870118421
2874211129
2892892033
2896080751
2904676633
2915953633
2922989455
2929066993
2930570501
2932556717
2938558607
2945208001
2945960033
2946016891
2954538497
2956494691
2958016921
2960284753
2968907371
2970756517
2972241403
2974766173
2981566361
2981853253
2982232321
2984004437
2986528151
2991775643
2991834737
2995146179
2999606177
2999998387
3003638821
3009018601
3014101261
3029687221
3030034801
3030698551
3035683223
3037464691
3043710841
3044238121
3045339889
3054297403
3057111721
3057254513
3066754241
3068534701
3069724477
3071644057
3072094201
3074083651
3075075281
3077771497
3078633661
3087531581
3088408429
3093769801
3100335107
3101757121
3105534251
3108629309
3116006521
3121477633
3122707457
3132135077
3132777841
3133071961
3135040133
3143560141
3148269359
3151587349
3154371361
3155608361
3157270091
3162878071
3165485401
3167917873
3172856311
3180981781
3181824857
3183907579
3185944273
3187421077
3188031211
3196023161
3197465701
3200094201
3202895821
3206203003
3217744531
3224109701
3232482511
3239620777
3246968713
3254769649
3256500551
3282158419
3282995461
3285922081
3287153101
3289572001
3297914749
3307433263
3313304557
3322130111
3326260321
3334325641
3334558753
3349007833
3349997731
3358680601
3363483589
3363763231
3366379873
3374598781
3380740301
3380971361
3383477191
3391580809
3403402201
3404103379
3406357013
3411338491
3412575097
3415379701
3416305537
3417002101
3429457921
3433046207
3437331787
3442833857
3450935503
3453111643
3453864329
3460405183
3462817177
3462909031
3465168841
3466495957
3468415081
3469254571
3469828477
3477381283
3478466561
3479855933
3480174001
3497984737
3500487763
3502970551
3504434431
3504570301
3523478201
3538213381
3539578501
3544611281
3557679571
3572343289
3573033901
3573458761
3583221553
3587844041
3590126777
3590963443
3591704689
3594110081
3597507607
3599103691
3604125601
3606607931
3607517261
3609494533
3616503937
3621992533
3625328981
3634084871
3634661941
3635350441
3637831753
3640903111
3642309161
3650592667
3660526213
3661840951
3662842751
3665927071
3667846187
3669734077
3672754633
3674435581
3680722321
3682471321
3687402241
3697434133
3699995881
3702691903
3704596669
3705308951
3711538241
3713066389
3713287801
3727820909
3727828501
3729097633
3745617481
3755468881
3757929187
3759781369
3760685083
3760896133
3764466553
3766083481
3773220881
3785356387
3786262241
3787284821
3787491457
3788041021
3789843461
3793243213
3798040471
3806732051
3813919453
3817706621
3820707661
3824339819
3834417289
3836035789
3839041009
3846098719
3852943927
3859546687
3863775137
3871924561
3879713251
3883750471
3887023307
3888925501
3889327373
3892217401
3895924033
3897241129
3900013681
3905792071
3908413559
3908908033
3915277651
3918874489
3930682307
3936668113
3937526911
3939646189
3952678489
3959921521
3960289261
3960653029
3962953499
3972052687
3975630361
3979485931
3980744857
3981686509
3983361859
3991164857
3993126083
3996635941
4004480873
4005122557
4005639919
4006329251
4007644261
4014047851
4020144133
4026822577
4028771849
4034208301
4043622151
4045507181
4049915941
4062489421
4069985281
4070033537
4075860673
4076613997
4091566081
4102631965
4103423983
4109824231
4110594601
4116314539
4117639171
4122190321
4122246097
4131660961
4134189937
4139276401
4142622061
4145871817
4160530711
4160999809
4163406427
4169145961
4175362133
4178491201
4178589781
4183664101
4183915051
4184281537
4184939683
4189357987
4225283311
4227243337
4227296977
4227636337
4231329845
4234009397
4240409041
4241343151
4244122829
4246138961
4266709561
4267640833
4275604381
4283445403
4286080537
4289393281
4291958123
