33
91
129
473
721
1241
1339
1419
1729
1991
2047
2821
4963
6013
6493
6533
7081
8911
9073
9217
9373
11167
12403
13699
16297
16841
22351
27331
28153
38503
41861
42811
48133
57553
62281
64519
67861
73027
78169
79969
83261
88477
114247
122747
125671
134863
137149
141877
145351
175123
186457
188191
188461
195113
197633
201241
211411
231181
249841
260131
272251
277111
277387
328021
385003
391409
417601
430501
479119
502799
511189
512539
516031
573391
597871
605881
609031
615781
619339
627991
639973
714317
741751
763723
765703
788671
795341
868001
883501
906193
916327
929633
949351
950797
987901
995701
1032533
1047619
1056331
1090987
1099201
1102759
1132069
1150201
1152271
1168513
1169101
1178857
1179799
1202851
1282777
1285579
1314631
1314721
1387513
1398101
1407907
1408513
1409437
1413163
1483369
1493857
1495729
1530787
1542623
1661761
1734823
1748921
1758373
1767601
1773289
1869211
1893943
1956131
2008597
2036497
2140427
2182267
2226631
2246401
2354761
2354991
2384857
2387797
2395711
2409721
2466133
2488051
2508013
2510357
2532163
2538251
2681911
2722721
2727649
2741311
2814283
2896489
2913181
2976487
2984983
2995147
3048221
3059101
3089773
3158273
3214741
3274871
3277231
3438667
3584503
3647621
3663871
3828001
3885157
3888377
3895801
3913267
3960703
3985921
4014361
4024285
4100147
4181921
4263217
4364881
4373821
4504501
4512691
4543021
4652561
4835959
4863127
5046109
5060971
5084921
5095177
5099221
5397913
5605321
5722289
5881321
5928109
5968873
6074141
6330199
6369761
6594061
6631549
6645457
6730309
6755251
6759751
6768307
6787327
6861941
6862153
6976201
6999001
7002493
7028821
7090399
7214969
7423771
7580431
7621091
7767937
7798381
7811761
7917403
8051407
8128121
8184749
8398729
8602513
8643853
8655001
8688737
8830801
9273547
9353761
9356413
9450241
9570601
9622111
9629443
9811891
9892481
10267951
10276297
10303151
10386241
10550121
10654177
10679131
10742059
10899523
10978801
11158753
11348101
11391179
11413183
11456491
11571589
12221301
12347551
12397153
12416141
12614857
13049371
13073941
13266217
13404751
13445287
13467007
13694761
13714867
13871341
14056111
14063281
14296937
14580563
14632537
14652991
14687681
14711113
14745043
14769281
14913991
15093349
15387557
15389641
15898039
16383239
16520533
16660001
16681201
16913473
16927951
17443213
17759681
18158251
18303319
18511021
18519463
18603451
18728263
18879961
19088407
19186531
19280881
19297921
19523857
19617529
19842481
20310751
20342449
20407549
21038929
21129389
21401131
21415297
21809581
21835249
21853819
22035917
22093441
22369621
22735153
22783471
23148397
23386651
23774531
23966761
24071851
24703213
24904153
25052527
25184173
25448893
25494017
26332181
26566273
26902331
27192091
27279059
27509653
27773887
28257751
28785907
28934641
28937507
29013961
29429881
30364661
30428033
30453121
30862459
30866731
30973849
31040833
31267991
31594837
31735621
32653363
32683201
32785633
32817151
33140189
33796531
34043101
34084181
34163977
34304761
34792423
34817353
34893457
35134021
35656231
35739701
35871029
36010651
36107709
36333551
36452257
36749791
36765901
36955381
37093607
37173401
37562641
38001691
38270377
38425601
38789913
38841403
39154081
39214771
39368611
39447181
40266731
40614401
40621591
40675981
41710411
41798401
41843761
41988341
42016591
42026419
42149971
42318277
42698023
43181401
43563763
43756531
43957603
44482901
44726137
46133033
46293067
47020177
47356171
47824423
47903701
47924149
47964857
48481679
48511789
48628801
49019851
49075963
50156087
50581081
50636611
50715127
51090691
52780601
53154337
53182009
53225057
53294029
53625817
54177949
54317901
54368273
54511021
54637831
54872689
54958597
55421821
56380561
56581471
57568531
57804451
57833861
58691569
58920541
58956013
59458213
59898679
59966339
60352921
60355549
60552161
60555463
61171951
61230943
61304641
61343437
61685521
61719949
62399041
62423551
62494447
62730193
62892121
63235327
63397751
63553621
63781901
64377991
65304289
65565457
65814343
66075091
66096253
66793141
66998317
67031581
67653433
67706501
67894759
68095483
68512867
68635591
69661513
69938623
70917451
71345633
71936899
72286501
72884701
73484371
73884181
74319473
74822833
74852121
74927161
75032497
75404401
75621341
75843857
76260913
76307617
77146831
77526049
77555713
77594329
77920681
78644611
78954893
79525261
79652737
79734763
80176351
80283031
80296213
80406709
81787879
81852401
81926461
82606231
82995421
84354821
84485161
84760039
87056941
87111469
88227811
88658641
88778201
90196471
90218287
90234751
90357697
90527893
90835711
91319581
91899151
92625121
92654983
92655487
93270889
93453119
94612771
94789063
95451361
96400741
96786169
97211341
97219361
99230707
99585851
99625351
99706177
99732509
100227781
101407697
101541007
101649241
101736979
102090781
102957157
103042241
103077937
103983907
104220703
104663089
104926231
106725061
107112331
108140401
108285937
108306043
108596953
108894259
109050787
110937163
112483181
112939831
113492101
114793097
114983441
115322173
115924663
116474257
117251641
117445987
117810991
117987841
118090361
118463981
118566533
119759851
120183361
120453761
120570319
120830659
121006201
121080077
122185099
122581801
123399431
123513601
124506649
124518689
124571203
125371909
126073963
126263683
126329101
126428851
127560439
128027201
128597833
128645441
129923753
130347037
130915373
131411827
131508301
131571181
132146701
133391611
133970959
134048231
134344201
134777221
134993401
135308881
136066477
136202441
136608601
136763243
138030721
138196963
138336661
138736153
139810133
142335491
143168581
143419981
143500681
143886793
143986987
144333619
145072351
145410931
145682311
146021633
147028001
148484909
149714839
149915011
150510869
150877333
151701701
153890227
154944533
154948513
154982683
157542533
159104263
160067857
160165897
161492521
162243091
162395521
162744391
164578051
165070039
165242291
168262111
168310801
168948347
168949771
169731307
169771541
170446249
170672833
171454321
172035841
172866019
174167407
174604759
174682333
175338001
176442961
176546267
177112189
177254533
177396157
179685761
180110001
180228049
181105129
181191221
181489067
181590751
182547301
182619271
183330551
183520801
183524111
184353001
184783441
185653333
186054721
187686913
188192161
188382487
188985961
189650161
190480021
191321407
191674081
192580441
192829201
193230577
193918187
194389903
194907511
196285651
198168967
198305759
200083333
200441561
200546611
200702041
201261061
202461197
203330401
205528389
206006533
206672593
206878351
206893069
206927911
206968933
206980489
207865021
208264081
208455769
208947217
212130959
216173387
216423691
216899047
219412321
219451129
219669451
220471841
223051141
223091749
224870017
225651469
225869461
226265521
226720777
227864599
230433601
231405701
231540121
232460821
233082331
234691381
235319011
235928071
236091151
237570191
237964501
238671187
239142133
239806561
242261027
243200299
243460883
243649693
243712981
244061371
244465057
245569171
246099317
246933721
247155791
247419247
248637377
248978017
249183037
249255553
250370641
250822819
251753441
253158751
257495641
261703417
261856261
262833871
263428181
263604193
264806701
265709203
267330473
267804901
268505551
269800741
271199701
275346601
276105413
277753591
277787141
278763181
279065377
279330853
279744031
284736091
285057263
285542711
285856561
286023403
286774073
287449091
288120421
295826581
295890169
296481259
296483239
297519353
298002961
298427273
300204971
301090321
302818001
304080001
304654351
306066199
306095651
306642313
306656371
306785051
306787177
307041619
308448649
309148153
310693633
311206351
312043997
312773141
314184487
314205893
315102853
317641171
318158041
320044231
322390909
323306251
323813953
325834309
327121183
327448553
327862081
328563511
329153653
330016541
330049561
331868197
332152423
336273211
337312117
339979459
340602697
341096881
341736041
342697231
342797599
342974521
343067453
345701731
346297121
347434501
349294873
350304679
352916353
353484541
355877941
357494141
357732121
357914701
358922497
359053003
359079493
360018361
360382499
361198241
361307521
362879549
366487201
366640201
367228297
367678981
368476501
369145963
369350741
370712161
371199233
371396411
371627029
371675221
371920867
374524021
374892281
376096033
377187031
377996221
379170331
380069929
381116881
381507253
381604843
383161051
384472481
384701953
385438789
385858381
388313297
391431941
391930003
392969347
393613081
394538551
395933539
396106261
398143681
399658231
399671641
399765031
400142167
402447061
402769441
403095421
404840833
406547137
407031241
408539377
410044951
411893299
412402631
414014221
414876013
415476343
416121301
417345673
419452381
420116621
421365611
427244329
427750291
428457251
429890581
431897579
434181529
434503213
436433821
436710709
437151493
437297801
438885019
439111351
439714133
440219011
441393857
442067701
442592701
443629261
445060751
446786803
447228901
449037667
450176117
450322783
450405091
450992173
451056001
452456551
452888071
454735191
454945501
455461471
457274161
457320533
457963633
458140957
458869951
459140951
459211501
463298083
465086689
465883139
466704857
466758181
467491753
469209751
469784561
469819141
470000833
471154591
471535373
471697799
475415461
475992397
477203959
477320537
477640321
478245763
478606717
479461613
480269921
481089467
483908053
484138649
485425891
488067721
488656981
489919193
490104481
491032081
492551431
493108481
493961737
495832231
496182751
497285713
497521741
498016009
502566683
502858201
503969041
505065751
506359879
506925121
507726901
511408171
512321657
512330281
512863201
513080129
514831753
517555711
520451779
520809451
520858999
521133967
521463359
522080609
523478981
523617179
526097881
527626639
529946731
530376337
532258271
532707649
532979641
533444107
533856727
534404303
537432937
538412033
539444269
539614897
540201313
542955289
545738203
546502681
547139191
550762759
550989041
551490949
555196951
556033731
557840359
561036763
562467361
565016491
565422001
565883221
571533451
573584761
575834173
580182499
580686881
581618143
582433547
582799951
583249411
584572841
591717787
593605351
593817821
595590841
596653669
597872341
599135767
599735761
600428071
600507277
600893921
601020313
604398029
604979233
605030821
605961049
606304513
606318511
606468481
608917753
608963227
610664143
611071663
611829349
611852671
612816751
616010653
620072251
620351941
620966413
621572221
622339081
625484177
627527811
628712401
630015541
631767943
632025769
636208301
636936697
638014681
642524257
643332187
643552909
644453633
647479361
649497967
649650037
649919701
650983069
651029653
652683421
652969351
653073461
653083601
656793899
659097031
660669259
660859651
662853151
663509251
664357321
665416417
665498107
665886857
671606111
674737523
674742793
676083337
676273027
677899633
679975003
680640269
683792097
684927091
685532809
689548201
690652411
692178049
696032791
696201305
698718331
699493741
701263873
701409151
701430811
702424951
702965231
704110639
704934361
706415453
707985661
716169301
716198071
719336153
720068161
720223813
721849789
724354813
726797881
727083001
731187451
732516907
734566081
737745463
738272429
738820351
743227651
746935729
747912961
748541369
752099401
753497161
754020361
754874257
756205633
756318751
756579151
757639387
758081801
758374079
759638881
760131139
761354329
764761831
765406153
765535117
767575771
769122433
769617269
772392259
774366953
774909001
775135201
775348661
776728661
783775409
783792901
784966297
786157087
790043461
794334001
797510689
800055367
800907001
801392593
803744371
804255643
805494643
809068321
810401131
810652807
810805967
811991467
812036461
813023701
813531361
814126699
814441633
814744897
814878541
815492509
815776417
816878593
817669081
818750701
818791921
820472641
822177379
822767041
825931331
826400023
829620397
831821327
835526441
837878149
840182729
841071811
842960981
849879337
851026261
853655597
854573591
854634061
856637611
858419011
859889917
860253217
861090413
861954811
862422173
863984881
866546353
868724041
870186187
870304117
873269251
876842401
878113331
882000901
882494861
887219023
890763817
894376309
895971541
896793353
896878501
897916207
900480673
902096161
903136901
904505611
906461821
908349601
908905537
909144391
909566191
909651767
910643137
910911541
913812541
914492801
918757127
919078889
921257191
921561265
922368811
925165039
927317681
929106601
930032941
932148253
932793401
934968217
937319041
940123801
942757001
945266947
950424931
954361321
955938901
957101077
957600541
958323601
959108207
962468911
966443869
968133739
970355431
975110657
977046533
978563041
980957071
981366049
985089271
985325371
985563217
987635881
987903229
988272521
992134981
993304969
993420289
995406931
995425001
995890897
999260501
999670027
1000720033
1011570457
1014128701
1015269391
1016444269
1018890523
1021715299
1022595289
1023210817
1030401901
1032101461
1032209467
1034121943
1034283421
1037627051
1038489811
1040295691
1041304393
1041482531
1042718617
1046253209
1048355023
1052167663
1053014599
1054418797
1058816533
1058989231
1070158877
1070842591
1070941987
1071555871
1073066881
1075420189
1079216753
1079719349
1081607311
1081954931
1082606233
1083974959
1085509151
1085836897
1086444001
1086797671
1087688953
1089682837
1091327579
1091430503
1091704573
1091803543
1092319957
1094554151
1097769331
1105817329
1105820761
1106442877
1106443333
1106529761
1106925397
1107825881
1111311951
1114323841
1119895393
1121644021
1124454421
1126553741
1129716811
1135428031
1136660323
1137427573
1141201001
1142910001
1148103043
1148701117
1154691409
1155069661
1157115511
1157480341
1160650181
1163168077
1167256909
1167684751
1169850901
1171377551
1172817151
1176308927
1186382413
1188646903
1192025341
1192408391
1193888851
1198925521
1200456577
1203144031
1204289881
1205045761
1210562701
1211063057
1213558081
1214085349
1214977141
1221044653
1221415741
1222568707
1226157751
1226542897
1226865781
1232853007
1234887673
1235864033
1237982851
1238737121
1239578371
1240238407
1245600253
1248228601
1249785941
1250485237
1256144221
1266054193
1267345081
1268469781
1268946253
1269429877
1275037457
1282115773
1282588051
1282827911
1284158093
1285497577
1292934151
1294696721
1294893739
1298898289
1300490071
1303477561
1305157621
1311053731
1317979651
1320140401
1324081721
1328256247
1328794831
1330521931
1332746143
1332804013
1336100959
1345780801
1347452551
1347914701
1348642241
1348995187
1354966273
1356440887
1362805831
1366433641
1376465371
1378702181
1388390291
1393006463
1394632891
1398142891
1399230289
1405748959
1407548341
1410341377
1412821841
1419993973
1423662379
1435738201
1435836559
1438648993
1440231941
1440244423
1444441861
1444555117
1448479561
1448921633
1449131137
1451654597
1452194257
1455060097
1459900801
1461456797
1463178817
1463678641
1464763213
1465217911
1465307351
1468729417
1469241121
1472221921
1473169321
1476728389
1479647233
1482032819
1486078903
1486958743
1489949803
1490056501
1491219227
1493173441
1496019241
1496074189
1496207809
1497221281
1499094721
1502570513
1502682721
1509007921
1517341771
1520190341
1520466421
1526362601
1527656767
1527763333
1534616617
1535624641
1535672221
1538753581
1539620941
1542379547
1542542453
1544216293
1545819463
1550001113
1552636807
1555316911
1558313681
1562210371
1563607081
1564278211
1567296259
1569599209
1569769223
1574362441
1574482141
1574624431
1579615753
1581576641
1587577867
1588247851
1588427581
1591514801
1595622997
1598939761
1602357139
1602921889
1605234709
1610636273
1618587001
1619680147
1622001917
1627647751
1630161541
1631314609
1632785701
1635565471
1644513361
1646349841
1646710099
1652048971
1654135561
1654447741
1654793713
1656017353
1656207323
1656917377
1663312121
1663788251
1665954709
1666779073
1670969503
1671023791
1676150323
1686298447
1686354757
1690663063
1692285841
1692567521
1692914041
1699279441
1701129281
1702532567
1704846337
1706302123
1707097591
1710129719
1710309889
1713935219
1714144513
1716677653
1718076451
1719533773
1720550469
1726356391
1727194153
1727781571
1728135371
1731995497
1734666887
1737330193
1737552601
1739544493
1749925423
1750841071
1753465123
1755921241
1757034241
1760706811
1763702533
1766622593
1773252521
1773900833
1774497061
1780142563
1792442737
1803473843
1811574913
1818827141
1820035297
1820306953
1820402921
1828182427
1839568981
1844279011
1850315689
1852317251
1857221281
1864009153
1869875281
1871324281
1878092089
1882413649
1886526721
1893144961
1893583519
1894349101
1894573309
1894909141
1895137861
1896689737
1897257577
1900664461
1901264641
1901994161
1911990691
1913422591
1920358551
1924810291
1928989459
1929930209
1930534453
1938525821
1952656471
1955219311
1962046399
1968160723
1968276997
1979775631
1980270289
1984167901
1984349951
1989646903
1996992001
2000592947
2005755937
2008184641
2012837851
2013008071
2018761111
2020292737
2024334049
2028416021
2034146171
2045305789
2047596391
2050839121
2054711381
2057665741
2057835781
2059640951
2062838221
2071512001
2073775267
2082273301
2083359241
2083995971
2087360551
2089348291
2089647721
2096758123
2101755697
2103239563
2106029269
2106310769
2109682681
2111144437
2112013531
2114567911
2114643217
2116390711
2118019153
2119753441
2120568673
2122496683
2125407373
2126800747
2127401411
2134546543
2135710193
2145850513
2147237951
2147903287
2158436509
2163461873
2166507001
2167024861
2168432527
2169646561
2172857611
2173579801
2174799563
2174988817
2175029821
2175202783
2179969331
2181245873
2184444403
2188940869
2194422751
2195607943
2195936501
2197944451
2199931651
2200168477
2216267467
2217836479
2219717779
2224506541
2225839669
2231259841
2237677501
2238280147
2240294239
2241270421
2242032841
2242724851
2256056683
2258688127
2260590061
2267884963
2269491451
2272413529
2272817149
2273778391
2274973709
2275209721
2276606503
2277117701
2280235321
2286489397
2290361221
2293153571
2294178391
2294455411
2295098363
2295559813
2298440461
2298710473
2300620801
2301745249
2306623001
2310716189
2314044721
2319724441
2319963271
2320680781
2324903257
2330823169
2332633519
2336586121
2338437121
2341367081
2342765701
2344054721
2344147543
2350965961
2359840141
2361232477
2362879261
2373252931
2377239643
2378489401
2380502581
2380603501
2382847831
2385500881
2393161541
2395884877
2396474599
2397886921
2398190341
2403379021
2403802133
2417408533
2419302833
2426171641
2428711937
2433367567
2433461491
2446893703
2446940041
2449218817
2451078331
2455764097
2456404231
2461807363
2462662801
2470869253
2473187009
2473982089
2477645591
2480845001
2481796171
2483253781
2492822023
2493698131
2494128451
2495992123
2496724147
2496974701
2497638781
2497746601
2501832601
2518861351
2527601891
2527972363
2542037551
2544156091
2547031901
2550331051
2551598071
2552418761
2553946951
2557599787
2559551681
2559636073
2561392189
2562084907
2562658939
2564263001
2570533141
2574508813
2577345541
2583022261
2585831341
2586892379
2596826527
2597294701
2598405421
2605737361
2611099201
2616180821
2617244033
2617460209
2626783921
2626838281
2631303901
2636360191
2644295281
2660052385
2662207481
2668057289
2687261221
2695064653
2695557151
2697374737
2698333457
2699490631
2700632281
2701522279
2706942421
2710899281
2715483877
2726997937
2728102651
2733494401
2735798941
2737298273
2737789441
2741127253
2742119407
2757816979
2760482929
2761545403
2763262837
2766403333
2777232023
2777780149
2779477741
2784168691
2796401581
2800172953
2801847761
2802186751
2806589017
2808174907
2808228541
2813512591
2817955687
2820082513
2821640957
2825353019
2825624881
2832000949
2832749823
2834779991
2837917633
2845944781
2847508021
2856948571
2864777059
2867517607
2867753461
2870118421
2871974561
2874211129
2874828751
2880850711
2886126449
2896171921
2896722481
2898101221
2909354977
2912443201
2921552653
2926852951
2927499301
2932902961
2941063957
2941477351
2942341741
2951544961
2953329331
2957038141
2962536391
2968668781
2969716333
2975071529
2981325161
2981959117
2986291639
2993635471
2994253891
2995146179
2995368877
3000916951
3004076321
3008576119
3011650681
3014397871
3015708301
3020423491
3032909353
3035012653
3038361217
3039329359
3057111721
3069196417
3078743357
3079819051
3082070881
3086767657
3105846829
3107904641
3109630651
3110949811
3112347853
3118592377
3119101921
3122519053
3129189977
3135040133
3137756161
3142385581
3146902111
3149218381
3150670177
3152711161
3158926129
3166952101
3168870541
3170262409
3172658653
3177696701
3177958807
3181824857
3185944273
3190215691
3191740201
3194182081
3202224199
3202626169
3205512997
3211823251
3212417677
3220749313
3228673297
3232912621
3233558021
3238231181
3241962277
3242286403
3247735921
3247835677
3250257559
3260299771
3265122451
3271076771
3273820903
3279841343
3285725701
3292505101
3311236741
3313196881
3318599989
3325762771
3326606011
3326803201
3327587693
3330875089
3331422343
3354154159
3357508729
3363763231
3378521413
3392908091
3411338491
3414638681
3418991551
3435462601
3439695113
3440800001
3441140909
3443019667
3444123547
3446146201
3450591101
3462347101
3469828477
3478438567
3480174001
3490018841
3493329931
3496063321
3497214337
3504132113
3507476381
3508518781
3509328149
3509345701
3509420401
3509677351
3519703537
3519861949
3531384301
3548659357
3555124453
3555423083
3557343019
3559066513
3559217221
3565695233
3569719357
3570871523
3571577251
3578189341
3580867909
3583375681
3586833253
3597245527
3598497631
3600199651
3604125601
3612345697
3614770573
3618244081
3638519909
3673522819
3678934981
3681358529
3682683187
3683693179
3689046037
3691220773
3696368141
3698276741
3700458301
3700470337
3704116219
3708905341
3713521033
3714045481
3716893831
3723891331
3725468843
3727403371
3730279789
3742812583
3743072341
3743307181
3748163761
3751961263
3766666721
3782870081
3789455671
3791789201
3792987703
3797194861
3798003457
3800306971
3812741741
3816178711
3822308461
3832646221
3832807681
3833846641
3837504331
3844873897
3848420467
3859950511
3860428573
3867417313
3867626753
3874471147
3874939501
3880249927
3883479601
3887635753
3888201601
3891090817
3891919417
3895924033
3896816683
3900164083
3901550831
3902867161
3917848663
3926933557
3929293061
3931834501
3936039281
3937994413
3942332501
3946866061
3951663493
3955054027
3955285349
3970611151
3973308961
3978023617
3980072647
3983221783
3987338719
4001541353
4004843737
4006409857
4007116621
4008436741
4035168593
4037490451
4041263503
4045290721
4050839801
4056432019
4059776533
4060804289
4062466411
4074381601
4078754941
4079396773
4080054833
4081806919
4090366057
4098197377
4106005741
4106260033
4126689041
4143232897
4143647713
4147129841
4149101017
4149545791
4150516277
4154121757
4154895361
4160411251
4160908991
4161975421
4164854719
4200653953
4204579303
4205949091
4206758533
4217803087
4220094451
4231459597
4232787521
4234432001
4234692193
4265673761
4268367703
4268583049
4272460651
4287612127
4288319561
4294901983
