15: 3 5
25: 5 5
39: 3 13
65: 5 13
75: 3 5 5
195: 3 5 13
259: 7 37
325: 5 5 13
427: 7 61
645: 3 5 43
703: 19 37
975: 3 5 5 13
1027: 13 79
1369: 37 37
1541: 23 67
1695: 3 5 113
1891: 31 61
1975: 5 5 79
2257: 37 61
2779: 7 397
2955: 3 5 197
4859: 43 113
7543: 19 397
8471: 43 197
8911: 7 19 67
9583: 7 37 37
12403: 79 157
14689: 37 397
15799: 7 37 61
18721: 97 193
19951: 71 281
22261: 113 197
24217: 61 397
25675: 5 5 13 79
26011: 19 37 37
26599: 67 397
27133: 43 631
28991: 53 547
52621: 101 521
52975: 5 5 13 163
56033: 137 409
60801: 3 13 1559
72885: 3 5 43 113
75855: 3 5 13 389
83509: 37 37 61
84925: 5 5 43 79
102823: 7 37 397
127065: 3 5 43 197
128627: 293 439
130561: 137 953
133141: 211 631
134261: 31 61 71
139231: 37 53 71
152551: 7 19 31 37
159895: 5 113 283
167401: 13 79 163
169519: 7 61 397
181455: 3 5 12097
188191: 307 613
190513: 19 37 271
206981: 263 787
208897: 13 16069
219781: 271 811
256543: 7 67 547
262753: 103 2551
267547: 7 37 1033
277575: 3 5 5 3701
279091: 19 37 397
302835: 3 5 13 1553
319309: 23 13883
330263: 223 1481
333915: 3 5 113 197
341317: 191 1787
343001: 71 4831
360533: 347 1039
389777: 409 953
390937: 313 1249
393427: 397 991
401191: 7 37 1549
401725: 5 5 16069
410041: 41 73 137
463241: 149 3109
484321: 97 4993
485357: 569 853
506325: 3 5 5 43 157
512461: 31 61 271
520171: 43 12097
531371: 31 61 281
543493: 37 37 397
556421: 431 1291
558925: 5 5 79 283
570133: 19 37 811
584563: 7 37 37 61
585325: 5 5 13 1801
604117: 389 1553
623715: 3 5 43 967
636679: 631 1009
658711: 19 37 937
660313: 163 4051
709171: 211 3361
713483: 23 67 463
736291: 607 1213
756795: 3 5 13 3881
876961: 541 1621
896029: 37 61 397
920361: 3 13 23599
930161: 67 13883
931297: 97 9601
957223: 43 113 197
963649: 193 4993
1032533: 587 1759
1041043: 373 2791
1053761: 593 1777
1084201: 521 2081
1127611: 307 3673
1202381: 317 3793
1219661: 521 2341
1226413: 419 2927
1246225: 5 5 79 631
1269451: 79 16069
1302451: 571 2281
1316575: 5 5 13 4051
1357511: 281 4831
1366961: 113 12097
1373633: 677 2029
1383587: 283 4889
1439425: 5 5 13 43 103
1484881: 461 3221
1509709: 389 3881
1513933: 71 21323
1531441: 181 8461
1533601: 31 61 811
1537381: 877 1753
1576261: 379 4159
1600117: 1033 1549
1636831: 7 19 31 397
1668811: 23 37 37 53
1683793: 617 2729
1711711: 463 3697
1849627: 13 79 1801
1852993: 193 9601
1889681: 241 7841
1903201: 17 111953
1963501: 701 2801
2042041: 1429 1429
2120791: 631 3361
2129341: 139 15319
2251549: 613 3673
2313841: 241 9601
2347769: 137 17137
2383109: 197 12097
2491637: 1289 1933
2497069: 811 3079
2522833: 157 16069
2624329: 631 4159
2630071: 31 37 2293
2639737: 727 3631
2762285: 5 113 4889
2781661: 31 61 1471
2795519: 683 4093
3363121: 1297 2593
3375487: 919 3673
3387781: 1063 3187
3537667: 7 19 67 397
3645991: 1021 3571
3676961: 269 13669
3751513: 457 8209
3763847: 1181 3187
3768451: 971 3881
3804451: 7 37 37 397
3807409: 67 56827
3837271: 1481 2591
3850001: 401 9601
3909929: 617 6337
3980719: 37 271 397
4150387: 1019 4073
4160377: 13 79 4051
4188757: 661 6337
4196431: 1009 4159
4222471: 11 43 79 113
4322579: 347 12457
4384693: 1873 2341
4415251: 1051 4201
4437811: 7 19 61 547
4502485: 5 13 113 613
4511761: 97 193 241
4581001: 251 18251
4584763: 379 12097
4697071: 113 197 211
4749225: 3 5 5 13 4871
4871287: 379 12853
4871621: 2081 2341
4922413: 839 5867
4935701: 1283 3847
4975489: 673 7393
4981145: 5 13 197 389
5042951: 347 14533
5044033: 1297 3889
5049001: 31 271 601
5168521: 631 8191
5176153: 1609 3217
5222425: 5 5 13 16069
5522401: 709 7789
5566051: 631 8821
5722289: 977 5857
5744355: 3 5 113 3389
5934391: 23 67 3851
5979247: 1223 4889
6027193: 1553 3881
6157601: 1433 4297
6199913: 2011 3083
6272203: 7 37 61 397
6584153: 383 17191
6649735: 5 43 157 197
6823951: 211 32341
6955541: 1523 4567
7009033: 409 17137
7009819: 179 39161
7028821: 1531 4591
7106401: 1471 4831
7295851: 1801 4051
7372769: 593 12433
7620967: 811 9397
7633207: 631 12097
7759937: 929 8353
7788943: 883 8821
7802565: 3 5 43 12097
7886251: 751 10501
8032261: 709 11329
8095447: 1423 5689
8289601: 661 12541
8595361: 1693 5077
8830801: 7 19 67 991
8864017: 1489 5953
8880449: 1217 7297
8900389: 1009 8821
9131401: 2137 4273
9135421: 31 61 4831
9439201: 61 271 571
9524401: 101 181 521
9533701: 1783 5347
9684481: 449 21569
9808651: 1279 7669
9946711: 619 16069
9973693: 1117 8929
10084177: 2593 3889
10255393: 2129 4817
10257911: 1483 6917
10326367: 19 37 37 397
10483171: 1381 7591
10505701: 1621 6481
10604431: 1741 6091
10703801: 1091 9811
10746061: 131 82031
11135263: 787 14149
11578711: 331 34981
11686141: 541 21601
11736211: 1399 8389
11912779: 37 397 811
11947027: 547 21841
12205873: 1009 12097
12245281: 971 12611
12555619: 1447 8677
12696547: 373 34039
12875801: 1051 12251
12942823: 1039 12457
13012651: 2551 5101
13417615: 5 167 16069
13487497: 283 47659
13508735: 5 1559 1733
13595261: 1597 8513
13855675: 5 5 43 12889
13899453: 3 383 12097
14046691: 113 197 631
14056111: 1531 9181
14358345: 3 5 43 113 197
14486413: 1439 10067
14652991: 2707 5413
14798197: 883 16759
14919757: 619 24103
15008033: 2237 6709
15099787: 1039 14533
15188557: 1949 7793
15283273: 1129 13537
15444997: 197 78401
15647297: 1319 11863
15720013: 1499 10487
15805747: 1063 14869
15806557: 13 79 15391
15888313: 7 19 67 1783
16154153: 2017 8009
16331561: 953 17137
16435747: 907 18121
16502863: 13 79 16069
16555695: 3 5 13 59 1439
16655857: 229 72733
16684501: 701 23801
16755481: 1831 9151
17202337: 593 29009
17293673: 2729 6337
17345431: 1801 9631
17645689: 1879 9391
17870561: 2441 7321
17962933: 547 32839
19495225: 5 5 79 9871
19579645: 5 1009 3881
19776781: 79 139 1801
19889393: 4129 4817
20082719: 4091 4909
20261251: 2251 9001
20281207: 2467 8221
20407171: 631 32341
20504415: 3 5 113 12097
20921281: 311 67271
21075067: 13 79 20521
21393703: 23 67 13883
21516391: 13 103 16069
21578377: 3793 5689
21678997: 557 38921
22035917: 3833 5749
22093441: 1777 12433
22508207: 61 71 5197
22560319: 397 56827
22637827: 2011 11257
22638855: 3 5 43 35099
22848541: 67 397 859
22935217: 1237 18541
23129633: 2777 8329
23822329: 1993 11953
23891575: 5 5 79 12097
24236173: 13 79 23599
24290779: 1559 15581
24686311: 13 331 5737
24909961: 821 30341
25088779: 487 51517
25276421: 2903 8707
25383583: 1657 15319
25420597: 1747 14551
25805321: 1109 23269
25859767: 2543 10169
26017291: 3607 7213
26154721: 17 521 2953
26173909: 1543 16963
26190165: 3 5 197 8863
26310901: 463 56827
26927335: 5 113 47659
26932081: 11 47 113 461
27027915: 3 5 283 6367
27380831: 1511 18121
27392041: 2341 11701
27509653: 3709 7417
27543643: 619 44497
27625261: 1987 13903
28406171: 131 216841
28564033: 449 63617
28708219: 43 197 3389
28805713: 2029 14197
28825201: 1201 24001
28933363: 3079 9397
29347921: 71 281 1471
29871937: 3457 8641
29895829: 569 52541
29977249: 1249 24001
30058381: 3877 7753
31118081: 3221 9661
31150351: 2791 11161
31436123: 1619 19417
31470211: 3967 7933
31577545: 5 1559 4051
31736275: 5 5 79 16069
31880577: 3 113 157 599
31989109: 1789 17881
32091781: 3271 9811
32683201: 3301 9901
32881763: 179 183697
33120341: 3323 9967
33153073: 37 37 61 397
33940733: 967 35099
34139881: 1621 21061
34516561: 2221 15541
34762845: 3 5 13 47 3793
34803481: 439 79279
34876873: 733 47581
34890481: 4177 8353
35015221: 1621 21601
35287783: 499 70717
35444557: 19 37 127 397
35498467: 3331 10657
35728897: 673 53089
35746635: 3 5 197 12097
35833073: 1753 20441
36448387: 3019 12073
36686539: 4159 8821
36790841: 1559 23599
37727341: 31 61 71 281
38379181: 277 349 397
38434049: 233 164953
38696347: 1663 23269
38734193: 2273 17041
38782675: 5 5 373 4159
39015181: 4051 9631
39154081: 3613 10837
39165721: 7 37 37 61 67
39547171: 4447 8893
39676033: 3637 10909
39822841: 19 37 37 1531
39945401: 3301 12101
39982097: 29 1013 1361
40292093: 2749 14657
40629601: 2851 14251
40753513: 1129 36097
40917241: 19 31 127 547
41341321: 7 19 31 37 271
41725631: 1523 27397
41798401: 3733 11197
42149971: 4591 9181
42152701: 853 49417
42474547: 3259 13033
42690737: 23 1856119
42788989: 2069 20681
42941341: 521 82421
43523707: 79 167 3299
43893937: 3313 13249
43965475: 5 5 79 113 197
44314129: 1489 29761
44817473: 853 52541
45537901: 2551 17851
45692445: 3 5 43 70841
45861061: 211 217351
46248017: 4817 9601
46328333: 3209 14437
46543213: 2579 18047
46728533: 3947 11839
47220367: 1087 43441
47387503: 3187 14869
47647117: 7 19 67 5347
47698909: 2011 23719
47903701: 3461 13841
47937793: 4993 9601
48141169: 2833 16993
48481679: 2843 17053
48943291: 3881 12611
49029331: 13 43 139 631
49186801: 19 31 37 37 61
49937257: 877 56941
50039531: 431 116101
50268373: 463 108571
50311423: 4159 12097
50574049: 647 78167
51120301: 29 617 2857
51548993: 1777 29009
52228541: 911 57331
52283107: 2287 22861
52493647: 3623 14489
52794397: 653 80849
53283169: 6529 8161
53294029: 2309 23081
53390611: 5167 10333
53399449: 137 409 953
53455627: 4159 12853
53587675: 5 5 43 79 631
53949761: 4241 12721
54046367: 4027 13421
54586393: 43 79 16069
54637831: 5227 10453
54866593: 3313 16561
56160133: 4327 12979
56315557: 991 56827
56365201: 41 1374761
56577669: 3 1559 12097
58363215: 3 5 911 4271
58779323: 43 113 12097
58954897: 397 148501
59375401: 701 84701
59650561: 769 77569
59955331: 1291 46441
60155929: 3469 17341
60510461: 11 1291 4261
60552161: 4493 13477
61201009: 3499 17491
62399041: 4561 13681
62441749: 2383 26203
63318169: 3559 17791
63553621: 4603 13807
64020001: 4001 16001
65199443: 4423 14741
65922151: 31 61 71 491
66498667: 1399 47533
66666601: 2801 23801
67754107: 3229 20983
67816589: 1373 49393
67910933: 269 252457
67991017: 2749 24733
68182003: 5839 11677
68245909: 3373 20233
68503247: 967 70841
68563301: 6761 10141
69231061: 1861 37201
69485281: 4813 14437
69502225: 5 5 13 79 2707
70137577: 5297 13241
70429097: 137 514081
70688857: 2803 25219
71099101: 4051 17551
71306369: 673 105953
71960743: 2683 26821
72027001: 3001 24001
72139817: 1097 65761
72252811: 8191 8821
73292341: 661 110881
73633249: 1873 39313
74574737: 2879 25903
74819221: 113 197 3361
75140137: 3877 19381
75281441: 7841 9601
75285631: 71 1060361
75621281: 5021 15061
75663451: 6151 12301
76159357: 37 53 71 547
76237561: 2521 30241
76581451: 1459 52489
76788811: 11 113 163 379
77421121: 181 521 821
78206917: 2797 27961
78233479: 1399 55921
78234133: 5107 15319
78520639: 1307 60077
78795181: 6277 12553
78802849: 2677 29437
81002881: 1373 58997
81954133: 5227 15679
82353101: 773 106537
82606231: 6427 12853
83378761: 17 149 32917
83400761: 2153 38737
84354821: 5303 15907
85326433: 1129 75577
85689325: 5 5 43 79 1009
86026313: 1229 69997
86262361: 3691 23371
86385587: 7589 11383
87160061: 2411 36151
87596191: 3037 28843
87968857: 1609 54673
88241581: 7789 11329
89381791: 3343 26737
89835169: 653 137573
90014653: 6709 13417
90093361: 2633 34217
90545275: 5 5 1801 2011
90713575: 5 5 113 163 197
91057951: 5101 17851
92031733: 2341 39313
92267977: 2833 32569
92696077: 683 135719
92779831: 19 37 271 487
93473953: 97 193 4993
94126525: 5 5 79 47659
94536001: 7 19 607 1171
94612771: 11 43 317 631
95002849: 2791 34039
95283337: 1993 47809
95451361: 5641 16921
96383281: 71 281 4831
96398569: 2143 44983
96742771: 6221 15551
97925077: 8627 11351
98426737: 7937 12401
99625351: 7 23 31 19961
99627557: 29 653 5261
99817573: 1753 56941
101678197: 1193 85229
102038719: 6389 15971
102294427: 6397 15991
102473687: 43 197 12097
102901633: 5857 17569
103448809: 4549 22741
104852881: 7 31 271 1783
105370805: 5 113 283 659
106356073: 229 464437
106707637: 8821 12097
106778671: 4219 25309
107486413: 3919 27427
107738963: 2447 44029
107997079: 4243 25453
108140401: 4651 23251
108306043: 1367 79229
108698101: 3361 32341
109437751: 5231 20921
109541461: 6043 18127
109756081: 43 211 12097
110631841: 6073 18217
110793457: 4129 26833
112160161: 673 166657
112798579: 3359 33581
113123191: 503 224897
113243677: 197 631 911
113264929: 2129 53201
114120721: 11 13 197 4051
116721361: 97 241 4993
116886025: 5 5 1559 2999
117802815: 3 5 13 389 1553
117937981: 7 31 37 37 397
118026805: 5 13 113 16069
118163137: 1093 108109
118566533: 6287 18859
119202667: 1453 82039
119416501: 19 37 37 4591
119601847: 6917 17291
119812001: 9901 12101
119870167: 3229 37123
120236707: 5483 21929
120453761: 4481 26881
120708001: 2521 47881
122505571: 4519 27109
123632461: 631 195931
123718861: 7 19 31 37 811
123771511: 7867 15733
124359973: 67 1856119
125122099: 4567 27397
126132553: 5023 25111
126211307: 9173 13759
126386261: 6491 19471
126564043: 2399 52757
126765673: 23 397 13883
127748507: 557 229351
128079409: 5437 23557
128536561: 8017 16033
129254561: 4817 26833
129764209: 337 385057
129767551: 4651 27901
129842953: 37 61 57529
130879261: 541 241921
132047417: 857 154081
132683347: 3079 43093
133800661: 109 541 2269
134295061: 6691 20071
134392091: 3347 40153
134437601: 4001 33601
134758801: 1231 109471
134777221: 6703 20107
135023257: 5197 25981
135863951: 3943 34457
136456273: 4673 29201
136496341: 6481 21061
136900513: 5233 26161
137148481: 631 217351
137340451: 8287 16573
139549393: 4177 33409
140384161: 6841 20521
140839201: 4001 35201
141656541: 3 13 461 7879
145410931: 8527 17053
147164491: 991 148501
147663001: 4051 36451
147831139: 8821 16759
149068949: 7477 19937
149447761: 4621 32341
149886391: 1291 116101
150260893: 7753 19381
150815827: 607 248461
151002523: 7 67 397 811
153691807: 6199 24793
154034981: 2069 74449
154039537: 2129 72353
154157599: 6637 23227
154506043: 19 37 271 811
154679227: 1487 104021
155482741: 12097 12853
156570961: 2731 57331
158077725: 3 5 5 13 197 823
158920291: 31 37 349 397
159081841: 5641 28201
159751681: 37 311 13883
161775301: 499 324199
163244281: 8081 20201
163892587: 10453 15679
164952217: 3433 48049
165283471: 9091 18181
165305505: 3 5 911 12097
165702601: 2017 82153
166444181: 11173 14897
166467561: 3 13 47 197 461
166652263: 271 397 1549
167307911: 23 67 108571
167472451: 9151 18301
168062519: 3643 46133
168413491: 71 491 4831
168810013: 1087 155299
169086341: 5309 31849
169234003: 9199 18397
169746337: 5827 29131
170449249: 4129 41281
170832037: 2999 56963
171160351: 2671 64081
171515719: 5347 32077
171518101: 2081 82421
172116181: 9277 18553
172202101: 3011 57191
172947529: 307 613 919
173068309: 3967 43627
173989873: 37 61 127 607
175883041: 3217 54673
176917529: 2903 60943
176977921: 7681 23041
177167233: 5953 29761
177543761: 1481 119881
177850037: 10889 16333
177874313: 29 617 9941
179363147: 1823 98389
179740321: 97 193 9601
180842941: 2551 70891
181037581: 12457 14533
181926109: 2423 75083
182419381: 1483 123007
183394471: 13 79 283 631
184583369: 12889 14321
185040703: 9619 19237
186109093: 2909 63977
187424315: 5 13 43 67057
187861783: 6011 31253
188250649: 3943 47743
188985961: 9721 19441
190197421: 5881 32341
191687101: 79 151 16069
192223301: 17 101 111953
192947561: 2341 82421
194389903: 9859 19717
194714027: 1523 127849
196287391: 9907 19813
198850577: 4817 41281
198994241: 2633 75577
199303807: 79 157 16069
199789441: 8161 24481
200479301: 11 1051 17341
201200449: 977 205937
203231621: 8231 24691
203705281: 13 1627 9631
205625473: 7489 27457
205677187: 5737 35851
205763545: 5 13 197 16069
206278859: 8741 23599
206885251: 151 1370101
208464887: 11789 17683
209217097: 2953 70849
210071191: 11 79 241739
210089419: 3697 56827
210259129: 409 514081
210461959: 5923 35533
210645205: 5 79 197 2707
213035761: 10321 20641
213918493: 8741 24473
214601725: 5 5 13 163 4051
215010473: 5827 36899
217472501: 12041 18061
219416689: 13249 16561
220370437: 7 67 547 859
220883521: 8581 25741
221391227: 12149 18223
221607209: 47 4715047
221751643: 11257 19699
221847931: 3331 66601
222425081: 6089 36529
224870017: 4999 44983
224879917: 739 304303
227564767: 19 397 30169
228178861: 3221 70841
228435901: 1051 217351
228988033: 8737 26209
229243361: 4673 49057
231540121: 3691 62731
231604639: 7 397 83341
231681021: 3 11 13 509 1061
232071511: 7 37 37 61 397
233394367: 7639 30553
233824597: 563 415319
234492301: 1597 146833
234870301: 10837 21673
235319699: 6263 37573
235742513: 13297 17729
235928071: 5431 43441
236025721: 6871 34351
236213057: 7937 29761
236461501: 1361 173741
237126779: 6287 37717
237247501: 2801 84701
238806991: 19 37 37 9181
238833421: 71 281 11971
242225551: 5503 44017
244175779: 3907 62497
245309461: 9043 27127
246180019: 3923 62753
246863827: 7 19 1856119
247787191: 113 197 11131
248696839: 3943 63073
250245645: 3 5 13 389 3299
250907581: 2311 108571
251366009: 6473 38833
253158751: 11251 22501
253532501: 13001 19501
254119321: 2521 100801
257044813: 3833 67061
259765747: 8059 32233
259949171: 13963 18617
261000697: 349 747853
261186001: 8081 32321
261856261: 9343 28027
263319631: 3691 71341
265229641: 1621 163621
266422807: 7 19 61 32839
266925601: 9433 28297
267004783: 11257 23719
267854161: 79 211 16069
269291317: 113 197 12097
270844099: 563 481073
272615201: 9533 28597
273138151: 11 13 107 17851
275712533: 9587 28759
275893171: 1091 252881
277304231: 61 941 4831
279065377: 8353 33409
280395649: 7489 37441
282904199: 557 507907
283290481: 4051 69931
283732621: 6367 44563
284067631: 127 463 4831
284518177: 5623 50599
284657671: 1231 231241
285932701: 2467 115903
285961021: 2131 134191
286684133: 10253 27961
288311761: 3541 81421
288460217: 11119 25943
289105741: 6427 44983
291811711: 31 37 254413
292066321: 97 193 15601
294393255: 3 5 13 389 3881
296419601: 401 739201
297961441: 281 1060361
299736181: 181 541 3061
301085197: 7 397 108343
301383193: 1213 248461
302531833: 4219 71707
302784751: 4651 65101
302818001: 5801 52201
303191741: 7109 42649
306191621: 10103 30307
306638413: 6619 46327
307061371: 12391 24781
307479751: 1741 176611
308550061: 12421 24841
309411251: 13751 22501
309480247: 37 37 226063
310611671: 2591 119881
310693633: 10177 30529
310962361: 4409 70529
312542491: 5591 55901
313858733: 13723 22871
314985917: 1303 241739
315228565: 5 79 197 4051
315593155: 5 4051 15581
315689977: 5923 53299
315838711: 15391 20521
317661811: 4261 74551
318249721: 311 1023311
322895805: 3 5 113 197 967
324749713: 193 337 4993
325938251: 14741 22111
327128621: 239 1368739
328227901: 43 631 12097
328402181: 10463 31387
332710687: 199 1009 1657
335797903: 7 37 37 67 523
336208627: 53 547 11597
338455153: 13009 26017
338924521: 13 2707 9631
339720193: 2689 126337
339953851: 2719 125029
343040251: 12251 28001
343759841: 15427 22283
344479381: 17 181 111953
344586817: 2089 164953
346092991: 7933 43627
346795639: 7603 45613
346884253: 2347 147799
348340501: 7321 47581
348400963: 5903 59021
349483447: 7333 47659
350454479: 7643 45853
350743213: 7079 49547
351910021: 10831 32491
352735351: 9391 37561
353203075: 5 5 43 79 4159
357167593: 11953 29881
359696431: 13411 26821
360145633: 10957 32869
360668897: 12433 29009
361221451: 607 595093
362511581: 14657 24733
363212209: 15391 23599
365519881: 5303 68927
366652201: 461 691 1151
368113411: 43 631 13567
369066161: 12401 29761
373669453: 13669 27337
376935769: 7 67 811 991
377101009: 2917 129277
377806687: 9719 38873
380977477: 67 397 14323
382347601: 929 411569
382940053: 107 3578879
384824441: 8009 48049
384993451: 9811 39241
385533689: 5749 67061
386649121: 11353 34057
387106525: 5 5 13 1191097
387311107: 16069 24103
389925629: 5099 76471
390943711: 6991 55921
392153941: 1621 241921
392486977: 7393 53089
392803861: 11443 34327
396032311: 4021 98491
396864469: 6007 66067
398754337: 8389 47533
399507743: 8627 46309
400973833: 13 107 113 2551
401104493: 1879 213467
401222011: 4271 93941
401386987: 3697 108571
403095967: 10039 40153
406652569: 8233 49393
407446727: 7879 51713
408513619: 487 838837
409796641: 241 353 4817
410458771: 18121 22651
411319217: 5237 78541
412571575: 5 5 13 79 16069
412995731: 5867 70393
413138881: 617 661 1013
413677321: 2381 173741
414430303: 7 37 1033 1549
415605871: 31 61 271 811
415800703: 14419 28837
416121301: 6151 67651
416474137: 9127 45631
416818321: 7717 54013
418106921: 3851 108571
419415121: 7741 54181
420971167: 199 2115433
422209061: 547 771863
423448651: 14551 29101
426061201: 10321 41281
426294109: 6011 70919
429562411: 11497 37363
430276537: 9277 46381
430504691: 43 197 50821
430664543: 67 463 13883
431275807: 47 599 15319
434074321: 97 929 4817
434343601: 14737 29473
436817071: 12799 34129
437496259: 13229 33071
438247427: 17093 25639
447486901: 211 631 3361
450242099: 8663 51973
453366029: 8693 52153
454766287: 10663 42649
455243077: 3607 126211
459248641: 12373 37117
461076281: 5881 78401
461262075: 3 5 5 43 157 911
461272267: 10739 42953
464012033: 12437 37309
465991861: 18061 25801
467262973: 37 37 191 1787
468950021: 12503 37507
469121269: 8389 55921
469598221: 8191 57331
470120257: 9697 48481
471697799: 8867 53197
471779479: 3203 147293
471867001: 14221 33181
472091497: 7243 65179
472814413: 8219 57527
473331137: 7537 62801
473396057: 7253 65269
473505223: 79 373 16069
475969231: 15427 30853
476004421: 307 1550503
477189121: 16921 28201
483029821: 15541 31081
483815401: 6101 79301
484275079: 20521 23599
488645089: 13537 36097
489919193: 953 514081
490378981: 113 131 157 211
490894111: 15667 31333
491646403: 15679 31357
495665281: 14081 35201
496849669: 5573 89153
498981925: 5 5 13 379 4051
500119801: 3677 136013
500863771: 3631 137941
501660851: 6091 82361
502849741: 6701 75041
503024897: 14683 34259
504287911: 19 37 271 2647
505664833: 15161 33353
506123323: 7879 64237
506385397: 7 19 67 56827
508680019: 199 631 4051
510285907: 19 37 547 1327
510869923: 2383 214381
511171327: 6043 84589
511203551: 18461 27691
511408171: 15991 31981
513352891: 8011 64081
515172737: 3329 154753
516467761: 1381 373981
520637251: 491 1060361
524151253: 16189 32377
525445399: 19 37 61 12253
525484961: 1931 272131
525653459: 11351 46309
527278127: 18749 28123
527761081: 19 31 37 61 397
528913181: 1361 388621
530630701: 8707 60943
532896247: 13 2551 16069
534696121: 17 101 109 2857
537242899: 9463 56773
539019361: 16417 32833
539245801: 7741 69661
544861633: 13477 40429
547659451: 5851 93601
549557251: 19141 28711
551856551: 19181 28771
553445017: 16993 32569
554118661: 13591 40771
554826997: 811 684127
555454551: 3 113 1051 1559
555497867: 4093 135719
556368829: 21751 25579
557678881: 5281 105601
558084577: 673 829249
560484307: 7487 74861
560612167: 11839 47353
560740237: 1597 351121
561235681: 6571 85411
562467361: 13693 41077
562854601: 41 73 89 2113
565356541: 4271 132371
565469521: 17 29 181 6337
566689927: 11903 47609
569507579: 9743 58453
569720321: 13781 41341
571460977: 11953 47809
574778069: 797 721177
577538327: 23599 24473
578166499: 12853 44983
578185301: 13883 41647
578560861: 6211 93151
578603775: 3 5 5 197 39161
579971617: 4817 120401
580786331: 9839 59029
583369009: 2293 254413
583886383: 4567 127849
584968639: 6047 96737
586589527: 19 37 271 3079
586862737: 12113 48449
590990453: 4679 126307
592827391: 13 4051 11257
593234123: 7517 78919
594987769: 10909 54541
600893921: 14153 42457
602320753: 433 1391041
604007713: 43 113 197 631
604636033: 14197 42589
606807181: 9311 65171
607677181: 23 61 397 1091
610346647: 10193 59879
610583221: 19 61 397 1327
611852671: 17491 34981
612118567: 13831 44257
613332721: 6007 102103
613343371: 10111 60661
614190277: 487 1261171
615752051: 20261 30391
616681291: 103 2347 2551
617087701: 12421 49681
618599801: 8291 74611
625381919: 7027 88997
628903213: 9479 66347
629021017: 2659 236563
630888481: 17761 35521
630947031: 3 11 13 373 3943
636859339: 10303 61813
638493901: 9551 66851
643767931: 8971 71761
645528885: 3 5 113 380843
647190253: 17989 35977
647684263: 2837 228299
648614891: 31 61 71 4831
648726151: 23251 27901
649668421: 2749 236329
652916521: 20201 32321
653927257: 3079 212383
655391533: 139 4715047
656211233: 1697 386689
659124481: 3137 210113
659346689: 547 1205387
661216531: 647 1021973
661839823: 10729 61687
663699961: 18217 36433
664692601: 7151 92951
667563487: 12919 51673
669916099: 10567 63397
676211251: 3251 208001
676502359: 13 43 79 15319
677767681: 1657 409033
678141451: 13 79 163 4051
680983817: 8699 78283
681303241: 18457 36913
682528687: 13063 52249
684394901: 9661 70841
686003401: 8731 78571
686143327: 727 943801
687515725: 5 5 13 2115433
688436893: 9277 74209
688760711: 20857 33023
689987117: 20347 33911
691225543: 307 613 3673
692778701: 797 869233
693847747: 14983 46309
698015161: 1231 567031
700738177: 769 911233
702652897: 6337 110881
702683101: 421 701 2381
703023319: 14173 49603
705883951: 18787 37573
711304903: 18859 37717
712656907: 5527 128941
713946133: 15427 46279
714540181: 7717 92593
715022293: 16069 44497
717628825: 5 5 199 144247
719943001: 113 197 32341
721609673: 14029 51437
721847809: 1213 595093
723506725: 5 5 1801 16069
724969087: 13463 53849
725997721: 8521 85201
730364137: 13513 54049
730516711: 3361 217351
730650493: 1279 571267
730704133: 15607 46819
730817641: 17 109 521 757
731471347: 1399 522853
731658401: 2069 353629
732525553: 7507 97579
732635773: 14323 51151
732736621: 19141 38281
733072807: 61 397 30271
733382731: 3181 230551
735774661: 8179 89959
735775889: 2417 304417
736606051: 14813 49727
736832053: 7129 103357
736879243: 397 1856119
737534101: 1069 689929
739283837: 2293 322409
739643491: 19231 38461
741419029: 13 43 79 103 163
741705889: 1597 464437
741981871: 9631 77041
743404663: 103 1123 6427
749123425: 5 5 43 79 8821
755048449: 12289 61441
755144501: 2267 333103
756994939: 359 2108621
760131139: 8719 87181
771350581: 19 37 937 1171
773467301: 1511 511891
773744401: 2377 325513
774027781: 16063 48187
774153073: 3257 237689
774176833: 8737 88609
774693917: 7187 107791
776342533: 16087 48259
776728661: 16091 48271
778951909: 20983 37123
779819587: 13963 55849
780342851: 311 2509141
780384013: 10559 73907
784212661: 15877 49393
784966297: 137 409 14009
786775709: 12071 65179
788052631: 17191 45841
789375511: 19867 39733
792329347: 1657 478171
794102779: 5527 143677
796064851: 71 281 39901
796072003: 3643 218521
801023581: 79 631 16069
803941069: 37 1019 21323
808587137: 9479 85303
809068321: 12721 63601
809363941: 617 1311773
811110301: 79 1051 9769
815776417: 6553 124489
815796413: 9187 88799
817076611: 13 139 211 2143
819786353: 2129 385057
820281491: 17539 46769
822815531: 26557 30983
823669949: 11717 70297
827915023: 13 79 199 4051
828509581: 181 541 8461
829744327: 7699 107773
830758825: 5 5 13 631 4051
831126463: 24967 33289
831546791: 12487 66593
832174951: 12301 67651
832292917: 6619 125743
832646389: 1987 419047
833342177: 9623 86599
833491357: 25321 32917
834206071: 4259 195869
834910231: 43 197 98561
835051057: 14449 57793
837843931: 19 23 281 6823
838322599: 15859 52861
840101617: 2671 314527
840855223: 13 79 163 5023
842650831: 11 113 163 4159
845376533: 16787 50359
850839419: 6917 123007
851026261: 16843 50527
851032129: 853 997693
852081121: 20641 41281
855734401: 193 401 11057
856301227: 23893 35839
857538991: 20707 41413
860506693: 18553 46381
862082677: 3823 225499
862422173: 7583 113731
864244273: 2417 357569
864980503: 4079 212057
865020631: 25471 33961
871157233: 7159 121687
874392289: 7393 118273
878603701: 14821 59281
878940833: 17117 51349
879485311: 307 1123 2551
881214067: 14843 59369
881689845: 3 5 43 113 12097
882147601: 4639 190159
887141971: 61 1381 10531
887570599: 12163 72973
890687621: 17231 51691
890941381: 11 43 79 113 211
891052507: 24373 36559
894118369: 8737 102337
894325441: 4561 196081
897087361: 11321 79241
900824383: 14149 63667
903390643: 10627 85009
905893447: 1237 732331
910287691: 79 131 87959
910359943: 7213 126211
912380743: 37 53 71 6553
913091551: 4201 217351
920834197: 15173 60689
928040131: 10771 86161
932793401: 10181 91621
936411313: 997 939229
943083571: 3671 256901
950458339: 613 1550503
950500741: 3767 252323
951232133: 17807 53419
952838563: 8221 115903
955527301: 53 71 271 937
958436209: 19 61 397 2083
960237521: 137 409 17137
960490651: 12251 78401
962620429: 7757 124097
965838007: 43 113 197 1009
967423153: 8627 112139
968283247: 15559 62233
970355431: 22027 44053
971141579: 2333 416263
977770531: 22111 44221
985061491: 17191 57301
989432029: 1361 726989
989810251: 15731 62921
991567721: 17 521 111953
994876579: 19949 49871
996720541: 37 61 441613
1002301525: 5 5 113 197 1801
1005402133: 18307 54919
1007717257: 14197 70981
1008777001: 15881 63521
1016411329: 9613 105733
1019375281: 19801 51481
1022388641: 18461 55381
1023085849: 13537 75577
1023210817: 10663 95959
1024651321: 9241 110881
1024848175: 5 5 13 197 16007
1026052771: 461 691 3221
1027337725: 5 5 43 79 12097
1029890077: 20297 50741
1032101461: 22717 45433
1035159049: 14389 71941
1036733653: 5443 190471
1040357161: 7039 147799
1048066591: 11 13 1493 4909
1048105171: 113 379 24473
1054427725: 5 5 13 43 197 383
1055437633: 18757 56269
1055982313: 14533 72661
1058542609: 10289 102881
1059718213: 5503 192571
1060427701: 6481 163621
1064519011: 23071 46141
1067802667: 16339 65353
1067947975: 5 5 1801 23719
1070063191: 23131 46261
1071806401: 6301 170101
1072511191: 24103 44497
1073299501: 16381 65521
1075737601: 6091 176611
1075814191: 1381 779011
1080611071: 277 281 13883
1082499787: 19 37 37 41617
1086477809: 13457 80737
1086555919: 30091 36109
1087546549: 10429 104281
1092694663: 1423 767881
1092902533: 19087 57259
1093185997: 6037 181081
1094523601: 9601 114001
1094852489: 3677 297757
1096211399: 22073 49663
1096421789: 15907 68927
1099085791: 28711 38281
1104254197: 21017 52541
1107403097: 11093 99829
1107693073: 26833 41281
1108973251: 16651 66601
1109451967: 13 47 113 16069
1109983621: 9377 118373
1112545261: 6361 174901
1112987173: 617 661 2729
1121676013: 12659 88607
1126866217: 27409 41113
1126998913: 12689 88817
1127993861: 19391 58171
1128834961: 31 37 37 67 397
1129716811: 23767 47533
1130274881: 8681 130201
1134696067: 16843 67369
1135024519: 8423 134753
1135556173: 7027 161599
1135791691: 13759 82549
1139401033: 5209 218737
1141807763: 2693 423991
1143378419: 20707 55217
1147986919: 21871 52489
1148946391: 4111 279481
1150826671: 31 61 608581
1151917111: 307 613 6121
1156570729: 839 1378511
1157724577: 15217 76081
1159896277: 17029 68113
1161306721: 24097 48193
1163678531: 3863 301237
1164838663: 1483 785461
1166795473: 17839 65407
1168678267: 1087 1075141
1174913951: 1051 1117901
1175302635: 3 5 13 1553 3881
1176285479: 29147 40357
1177674811: 9907 118873
1179314449: 79 157 95083
1179740161: 15361 76801
1182788801: 33601 35201
1182861971: 797 1484143
1183338241: 19861 59581
1188885673: 5669 209717
1189568881: 3061 388621
1202142061: 24517 49033
1202893561: 15511 77551
1206173009: 5857 205937
1207252621: 613 919 2143
1207338049: 10477 115237
1213619761: 433 1297 2161
1214928667: 2503 485389
1216072603: 487 811 3079
1217181061: 20143 60427
1217507201: 2939 414259
1218159199: 5519 220721
1220523739: 43 631 44983
1221044653: 24709 49417
1223256619: 13 79 1191097
1223782297: 6997 174901
1224200801: 20201 60601
1224393409: 15649 78241
1228070141: 1871 656371
1229918257: 2269 542053
1229956003: 24799 49597
1232095201: 7393 166657
1232388683: 2423 508621
1232853007: 28669 43003
1234125721: 24841 49681
1234646533: 20287 60859
1238846407: 17599 70393
1241331209: 26261 47269
1244168641: 2971 418771
1244431567: 43 1801 16069
1259586001: 13921 90481
1261099531: 25111 50221
1264718071: 19 2647 25147
1266482017: 11863 106759
1267133311: 25171 50341
1267775329: 3733 339613
1268110873: 3863 328271
1268469781: 20563 61687
1270193401: 12601 100801
1270249073: 10289 123457
1272240313: 1669 762277
1272889789: 11351 112139
1275619753: 15973 79861
1277235739: 13 79 307 4051
1280876059: 79 1009 16069
1284247537: 3433 374089
1284918053: 6899 186247
1289281621: 20731 62191
1291412431: 25411 50821
1292481373: 37 53 71 9283
1292925421: 13591 95131
1293349049: 6737 191977
1296613501: 29401 44101
1299371869: 397 1063 3079
1307806501: 12251 106751
1308758533: 20887 62659
1311255661: 13687 95803
1317157217: 29633 44449
1320793813: 15497 85229
1323292411: 7 19 67 148501
1328424175: 5 5 13 1009 4051
1331413333: 21067 63199
1332053189: 4493 296473
1332633277: 18253 73009
1333976923: 4639 287557
1334193001: 79 1051 16069
1335954547: 23117 57791
1338579257: 29873 44809
1339613101: 28351 47251
1345514101: 18341 73361
1346624533: 21187 63559
1353118231: 19 37 37 52021
1353135571: 17341 78031
1356241321: 26041 52081
1360565449: 67 397 51151
1366608377: 12323 110899
1369528651: 6301 217351
1371720013: 13999 97987
1371762001: 30241 45361
1376799577: 18553 74209
1377352351: 19 31 271 8629
1383406649: 22777 60737
1385866861: 14071 98491
1390558621: 12541 110881
1394244433: 7057 197569
1395046333: 17 733 111953
1396183367: 30509 45763
1398007185: 3 5 43 113 19181
1398718441: 4789 292069
1401840833: 21617 64849
1405748959: 15307 91837
1410545501: 521 1301 2081
1414987003: 67 397 53197
1417608721: 26981 52541
1424435689: 16879 84391
1424912257: 919 1550503
1426150965: 3 5 113 197 4271
1427845987: 30853 46279
1427900833: 21817 65449
1428462311: 23 67 926971
1428580729: 29881 47809
1432513457: 29201 49057
1433508649: 23 37 37 53 859
1434842799: 3 13 1559 23599
1434877277: 43 113 197 1499
1435113403: 9949 144247
1436002751: 30941 46411
1440752827: 18979 75913
1442254969: 3257 442817
1442945689: 9497 151937
1444095001: 19001 76001
1444886801: 12671 114031
1447969321: 30241 47881
1448466631: 8971 161461
1449023701: 4651 311551
1451951069: 9839 147571
1452203593: 29401 49393
1455875761: 4561 319201
1455972673: 3137 464129
1466169829: 12109 121081
1471374631: 139 691 15319
1476969337: 3769 391873
1477422187: 19219 76873
1483918801: 12841 115561
1484071681: 14561 101921
1496676025: 5 5 13 1801 2557
1500771553: 3613 415381
1511541373: 67 397 56827
1511558533: 22447 67339
1513663351: 23251 65101
1515664153: 27529 55057
1516272913: 37 37 61 67 271
1519082641: 271 5605471
1529648231: 33871 45161
1532755369: 17509 87541
1533344803: 18127 84589
1533555271: 27691 55381
1537105305: 3 5 43 197 12097
1539679769: 20681 74449
1540550413: 30403 50671
1543819769: 1753 880673
1544599061: 22691 68071
1547712601: 5801 266801
1549552309: 4127 375467
1556033221: 8821 176401
1556329633: 22777 68329
1561390777: 2179 716563
1563799981: 14947 104623
1568421401: 35153 44617
1571015197: 7237 217081
1575887647: 32413 48619
1575910621: 5791 272131
1576826161: 53 239 281 443
1578323545: 5 113 283 9871
1581426541: 15031 105211
1581541333: 43 113 325487
1582822741: 37 37 647 1787
1589604001: 1669 952429
1590564601: 28201 56401
1592207989: 3907 407527
1592889517: 37963 41959
1595622997: 19973 79889
1604870821: 8191 195931
1615601089: 3229 500341
1617244367: 22027 73421
1623895153: 11177 145289
1627387975: 5 5 4051 16069
1627644961: 23293 69877
1639351981: 8443 194167
1640509561: 8839 185599
1642004101: 4951 331651
1642868137: 18127 90631
1644177883: 12823 128221
1645080551: 34457 47743
1645859251: 28687 57373
1649379649: 4513 365473
1650682153: 28729 57457
1654094653: 79 1303 16069
1658552141: 3011 550831
1661409289: 18229 91141
1663615731: 3 12097 45841
1665180091: 79 103 113 1811
1665871019: 6803 244873
1666216697: 33329 49993
1667310511: 23371 71341
1669354441: 25841 64601
1673790751: 7069 236779
1674091141: 23623 70867
1675214137: 4339 386083
1683174533: 23687 71059
1683878689: 12373 136093
1690914781: 29077 58153
1691701777: 10993 153889
1697558501: 33641 50461
1699093537: 5153 329729
1706943811: 53 859 37493
1707704461: 29221 58441
1709133401: 13781 124021
1710469393: 1489 1148737
1719867911: 16931 101581
1722679537: 33889 50833
1722891853: 2389 721177
1725942193: 22531 76603
1728307351: 8821 195931
1728960133: 24007 72019
1729633751: 16979 101869
1735191961: 4441 390721
1736404729: 9377 185177
1736436311: 9437 184003
1737847411: 31513 55147
1742815621: 24103 72307
1743657931: 29527 59053
1746692641: 113 827 18691
1748294731: 43 3361 12097
1751381017: 709 2470213
1756848551: 12451 141101
1760706811: 29671 59341
1767803047: 21023 84089
1771154239: 28057 63127
1775247331: 11 13 1559 7963
1779813001: 181 9833221
1780322041: 8191 217351
1787934881: 24413 73237
1788369679: 487 3672217
1790250661: 19 37 271 9397
1796170351: 21191 84761
1798485589: 3637 494497
1814832463: 25309 71707
1816383001: 27901 65101
1816444351: 211 1051 8191
1816853581: 16111 112771
1817515201: 9781 185821
1817612659: 34183 53173
1818827141: 24623 73867
1819050257: 33037 55061
1820345815: 5 113 659 4889
1821792457: 8713 209089
1821800611: 15091 120721
1822479751: 30187 60373
1827084253: 1987 919519
1827702101: 24683 74047
1829164681: 7561 241921
1834955515: 5 79 197 23581
1837281661: 7699 238639
1839860713: 19183 95911
1841870449: 6703 274783
1847395681: 37 37 547 2467
1854819569: 4817 385057
1857046123: 163 709 16069
1863369217: 7297 255361
1864009153: 30529 61057
1864346929: 11149 167221
1865933257: 28279 65983
1866986893: 15277 122209
1867906721: 24953 74857
1868076451: 21611 86441
1870764011: 983 1903117
1872398629: 36571 51199
1876900481: 25013 75037
1880544907: 21683 86729
1883509633: 25057 75169
1885729463: 28031 67273
1886526721: 16417 114913
1889528033: 25097 75289
1890515425: 5 5 43 79 113 197
1893873367: 35533 53299
1894955311: 15391 123121
1896689737: 19477 97381
1898139707: 35573 53359
1904524903: 30859 61717
1904558701: 21821 87281
1910668033: 25237 75709
1915641911: 53 281 293 439
1916729101: 7 19 31 397 1171
1917253171: 8821 217351
1920882925: 5 5 13 1459 4051
1922297851: 8599 223549
1924304141: 17909 107449
1930403333: 25367 76099
1934101027: 23 397 211817
1939369531: 11 43 709 5783
1942799743: 12637 153739
1943339917: 34147 56911
1943951041: 181 2953 3637
1954094671: 23629 82699
1955105797: 2797 699001
1955583521: 6037 323933
1955928031: 1429 1368739
1955994283: 199 2707 3631
1957084741: 13339 146719
1958356171: 8941 219031
1958468491: 7 19 67 271 811
1977565525: 5 5 13 79 77023
1978172741: 1069 1850489
1979238673: 9277 213349
1990056007: 11923 166909
2005142651: 31 61 1060361
2005225601: 15401 130201
2008477729: 13513 148633
2009621503: 31699 63397
2012435167: 13229 152123
2015839981: 331 379 16069
2015968501: 23801 84701
2016261721: 10891 185131
2016565951: 601 1471 2281
2018761111: 31771 63541
2021307109: 3049 662941
2025755623: 19 271 397 991
2027668301: 7211 281191
2034039871: 31891 63781
2035948201: 7 23 53 397 601
2036374005: 3 5 43 1303 2423
2039242267: 2477 823271
2046681851: 6037 339023
2054080729: 20269 101341
2062726597: 22709 90833
2065040353: 20323 101611
2065938841: 9091 227251
2068859963: 31513 65651
2068867841: 26261 78781
2070921721: 11 79 197 12097
2075769191: 42181 49211
2076597637: 2389 869233
2081034697: 7 37 37 397 547
2081808611: 16661 124951
2083238207: 6833 304879
2083295041: 6961 299281
2087028067: 14447 144461
2091924451: 23 67 281 4831
2096974335: 3 5 43 113 28771
2099828011: 9661 217351
2101401101: 34381 61121
2105489681: 33889 62129
2106147457: 10529 200033
2106427033: 3079 684127
2108761201: 22961 91841
2109533329: 379 631 8821
2114643217: 22993 91969
2116020653: 1787 1184119
2120867575: 5 5 79 1073857
2124004919: 16829 126211
2127197489: 11909 178621
2129395141: 6661 319681
2135567821: 17467 122263
2135680021: 9337 228733
2136618331: 1543 1384717
2141033203: 32719 65437
2143728181: 7 19 67 240571
2145165697: 1801 1191097
2146972213: 14653 146521
2150849317: 23189 92753
2152709959: 4507 477637
2153736811: 19 31 37 37 2671
2156767003: 32839 65677
2162518273: 9697 223009
2164957957: 41617 52021
2167534783: 14723 147221
2167577527: 23279 93113
2171012299: 197 911 12097
2172549691: 13 79 2115433
2174166881: 26921 80761
2177507047: 34607 62921
2182728925: 5 5 13 163 41203
2187580487: 38189 57283
2188517663: 11027 198469
2188613081: 6197 353173
2190714403: 6043 362521
2191189051: 12511 175141
2193291325: 5 5 43 163 12517
2197813333: 27067 81199
2201347513: 20983 104911
2203537373: 44533 49481
2204314003: 67 991 33199
2205388351: 14851 148501
2213711713: 4549 486637
2214761251: 23531 94121
2216093707: 14887 148861
2216431507: 31253 70919
2217839131: 10531 210601
2224188793: 4789 464437
2227168981: 181 1361 9041
2227207399: 19267 115597
2229468697: 23609 94433
2237423857: 137 953 17137
2239815901: 9661 231841
2240825581: 9871 227011
2241644311: 103 307 70891
2242083487: 7 37 61 191 743
2249108821: 139 461 35099
2251928575: 5 5 13 79 139 631
2257069201: 17957 125693
2260585651: 38821 58231
2267978701: 26417 85853
2276606503: 33739 67477
2277672413: 12323 184831
2278829281: 19489 116929
2280656953: 33769 67537
2283430117: 23893 95569
2286281251: 79 1801 16069
2286475051: 7 37 37 397 601
2286489397: 23909 95633
2293253881: 11351 202031
2295559813: 7307 314159
2296543159: 53 127 271 1259
2298511307: 10193 225499
2310391639: 25693 89923
2311558021: 33997 67993
2318732111: 22291 104021
2318964821: 27803 83407
2323952161: 19681 118081
2326534861: 7 349 547 1741
2331925273: 25219 92467
2341075843: 17107 136849
2344578077: 389 1553 3881
2347414609: 12113 193793
2347570933: 9157 256369
2350196311: 30661 76651
2352083497: 5839 402823
2352456289: 3823 615343
2355230749: 19813 118873
2359020061: 10861 217201
2359371307: 22171 106417
2365417777: 3677 643301
2366923087: 13003 182029
2369847151: 7 37 37 67 3691
2371151575: 5 5 13 1801 4051
2371215871: 26029 91099
2372554273: 44449 53377
2390840761: 9241 258721
2392771651: 7867 304153
2394862751: 19979 119869
2402350147: 5167 464941
2407359217: 36571 65827
2409080413: 15787 152599
2409589657: 7013 343589
2412172153: 34729 69457
2415033193: 313 7715761
2423160577: 4513 536929
2423979919: 26317 92107
2426685661: 14221 170641
2431144801: 22051 110251
2439155503: 11257 216679
2439942571: 11 79 1559 1801
2445579907: 31277 78191
2446810957: 24733 98929
2448357481: 26449 92569
2448848981: 28571 85711
2450305537: 2689 911233
2454246341: 17837 137593
2456344769: 25793 95233
2472163801: 10601 233201
2473616017: 40609 60913
2476064501: 17 1301 111953
2480147521: 28753 86257
2481015491: 9811 252881
2482465861: 181 1621 8461
2486448259: 35099 70841
2498571349: 3823 653563
2498803127: 6803 367309
2506722931: 6691 374641
2512526413: 2707 928159
2519230141: 757 1621 2053
2519402161: 661 3811501
2522705725: 5 5 43 1303 1801
2523611941: 20509 123049
2525468947: 6007 420421
2526566041: 20521 123121
2538114541: 521 2081 2341
2550311101: 13 79 613 4051
2557797167: 22073 115879
2557944703: 3023 846161
2561654099: 20663 123973
2565102487: 9209 278543
2567053301: 31 61 281 4831
2572286707: 32077 80191
2575080397: 25373 101489
2577345541: 29311 87931
2579528617: 4957 520381
2584018289: 20753 124513
2589701951: 23 2087 53951
2593833373: 45553 56941
2595126353: 4337 598369
2597294701: 36037 72073
2598933481: 443 1327 4421
2608574411: 24077 108343
2613808279: 37 271 260677
2615491451: 20879 125269
2618011111: 9421 277891
2622968129: 3917 669637
2626457803: 32413 81031
2626735141: 45841 57301
2630997541: 32441 81101
2637480187: 12277 214831
2640060337: 41953 62929
2647947961: 631 1009 4159
2650823561: 29 3109 29401
2654499193: 3929 675617
2655799861: 11 13 389 47743
2656755889: 13309 199621
2658092893: 47533 55921
2664379201: 11 43 79 113 631
2668246153: 14327 186239
2671407701: 21101 126601
2674839511: 36571 73141
2679054967: 19 37 37 127 811
2681041843: 18307 146449
2682584161: 13681 196081
2695005951: 3 11 43 157 12097
2695064653: 36709 73417
2698502687: 23629 114203
2699333071: 21211 127261
2703479497: 34039 79423
2705647141: 36781 73561
2705760829: 9343 289603
2714123175: 3 5 5 197 183697
2714683091: 2141 1267951
2715365971: 36847 73693
2716732357: 47581 57097
2717428033: 30097 90289
2717534509: 79 157 219103
2722485877: 733 1361 2729
2728102969: 36097 75577
2728298717: 13487 202291
2732182381: 17929 152389
2732693371: 15091 181081
2733156029: 13499 202471
2734668077: 40507 67511
2744208615: 3 5 43 4254587
2745534421: 7 37 61 173779
2753284777: 8297 331841
2758086619: 46061 59879
2758398917: 5279 522523
2766006253: 37189 74377
2771251547: 8597 322351
2778813041: 21521 129121
2788694749: 10357 269257
2798445457: 19 37 37 271 397
2802268499: 43711 64109
2808232897: 36353 77249
2812631557: 8233 341629
2815317649: 8287 339727
2822830561: 23761 118801
2828698133: 30707 92119
2829415051: 6451 438601
2837102833: 12919 219607
2838889771: 7591 373981
2839123673: 34607 82039
2844903133: 18793 151381
2847423001: 26681 106721
2850487201: 5023 567487
2850845351: 317 2371 3793
2852595517: 43609 65413
2860279379: 23 67 1856119
2861186641: 181 521 30341
2863529137: 7 547 747853
2869410361: 12511 229351
2872948321: 23971 119851
2889927041: 41641 69401
2891072581: 17 101 617 2729
2892431701: 31051 93151
2894667781: 31063 93187
2894965441: 35201 82241
2895004927: 26903 107609
2901336481: 14593 198817
2903013961: 18481 157081
2913401611: 38167 76333
2914038821: 49393 58997
2918274361: 4441 657121
2919556441: 61 271 176611
2922935971: 11527 253573
2927266123: 15619 187417
2929062533: 31247 93739
2933588503: 38299 76597
2937420379: 7243 405553
2938054951: 13 79 163 17551
2939563793: 809 3633577
2939594407: 44269 66403
2941345051: 34301 85751
2949800023: 15679 188137
2951808427: 4243 695689
2952014401: 7 19 31 37 37 523
2954462509: 17189 171881
2962956977: 2129 1391713
2963851801: 113 197 211 631
2964403051: 601 1021 4831
2969920081: 6211 478171
2970486251: 44501 66751
2972198881: 15121 196561
2972420323: 15739 188857
2977885177: 17257 172561
2978766341: 31511 94531
2989093073: 8513 351121
2989134751: 28001 106751
2991775643: 19973 149791
2991834737: 18233 164089
2996944133: 31607 94819
3006039601: 2161 1391041
3014101261: 38821 77641
3023009809: 42589 70981
3023423537: 18329 164953
3028125781: 31771 95311
3029349073: 15889 190657
3040944271: 37 53 71 21841
3041205315: 3 5 43 4715047
3045635029: 2557 1191097
3048323041: 30241 100801
3061489843: 20071 152533
3063685633: 31957 95869
3068436893: 14303 214531
3077024413: 14323 214831
3078042169: 35089 87721
3084687775: 5 5 13 43 103 2143
3089280793: 35153 87881
3090925003: 67 3323 13883
3091354111: 22699 136189
3103545979: 7879 393901
3111223441: 2221 1400821
3112723351: 39451 78901
3142656469: 16903 185923
3143935411: 43 197 371141
3146902111: 39667 79333
3175904033: 32537 97609
3180288385: 5 43 79 113 1657
3185944273: 25243 126211
3186466291: 11071 287821
3193749721: 26641 119881
3201787249: 1579 2027731
3211611901: 12251 262151
3213895051: 40087 80173
3216409099: 35869 89671
3217744531: 40111 80221
3221811709: 23173 139033
3222693421: 13381 240841
3223410079: 9463 340633
3224109701: 32783 98347
3226121053: 43 197 380843
3228363109: 37 271 397 811
3233471515: 5 139 911 5107
3248561821: 23269 139609
3257334541: 40357 80713
3260299771: 23311 139861
3261073201: 38501 84701
3262709701: 2791 1169011
3263568901: 32983 98947
3264125441: 7681 424961
3264448139: 6703 487013
3271998641: 7577 431833
3277079191: 211 3361 4621
3277104991: 23371 140221
3295217971: 40591 81181
3295362727: 28703 114809
3304403821: 6701 493121
3305847763: 24517 134839
3309118699: 35227 93937
3311236741: 33223 99667
3315688781: 7529 440389
3320669437: 28813 115249
3321887981: 51713 64237
3326149703: 12487 266369
3326803201: 33301 99901
3332303099: 23567 141397
3337462981: 17419 191599
3340971289: 28627 116707
3349997731: 40927 81853
3355463341: 37171 90271
3355619467: 36637 91591
3359734241: 6011 558931
3369251047: 29023 116089
3370276573: 51199 65827
3370792681: 16103 209327
3373247431: 379 1009 8821
3373301587: 18367 183661
3384646709: 8147 415447
3390564241: 26041 130201
3395120977: 19423 174799
3398397773: 16829 201937
3403075033: 14149 240517
3403593901: 22051 154351
3403953463: 50527 67369
3413060701: 113 151 317 631
3425097391: 35839 95569
3426941431: 3631 943801
3430765921: 11 103 1187 2551
3437835857: 8353 411569
3441887629: 46381 74209
3446021881: 21061 163621
3446334767: 47933 71899
3450834733: 13669 252457
3453354607: 29383 117529
3456067441: 337 2129 4817
3457350931: 1291 2678041
3458341657: 19603 176419
3458582751: 3 13 43 113 18251
3462062651: 12011 288241
3462909031: 41611 83221
3464236901: 24029 144169
3466870681: 79 2731 16069
3469409143: 37253 93131
3480908203: 41719 83437
3481315003: 24683 141041
3491923051: 20269 172279
3495943153: 41809 83617
3502679053: 27397 127849
3502970551: 41851 83701
3503272783: 21613 162091
3503884519: 3259 1075141
3504722521: 24169 145009
3505827997: 7 19 67 397 991
3508999651: 41887 83773
3512847869: 24197 145177
3513045493: 6481 542053
3515576221: 52291 67231
3518851111: 21661 162451
3532275919: 37589 93971
3542828801: 19841 178561
3543037741: 79 2791 16069
3545617627: 2389 1484143
3547619809: 1627 2180467
3561179701: 13691 260111
3582050011: 67 3851 13883
3590841797: 6317 568441
3594968821: 42397 84793
3603030637: 30013 120049
3612070747: 16063 224869
3633802561: 21313 170497
3645942019: 38189 95471
3649066849: 2647 1378567
3651106523: 6653 548791
3656035335: 3 5 113 197 10949
3664354987: 24103 152029
3665207071: 17011 215461
3665991451: 15901 230551
3667604383: 28549 128467
3671126131: 2389 1536679
3671742901: 5651 649751
3672754633: 27103 135511
3673547641: 17497 209953
3674342593: 5653 649981
3678588373: 17509 210097
3683438797: 37379 98543
3711410929: 487 811 9397
3712429207: 44497 83431
3713287801: 571 2281 2851
3723104797: 30509 122033
3723899089: 47269 78781
3739387081: 23 2861 56827
3753039907: 37 67 71 21323
3754587201: 3 131 911 10487
3756668401: 20431 183871
3757929187: 50053 75079
3761091937: 27427 137131
3772938529: 32833 114913
3774302641: 54181 69661
3783003409: 15377 246017
3789843461: 35543 106627
3797969297: 20543 184879
3800306971: 43591 87181
3802646761: 11197 339613
3807044251: 30851 123401
3809894833: 1801 2115433
3814624153: 7039 541927
3823386463: 13 79 919 4051
3829656403: 43759 87517
3841324339: 25303 151813
3849251953: 53201 72353
3850000321: 8689 443089
3861301459: 32089 120331
3874471147: 31123 124489
3878586001: 40771 95131
3885691013: 20441 190093
3886269841: 241 1297 12433
3887414521: 17293 224797
3889818451: 22051 176401
3890736481: 36013 108037
3892461931: 33349 116719
3894053311: 22063 176497
3895924033: 36037 108109
3900299531: 47699 81769
3900970477: 16693 233689
3928256641: 23 281 397 1531
3928291121: 30109 130469
3929502919: 23 170847953
3936931567: 8539 461053
3937408441: 30241 130201
3937526911: 44371 88741
3939646189: 48619 81031
3942600481: 28081 140401
3944598491: 18131 217561
3945807977: 20939 188443
3953752181: 8513 464437
3955764121: 463 2311 3697
3958263997: 18553 213349
3960561281: 17 2081 111953
3965038969: 6997 566677
3968067181: 13 197 461 3361
3968656721: 25033 158537
3974111857: 39313 101089
3979485931: 18211 218521
3981090457: 43 113 197 4159
3990861841: 8089 493369
3995566621: 13477 296473
4001047109: 11549 346441
4002124013: 49003 81671
4026822577: 31729 126913
4032839791: 8807 457913
4035028861: 44917 89833
4039369755: 3 5 113 197 12097
4039584061: 16411 246151
4044434831: 24631 164201
4051950481: 1621 2499661
4055976733: 3517 1153249
4060287793: 16453 246781
4062489421: 24091 168631
4080167761: 8179 498859
4083390821: 29581 138041
4086437587: 31963 127849
4087465621: 281 3011 4831
4088838913: 24169 169177
4092226921: 51031 80191
4092555391: 42649 95959
4095465877: 9817 417181
4106767051: 8011 512641
4109913323: 39569 103867
4114185629: 967 4254587
4121854001: 21401 192601
4126884301: 61 71 281 3391
4131650431: 18181 227251
4144080097: 22481 184337
4147919821: 45541 91081
4151364491: 10739 386569
4154585641: 10597 392053
4158228907: 7 19 61 547 937
4175289271: 45691 91381
4207191577: 42463 99079
4228090903: 45979 91957
4234957663: 38891 108893
4243607651: 36551 116101
4249912753: 433 9815041
4250089117: 39313 108109
4250911061: 37643 112927
4256352907: 53269 79903
4257780001: 21751 195751
4266624811: 79 3361 16069
4268359621: 19699 216679
4277526901: 26701 160201
4278338369: 16889 253321
4285434493: 16903 253531
