49: 7 7
121: 11 11
305: 5 61
343: 7 7 7
451: 11 41
793: 13 61
849: 3 283
1541: 23 67
1981: 7 283
3277: 29 113
3601: 13 277
4187: 53 79
4371: 3 31 47
4961: 11 11 41
7471: 31 241
7969: 13 613
10081: 17 593
10351: 11 941
11041: 61 181
11231: 11 1021
13429: 13 1033
13867: 7 7 283
15841: 7 31 73
16897: 61 277
19151: 11 1741
19579: 7 2797
20591: 59 349
20689: 17 1217
22681: 37 613
23605: 5 4721
24727: 79 313
25039: 7 7 7 73
25681: 61 421
29341: 13 37 61
31417: 89 353
37393: 61 613
38581: 41 941
41861: 41 1021
45169: 17 2657
45551: 11 41 101
47281: 13 3637
48133: 127 379
56033: 137 409
61411: 7 31 283
63013: 61 1033
68101: 11 41 151
71381: 41 1741
76201: 181 421
79381: 163 487
96139: 127 757
97069: 7 7 7 283
110657: 239 463
113861: 11 11 941
123541: 11 11 1021
133237: 13 37 277
134569: 37 3637
137053: 7 7 2797
144613: 7 73 283
166489: 29 5741
169801: 277 613
188501: 251 751
195853: 7 7 7 571
197633: 257 769
202501: 13 37 421
210661: 11 11 1741
219661: 13 61 277
221857: 61 3637
223343: 173 1291
226801: 337 673
239077: 19 12583
269011: 367 733
270481: 197 1373
279757: 37 7561
281101: 401 701
285671: 463 617
286141: 277 1033
286903: 379 757
287981: 61 4721
306865: 5 13 4721
314821: 13 61 397
363091: 191 1901
394219: 7 199 283
405721: 433 937
415249: 83 5003
424391: 11 41 941
432937: 37 11701
439291: 271 1621
451091: 317 1423
460471: 11 41 1021
477421: 7 241 283
486109: 13 61 613
496873: 13 37 1033
505721: 283 1787
512177: 239 2143
522145: 5 13 29 277
565001: 251 2251
578771: 311 1861
630601: 673 937
633229: 613 1033
648733: 113 5741
651781: 13 181 277
655051: 661 991
655711: 7 283 331
657001: 19 151 229
661627: 463 1429
684545: 5 29 4721
689323: 263 2621
698179: 157 4447
713483: 23 67 463
720529: 307 2347
721681: 593 1217
722261: 491 1471
748679: 107 6997
764941: 331 2311
781201: 17 45953
785191: 11 41 1741
789301: 751 1051
791551: 283 2797
800605: 5 13 109 113
819169: 13 61 1033
824149: 109 7561
840781: 347 2423
850513: 349 2437
917701: 277 3313
922609: 173 5333
950797: 23 67 617
954271: 691 1381
959371: 7 7 7 2797
960761: 941 1021
977857: 17 97 593
981317: 809 1213
1007371: 53 83 229
1007449: 277 3637
1018601: 23 67 661
1045451: 11 101 941
1052791: 31 33961
1080997: 239 4523
1155505: 5 13 29 613
1314631: 811 1621
1362061: 41 139 239
1368541: 181 7561
1389581: 1021 1361
1433407: 599 2393
1439905: 5 61 4721
1502257: 409 3673
1516021: 13 277 421
1518499: 19 229 349
1563001: 11 151 941
1575601: 593 2657
1590751: 631 2521
1600117: 1033 1549
1600951: 11 11 101 131
1638281: 941 1741
1690501: 751 2251
1755001: 937 1873
1777561: 1021 1741
1827001: 11 41 4051
1834267: 197 9311
1863907: 683 2729
1898999: 563 3373
1934251: 11 101 1741
1947205: 5 13 29 1033
1952161: 17 114833
1987541: 421 4721
2006833: 17 97 1217
2034565: 5 13 113 277
2108011: 59 35729
2117881: 181 11701
2182267: 739 2953
2207413: 13 277 613
2229481: 613 3637
2362051: 41 53 1087
2416961: 421 5741
2472151: 11 11 20431
2472229: 37 109 613
2488051: 271 9181
2501161: 13 421 457
2545181: 461 5521
2590993: 1217 2129
2639737: 727 3631
2667365: 5 113 4721
2673001: 397 6733
2693311: 31 283 307
2881507: 229 12583
2884141: 13 61 3637
2915947: 199 14653
2948947: 859 3433
2972131: 41 71 1021
3059101: 1237 2473
3062347: 1429 2143
3073903: 7 157 2797
3154517: 179 17623
3233569: 1217 2657
3257803: 59 55217
3270403: 1279 2557
3305041: 61 54181
3337849: 409 8161
3347189: 709 4721
3398657: 17 199921
3443497: 619 5563
3498433: 229 15277
3719833: 13 277 1033
3757021: 1033 3637
3879089: 509 7621
3913003: 1399 2797
3985921: 1153 3457
4039297: 193 20929
4082653: 1429 2857
4105261: 37 181 613
4128703: 643 6421
4151869: 1289 3221
4183561: 601 6961
4229551: 1301 3251
4381393: 17 97 2657
4452883: 389 11447
4502485: 5 13 113 613
4578091: 7 283 2311
4634893: 613 7561
4648261: 61 181 421
4668301: 11 11 41 941
4788643: 283 16921
4819681: 577 8353
4990861: 953 5237
4994101: 7 283 2521
5021053: 1511 3323
5031021: 3 31 47 1151
5065181: 11 11 41 1021
5310721: 13 37 61 181
5339269: 13 61 6733
5378641: 877 6133
5483791: 41 131 1021
5540857: 7 283 2797
5690251: 7 241 3373
5911813: 269 21977
5968873: 43 127 1093
5995873: 13 61 7561
6108301: 661 9241
6117211: 331 18481
6122551: 2143 2857
6192721: 941 6581
6278533: 1447 4339
6329611: 31 73 2797
6399253: 7 7 73 1789
6471931: 1039 6229
6538585: 5 277 4721
6577121: 1481 4441
6787327: 1303 5209
6807403: 541 12583
6855745: 5 13 29 3637
6884903: 1291 5333
6955541: 1523 4567
7152541: 11 691 941
7172713: 613 11701
7232321: 1553 4657
7587385: 5 13 113 1033
7710781: 13 29 113 181
7758601: 773 10037
7945093: 13 613 997
8071699: 1031 7829
8184601: 241 33961
8231977: 13 613 1033
8233633: 1657 4969
8278957: 1129 7333
8351449: 29 61 4721
8557861: 13 181 3637
8637101: 11 11 41 1741
8726851: 7 7 241 739
9031651: 1901 4751
9157831: 991 9241
9174829: 1237 7417
9202951: 541 17011
9214381: 11 41 20431
9278893: 13 61 11701
9585541: 7 31 163 271
9692789: 2143 4523
9806761: 181 54181
9846401: 641 15361
10004869: 7 7 73 2797
10171729: 17 593 1009
10185841: 37 61 4513
10357861: 61 277 613
10407073: 373 27901
10461329: 2411 4339
10568371: 11 941 1021
10603387: 19 229 2437
10655905: 5 13 29 5653
10679131: 2311 4621
10884901: 61 178441
10924129: 997 10957
10935931: 1021 10711
10974881: 1913 5737
10990513: 1483 7411
11354005: 5 13 37 4721
11552059: 367 31477
11632897: 577 20161
11948509: 397 30097
12268577: 17 593 1217
12469421: 349 35729
12551701: 113 277 401
12784003: 1373 9311
12975691: 1471 8821
13096837: 13 277 3637
13285609: 311 42719
13623241: 643 21187
13694761: 2617 5233
14063281: 23 617 991
14169331: 11 541 2381
14294731: 11 941 1381
14469841: 73 379 523
14469865: 5 613 4721
14668021: 37 109 3637
14731363: 1637 8999
14742847: 7 523 4027
14800051: 7 31 241 283
14882401: 1621 9181
14899751: 3343 4457
14913991: 43 127 2731
15003913: 67 223939
15142531: 1231 12301
15413911: 1069 14419
15465241: 11 41 53 647
15838087: 683 23189
15886873: 467 34019
16253551: 2851 5701
16316609: 3011 5419
16398541: 1531 10711
16472993: 149 110557
16509337: 13 269 4721
17088601: 61 457 613
17236801: 151 211 541
17349307: 2083 8329
17354071: 7 73 33961
17454601: 61 277 1033
17986033: 13 37 61 613
18021091: 11 941 1741
18187561: 7 283 9181
18342241: 2473 7417
18443701: 3037 6073
18457957: 7 7 163 2311
18469937: 1433 12889
18590665: 5 61 60953
18718765: 5 13 61 4721
18813257: 29 113 5741
18834391: 31 241 2521
18942991: 823 23017
19270733: 349 55217
19392337: 97 199921
19553171: 11 1021 1741
19617529: 967 20287
19651981: 509 38609
19794601: 127 155863
19877353: 1237 16069
19905301: 13 421 3637
20234341: 3181 6361
20321533: 463 43891
20590231: 31 283 2347
20728351: 7 751 3943
20860051: 1021 20431
21010001: 3001 7001
21016711: 1013 20747
21306157: 3769 5653
21411391: 67 313 1021
21474181: 29 113 6553
21578377: 3793 5689
21582217: 1549 13933
21788971: 311 70061
22339639: 7 7 163 2797
22465389: 3 47 283 563
22605851: 31 751 971
22810201: 421 54181
23072641: 733 31477
23145301: 2521 9181
23236429: 3049 7621
23292361: 1171 19891
23866921: 13 61 30097
24179347: 2459 9833
24248701: 71 239 1429
24383965: 5 1033 4721
24538081: 31 283 2797
24550241: 2861 8581
24777397: 29 113 7561
24819049: 1459 17011
24860011: 11 71 139 229
24966913: 1889 13217
25276421: 2903 8707
25457833: 4513 5641
25768261: 1531 16831
26332181: 2963 8887
26597227: 2579 10313
26713765: 5 13 113 3637
26748307: 2029 13183
26785217: 17 593 2657
26973497: 89 303073
27080747: 617 43891
27129887: 4253 6379
27177169: 17 97 16481
27191011: 1789 15199
27227161: 13 277 7561
27236311: 2131 12781
27250129: 593 45953
27392041: 2341 11701
27409541: 3023 9067
27499357: 3637 7561
28647253: 1693 16921
28983253: 13 613 3637
29027593: 7 283 14653
29497681: 601 49081
29740501: 7 7 7 31 2797
29903407: 1613 18539
29975353: 3673 8161
30237827: 1787 16921
30389743: 1789 16987
30733981: 181 277 613
30924979: 1759 17581
31302949: 587 53327
31381021: 7 7 31 73 283
31817633: 3257 9769
32297821: 181 178441
32541853: 61 113 4721
33214861: 241 283 487
33289345: 5 569 11701
33312091: 1231 27061
33863083: 2311 14653
34514071: 907 38053
34519211: 2399 14389
35501959: 643 55213
35570371: 1741 20431
35820937: 2677 13381
35848931: 59 349 1741
36307981: 4261 8521
36436681: 127 379 757
36610861: 7 283 18481
36652681: 13 37 181 421
36784807: 607 60601
36787771: 811 45361
37035337: 2029 18253
38206911: 3 31 47 8741
38300771: 1787 21433
38626969: 61 613 1033
38785999: 7 7 283 2797
38831761: 397 97813
39391201: 41 941 1021
39432893: 1549 25457
39547171: 4447 8893
39676033: 3637 10909
39738637: 2473 16069
39758641: 13 61 181 277
39928081: 1753 22777
39935161: 7 31 73 2521
40664737: 2017 20161
41662297: 2887 14431
41710411: 4567 9133
41798401: 3733 11197
41931901: 11 941 4051
41995153: 739 56827
42129613: 2053 20521
42135301: 13 277 11701
42149971: 4591 9181
42556537: 3637 11701
42709591: 2311 18481
42841327: 1123 38149
42916949: 6329 6781
43237261: 229 349 541
43657147: 157 278071
43694111: 2699 16189
43991377: 1327 33151
44482901: 3851 11551
44676217: 61 709 1033
45028117: 2647 17011
45297283: 1039 43597
45466513: 2549 17837
45786133: 3907 11719
45877861: 31 43 127 271
45879941: 3911 11731
45931117: 3389 13553
45979441: 17 593 4561
46724131: 2791 16741
47494693: 2437 19489
47661373: 1783 26731
47742949: 73 283 2311
48075821: 41 131 8951
48096301: 11 101 43291
48353761: 2861 16901
48623891: 4649 10459
48841273: 13 1033 3637
48843521: 881 55441
49303801: 2341 21061
49379773: 2029 24337
49411801: 1553 31817
49923661: 2671 18691
51283501: 3581 14321
51463189: 37 613 2269
51501871: 229 239 941
51644833: 2273 22721
51791521: 181 277 1033
51908473: 433 119881
52252243: 1597 32719
52741417: 2297 22961
52985881: 13 61 109 613
53655551: 5981 8971
53949761: 4241 12721
54156301: 53 67 101 151
54366823: 7 7 73 15199
54728161: 449 121889
54816059: 3023 18133
54970673: 17 1217 2657
55201621: 41 107 12583
55384033: 4297 12889
55748561: 11 41 71 1741
55924801: 1217 45953
56160133: 4327 12979
56399491: 2437 23143
56514053: 1373 41161
57561085: 5 29 37 10729
57783223: 73 283 2797
57810041: 41 1021 1381
58449847: 3823 15289
58675459: 1399 41941
59072077: 379 155863
59309251: 3851 15401
60721411: 53 229 5003
60957361: 61 181 5521
61171951: 3911 15641
61454389: 61 277 3637
62399041: 4561 13681
62822101: 101 661 941
62944201: 3673 17137
63034409: 1733 36373
63282781: 2729 23189
63388033: 4597 13789
63952373: 2309 27697
64020001: 4001 16001
64377991: 163 487 811
64787185: 5 37 61 5741
65376721: 2243 29147
66124297: 3637 18181
66342673: 3643 18211
66345221: 4703 14107
66622951: 1231 54121
66744811: 7 7 487 2797
67169521: 41 941 1741
67194401: 4733 14197
67276741: 7 283 33961
67636031: 23 67 43891
68064559: 2063 32993
68095969: 593 114833
68182003: 5839 11677
68469043: 1087 62989
68591251: 31 241 9181
68765447: 7867 8741
69176647: 4159 16633
70003057: 97 593 1217
71486221: 277 421 613
72539371: 3943 18397
72541681: 1091 66491
72611701: 4261 17041
72880001: 41 1021 1741
72884701: 6037 12073
73527301: 4951 14851
73530181: 1621 45361
74325637: 29 37 113 613
75123661: 421 178441
75326479: 1447 52057
75606049: 3889 19441
75776497: 17 97 45953
76950457: 5743 13399
77353585: 5 29 113 4721
77526049: 5569 13921
77565709: 13 61 97813
78795181: 6277 12553
79381501: 1123 70687
79417801: 2971 26731
80283031: 3821 21011
80426401: 11 11 101 6581
81376903: 6379 12757
81633511: 3853 21187
81674281: 13 37 277 613
81926461: 19 67 139 463
81992191: 1931 42461
82136701: 31 1051 2521
82448753: 6607 12479
82490797: 37 613 3637
83193641: 4451 18691
83204801: 3041 27361
84001807: 4583 18329
84485161: 4111 20551
84890737: 127 757 883
85001605: 5 13 277 4721
85400701: 4621 18481
85830121: 13 37 178441
85851385: 5 3637 4721
85943845: 5 13 113 11701
86306641: 1231 70111
86598271: 661 131011
86955031: 31 2805001
87067813: 7 2797 4447
87316333: 13 613 10957
87430253: 7243 12071
87485833: 2269 38557
87558127: 4679 18713
87698521: 337 433 601
87809509: 487 180307
87875971: 911 96461
87952369: 47 1871327
87967753: 6991 12583
88216507: 7669 11503
88471261: 7561 11701
89136091: 11 41 197641
89433661: 1699 52639
89624071: 73 487 2521
90273751: 4751 19001
90698401: 103 647 1361
91314049: 1289 70841
92152871: 41 1291 1741
92477281: 13 61 277 421
93453119: 3947 23677
93709073: 3847 24359
94775927: 7949 11923
95330149: 997 95617
96149311: 2221 43291
97253539: 3119 31181
97865737: 6257 15641
98907997: 4973 19889
99050617: 827 119771
100907047: 5023 20089
100943201: 5801 17401
101137081: 1321 76561
101346613: 7639 13267
101536669: 13 1033 7561
101886319: 73 499 2797
102135601: 337 303073
102243689: 2207 46327
103253333: 5867 17599
103366705: 5 13 277 5741
103466107: 2719 38053
104220703: 7219 14437
104852881: 7 31 271 1783
105164879: 53 79 25117
106247809: 1279 83071
106485121: 7297 14593
106713217: 13 37 61 3637
106923781: 541 197641
106984769: 353 303073
107997079: 4243 25453
108895571: 4831 22541
108915421: 4261 25561
109741451: 131 837721
109958887: 2803 39229
109974745: 5 2909 7561
110043119: 4283 25693
111085381: 11 11 19 211 229
111348433: 7 7 7 73 4447
111540001: 5281 21121
111962897: 479 233743
112032001: 4001 28001
112307329: 8209 13681
113264929: 2129 53201
113605201: 7537 15073
113767501: 61 277 6733
114117937: 2137 53401
114329881: 7561 15121
114366313: 4783 23911
114713281: 2971 38611
114910489: 127 659 1373
116252081: 11 11 941 1021
116317951: 71 941 1741
117186037: 5413 21649
117308977: 2797 41941
117662981: 6263 18787
117988291: 757 155863
118553153: 593 199921
118566533: 6287 18859
118638841: 9433 12577
119183773: 7417 16069
120465361: 277 421 1033
121240001: 61 421 4721
122097121: 2657 45953
124574413: 4219 29527
124793521: 4561 27361
126428851: 7951 15901
127518091: 43 2965537
127690201: 331 385771
128468957: 2927 43891
128676601: 163 487 1621
129431701: 7 73 241 1051
129831901: 991 131011
130103551: 2551 51001
130383521: 1861 70061
130766437: 277 457 1033
133691449: 6271 21319
133807337: 7573 17669
134652193: 13 61 277 613
135515161: 7129 19009
135516305: 5 4721 5741
135785971: 6229 21799
135998341: 61 613 3637
136027009: 3517 38677
136041727: 6421 21187
136545067: 5843 23369
138069647: 67 859 2399
138634831: 5021 27611
139580713: 109 613 2089
139751761: 1217 114833
143761801: 1301 110501
145206361: 8521 17041
145410931: 8527 17053
145436221: 7 31 73 9181
145863911: 4931 29581
145975021: 4567 31963
146510701: 71 101 20431
146834581: 941 156041
147175813: 7673 19181
147585691: 11 41 229 1429
147989771: 1571 94201
148171769: 4657 31817
151659619: 7789 19471
152255611: 4363 34897
152368133: 7127 21379
152399557: 9059 16823
152716537: 5527 27631
152814531: 3 31 47 34961
152833297: 97 593 2657
154900951: 263 588977
155485657: 1297 119881
155715481: 5581 27901
157132729: 13 1033 11701
158073709: 9739 16231
158568521: 947 167443
161216021: 7331 21991
162387821: 9871 16451
163756081: 1999 81919
164028781: 7 31 283 2671
164138801: 4271 38431
164411911: 9067 18133
165675301: 11 41 211 1741
165946321: 673 246577
166564529: 599 278071
166595131: 9127 18253
166827943: 4567 36529
166872577: 977 170801
167027191: 9871 16921
167372437: 6469 25873
167472451: 9151 18301
167624101: 4201 39901
167691721: 239 491 1429
167810131: 2953 56827
167865931: 19 41 229 941
168404833: 8353 20161
169234003: 9199 18397
169388801: 283 751 797
169700081: 3761 45121
170149487: 10771 15797
170584961: 7541 22621
170692921: 7 7 7 307 1621
171491041: 37 613 7561
171515719: 5347 32077
171679561: 53 79 131 313
172546793: 9791 17623
172617481: 3187 54163
173678203: 9319 18637
174033411: 3 31 1871327
174211201: 8641 20161
175404433: 277 613 1033
175742941: 11 11 1452421
176719229: 239 463 1597
177167233: 5953 29761
177439061: 7691 23071
177896951: 11551 15401
180089251: 5479 32869
180250901: 2741 65761
180276841: 10711 16831
180401041: 5077 35533
183484571: 11731 15641
185040703: 9619 19237
185653333: 7867 23599
185792041: 211 880531
186407581: 10321 18061
186524971: 1291 144481
187143661: 5171 36191
187190347: 4327 43261
188108245: 5 13 613 4721
188419771: 2927 64373
189015191: 911 207481
189030481: 5197 36373
189336977: 7537 25121
189359617: 17 97 114833
190763791: 241 283 2797
191648161: 7993 23977
191922697: 2089 91873
192346153: 3847 49999
192363601: 859 223939
192704513: 10753 17921
192761473: 1489 129457
193230577: 6217 31081
194692321: 11131 17491
195105781: 13 277 54181
195106237: 3607 54091
195412621: 4421 44201
197239591: 9931 19861
197247371: 12163 16217
197818165: 5 233 277 613
198232001: 11 11 941 1741
198336529: 10909 18181
200276401: 13 701 21977
202230491: 41 1021 4831
202531501: 9001 22501
202643101: 6733 30097
203269177: 7129 28513
203318641: 919 221239
203968129: 673 303073
203992237: 4517 45161
204798571: 4909 41719
207132481: 10177 20353
207408001: 4801 43201
209103469: 3049 68581
209711431: 7741 27091
210812311: 10267 20533
211481281: 11 941 20431
211834663: 4603 46021
212230849: 2617 81097
212412547: 2557 83071
212730467: 11909 17863
214049413: 12583 17011
214319737: 2719 78823
214493203: 1063 201781
215084881: 11 11 1021 1741
216850271: 11 11 41 43711
216899047: 163 379 3511
217186537: 7369 29473
217805281: 8521 25561
218624033: 8537 25609
219029329: 6619 33091
219586483: 439 500197
221847301: 13 37 61 7561
224294533: 8647 25939
224573701: 11 11 1855981
225875323: 4339 52057
226049851: 41 1361 4051
226061921: 8681 26041
226909813: 13 61 277 1033
227418133: 8707 26119
227512651: 2851 79801
228178861: 3221 70841
228750145: 5 13 613 5741
229178281: 61 1033 3637
230396671: 41 53 229 463
230621623: 2311 99793
231042649: 937 246577
231208411: 7 7 7 241 2797
232030729: 7 7 1693 2797
232034743: 107 2168549
234610291: 10831 21661
234870301: 10837 21673
235224571: 5261 44711
235761419: 9403 25073
235907371: 7 2797 12049
238038013: 3637 65449
238824151: 3643 65557
238834723: 197 883 1373
240608017: 13 109 277 613
240629299: 13183 18253
240841451: 3821 63031
241150609: 7 7 7 73 9631
242131889: 6353 38113
242650717: 7789 31153
243303857: 1217 199921
244061371: 11047 22093
246180019: 3923 62753
246434761: 11701 21061
246600649: 827 298187
248620601: 2351 105751
249128029: 8929 27901
249851911: 53 67 71 991
250436033: 9137 27409
250564051: 4231 59221
250781851: 7019 35729
252269009: 887 284407
253711261: 61 881 4721
253722631: 31 241 33961
254547901: 37 6879673
254781451: 11287 22573
255361163: 3767 67789
255678791: 1811 141181
255866131: 11311 22621
256334599: 3511 73009
256600513: 13 37 113 4721
257460851: 6551 39301
258185413: 15199 16987
258757201: 10531 24571
259814591: 9871 26321
260736341: 9323 27967
261163769: 3527 74047
261856261: 9343 28027
263215543: 53 139 35729
263265871: 11 11 1021 2131
264940741: 13 109 181 1033
265390381: 37 613 11701
265487713: 5153 51521
266687297: 4217 63241
267118417: 10337 25841
268505551: 11587 23173
271501993: 7 7 7 283 2797
271565713: 6229 43597
274399801: 13 181 277 421
274525327: 1747 157141
275038187: 7867 34961
277554581: 4507 61583
277787141: 9623 28867
278372071: 9871 28201
280283401: 5581 50221
280312003: 11839 23677
280591537: 9349 30013
281288801: 5591 50311
282589651: 11887 23773
282707461: 127 883 2521
283979401: 937 303073
285961021: 2131 134191
286110811: 7 31 523 2521
287762509: 10729 26821
288483337: 5009 57593
291461633: 9857 29569
291529477: 7561 38557
291918079: 9133 31963
292071901: 11 101 151 1741
294239189: 7621 38609
294807661: 4957 59473
296156953: 43 283 24337
296307451: 11 19 41 151 229
296457191: 8117 36523
296509357: 79 1579 2377
297245593: 7561 39313
301712797: 11287 26731
302500969: 1933 156493
303462721: 2113 143617
304583149: 13 37 613 1033
304642823: 5039 60457
304788013: 6599 46187
305036173: 13 61 109 3529
305111281: 2657 114833
305594101: 8741 34961
305872501: 11 1361 20431
306785051: 7151 42901
308304011: 12923 23857
310693633: 10177 30529
311420737: 4049 76913
313338061: 12517 25033
313656193: 97 1217 2657
314371369: 13 61 109 3637
314856089: 311 1012399
316254901: 31 241 42331
316991545: 5 13 1033 4721
319574071: 31 73 283 499
320429521: 3733 85837
320512303: 2377 134839
320834671: 13183 24337
321781633: 10357 31069
324264943: 6367 50929
324671023: 4447 73009
324741151: 7 31 163 9181
325141001: 6011 54091
326266051: 15643 20857
327774721: 10453 31357
329769721: 61 421 12841
331449371: 11 11 41 71 941
332877361: 12301 27061
333619357: 9133 36529
334624729: 6607 50647
334793551: 157 1093 1951
335304691: 5791 57901
336273211: 12967 25933
337080871: 3221 104651
340464001: 6151 55351
341652841: 6961 49081
342654901: 181 401 4721
342959401: 37 613 15121
343319041: 13 37 61 11701
343932359: 5783 59473
345701731: 7591 45541
346795639: 7603 45613
346859521: 10753 32257
347977567: 7 7 2539 2797
349587157: 61 613 9349
351232633: 1657 211969
351739181: 4421 79561
353722513: 7109 49757
354522673: 6421 55213
356604421: 10903 32707
357711251: 1301 274951
359238751: 3251 110501
359775109: 43 571 14653
360591793: 4049 89057
360797005: 5 61 233 5077
362297911: 4759 76129
362663783: 2939 123397
362822131: 7 283 183151
363656441: 61 5961581
364126003: 7459 48817
366438089: 9341 39229
367621381: 37 277 35869
367634569: 6577 55897
369463387: 12157 30391
371376631: 13627 27253
371611153: 5347 69499
372810719: 7883 47293
373294801: 11 11 151 20431
373299841: 8641 43201
374325841: 13681 27361
376169267: 7019 53593
376623199: 127 2965537
376957153: 13729 27457
377269579: 10639 35461
378648833: 15073 25121
378991201: 601 673 937
379363267: 9739 38953
379732501: 11251 33751
382676887: 17497 21871
383425351: 9791 39161
383558551: 12739 30109
385479445: 5 13 1033 5741
389121049: 2833 137353
391611991: 211 1855981
393437857: 7841 50177
393611653: 14029 28057
394859851: 1429 276319
398853685: 5 61 277 4721
399783601: 7 7 2797 2917
400314769: 797 502277
401498249: 4373 91813
402471811: 7 1693 33961
403095967: 10039 40153
403536061: 181 613 3637
404698951: 4051 99901
405596731: 9241 43891
405768481: 3329 121889
409662541: 7561 54181
413138881: 617 661 1013
413557213: 3049 135637
414083281: 4441 93241
415108891: 14407 28813
415249297: 6793 61129
415883557: 4679 88883
416474137: 9127 45631
416818321: 7717 54013
417746629: 6163 67783
424315751: 251 751 2251
424380601: 5233 81097
429595039: 13109 32771
429902461: 4421 97241
432523051: 16981 25471
433006771: 16451 26321
433303211: 11 41 941 1021
435585001: 17041 25561
435860497: 9337 46681
436119773: 6029 72337
437707201: 449 974849
438306553: 5807 75479
440219011: 23 67 463 617
440941381: 881 500501
440982613: 29 37 113 3637
443120437: 17791 24907
444223261: 18253 24337
445993369: 2347 190027
446200021: 3571 124951
448044001: 16001 28001
449931301: 4201 107101
450016901: 17321 25981
450242099: 8663 51973
451033927: 19489 23143
451843369: 2617 172657
453919201: 12301 36901
453992111: 8699 52189
454945501: 5701 79801
457060327: 383 1193369
457320533: 12347 37039
460486921: 8761 52561
463252193: 17 593 45953
463320859: 53 79 239 463
463861973: 19661 23593
465505633: 12457 37369
467083399: 13669 34171
468729647: 11411 41077
471168253: 15349 30697
471422051: 6701 70351
471498401: 11 11 41 101 941
473601599: 13327 35537
474696553: 1453 326701
477189121: 16921 28201
477320537: 7283 65539
477599965: 5 4721 20233
481107589: 4447 108187
484582969: 13 37 277 3637
486001891: 23 53 229 1741
488656981: 12763 38287
492559141: 367 733 1831
493387441: 53 59 83 1901
494680261: 6421 77041
495416503: 15739 31477
495573121: 12853 38557
497869693: 2371 209983
500424773: 12253 40841
501938201: 7867 63803
502150597: 13 61 613 1033
503936401: 1321 381481
507736243: 7 73 283 3511
507960001: 15937 31873
508549009: 61 277 30097
510115009: 4057 125737
511739801: 79 859 7541
514454011: 5923 86857
515972761: 1753 294337
518216201: 2741 189061
518504533: 13147 39439
522029521: 13 61 181 3637
522655801: 7621 68581
524304301: 1301 403001
527278127: 18749 28123
528013333: 13267 39799
530767759: 12619 42061
530808601: 1051 505051
531190097: 2657 199921
531681281: 13313 39937
532303003: 2377 223939
532800133: 13327 39979
533429881: 4021 132661
534754897: 15139 35323
536342419: 5179 103561
536369617: 7 73 283 3709
536429401: 1951 274951
537526891: 11 11 19 229 1021
540568309: 5813 92993
540621181: 8221 65761
542208745: 5 13 1453 5741
542497201: 263 787 2621
549712129: 43 1373 9311
549724033: 13537 40609
553027201: 9601 57601
555962353: 9791 56783
556268497: 107 743 6997
557702023: 8741 63803
558908701: 13 3637 11821
559202101: 10321 54181
560907271: 16747 33493
561484519: 12979 43261
566630611: 2731 207481
569332177: 239 1429 1667
569784403: 16879 33757
570585793: 3137 181889
572752841: 7481 76561
575349781: 20773 27697
580727821: 181 421 7621
582433547: 22031 26437
582733007: 773 753859
582795601: 1451 401651
583020397: 15121 38557
587193391: 10333 56827
588956479: 15349 38371
591043771: 17191 34381
592151617: 2143 276319
594451873: 15121 39313
594454801: 283 751 2797
598212421: 61 181 54181
598938799: 10847 55217
599005201: 181 701 4721
599135767: 12239 48953
599645047: 4999 119953
601143661: 31 571 33961
603255001: 12281 49121
604888301: 19051 31751
606580063: 19471 31153
608963227: 20149 30223
611547431: 11 11 41 131 941
611852671: 17491 34981
612816751: 251 751 3251
614683861: 11 229 239 1021
615568433: 10273 59921
615760133: 14327 42979
616146481: 2161 285121
617566237: 277 613 3637
617718193: 4327 142759
621356737: 20353 30529
625699439: 773 809443
627007259: 10223 61333
627034339: 7919 79181
627119641: 41 71 211 1021
627508759: 6263 100193
627886657: 8353 75169
629789357: 4019 156703
630124969: 2153 292673
631794469: 7949 79481
632285677: 1783 354619
633595201: 14533 43597
633971881: 11701 54181
634467461: 14543 43627
635689633: 14557 43669
639461257: 3613 176989
641391769: 5527 116047
642566041: 13 277 178441
643094011: 7 73 283 4447
644004817: 12689 50753
645820237: 37 61 277 1033
647190253: 17989 35977
649235341: 9631 67411
649497967: 12743 50969
652687621: 277 1033 2281
652969351: 271 811 2971
653124865: 5 61 373 5741
655041871: 11 41 1452421
657031201: 5881 111721
657114371: 2903 226357
658574929: 6733 97813
659402791: 571 1154821
661321511: 10499 62989
665423903: 2393 278071
665742421: 12301 54121
666353143: 9127 73009
667651961: 5639 118399
672279697: 433 937 1657
672485773: 173 1291 3011
674600053: 4999 134947
674843401: 6301 107101
676005241: 241 2805001
676359391: 3607 187513
677389049: 6079 111431
677993699: 1319 514021
679975003: 18439 36877
680020801: 181 1033 3637
680983817: 8699 78283
682460501: 15083 45247
683122573: 7 7 7 1117 1783
687104741: 3671 187171
688597303: 5197 132499
688721293: 13 37 61 23473
691166971: 11 19 41 79 1021
693730357: 6043 114799
696158681: 2297 303073
697032253: 883 789391
698075251: 283 1051 2347
698252221: 12457 56053
701665897: 8377 83761
704913451: 11 11 41 151 941
709393483: 8423 84221
709418011: 2437 291103
709643341: 11 11 53 239 463
711304903: 18859 37717
711397333: 3259 218287
712362769: 6673 106753
712650881: 15413 46237
713946133: 15427 46279
713983141: 10909 65449
714619277: 20707 34511
717653333: 15467 46399
718944227: 21893 32839
719829097: 13 29 61 113 277
720385903: 18979 37957
720505651: 2411 298841
720984661: 59 1741 7019
723104513: 16927 42719
724798021: 24821 29201
725697881: 5879 123439
727056451: 11 11 19 229 1381
727988797: 6967 104491
729094843: 9547 76369
730148849: 5897 123817
732090721: 601 1218121
732736621: 19141 38281
735432773: 7829 93937
735695839: 59 349 35729
736559479: 5323 138373
737669701: 9871 74731
738864731: 11 41 941 1741
744118657: 22273 33409
745493761: 12211 61051
746331041: 15773 47317
747070501: 6271 119131
748541369: 4079 183511
749282773: 29 113 373 613
751652509: 1669 450361
752186593: 9697 77569
755914681: 9721 77761
756205633: 15877 47629
757272707: 22469 33703
761221351: 11 53 151 8647
761346389: 2909 261721
761442151: 43 241 73477
761971873: 13 613 95617
764212351: 7 283 385771
765275701: 41 71 151 1741
765414469: 239 463 6917
768782587: 3433 223939
770746451: 24043 32057
777377017: 18253 42589
779819587: 13963 55849
781512241: 4231 184711
781825717: 109 613 11701
783326377: 12517 62581
784508701: 2659 295039
786604801: 10601 74201
788231809: 17 1009 45953
788248411: 41 941 20431
789443383: 2857 276319
792349021: 1451 546071
795490747: 23029 34543
796946413: 499 571 2797
798907057: 13 61 277 3637
801680011: 11 41 1021 1741
801853171: 7 3373 33961
801866647: 14159 56633
809636383: 1129 717127
809982721: 6211 130411
811831301: 4397 184633
813110785: 5 61 613 4349
813185311: 239 1429 2381
815109901: 283 557 5171
816904001: 5501 148501
821376533: 16547 49639
822314729: 10357 79397
826876247: 23143 35729
829737221: 16631 49891
829978381: 8317 99793
831920101: 283 1051 2797
832048447: 14423 57689
832656701: 7451 111751
832870891: 20407 40813
832902643: 18253 45631
835935361: 16693 50077
837047431: 11 41 1855981
837898381: 9929 84389
840138517: 1039 808603
841217653: 20509 41017
842419961: 4721 178441
842427961: 1277 659693
842960981: 16763 50287
848583391: 17839 47569
849606031: 20611 41221
850028939: 11903 71413
850756129: 3637 233917
852323737: 277 457 6733
854581807: 23869 35803
857100421: 16903 50707
857538991: 20707 41413
858725869: 22699 37831
861206261: 11981 71881
861286081: 9281 92801
862435411: 12301 70111
864165457: 13147 65731
865155985: 5 29 61 97813
869499643: 439 1980637
870975361: 20161 43201
872347201: 11 11 41 101 1741
874511317: 37 613 38557
874971659: 1013 863743
881114141: 9161 96181
882661765: 5 61 613 4721
883333441: 6337 139393
885103957: 397 613 3637
885493927: 14879 59513
891516781: 2311 385771
891645491: 11 11 41 191 941
891658153: 37 613 39313
893865701: 3251 274951
896231953: 21169 42337
897285493: 13 109 613 1033
898544641: 31 43 241 2797
900270611: 8431 106781
901564453: 5779 156007
901620091: 19 211 239 941
903136901: 17351 52051
903514081: 5233 172657
909018181: 9091 99991
910016185: 5 13 1033 13553
910591201: 13 37 401 4721
911839681: 4561 199921
912111371: 1021 893351
913983071: 71 2143 6007
915056843: 13099 69857
915641821: 21397 42793
916586011: 11 11 19 229 1741
918757127: 24749 37123
920834197: 15173 60689
928455331: 331 2805001
929238913: 13633 68161
931614121: 6661 139861
933184801: 21601 43201
936662687: 24989 37483
937013621: 8837 106033
937263361: 89 353 29833
938222401: 17 1201 45953
938611501: 421 613 3637
938989261: 7 199 241 2797
940904563: 7333 128311
942145681: 3593 262217
942455359: 3853 244603
943315801: 211 941 4751
943588801: 41 1021 22541
943713737: 29 61 113 4721
947651963: 11923 79481
948655457: 3557 266701
950298403: 24371 38993
950371003: 21799 43597
950721617: 17 1217 45953
951232133: 17807 53419
951941161: 21817 43633
952282801: 37 373 69001
954331885: 5 13 61 233 1033
958208833: 7993 119881
958990537: 23563 40699
960527189: 12653 75913
961116889: 11197 85837
963563197: 2347 410551
964263961: 6211 155251
964573543: 9631 100153
968283247: 15559 62233
975382223: 4639 210257
975765787: 15619 62473
975967609: 61 3389 4721
978563041: 18061 54181
980004241: 5147 190403
980016269: 23 53 617 1303
981553501: 37 61 421 1033
984123163: 2377 414019
985011511: 11 11 41 211 941
985075681: 18121 54361
989354101: 6421 154081
992272429: 43 73 283 1117
997552585: 5 29 6879673
1000686809: 17623 56783
1004085721: 541 1855981
1004209411: 5011 200401
1005502681: 6761 148721
1006985519: 19013 52963
1007404957: 13 37 277 7561
1007713171: 22447 44893
1008777001: 15881 63521
1009025263: 5023 200881
1010836369: 3449 293081
1011284819: 12983 77893
1012244701: 13 277 401 701
1017476209: 37 3637 7561
1019091943: 11287 90289
1019377631: 1021 998411
1020307333: 6037 169009
1021066457: 6737 151561
1021281301: 18451 55351
1024041853: 8263 123931
1026905821: 6581 156041
1029771713: 16273 63281
1032110641: 26731 38611
1033689577: 7621 135637
1033994089: 10169 101681
1035172441: 191 1901 2851
1036488493: 24337 42589
1036995919: 13147 78877
1037750617: 14407 72031
1039585249: 6449 161201
1040557057: 10753 96769
1040694817: 277 1033 3637
1041946849: 9733 107053
1047675469: 10957 95617
1048385671: 13219 79309
1050072253: 11833 88741
1053273961: 4969 211969
1055512369: 8389 125821
1057062913: 12289 86017
1059249361: 53 59 139 2437
1059492961: 18793 56377
1060794769: 13297 79777
1061730451: 12781 83071
1063075549: 8419 126271
1063713379: 11831 89909
1065757501: 7757 137393
1067064781: 12347 86423
1070063191: 23131 46261
1072839941: 18911 56731
1074583009: 593 1217 1489
1074884257: 97 11081281
1075899133: 2377 452629
1081023701: 2441 442861
1082318389: 19661 55049
1082504989: 20809 52021
1092892147: 9749 112103
1093270511: 13499 80989
1101376711: 31 757 46933
1101782305: 5 13 61 269 1033
1103102191: 11743 93937
1109711401: 5477 202613
1111058593: 13841 80273
1112944351: 101 229 48119
1113419953: 14923 74611
1114038073: 3907 285139
1114491211: 1811 615401
1115910727: 16703 66809
1116068005: 5 13 3637 4721
1119669121: 9281 120641
1120010321: 3719 301159
1122276109: 61 613 30013
1123180651: 83 229 59093
1123938523: 379 2965537
1127530979: 20563 54833
1127993861: 19391 58171
1133053741: 43 127 207481
1134358513: 337 3366049
1136973247: 59 349 55217
1137320581: 19471 58411
1146612029: 16267 70487
1147816601: 53 71 191 1597
1147833001: 7 31 283 18691
1148462551: 4051 283501
1149032981: 19571 58711
1152088033: 19597 58789
1152793621: 7 31 271 19603
1155069661: 15733 73417
1155189631: 3271 353161
1157631473: 17 593 114833
1163208289: 17 1489 45953
1164907213: 3907 298159
1167083233: 6833 170801
1167576427: 31963 36529
1169333201: 27011 43291
1169797831: 21187 55213
1172817151: 11 101 151 6991
1177778671: 14011 84061
1177874587: 30697 38371
1187887891: 14071 84421
1189928269: 18181 65449
1191088219: 173 1291 5333
1193858527: 18211 65557
1203894199: 7759 155161
1204176751: 17351 69401
1209022021: 3989 303089
1209815141: 4871 248371
1210295717: 173 1291 5419
1210562701: 13151 92051
1210672651: 9241 131011
1210689439: 3907 309877
1214223361: 13 61 421 3637
1214307763: 2083 582961
1215850711: 1361 893351
1217107079: 14243 85453
1221127013: 8237 148249
1221674389: 13 61 1540573
1222277443: 15139 80737
1222568707: 17483 69929
1228879261: 37 613 54181
1234887673: 11113 111121
1234946719: 14347 86077
1236032227: 17579 70313
1236581737: 4447 278071
1236638797: 6607 187171
1238517649: 15739 78691
1240073701: 53 83 229 1231
1247375273: 137 353 25793
1254277909: 18289 68581
1256508349: 6367 197347
1258903981: 13411 93871
1259514281: 14489 86929
1260332137: 163 487 15877
1264145401: 107 743 15901
1264523251: 16921 74731
1265740717: 17789 71153
1266025351: 17791 71161
1267133311: 25171 50341
1270681231: 30871 41161
1271487631: 19531 65101
1273749137: 13399 95063
1277102401: 2293 556957
1277461693: 12637 101089
1277887031: 23143 55217
1284674969: 14633 87793
1291773451: 17971 71881
1295261101: 1471 880531
1298258413: 13619 95327
1298771057: 23593 55049
1301698927: 9643 134989
1302145267: 18043 72169
1304696881: 8761 148921
1305043081: 1871 697511
1309886551: 12601 103951
1310156251: 3251 403001
1318793191: 19891 66301
1324344341: 21011 63031
1326426319: 22303 59473
1327026403: 25759 51517
1328256247: 18223 72889
1330117351: 6473 205487
1332452269: 113 277 42569
1332633277: 18253 73009
1333678963: 31627 42169
1337600053: 7039 190027
1338021791: 2423 552217
1347387361: 21193 63577
1348794421: 13 4721 21977
1348995187: 29989 44983
1352453257: 16447 82231
1357201105: 5 13 3637 5741
1358425741: 13931 97511
1358837371: 1361 998411
1359481589: 15053 90313
1360787671: 73 199 283 331
1364378203: 26119 52237
1365015541: 71 941 20431
1372613089: 239 1429 4019
1375288231: 7907 173933
1376160241: 677 2032733
1378812097: 13 61 277 6277
1382139617: 13729 100673
1386975871: 9311 148961
1387742749: 9619 144271
1388275141: 11 71 1021 1741
1388494603: 1607 864029
1389546841: 2531 549011
1391422261: 61 421 54181
1393629421: 22861 60961
1393946227: 11807 118061
1394054861: 14461 96401
1394632891: 26407 52813
1400081777: 12473 112249
1401216121: 27901 50221
1403893207: 5437 258211
1407548341: 487 1621 1783
1408610503: 26539 53077
1411211051: 16267 86753
1412232889: 2309 611621
1414154827: 18803 75209
1414753387: 5119 276373
1416461851: 7 73 751 3691
1416748349: 9719 145771
1418734549: 29 37 113 11701
1419459121: 26641 53281
1420057633: 21757 65269
1420507453: 79 1429 12583
1420733723: 35537 39979
1421602447: 4507 315421
1423038013: 683 2083511
1427107681: 6211 229771
1427555233: 13 109 277 3637
1431933361: 2861 500501
1437724837: 2287 628651
1443652033: 21937 65809
1451776831: 41 71 349 1429
1452194257: 12703 114319
1453595491: 73 271 73477
1454149183: 7207 201769
1455197519: 12487 116537
1461299839: 24733 59083
1461423727: 229 367 17389
1463281207: 3083 474629
1463990191: 103 1327 10711
1464137641: 10613 137957
1464568381: 27061 54121
1465217911: 27067 54133
1467572003: 20983 69941
1468824787: 19163 76649
1469768653: 27109 54217
1472791431: 3 31 2531 6257
1474059631: 11 11 1361 8951
1482921841: 1021 1452421
1484742533: 22247 66739
1485231331: 35531 41801
1486321771: 11 11 53 227 1021
1487421865: 5 61 1033 4721
1488204217: 19289 77153
1491840281: 8429 176989
1492562611: 31 5171 9311
1494646801: 10723 139387
1499692969: 1459 1027891
1501889845: 5 29 61 277 613
1504832033: 22397 67189
1505200261: 21521 69941
1506507571: 8573 175727
1509885877: 19429 77713
1513954009: 3067 493627
1515348121: 7 283 331 2311
1515791341: 38557 39313
1516410901: 22483 67447
1526494501: 7 7 4649 6701
1530159247: 19559 78233
1530898111: 73 379 55333
1531110061: 13 37 421 7561
1533524809: 3617 423977
1533555271: 27691 55381
1538071061: 22643 67927
1540713973: 12413 124121
1543046291: 6173 249967
1543708717: 2621 588977
1544599061: 22691 68071
1544744713: 239 1429 4523
1547919829: 11863 130483
1550924873: 11369 136417
1552636807: 32173 48259
1552953877: 3343 464539
1553502511: 11 191 463 1597
1554270481: 8221 189061
1558913203: 27919 55837
1559006137: 13 37 277 11701
1561644091: 7 241 283 3271
1564171799: 3167 493897
1566008641: 2593 603937
1566590173: 25033 62581
1568916311: 34303 45737
1569144547: 12527 125261
1574591869: 37 3637 11701
1575887647: 32413 48619
1578575101: 461 3424241
1578977521: 11 11 1021 12781
1579079503: 28099 56197
1581705841: 421 1033 3637
1588690087: 31511 50417
1588942489: 47 967 34961
1589724721: 13 37 61 54181
1592979193: 13 29 61 113 613
1594069489: 8713 182953
1595622997: 19973 79889
1601407501: 11801 135701
1607003101: 11 941 155251
1608729127: 32749 49123
1608738301: 5851 274951
1609098583: 6343 253681
1611110201: 12487 129023
1615468039: 36691 44029
1616742451: 101 941 17011
1618070737: 20113 80449
1618435171: 28447 56893
1618882697: 2777 582961
1619657761: 197 883 9311
1623229301: 23 67 1053361
1624628251: 14251 114001
1625604781: 31231 52051
1630247711: 18691 87221
1637973019: 307 5335417
1638294661: 28621 57241
1640460601: 13 37 421 8101
1642610413: 15319 107227
1643665021: 12821 128201
1649461301: 33161 49741
1649935981: 23 41 661 2647
1650682153: 28729 57457
1652746261: 61 277 97813
1653298921: 61 4721 5741
1656115057: 6067 272971
1661409289: 18229 91141
1663142651: 5981 278071
1663267579: 18713 88883
1665597781: 23563 70687
1666216697: 33329 49993
1672684901: 941 1021 1741
1678641011: 39227 42793
1679918581: 11 53 229 12583
1684418401: 13681 123121
1692314587: 33589 50383
1692567521: 23753 71257
1694680471: 11 19 83 211 463
1695895351: 59 349 82361
1698619183: 19429 87427
1702111921: 11443 148747
1702123201: 18451 92251
1706302153: 29209 58417
1713319453: 29269 58537
1714012421: 11 41 53 71707
1715095171: 12781 134191
1715324581: 31 73 271 2797
1715427451: 29287 58573
1717451651: 21401 80251
1717612183: 7 199 283 4357
1718951873: 11969 143617
1722384301: 11 11 53 491 547
1725629921: 233 7406137
1727809073: 10733 160981
1729480897: 7723 223939
1729941461: 18341 94321
1738201541: 17021 102121
1738925077: 19937 87221
1739529457: 13903 125119
1742815621: 24103 72307
1746447821: 32371 53951
1750094011: 10459 167329
1751432959: 10463 167393
1752172003: 29599 59197
1752541351: 11 41 71 229 239
1753593031: 29611 59221
1755745405: 5 29 613 19753
1758188417: 5441 323137
1759381763: 9887 177949
1767978433: 13 61 613 3637
1768323481: 41 2111 20431
1768468081: 7321 241561
1768692517: 7213 245209
1771447019: 17183 103093
1773654721: 11681 151841
1775902213: 6427 276319
1776399059: 17207 103237
1776820033: 24337 73009
1780142563: 7459 238657
1781426693: 3023 589291
1782647791: 4621 385771
1785414061: 15971 111791
1790123581: 9973 179497
1801176313: 18097 99529
1805448499: 4603 392233
1807127101: 13 37 1033 3637
1813073653: 30109 60217
1813985461: 19 71 941 1429
1814832463: 25309 71707
1816572745: 5 13 109 113 2269
1819829749: 7789 233641
1822479751: 30187 60373
1822711501: 13 37 421 9001
1827702101: 24683 74047
1827826727: 1637 1116571
1828072351: 7 7 7 73 73009
1838494297: 14293 128629
1842649705: 5 13 29 277 3529
1844028961: 24793 74377
1847869201: 6481 285121
1850251019: 38053 48623
1850315689: 22993 80473
1852869061: 12979 142759
1855694699: 5303 349933
1862880401: 9419 197779
1864009153: 30529 61057
1864274917: 21589 86353
1865421521: 26449 70529
1865700973: 9007 207139
1869623533: 29 113 570529
1870859657: 7243 258299
1874772841: 61 181 277 613
1875479431: 7 331 809443
1877507711: 41 1021 44851
1882325891: 18787 100193
1883509633: 25057 75169
1890851257: 19447 97231
1892296801: 593 1201 2657
1893427981: 16447 115123
1894956601: 1021 1855981
1897273771: 27061 70111
1900687381: 25171 75511
1904524903: 30859 61717
1914824297: 35729 53593
1916168227: 3319 577333
1917506417: 593 1217 2657
1918534901: 29201 65701
1920301951: 21911 87641
1931855591: 9311 207481
1935555203: 7793 248371
1936031341: 16631 116411
1944234391: 11 41 211 20431
1945042181: 25463 76387
1952417461: 9421 207241
1952860001: 2801 697201
1952968753: 31249 62497
1955555801: 14741 132661
1957863781: 1307 1497983
1959055141: 9437 207593
1960033141: 11 11 19 852559
1966146451: 22171 88681
1969698371: 18119 108709
1970167081: 61 181 178441
1970256151: 31387 62773
1970890399: 8707 226357
1972848193: 35729 55217
1973142407: 36269 54403
1974591793: 17041 115873
1975247539: 28109 70271
1977157843: 27061 73063
1982732501: 2741 723361
1988672533: 25747 77239
1989628327: 22303 89209
1995101641: 13 181 277 3061
1995401357: 36473 54709
1995500071: 283 2521 2797
2003557681: 6991 286591
2008477729: 13513 148633
2009621503: 31699 63397
2015403601: 17 593 199921
2016027649: 433 937 4969
2017574431: 12967 155593
2018558861: 11 191 941 1021
2020686013: 643 3142591
2027306107: 28477 71191
2028519019: 7507 270217
2030600833: 26017 78049
2034503833: 409 4974337
2034817849: 37 3637 15121
2037732451: 22571 90281
2038093597: 22573 90289
2038836841: 23581 86461
2039768257: 18973 107509
2039836501: 101 131 151 1021
2039888131: 18439 110629
2040445657: 12073 169009
2045781991: 11 941 197641
2067887557: 367 733 7687
2070450323: 4457 464539
2074544033: 26297 78889
2075429203: 28813 72031
2075486827: 14407 144061
2075651057: 17 2657 45953
2076052001: 19141 108461
2077766623: 13159 157897
2085578971: 7 31 283 33961
2089402477: 35407 59011
2092095121: 23887 87583
2094644557: 37369 56053
2105810785: 5 13 29 37 109 277
2106555751: 751 2805001
2107488931: 28201 74731
2108761201: 22961 91841
2119102651: 43 757 65101
2119689793: 13 61 397 6733
2126161181: 21737 97813
2129035429: 21061 101089
2130134533: 26647 79939
2130664801: 4003 532267
2133939361: 5011 425851
2139120061: 13 3037 54181
2139462991: 32707 65413
2140082101: 457 2053 2281
2141239829: 1667 1284487
2156767003: 32839 65677
2158100143: 23 419 223939
2162366251: 23251 93001
2165523553: 12907 167779
2170185517: 23293 93169
2170186021: 32941 65881
2174790619: 17029 127711
2177085241: 11317 192373
2183757409: 20899 104491
2188144001: 17 2801 45953
2190982721: 3041 720481
2199931651: 379 631 9199
2202101761: 17737 124153
2205105311: 44273 49807
2210860051: 12041 183611
2217930587: 38453 57679
2219008177: 21067 105331
2220382627: 9619 230833
2223098611: 2851 779761
2224183501: 23581 94321
2229319423: 32077 69499
2230095661: 79 131 229 941
2230616683: 34961 63803
2238452569: 1453 1540573
2244787451: 25951 86501
2244911509: 757 2965537
2265350977: 673 3366049
2267222681: 10391 218191
2271116233: 4969 457057
2275568011: 20341 111871
2278938401: 2551 893351
2280257629: 13 277 613 1033
2291756959: 15139 151381
2292068143: 16927 135409
2294119183: 30293 75731
2295229091: 239 491 19559
2298363451: 23971 95881
2298473381: 9227 249103
2300056117: 11003 209039
2300943457: 37 109 570529
2301980801: 27701 83101
2303053873: 613 1033 3637
2304156469: 19597 117577
2305872731: 22637 101863
2306508679: 12007 192097
2306664757: 40591 56827
2308966661: 27743 83227
2311558021: 33997 67993
2312963333: 27767 83299
2316576571: 239 2143 4523
2319020651: 11351 204301
2319073813: 7 7 2797 16921
2319724441: 34057 68113
2320206265: 5 13 4721 7561
2321551751: 39341 59011
2331181621: 34141 68281
2335706909: 12479 187171
2336022937: 21061 110917
2337670031: 19739 118429
2350838141: 13997 167953
2353146049: 8713 270073
2355622721: 9341 252181
2359020061: 10861 217201
2360225737: 21727 108631
2361316621: 18367 128563
2366952961: 32801 72161
2367777511: 11 19 41 276319
2369464201: 13 37 421 11701
2373147943: 7703 308081
2375779937: 17 1217 114833
2375894809: 21799 108991
2377216591: 2381 998411
2381727721: 1231 1934791
2382002113: 40609 58657
2386172251: 379 757 8317
2387525141: 28211 84631
2393288701: 61 401 97841
2400771337: 16333 146989
2407191181: 20921 115061
2408223511: 71 139 239 1021
2413359313: 38053 63421
2414673271: 34747 69493
2421244921: 31121 77801
2421391391: 7103 340897
2423226317: 7883 307399
2428870753: 34849 69697
2432761633: 28477 85429
2449191841: 28573 85717
2455764097: 16519 148663
2456536681: 271 1171 7741
2466785393: 31069 79397
2469521377: 37 61 1094161
2473823353: 463 1429 3739
2474967637: 44497 55621
2475988769: 28111 88079
2476956607: 31477 78691
2482684201: 37 61 233 4721
2489319757: 1723 1444759
2494128451: 24971 99881
2494574941: 8971 278071
2505295361: 38053 65837
2507730967: 7 7 7 73 100153
2509825601: 421 5961581
2518448591: 197 1373 9311
2518549801: 131 941 20431
2520648397: 15877 158761
2524066171: 11 11 1021 20431
2525550841: 11 11 41 541 941
2526733441: 37 2269 30097
2528664961: 1741 1452421
2529410281: 223 2221 5107
2530917145: 5 29 61 277 1033
2531030401: 11777 214913
2537726491: 157 2797 5779
2543832731: 11 11 59 349 1021
2544804811: 35671 71341
2545660981: 35677 71353
2550584671: 15971 159701
2551598071: 11 71 1471 2221
2551921807: 11411 223637
2560600351: 239 1667 6427
2561465401: 11 131 1021 1741
2561731861: 13 3637 54181
2571406267: 6547 392761
2572078717: 13 37 457 11701
2579163931: 35911 71821
2581982989: 16069 160681
2583716311: 11 19 41 211 1429
2586961537: 5441 475457
2592364909: 39439 65731
2598636613: 21737 119549
2599018951: 31 241 331 1051
2605192211: 44203 58937
2605776589: 13 61 1033 3181
2616180821: 29531 88591
2619932041: 26731 98011
2620151297: 13217 198241
2624513401: 32401 81001
2626457803: 32413 81031
2630997541: 32441 81101
2631761707: 46831 56197
2637361597: 13 277 709 1033
2643262513: 97 593 45953
2655779263: 33889 78367
2656452023: 14879 178537
2660275171: 32621 81551
2661511051: 19 151 229 4051
2673898151: 42221 63331
2674839511: 36571 73141
2676817973: 17923 149351
2684416813: 13 29 61 113 1033
2690867401: 191 1901 7411
2695564441: 37 61 109 10957
2696638363: 38149 70687
2697507313: 3463 778951
2699029493: 10771 250583
2699471503: 36739 73477
2700894673: 10837 249229
2713906897: 13 61 1033 3313
2716275007: 10639 255313
2719710871: 5813 467867
2720566549: 15727 172987
2721256777: 17389 156493
2728730287: 26119 104473
2742516961: 3019 908419
2753256001: 5501 500501
2753739773: 15149 181777
2757404533: 13 61 277 12553
2761545403: 37159 74317
2775341227: 19237 144271
2777238841: 13 181 277 4261
2784010013: 12437 223849
2790281551: 12451 224101
2798992811: 21599 129589
2800733603: 48311 57973
2801706601: 11551 242551
2806421257: 17659 158923
2811488369: 15809 177841
2813637611: 12503 225037
2825395343: 43891 64373
2826596371: 53 3491 15277
2831158101: 3 751 1256617
2831455481: 3221 879061
2840729321: 41 79 859 1021
2842820737: 28729 98953
2851873051: 35323 80737
2858583961: 23911 119551
2871974561: 30941 92821
2874386737: 23977 119881
2892483521: 28087 102983
2895140767: 43933 65899
2898023521: 31081 93241
2901294991: 7 31 73 183151
2902421341: 229 941 13469
2905218089: 20981 138469
2912712013: 20399 142787
2912876821: 8231 353891
2913321349: 373 1033 7561
2913401611: 38167 76333
2921651461: 37 1033 76441
2932556717: 41947 69911
2935002857: 18059 162523
2937456811: 10243 286777
2943877861: 30097 97813
2948056051: 1051 2805001
2949272551: 10651 276901
2959460297: 709 4174133
2960470801: 23201 127601
2960747711: 21481 137831
2973752101: 12511 237691
2977476989: 22277 133657
2978011651: 22279 133669
2979317653: 13 61 1033 3637
2982807319: 9103 327673
2988133345: 5 277 457 4721
2993635471: 13679 218849
2997745001: 18251 164251
2999451619: 38053 78823
3000849589: 5743 522523
3023888221: 39799 75979
3024099631: 7 7 7 31 284407
3028101301: 101 151 211 941
3031541461: 13 37 61 277 373
3046794019: 1789 1703071
3048075961: 7 31 1423 9871
3049022521: 28837 105733
3054297997: 17477 174761
3058632883: 23371 130873
3058670677: 27653 110609
3063683503: 39139 78277
3070208261: 31991 95971
3073693153: 15377 199889
3074534299: 35069 87671
3084970261: 18181 169681
3088408429: 239 2857 4523
3089280793: 35153 87881
3089626457: 179 17260483
3091354111: 22699 136189
3100388609: 33409 92801
3105241441: 32173 96517
3107044747: 599 829 6257
3109380301: 42589 73009
3110830003: 39439 78877
3112723351: 39451 78901
3114276619: 22783 136693
3114643583: 26309 118387
3117927229: 12071 258299
3121309801: 19753 158017
3121477633: 32257 96769
3126692293: 51769 60397
3135771451: 12601 248851
3147638321: 6353 495457
3149867701: 151 1021 20431
3152169439: 35509 88771
3157467217: 8377 376921
3159282781: 61 181 277 1033
3163106953: 39769 79537
3163829347: 7 283 571 2797
3168005041: 31 9181 11131
3172369693: 42577 74509
3174698143: 47 197 199 1723
3178441297: 18793 169129
3180981781: 32563 97687
3189623737: 36973 86269
3191296499: 23063 138373
3201021497: 37039 86423
3206494657: 27631 116047
3212548951: 7541 426011
3225276937: 11593 278209
3226864033: 32797 98389
3230271451: 11 71 1021 4051
3230287831: 19 23 53 211 661
3231262921: 1741 1855981
3231881921: 53401 60521
3236336191: 11 53 1021 5437
3241152779: 18233 177763
3241962277: 13063 248179
3246238801: 13 29 113 181 421
3249335941: 32911 98731
3253227061: 7 7 7 2797 3391
3253735999: 3943 825193
3258269101: 28541 114161
3273436657: 37 7561 11701
3277104991: 23371 140221
3279685039: 463 1429 4957
3281417119: 10459 313741
3286113841: 4561 720481
3286184287: 28663 114649
3287280907: 349 9419143
3291587041: 593 1217 4561
3292356943: 20287 162289
3295217971: 40591 81181
3295588381: 35911 91771
3298453619: 23447 140677
3300694001: 11 1741 172351
3307433263: 36373 90931
3313438801: 21757 152293
3315207197: 14867 222991
3315696401: 9221 359581
3325807729: 9007 369247
3326118461: 6091 546071
3327813689: 1229 2707741
3331300033: 13999 237967
3331473679: 45631 73009
3335425831: 283 2971 3967
3337201121: 33353 100057
3341543941: 11719 285139
3342005633: 33377 100129
3355382857: 19309 173773
3360282481: 7963 421987
3362071051: 17011 197641
3368713681: 27361 123121
3382983521: 33581 100741
3383477191: 41131 82261
3384130807: 6763 500389
3388069099: 4339 780841
3396062251: 10069 337279
3398036249: 49919 68071
3411250081: 33721 101161
3417002101: 13411 254791
3421453363: 33479 102197
3425761949: 22669 151121
3430790821: 563 6093767
3443489101: 13 37 61 117361
3444396089: 4943 696823
3447533191: 23971 143821
3448141417: 7 7 47 307 4877
3453086513: 15173 227581
3464862571: 9811 353161
3467319967: 10099 343333
3469409143: 37253 93131
3480908203: 41719 83437
3493069141: 34123 102367
3502470913: 22369 156577
3505364101: 34183 102547
3509345701: 13591 258211
3511572481: 10531 333451
3516675761: 44201 79561
3516970297: 967 3636991
3517984513: 11863 296551
3518790637: 12109 290593
3529254061: 8011 440551
3533307991: 14011 252181
3536281831: 17167 205993
3542828801: 19841 178561
3548462401: 11 19 151 229 491
3551925367: 13327 266521
3552229891: 7 31 1783 9181
3563057761: 17 4561 45953
3569151769: 2659 1342291
3571699763: 6053 590071
3573458761: 17257 207073
3574747021: 53 229 313 941
3587553971: 17291 207481
3590627365: 5 13 4721 11701
3597270517: 29989 119953
3598590817: 16033 224449
3600801541: 163 487 45361
3602006101: 34651 103951
3602859481: 13 181 421 3637
3603024721: 6841 526681
3606174553: 12583 286591
3607087681: 8761 411721
3607632601: 8581 420421
3607842617: 51437 70141
3608949761: 3677 981493
3611895841: 18121 199321
3612391451: 52051 69401
3613454167: 1879 1923073
3620475679: 36847 98257
3621992533: 34747 104239
3625062673: 10993 329761
3625328981: 34763 104287
3630235867: 47 77239061
3634084871: 24611 147661
3637831753: 42649 85297
3640255219: 59 229 269429
3640903111: 42667 85333
3649965281: 52321 69761
3663084541: 24709 148249
3664521781: 28537 128413
3670047151: 59 1741 35729
3675470149: 13 61 613 7561
3675858751: 571 6437581
3679159705: 5 13 233 277 877
3679657997: 49529 74293
3682604161: 22937 160553
3685307041: 13 37 1033 7417
3697278427: 30403 121609
3705308951: 24851 149101
3717056377: 20323 182899
3717260801: 35201 105601
3720674039: 2027 1835557
3721067351: 23 101 419 3823
3723104797: 30509 122033
3725696141: 52861 70481
3726810959: 24923 149533
3733646491: 43207 86413
3741308143: 56629 66067
3743072341: 35323 105967
3748507309: 53 239 541 547
3748638379: 15307 244897
3751303153: 13 61 613 7717
3756856753: 13 37 1033 7561
3764070841: 26161 143881
3780837649: 163 487 47629
3794333551: 3371 1125581
3794477431: 54121 70111
3800306971: 43591 87181
3801299251: 50341 75511
3803679181: 23311 163171
3807332813: 53437 71249
3820658089: 20233 188833
3821128081: 97 1217 32369
3821259331: 43711 87421
3830165197: 17623 217339
3833956369: 39733 96493
3834417289: 2767 1385767
3848047141: 4271 900971
3859353683: 56711 68053
3859546687: 31063 124249
3861513793: 13249 291457
3867626753: 11969 323137
3874471147: 31123 124489
3878050177: 2113 1835329
3878066641: 15569 249089
3880566253: 37 3637 28837
3881249857: 14293 271549
3882729131: 25439 152629
3883051573: 17989 215857
3883160611: 11 15661 22541
3884199713: 3299 1177387
3887635753: 44089 88177
3892604101: 6271 620731
3903006493: 61 4721 13553
3903711841: 36073 108217
3905876501: 36083 108247
3908010961: 24841 157321
3920071471: 4831 811441
3925273153: 17377 225889
3925463851: 43 199 283 1621
3929972845: 5 29 4721 5741
3939646189: 48619 81031
3947938345: 5 13 29 277 7561
3954334159: 33613 117643
3958459651: 15797 250583
3959197381: 811 4881871
3965813359: 39829 99571
3971396153: 26699 148747
3977530577: 21023 189199
3977887339: 4933 806383
3978511301: 41 101 941 1021
3978858701: 19751 201451
3981355597: 20707 192271
3984737791: 25771 154621
3986664571: 44647 89293
3993274591: 42391 94201
3993984541: 31 73 631 2797
4001985233: 5849 684217
4002584653: 11287 354619
4007797067: 12923 310129
4008152605: 5 277 613 4721
4010813821: 7 31 241 271 283
4014857323: 967 1289 3221
4020144133: 36607 109819
4028995297: 28387 141931
4030637771: 25919 155509
4030698673: 28393 141961
4033130671: 271 1621 9181
4033450891: 19 41 53 211 463
4034208301: 24007 168043
4034993269: 25933 155593
4035498409: 20089 200881
4038003271: 20431 197641
4041807013: 53731 75223
4043938771: 811 4986361
4046925583: 29989 134947
4054583737: 28477 142381
4054880701: 5651 717551
4057769041: 24077 168533
4066000027: 50411 80657
4071058651: 11 941 393301
4072212919: 173 1291 18233
4079665633: 36877 110629
4081806919: 26083 156493
4085500351: 283 2347 6151
4085511487: 52189 78283
4098254161: 29 2549 55441
4098993391: 14737 278143
4114335131: 10691 384841
4128646381: 181 421 54181
4134180931: 23 67 941 2851
4136165569: 17 1217 199921
4138696129: 16993 243553
4150829593: 28813 144061
4154632201: 15193 273457
4159012439: 23549 176611
4159603729: 47 73 883 1373
4168807777: 14813 281429
4168832893: 4813 866161
4176538241: 15233 274177
4178589781: 18661 223921
4181177881: 10099 414019
4183664101: 32341 129361
4189357987: 32363 129449
4189909351: 41 101 991 1021
4201076249: 48311 86959
4214429231: 28111 149921
4215877513: 19231 219223
4217239549: 613 6879673
4224354619: 4643 909833
4232787521: 26561 159361
4240777201: 32561 130241
4250911061: 37643 112927
4252844977: 18181 233917
4255766969: 26633 159793
4256318783: 8423 505321
4257404989: 43991 96779
4257763999: 41269 103171
4271761519: 26683 160093
4273437001: 39901 107101
4275230917: 32693 130769
4275941587: 41357 103391
4277557489: 6353 673313
4282854643: 60589 70687
4282863751: 17491 244861
4294799081: 8581 500501
