21: 3 7
91: 7 13
93: 3 31
133: 7 19
205: 5 41
217: 7 31
231: 3 7 11
247: 13 19
341: 11 31
403: 13 31
505: 5 101
589: 19 31
651: 3 7 31
781: 11 71
1491: 3 7 71
1681: 41 41
1729: 7 13 19
1891: 31 61
2047: 23 89
2201: 31 71
2651: 11 241
2821: 7 13 31
3277: 29 113
3721: 61 61
4123: 7 19 31
4141: 41 101
4371: 3 31 47
5061: 3 7 241
5551: 7 13 61
6533: 47 139
7161: 3 7 11 31
7471: 31 241
7585: 5 37 41
7657: 13 19 31
8405: 5 41 41
10921: 67 163
12927: 3 31 139
13333: 67 199
14645: 5 29 101
14701: 61 241
16021: 37 433
16051: 7 2293
16401: 3 7 11 71
17111: 71 241
17767: 109 163
18685: 5 37 101
20705: 5 41 101
21931: 7 13 241
22791: 3 71 107
24211: 11 31 71
25327: 19 31 43
29809: 13 2293
40501: 101 401
41311: 109 379
43567: 19 2293
46221: 3 7 31 71
47641: 11 61 71
48749: 29 41 41
53599: 7 13 19 31
55671: 3 7 11 241
57065: 5 101 113
60701: 101 601
61777: 163 379
62197: 37 41 41
70801: 101 701
71071: 7 11 13 71
71083: 31 2293
74023: 79 937
82181: 11 31 241
83333: 167 499
94657: 103 919
94681: 73 1297
103261: 31 3331
109061: 191 571
115351: 31 61 61
125665: 5 41 613
137149: 23 67 89
146611: 271 541
153217: 37 41 101
156891: 3 7 31 241
160759: 19 8461
164737: 257 641
169781: 41 41 101
171601: 157 1093
172081: 7 13 31 61
188221: 11 71 241
189953: 41 41 113
203191: 61 3331
208663: 7 13 2293
218665: 5 101 433
227767: 239 953
228691: 71 3221
241001: 401 601
251251: 7 11 13 251
281101: 401 701
282133: 307 919
303121: 7 13 3331
304969: 7 19 2293
338611: 7 13 61 61
350065: 5 53 1321
355177: 163 2179
359331: 3 7 71 241
363091: 191 1901
398413: 239 1667
399001: 31 61 211
407353: 23 89 199
421301: 601 701
433621: 199 2179
438257: 53 8269
455731: 31 61 241
486737: 233 2089
495283: 223 2221
497581: 7 31 2293
498317: 547 911
508431: 3 7 11 31 71
509545: 5 101 1009
512461: 31 61 271
514837: 29 41 433
521459: 197 2647
530441: 31 71 241
566371: 13 19 2293
597871: 547 1093
605881: 67 9043
607569: 3 31 47 139
653333: 467 1399
678001: 31 21871
679861: 7 13 31 241
707701: 41 41 421
708401: 281 2521
711543: 3 7 31 1093
752965: 5 41 3673
769951: 7 13 8461
780529: 47 16607
787081: 281 2801
802771: 241 3331
838201: 7 13 61 151
841249: 277 3037
848905: 5 41 41 101
862759: 67 79 163
873181: 661 1321
896761: 61 61 241
924079: 13 31 2293
949781: 7 241 563
979111: 7 61 2293
987169: 97 10177
995723: 911 1093
1023031: 31 61 541
1053761: 593 1777
1085471: 571 1901
1145257: 103 11119
1147057: 41 101 277
1193221: 31 61 631
1200967: 347 3461
1211849: 353 3433
1273741: 7 19 61 157
1306199: 467 2797
1314631: 811 1621
1334131: 61 21871
1337791: 7 13 61 241
1344811: 13 31 47 71
1350577: 19 31 2293
1352233: 631 2143
1386967: 67 127 163
1409437: 307 4591
1476871: 11 31 61 71
1490581: 521 2861
1537381: 877 1753
1544451: 3 31 16607
1588651: 953 1667
1654885: 5 29 101 113
1696507: 67 25321
1725801: 3 7 11 31 241
1793053: 41 101 433
1799557: 199 9043
1836037: 7 31 8461
1844267: 1109 1663
1869211: 967 1933
1893943: 487 3889
1958503: 443 4421
1968557: 1087 1811
1976701: 67 163 181
1987021: 997 1993
1990261: 7 13 21871
2057977: 37 55621
2058587: 373 5519
2059831: 163 12637
2084167: 19 43 2551
2181121: 853 2557
2203201: 7 11 13 31 71
2219851: 61 151 241
2251549: 613 3673
2273057: 503 4519
2308373: 139 16607
2322751: 191 12161
2337301: 883 2647
2339377: 1249 1873
2423701: 7 151 2293
2467321: 19 31 59 71
2475313: 1061 2333
2480437: 127 19531
2487941: 911 2731
2491441: 337 7393
2601511: 11 71 3331
2672293: 13 19 31 349
2748023: 479 5737
2780381: 431 6451
2887571: 491 5881
2905897: 43 67579
2906101: 11 61 61 71
2989729: 1153 2593
3058771: 331 9241
3076481: 1013 3037
3101911: 61 211 241
3147661: 11 61 4691
3289301: 1481 2221
3306493: 29 113 1009
3340693: 37 90289
3383353: 823 4111
3426301: 601 5701
3431941: 67 181 283
3463909: 19 31 5881
3539101: 941 3761
3543121: 457 7753
3647621: 1103 3307
3679201: 29 293 433
3691045: 5 101 7309
3768451: 971 3881
3832457: 653 5869
3868291: 7 241 2293
3913003: 1399 2797
3931489: 137 28697
3952641: 3 7 11 71 241
3964597: 7 13 19 2293
4111381: 1171 3511
4127323: 163 25321
4143451: 13 139 2293
4181921: 1181 3541
4219129: 919 4591
4224533: 1187 3559
4335331: 7 11 13 61 71
4543621: 1231 3691
4583101: 181 25321
4588777: 37 124021
4686391: 1531 3061
4931359: 907 5437
4935701: 1283 3847
5102813: 727 7019
5185885: 5 41 41 617
5270911: 241 21871
5283461: 521 10141
5378641: 877 6133
5462563: 997 5479
5481451: 31 151 1171
5508637: 29 41 41 113
5599421: 2087 2683
5603333: 1367 4099
5718721: 41 101 1381
5726081: 461 12421
5834851: 11 31 71 241
5927041: 271 21871
6056161: 683 8867
6278533: 1447 4339
6298921: 31 61 3331
6468553: 7 13 31 2293
6504089: 557 11677
6696967: 1637 4091
6733693: 109 163 379
6760513: 397 17029
6861637: 41 101 1657
6880957: 277 24841
6881557: 223 30859
6943931: 571 12161
6969511: 1867 3733
7028821: 1531 4591
7061321: 2521 2801
7220641: 197 36653
7374781: 1009 7309
7398151: 2221 3331
7917757: 727 10891
7974121: 331 24091
7992913: 1069 7477
8090605: 5 37 101 433
8181223: 43 190261
8295001: 11 13 19 43 71
8353073: 29 113 2549
8378371: 23 89 4093
8582911: 691 12421
8725753: 2089 4177
8864017: 1489 5953
8871281: 661 13421
8948701: 41 101 2161
8998393: 41 41 53 101
9121441: 7 71 18353
9396751: 7 13 31 3331
9454039: 7 19 31 2293
9495337: 1297 7321
9557227: 1213 7879
9611281: 181 53101
9733101: 3 7 31 14951
9835541: 1811 5431
9863461: 2221 4441
9946711: 619 16069
9966341: 7 11 71 1823
10218361: 919 11119
10232977: 67 163 937
10267951: 67 331 463
10403641: 2281 4561
10496941: 7 13 31 61 61
10620331: 1031 10301
10630363: 2939 3617
10698799: 2069 5171
10751149: 1753 6133
10919647: 1993 5479
10924129: 997 10957
11139261: 3 7 31 71 241
11247661: 1061 10601
11268251: 2741 4111
11278513: 31 43 8461
11381371: 31 71 5171
11477971: 67 163 1051
11481481: 11 61 71 241
11530801: 1201 9601
11736211: 1399 8389
11832211: 541 21871
11880961: 281 42281
11935651: 7 13 31 4231
12032021: 2003 6007
12220131: 3 7 11 52901
12286429: 41 41 7309
12328771: 7 13 61 2221
12394651: 61 61 3331
12397153: 977 12689
12535831: 7 11 71 2293
12576217: 41 101 3037
13073941: 2557 5113
13091905: 5 29 90289
13113101: 53 401 617
13390081: 2113 6337
13508531: 71 190261
13678331: 461 29671
14053051: 3061 4591
14324473: 1693 8461
14629069: 7 13 19 8461
14729101: 1451 10151
14731363: 1637 8999
14783203: 2719 5437
14792971: 3331 4441
14872951: 181 82171
14919757: 619 24103
15525241: 1609 9649
15981337: 19 31 43 631
15999751: 31 61 8461
16287701: 41 601 661
16777801: 2029 8269
16988551: 1481 11471
17081251: 11 71 21871
17128111: 7 11 13 71 241
17236801: 151 211 541
17378707: 997 17431
17418001: 31 61 61 151
17502661: 11 211 7541
17557501: 13 19 31 2293
17603617: 1399 12583
17812033: 2437 7309
18054037: 29 617 1009
18158801: 3301 5501
18225703: 3019 6037
18342241: 2473 7417
18443701: 3037 6073
18490381: 7 13 61 3331
18509245: 5 41 90289
18511021: 23 89 9043
18556081: 3361 5521
18733271: 2371 7901
19113277: 277 69001
19328653: 3109 6217
19488913: 1669 11677
19922137: 313 63649
20265937: 149 136013
20290477: 773 26249
20502661: 691 29671
21209137: 2029 10453
21654533: 2687 8059
21837301: 1993 10957
21925063: 1997 10979
22028203: 3319 6637
22034491: 67 173 1901
22754089: 1193 19073
22885129: 37 613 1009
23118061: 1901 12161
23236849: 73 318313
23464033: 2797 8389
23798581: 677 35153
23950561: 97 246913
23951593: 29 113 7309
24083893: 433 55621
24341101: 101 401 601
24353953: 13 19 43 2293
24388621: 1867 13063
24482503: 3499 6997
24550241: 2861 8581
24618245: 5 29 41 41 101
24642239: 2027 12157
24651991: 7 13 61 4441
24711661: 13 829 2293
24885901: 31 241 3331
25014001: 331 75571
25052527: 2503 10009
25477091: 2221 11471
25526729: 1103 23143
25696133: 2927 8779
25909453: 3943 6571
26017291: 3607 7213
26170431: 3 7 241 5171
26189731: 1427 18353
26219801: 1489 17609
26317291: 7 11 13 61 431
26332181: 2963 8887
27039337: 13 19 109471
27115453: 3511 7723
27236311: 2131 12781
27292651: 23 67 89 199
27409541: 3023 9067
27799591: 31 61 61 241
28088605: 5 101 55621
28183591: 3331 8461
28391201: 101 401 701
28406953: 3769 7537
28527049: 2389 11941
28593811: 31 61 15121
28769905: 5 37 41 3793
29013401: 2861 10141
30352441: 7 31 61 2293
30735959: 4049 7591
31201997: 4327 7211
31409485: 5 37 41 41 101
31925857: 37 862861
32099777: 1889 16993
33424711: 331 100981
33503221: 109 379 811
33571477: 1549 21673
33600533: 3347 10039
34084181: 3371 10111
34305421: 1381 24841
34509619: 3511 9829
34548631: 13 19 61 2293
34621381: 37 433 2161
34739983: 1993 17431
34884703: 7 19 31 8461
35194651: 2797 12583
35340769: 2659 13291
35798491: 4231 8461
35810479: 2053 17443
35844733: 397 90289
35855641: 19 823 2293
35942401: 11 71 46021
35976781: 1051 34231
36733901: 971 37831
36814909: 4091 8999
36974341: 3511 10531
37439201: 3533 10597
37577539: 2503 15013
37771231: 2621 14411
37964809: 109 379 919
38248981: 3571 10711
38351347: 3917 9791
38407609: 3313 11593
38418051: 3 7 241 7591
38532073: 2467 15619
39095137: 433 90289
39117439: 1399 27961
39154081: 3613 10837
39520741: 13 19 43 61 61
39659137: 7 19 31 9619
39804031: 19 31 67579
40108051: 4951 8101
40145071: 211 190261
40433551: 1091 37061
40621591: 4507 9013
40629601: 2851 14251
40824193: 257 158849
41069047: 2027 20261
41161537: 1657 24841
41358061: 31 61 21871
41471521: 7 13 31 61 241
41604109: 1613 25793
41859951: 3 7 31 64301
41914291: 1619 25889
42266251: 3251 13001
42312013: 2459 17207
42551401: 101 601 701
42614641: 1811 23531
42702661: 4621 9241
43029043: 1399 30757
43138201: 2801 15401
43941049: 1447 30367
44039119: 2099 20981
44148649: 2713 16273
44318977: 3329 13313
44826541: 89 199 2531
45559729: 3019 15091
45595945: 5 101 90289
45786133: 3907 11719
46438157: 587 79111
46672291: 4831 9661
46705261: 1709 27329
47388889: 3079 15391
48191653: 4909 9817
48253801: 71 211 3221
48316969: 3109 15541
48321001: 37 41 53 601
48481679: 2843 17053
48764179: 3733 13063
48969031: 61 241 3331
49023151: 3301 14851
50558399: 6491 7789
51013285: 5 113 90289
51088133: 4127 12379
52454827: 4219 12433
52818977: 2423 21799
53054041: 37 41 41 853
53377171: 4621 11551
53465881: 7 2293 3331
53701093: 433 124021
53746943: 263 204361
54242761: 3371 16091
54275761: 19 31 43 2143
54360151: 151 157 2293
54546769: 37 41 41 877
54641501: 2267 24103
54910001: 6689 8209
55315021: 877 63073
55945981: 7 13 241 2551
56380561: 2083 27067
56420033: 4337 13009
57466963: 19 31 43 2269
57833861: 4391 13171
58718909: 1979 29671
58724821: 2311 25411
59009521: 2131 27691
59073871: 1741 33931
59318533: 4447 13339
59361751: 71 251 3331
59559571: 127 468973
59725771: 7 61 61 2293
60033403: 5479 10957
60173191: 13 211 21937
60392641: 23 89 163 181
60418941: 3 11 71 107 241
60696661: 3181 19081
61230943: 2767 22129
61698091: 7 13 31 21871
62296669: 29 1009 2129
62522461: 617 101333
62566633: 1087 57559
62630605: 5 101 124021
63001423: 1123 56101
63212131: 31 241 8461
63473151: 3 7 31 97501
64098111: 3 7 11 31 8951
64365301: 7 11 13 64301
65248957: 523 124759
65625323: 2339 28057
65922151: 31 61 71 491
66007061: 4691 14071
66133369: 29 41 55621
66342961: 37 41 101 433
66345221: 4703 14107
66401401: 11 71 85021
66965131: 109 379 1621
68165761: 3121 21841
68314357: 4133 16529
68537839: 2221 30859
68621701: 4783 14347
69306701: 2371 29231
70474841: 3557 19813
71079661: 3187 22303
71139041: 761 93481
71690311: 7 11 61 15263
72175507: 2687 26861
72379831: 5381 13451
72589197: 3 31 47 16607
72611701: 4261 17041
72852301: 3331 21871
73052161: 7 13 241 3331
73527301: 4951 14851
74608507: 5209 14323
75297637: 5233 14389
75442117: 3037 24841
75621281: 5021 15061
75681541: 13 19 61 5023
75909367: 7723 9829
76443929: 7019 10891
76454431: 283 270157
76533901: 3307 23143
76797301: 7 241 45523
77090413: 3319 23227
77146831: 6211 12421
77598805: 5 37 101 4153
77701051: 19 71 239 241
78206917: 2797 27961
78644611: 6271 12541
79914521: 3229 24749
80646841: 11 31 71 3331
80860561: 19 241 17659
80918281: 6361 12721
81381991: 61 61 21871
81431461: 991 82171
81605251: 7 13 61 61 241
81676501: 37 601 3673
81792703: 59 1386317
81816547: 4523 18089
82173701: 101 813601
83204801: 3041 27361
84354821: 5303 15907
85296251: 7541 11311
85503991: 79 89 12161
85708801: 311 275591
86027329: 2797 30757
86077951: 1051 81901
86371651: 2741 31511
86435857: 8269 10453
86456581: 61 241 5881
86651245: 5 41 422689
86910019: 7 31 157 2551
87111469: 1259 69191
87385523: 2699 32377
87670837: 3673 23869
88455901: 41 41 101 521
89646271: 11 13 43 61 239
90089131: 11 31 61 61 71
91104367: 6037 15091
91512209: 6689 13681
93311573: 2789 33457
94347289: 43 967 2269
94536001: 7 19 607 1171
94680337: 1777 53281
94775927: 7949 11923
95290381: 1381 69001
95504449: 5479 17431
95833891: 19 241 20929
95926265: 5 41 41 101 113
96338089: 199 484111
96618397: 6217 15541
96878101: 5683 17047
97020491: 2647 36653
97253539: 3119 31181
97439245: 5 101 192949
97924217: 3299 29683
98444881: 3943 24967
100072171: 991 100981
101822209: 641 158849
101931931: 71 431 3331
102035251: 5051 20201
102378151: 31 151 21871
102690901: 5851 17551
102866581: 41 101 24841
103063471: 7 2293 6421
103141061: 31 71 46861
103253333: 5867 17599
104220703: 7219 14437
104826377: 5953 17609
105558787: 8389 12583
105857537: 2657 39841
106590401: 2521 42281
106742791: 9241 11551
108152441: 881 122761
108493531: 47 139 16607
109031341: 37 41 41 1753
109541461: 6043 18127
109838431: 7411 14821
110148391: 163 379 1783
110426257: 563 196139
110566969: 1753 63073
110590589: 1109 99721
111540001: 5281 21121
112063729: 19 31 190261
112307329: 8209 13681
112702591: 7507 15013
112729571: 3607 31253
112939831: 4339 26029
115618321: 7 13 1270531
115837703: 983 117841
115852843: 2053 56431
117129421: 4091 28631
118429081: 2801 42281
118575091: 181 655111
118635841: 797 148853
119271769: 1321 90289
119504281: 13 19 211 2293
119764321: 41 1021 2861
119917021: 7 31 241 2293
120054691: 631 190261
120183361: 3041 39521
120196981: 2161 55621
120311143: 2339 51437
120570319: 67 199 9043
120704561: 1913 63097
121405921: 7 13 61 21871
121611617: 41 113 26249
122134261: 19 61 105379
122531871: 3 7 11 31 71 241
122902507: 7 13 19 31 2293
124574413: 4219 29527
125646907: 23 89 61381
126428851: 7951 15901
126440731: 4591 27541
127435771: 61 211 9901
127796861: 5431 23531
128027201: 47 139 19597
129007513: 709 181957
129034051: 71 241 7541
129205781: 6563 19687
129541721: 4111 31511
129573373: 10039 12907
129762001: 19 31 151 1459
130027051: 7 11 19 31 47 61
130103551: 2551 51001
130225993: 1987 65539
130227001: 31 241 17431
130279391: 11 31 71 5381
131762413: 4339 30367
131853787: 13 19 533821
132749887: 467 284261
133227451: 7 151 241 523
133807337: 7573 17669
134020381: 11 71 157 1093
134176771: 8191 16381
134395261: 7 11 13 31 61 71
134758801: 1231 109471
134767153: 8209 16417
135008479: 7349 18371
136495411: 13 19 241 2293
137340451: 8287 16573
137813129: 4793 28753
138360223: 19 31 234907
138653101: 4451 31151
139592101: 11 31 151 2711
139810133: 6827 20479
140621353: 4129 34057
141157801: 4201 33601
141476881: 7 13 241 6451
141526501: 31 71 64301
141618181: 6871 20611
141921721: 1861 76261
142774399: 3779 37781
142862087: 6547 21821
144211939: 67 439 4903
144304021: 71 631 3221
145410931: 8527 17053
145603333: 6967 20899
145878749: 3119 46771
145975021: 4567 31963
146053267: 6043 24169
146822111: 3881 37831
147028001: 7001 21001
147405259: 157 859 1093
147663001: 4051 36451
148050181: 1487 99563
148910653: 8629 17257
149532571: 8647 17293
149848201: 6121 24481
150265117: 10009 15013
150331837: 1669 90073
151415041: 431 351311
151644011: 2903 52237
151775809: 41 41 90289
152169893: 11261 13513
153432137: 1847 83071
153890227: 6203 24809
154157599: 6637 23227
154595953: 37 41 101 1009
155276731: 59 349 7541
156001951: 7 19 31 157 241
156191851: 1151 135701
157542533: 7247 21739
158692171: 11 61 71 3331
159037729: 37 41 41 2557
161304001: 7333 21997
161423377: 6353 25409
162905761: 4513 36097
163394857: 2557 63901
163398241: 31 241 21871
164058157: 6571 24967
165836023: 1663 99721
165930623: 3719 44617
167430817: 2969 56393
168086563: 8059 20857
168380251: 13 31 151 2767
168591511: 11 15326501
168941701: 401 601 701
170173741: 4931 34511
170461951: 11 241 64301
170520481: 73 1297 1801
171093913: 8273 20681
171482221: 2731 62791
172116181: 9277 18553
174127741: 1663 104707
174598387: 10789 16183
176886505: 5 41 862861
177197833: 3229 54877
178721791: 12541 14251
178889771: 1931 92641
178896901: 67 163 16381
179003471: 3371 53101
179103937: 19 2293 4111
179575285: 5 41 613 1429
179750561: 821 218941
180104185: 5 41 433 2029
180497633: 7757 23269
181542601: 1801 100801
181552351: 5881 30871
182188117: 8537 21341
182847673: 37 101 113 433
183524111: 5531 33181
184241779: 12391 14869
184242331: 7 13 31 241 271
184746889: 6079 30391
185050531: 8461 21871
185802589: 7 1399 18973
186084445: 5 29 41 113 277
186510781: 67 173 16091
186981131: 3571 52361
187190347: 4327 43261
187637071: 11863 15817
188668297: 787 239731
189658801: 109 379 4591
189686503: 9739 19477
189820369: 919 206551
189836659: 2179 87121
190494961: 11953 15937
190991467: 10957 17431
192941207: 13499 14293
194706823: 1319 147617
195664571: 5711 34261
196287391: 9907 19813
197239591: 9931 19861
197663479: 13 19 349 2293
197794523: 439 450557
199655551: 8521 23431
200100781: 5347 37423
200546611: 67 331 9043
200812771: 109 379 4861
201809071: 5023 40177
202382629: 3557 56897
203361985: 5 101 402697
204849271: 11 31 71 8461
205345963: 8011 25633
205979569: 283 727843
206298289: 3709 55621
206795401: 4241 48761
207324961: 191 571 1901
208037011: 7 13 997 2293
209556037: 3037 69001
209834683: 6829 30727
210527263: 11471 18353
214678689: 3 31 139 16607
215310551: 11981 17971
215424301: 31 151 46021
215456389: 67 127 25321
216472799: 8059 26861
217472501: 12041 18061
218044009: 113 757 2549
218519857: 1297 168481
220481047: 2239 98473
221793391: 10531 21061
222624931: 9241 24091
223502701: 5651 39551
223966081: 3121 71761
224600977: 13681 16417
224690221: 7 47 71 9619
226917773: 4349 52177
229565791: 7 13 71 35531
230326561: 41 101 55621
230793859: 1699 135841
230896201: 101 401 5701
230954131: 7901 29231
231230271: 3 31 47 52901
231664879: 829 279451
232114433: 257 641 1409
232173941: 6221 37321
232759045: 5 37 101 12457
234004771: 7 11 13 31 7541
234564829: 8389 27961
235319699: 6263 37573
235965751: 7 61 241 2293
236343493: 4159 56827
236737501: 7 11 13 71 3331
237163521: 3 7 241 46861
238568749: 9769 24421
238622413: 5839 40867
240010603: 7 19 787 2293
240785047: 7759 31033
242318231: 5171 46861
242424197: 12713 19069
243576341: 9011 27031
244061371: 11047 22093
244687549: 37 41 101 1597
244797457: 10243 23899
245309461: 9043 27127
246312977: 12157 20261
248312371: 10949 22679
249144607: 4219 59053
251232433: 4093 61381
251706157: 7933 31729
251753441: 9161 27481
252213949: 13 2293 8461
253447261: 4111 61651
253686781: 7541 33641
254119321: 2521 100801
254265001: 4423 57487
257044813: 3833 67061
257495641: 13 31 367 1741
258020473: 8389 30757
259108357: 613 422689
259992685: 5 29 41 101 433
260736341: 9323 27967
261856261: 9343 28027
262903051: 4951 53101
264455191: 7 11 13 61 61 71
264705001: 11 31 241 3221
264719041: 4513 58657
267151249: 8737 30577
267512059: 2053 130303
267731961: 3 7 241 52901
268009381: 2161 124021
268846801: 1571 171131
269691301: 11 19 59 21871
271584041: 41 41 161561
271794601: 13 19 743 1481
271804499: 83 3274753
272313091: 8821 30871
275240461: 6271 43891
275350021: 2531 108791
276530641: 67 163 25321
277241401: 31 61 271 541
277477903: 11779 23557
277787141: 9623 28867
278138041: 1709 162749
278943061: 9643 28927
281501641: 61 211 21871
282050539: 9199 30661
282589651: 11887 23773
284166877: 8429 33713
284803213: 6379 44647
285733141: 41 101 69001
289125373: 4909 58897
289234873: 13567 21319
290149207: 5387 53861
290197211: 15551 18661
290333161: 2341 124021
291088513: 6449 45137
291985921: 8209 35569
293617061: 5821 50441
294807661: 4957 59473
295419097: 7687 38431
296212033: 13 19 523 2293
300014551: 2971 100981
301969933: 15241 19813
303737347: 2179 139393
305581561: 9697 31513
306605923: 13 349 67579
309022661: 1031 299731
309444241: 19 241 67579
310693633: 10177 30529
310995751: 11 31 61 14951
311609059: 7207 43237
313158913: 6689 46817
313346221: 6691 46831
314278273: 3697 85009
314283601: 6701 46901
315313729: 97 3250657
315689977: 5923 53299
316032721: 4931 64091
316336351: 3631 87121
316496611: 163 439 4423
316972181: 10781 29401
316975751: 3251 97501
318465703: 12619 25237
320454751: 8951 35801
320890169: 823 389903
321525571: 61 241 21871
321781633: 10357 31069
321856521: 3 7 15326501
322181149: 8623 37363
323122801: 3229 100069
324171541: 29 37 397 761
324171751: 61 241 22051
324347269: 41 41 192949
325625241: 3 71 431 3547
325662161: 11 31 71 13451
325787017: 2579 126323
326254001: 401 813601
326725813: 5113 63901
328962377: 11087 29671
331116337: 10039 32983
332683351: 7 11 13 31 71 151
333698821: 211 491 3221
334419821: 41 41 198941
334963333: 10567 31699
335385409: 4729 70921
336186723: 3 31 47 76913
338168851: 6247 54133
338454889: 2713 124753
338455153: 13009 26017
339084341: 2579 131479
339195097: 9209 36833
341564269: 11689 29221
343477681: 8737 39313
343595617: 4253 80789
344164087: 5867 58661
348477751: 1831 190321
348794189: 11437 30497
349496767: 2293 152419
350050453: 3877 90289
350132953: 12377 28289
350996119: 1607 218417
351051421: 7 2293 21871
351833263: 12583 27961
352332601: 59 71 241 349
353848661: 1439 245899
353918671: 12781 27691
355925911: 11 31 61 71 241
357273001: 6301 56701
357277921: 7 11 13 241 1481
357380101: 13 19 631 2293
357525673: 3109 114997
358922497: 9473 37889
359696431: 13411 26821
359783551: 31 61 190261
362443777: 3049 118873
364754413: 7219 50527
365059111: 1511 241601
366652201: 461 691 1151
366911101: 601 610501
367804801: 7 13 31 241 541
368009401: 31 61 71 2741
368113411: 43 631 13567
368476501: 11083 33247
368543491: 12421 29671
368848481: 7841 47041
369585211: 17659 20929
369806743: 14537 25439
370106509: 2837 130457
370852777: 14653 25309
371383261: 1291 287671
371675221: 11131 33391
372298721: 4211 88411
373806929: 14411 25939
373836751: 67 163 34231
373886749: 41 101 90289
375135361: 7321 51241
375935131: 11 13 61 71 607
376096033: 11197 33589
376169431: 11 71 481651
376312651: 11 13 19 43 3221
376352521: 5381 69941
378010513: 7349 51437
378661603: 2699 140297
379145801: 6491 58411
379687589: 239 953 1667
380137633: 11257 33769
381454201: 37 41 41 6133
383793541: 11311 33931
384234181: 31 61 61 3331
384522685: 5 37 53 39217
385725565: 5 101 757 1009
386678767: 12437 31091
386826709: 6133 63073
386932303: 67 457 12637
387015331: 12583 30757
387311107: 16069 24103
388610761: 7 11 31 71 2293
389014921: 8821 44101
389731609: 29 41 433 757
390189931: 1867 208993
390208651: 7 1093 51001
390345223: 733 532531
391589969: 1667 234907
391794283: 7591 51613
393092737: 4549 86413
393611653: 14029 28057
397608751: 23 3301 5237
397681139: 1399 284261
397983301: 31 151 85021
402358321: 8971 44851
402367651: 7 61 942313
402684373: 7 13 523 8461
403636501: 101 701 5701
404057461: 3691 109471
404840833: 11617 34849
406321273: 1009 402697
406469281: 13441 30241
407729323: 2143 190261
410746051: 5851 70201
412851961: 1297 318313
412862059: 6373 64783
413138881: 617 661 1013
413286023: 15269 27067
413399701: 11 13 19 71 2143
413483941: 13 241 271 487
413670661: 11743 35227
415865359: 7 13 1993 2293
419798879: 857 489847
420512905: 5 29 269 10781
420766933: 3877 108529
422707889: 5309 79621
423040861: 2749 153889
425711581: 12907 32983
426061201: 10321 41281
427659383: 9749 43867
427871641: 31 241 57271
427896871: 2671 160201
429359113: 6553 65521
429718411: 199 991 2179
430171201: 8101 53101
430250311: 211 241 8461
431148901: 37 101 113 1021
432454681: 31 61 71 3221
432967621: 479 903899
434343601: 14737 29473
435523481: 8293 52517
435744805: 5 101 862861
438111463: 18127 24169
438821251: 11 61 61 71 151
440625571: 3499 125929
441139051: 4951 89101
442335751: 11 13 19 71 2293
443384023: 6079 72937
444402223: 67 199 33331
444580739: 14057 31627
445806271: 5279 84449
447571043: 3863 115861
449242411: 3271 137341
451118981: 12263 36787
453195577: 1549 292573
453834571: 61 241 30871
459359011: 191 2405021
461567545: 5 41 613 3673
462139021: 4483 103087
463421999: 13183 35153
463803721: 3541 130981
465335459: 8807 52837
466679431: 4831 96601
466704857: 14143 32999
468376489: 7 31 223 9679
469328203: 15319 30637
471535373: 6269 75217
472611637: 29 293 55621
472674445: 5 37 41 101 617
475121531: 31 15326501
475176091: 13 31 71 16607
477086741: 12611 37831
478746269: 8933 53593
479648537: 659 727843
479652901: 7 13 241 21871
479754001: 991 484111
480737671: 2221 216451
481135021: 8291 58031
482155957: 5869 82153
482746171: 6781 71191
483317017: 53 101 90289
485743441: 41 41 101 2861
486619489: 13681 35569
488974201: 601 813601
490703617: 9907 49531
493335361: 19 631 41149
495573121: 12853 38557
496328689: 11789 42101
497308627: 4987 99721
499411981: 8447 59123
502092109: 29 37 41 101 113
503255297: 17377 28961
504870241: 12973 38917
507683611: 229 241 9199
510949363: 3389 150767
511203551: 18461 27691
511611673: 3719 137567
513570961: 41 101 124021
514258753: 769 668737
514286491: 6547 78553
516876361: 19 31 211 4159
518504533: 13147 39439
519470533: 29 41 433 1009
519809701: 5231 99371
519920311: 7211 72101
522047107: 109 379 12637
522173809: 4987 104707
527954017: 11489 45953
528043753: 16249 32497
528504901: 71 2311 3221
529518781: 11 31 71 21871
530228821: 23 67 181 1901
530894359: 3259 162901
530971441: 7 11 13 31 71 241
532094413: 8719 61027
532758241: 97 673 8161
533104321: 1373 388277
535517581: 8747 61223
537145331: 479 1121389
538412033: 13397 40189
539921701: 11 71 271 2551
540654409: 10399 51991
542318401: 2341 231661
542761301: 13451 40351
544007773: 67 109 163 457
544101481: 7 11 59 229 523
544660481: 547 911 1093
545670533: 13487 40459
549724033: 13537 40609
550254991: 11 13 19 31 47 139
550437031: 12541 43891
553093399: 3719 148721
554334965: 5 41 41 101 653
555161501: 5801 95701
556012531: 18397 30223
557058133: 13627 40879
558024193: 2399 232607
558408709: 347 1609247
560484307: 7487 74861
564424849: 19 3511 8461
565566001: 7 11 13 251 2251
565753151: 19421 29131
568267207: 15077 37691
568898551: 13 19 563 4091
569327351: 4871 116881
569507579: 9743 58453
570132481: 4289 132929
570334301: 701 813601
571460977: 11953 47809
573181381: 7219 79399
573201811: 7 13 31 61 3331
575631151: 71 241 33641
577350419: 9949 58031
578191849: 9817 58897
578299091: 4391 131701
578783083: 4547 127289
578821853: 23609 24517
579916021: 67 163 53101
580786331: 9839 59029
581575849: 1429 406981
582354571: 3347 173993
582799951: 12071 48281
583936273: 16417 35569
586574657: 14783 39679
587220607: 883 665029
589308301: 17929 32869
591294001: 1871 316031
591717787: 12163 48649
592336291: 61 211 46021
593044129: 97 6113857
593573605: 5 41 277 10453
593651129: 1049 565921
594022309: 37 41 101 3877
597067471: 7 11 13 31 71 271
600428071: 67 991 9043
601433263: 31 2293 8461
603147931: 61 211 46861
603255001: 12281 49121
604022581: 1429 422689
604636033: 14197 42589
605221501: 12301 49201
608560661: 14243 42727
610414807: 20173 30259
612830681: 3221 190261
615440641: 9377 65633
615895897: 12409 49633
620928533: 14387 43159
622137601: 14401 43201
622157779: 67 199 46663
622334057: 20369 30553
623332529: 10193 61153
626964151: 11 71 241 3331
627007259: 10223 61333
629492491: 22441 28051
630657889: 3517 179317
631881337: 12569 50273
632293873: 29 113 192949
632797111: 67 373 25321
636936697: 11287 56431
638959321: 7 11 13 31 59 349
638959543: 15073 42391
644453633: 14657 43969
645771127: 20749 31123
647190253: 17989 35977
647265907: 20773 31159
648056449: 4993 129793
648178339: 1109 584471
651292621: 7 19 947 5171
651477751: 3191 204161
651895009: 2677 243517
654288031: 67 163 181 331
655452241: 9677 67733
656723161: 18121 36241
657133651: 1231 533821
660212239: 31 43 223 2221
661956517: 5903 112139
662611951: 61 211 51481
664272577: 4357 152461
664364737: 97 673 10177
668304001: 4801 139201
668733001: 41 2861 5701
670909727: 21149 31723
676243261: 67 331 30493
679018463: 22567 30089
679173751: 4001 169751
679396303: 8243 82421
680404363: 67 1123 9043
682276993: 20233 33721
682528687: 13063 52249
684842065: 5 37 41 90289
687740149: 23053 29833
688230401: 2081 330721
689107157: 17659 39023
689537441: 15161 45481
691300051: 13 827 64301
692701831: 59 349 33641
692955001: 6481 106921
694017181: 11 13 31 47 3331
694383089: 6257 110977
696257927: 3407 204361
697005577: 4903 142159
698170011: 3 7 11 241 12541
698351611: 9241 75571
700370341: 11 61 61 71 241
700627591: 16741 41851
701665897: 8377 83761
702683101: 421 701 2381
707265451: 9403 75217
710617861: 15391 46171
711424297: 7129 99793
712766503: 8443 84421
714936349: 6217 114997
716095801: 1151 622151
717377833: 163 919 4789
718949281: 7681 93601
720452701: 13421 53681
720998281: 3331 216451
721997911: 12541 57571
722134117: 3499 206383
724635073: 8513 85121
729458299: 14437 50527
733488209: 11057 66337
735064619: 16603 44273
738272333: 12809 57637
741343783: 1087 682009
743404663: 103 1123 6427
744552649: 757 983557
746331041: 15773 47317
747823513: 14831 50423
747870779: 16747 44657
747912961: 10337 72353
750683473: 29 41 631357
752929273: 5233 143881
753435703: 67 379 29671
753594001: 9151 82351
754771543: 47 967 16607
756729097: 877 862861
757628353: 2753 275201
757792933: 563 587 2293
760200937: 4729 160753
760391227: 3637 209071
760901527: 4159 182953
761932033: 15937 47809
764685691: 7 11 61 71 2293
769006153: 19609 39217
771171077: 5669 136033
773146243: 199 1783 2179
774109627: 17597 43991
774771601: 37 3673 5701
775417823: 8039 96457
775988033: 7193 107881
776044105: 5 37 41 101 1013
776081503: 19699 39397
780170869: 3733 208993
780384013: 10559 73907
780457399: 17669 44171
784966297: 137 409 14009
789375511: 19867 39733
790049911: 7 31 1093 3331
790220201: 1151 686551
790422643: 26029 30367
791063341: 10631 74411
793813333: 16267 48799
795078017: 2797 284261
795861193: 15649 50857
801803839: 17909 44771
803014241: 16361 49081
803744371: 20047 40093
808405183: 67 79 163 937
808983319: 17989 44971
809506133: 16427 49279
811478533: 16447 49339
812949551: 1051 773501
813654217: 12757 63781
816628051: 1051 777001
817076611: 13 139 211 2143
818457913: 7 13 1063 8461
818765357: 20897 39181
820444321: 14251 57571
821376533: 16547 49639
822531841: 257 641 4993
823951171: 11719 70309
826945621: 16603 49807
830567347: 4943 168029
831821327: 23549 35323
834022597: 1321 631357
839853109: 18329 45821
840264979: 173 4857023
846963053: 22543 37571
850028939: 11903 71413
851703865: 5 41 41 101333
853799059: 239 1667 2143
854448191: 16091 53101
859050721: 97 1153 7681
859481921: 11969 71809
859996477: 27961 30757
861286081: 9281 92801
863169913: 1783 484111
863946931: 4243 203617
867022747: 14723 58889
868576463: 6947 125029
871824829: 101 1181 7309
874420229: 919 951491
878258863: 12637 69499
881062501: 11 31 71 151 241
881125213: 6997 125929
882550501: 7 31 61 61 1093
888345181: 1319 673499
891104041: 37 433 55621
891771271: 20749 42979
896269951: 1031 869321
896791921: 3967 226063
897676501: 71 211 59921
903136901: 17351 52051
904257553: 23293 38821
904698931: 1831 494101
909116641: 8363 108707
909505543: 16729 54367
909651767: 5507 165181
912635011: 1291 706921
913896721: 4153 220057
914634883: 6763 135241
919773583: 1723 533821
919916479: 7583 121313
920834197: 15173 60689
923992807: 15199 60793
925112777: 10139 91243
927628417: 25741 36037
927860545: 5 41 433 10453
928247743: 5563 166861
933165421: 9241 100981
933262261: 9661 96601
937887539: 12503 75013
938030101: 17683 53047
940085623: 127 379 19531
940776391: 13451 69941
942382561: 3931 239731
944949127: 18371 51437
946963333: 109 163 53299
947914207: 2213 428339
948275641: 4591 206551
949696039: 8011 118549
950371003: 21799 43597
950857741: 29401 32341
950875381: 61 71 241 911
953514907: 1619 588953
954439999: 10597 90067
961258891: 4441 216451
962076529: 17 577 98081
966910051: 8311 116341
967423153: 8627 112139
967714021: 29 37 41 21997
969021761: 2381 406981
970355431: 22027 44053
971975273: 1663 584471
972471151: 22051 44101
975064261: 1831 532531
977389981: 23633 41357
977408147: 163 1223 4903
978254369: 8513 114913
980380909: 53 2237 8269
980880317: 8087 121291
981357703: 19813 49531
984325933: 17443 56431
985052881: 83 2953 4019
985075681: 18121 54361
986051911: 13 19 1741 2293
987250289: 6857 143977
991609921: 18181 54541
993321187: 9967 99661
994791721: 7 11 19 61 71 157
998290801: 17431 57271
1001338771: 12919 77509
1002071071: 20021 50051
1004209411: 5011 200401
1011284819: 12983 77893
1012846537: 15913 63649
1013147983: 31 43 229 3319
1016250247: 26029 39043
1021017791: 4931 207061
1021064045: 5 29 101 113 617
1023210817: 10663 95959
1025941729: 29 41 862861
1025956037: 26153 39229
1032101461: 22717 45433
1032374939: 17599 58661
1033629379: 15241 67819
1035159049: 14389 71941
1039278385: 5 37 101 55621
1039379041: 9721 106921
1039761913: 11261 92333
1040295691: 22807 45613
1041956311: 11 61 71 21871
1043221141: 4153 251197
1043913871: 7 11 13 31 33641
1044043801: 10771 96931
1044130519: 1423 733753
1044814771: 7 11 13 61 71 241
1045618687: 2287 457201
1047350305: 5 37 101 56053
1048306861: 7 241 271 2293
1049531419: 17317 60607
1050029641: 2333 450077
1050535501: 12251 85751
1051782421: 11677 90073
1052491183: 103 919 11119
1054600701: 3 7 11 71 64301
1054877869: 2179 484111
1056092137: 4643 227459
1062752851: 31321 33931
1063513361: 25261 42101
1064519011: 23071 46141
1064774101: 19501 54601
1064959261: 9421 113041
1067437801: 10891 98011
1069100101: 9859 108439
1070063191: 23131 46261
1071007561: 13 19 31 61 2293
1075161661: 7 59 61 42677
1076666713: 6563 164051
1080285823: 67 1783 9043
1081334081: 27361 39521
1082541223: 883 1225981
1084444481: 19013 57037
1086366529: 21713 50033
1086592027: 12037 90271
1088181571: 71 15326501
1091401261: 12487 87403
1091925361: 6481 168481
1092471073: 10781 101333
1095810409: 43 25483963
1096651921: 12517 87613
1096735081: 13 19 31 43 3331
1097037001: 6151 178351
1098000091: 23431 46861
1102153249: 15233 72353
1102930741: 11 31 971 3331
1104194521: 23497 46993
1106925397: 2137 517981
1107379681: 19213 57637
1108706857: 16649 66593
1117117093: 53 2549 8269
1119863053: 37 41 101 7309
1124771231: 23 89 163 3371
1126414073: 9689 116257
1127300261: 19813 56897
1127419361: 971 1161091
1127913241: 7 13 61 61 3331
1129235647: 10627 106261
1129716811: 23767 47533
1130018401: 101 401 27901
1132897351: 6871 164881
1135425547: 103 2953 3733
1136613677: 5399 210523
1137320581: 19471 58411
1137746251: 109 379 27541
1139434453: 23869 47737
1143264577: 7 13 2293 5479
1146283363: 14437 79399
1146408397: 26227 43711
1147129733: 4373 262321
1152793621: 7 31 271 19603
1155069661: 15733 73417
1155348541: 18169 63589
1155690451: 13879 83269
1156285873: 29989 38557
1158020551: 20521 56431
1159804531: 2213 524087
1161901183: 16069 72307
1163298571: 3767 308813
1166453401: 1051 1109851
1167823621: 4933 236737
1168706449: 15289 76441
1172395153: 9497 123449
1172435521: 7681 152641
1174300093: 4999 234907
1180635553: 37 433 73693
1181194261: 13 19 241 19843
1183115031: 3 7 31 241 7541
1184162801: 11471 103231
1188646903: 24379 48757
1189168129: 18433 64513
1189576961: 14081 84481
1190753407: 20809 57223
1191931741: 7 11 13 31 71 541
1196200039: 8647 138337
1196969707: 17299 69193
1201519501: 7 13 61 216451
1202073601: 30577 39313
1202142061: 24517 49033
1205606533: 20047 60139
1213347691: 24631 49261
1213733053: 13 19 2143 2293
1214513621: 30181 40241
1218302905: 5 29 41 101 2029
1221127013: 8237 148249
1222946671: 71 3331 5171
1223648441: 9521 128521
1225278401: 6737 181873
1226610541: 13 2293 41149
1229762561: 3329 369409
1229956003: 24799 49597
1231153561: 11 31 71 211 241
1231428451: 11 1741 64301
1232097751: 17551 70201
1237524293: 32569 37997
1240238407: 23 67 89 9043
1240743661: 587 2113703
1241541757: 19 7723 8461
1245431881: 4519 275599
1247404163: 12553 99371
1247695829: 13513 92333
1249047089: 26993 46273
1252747945: 5 29 101 113 757
1256652013: 13399 93787
1258221763: 2269 554527
1258479211: 11 5231 21871
1258970021: 23 2927 18701
1266989701: 20551 61651
1267610501: 13001 97501
1270193401: 12601 100801
1271364709: 14557 87337
1273407031: 13 43 1063 2143
1277294191: 16607 76913
1282467397: 37 101 113 3037
1288287991: 199 2179 2971
1290090463: 3307 390109
1292786521: 13 31 1399 2293
1295272603: 307 919 4591
1299034771: 9011 144161
1304696881: 8761 148921
1305711443: 4259 306577
1306434421: 3371 387551
1306536631: 19051 68581
1307520469: 10903 119923
1308544903: 25579 51157
1308630163: 8527 153469
1309517353: 10037 130469
1311105151: 22901 57251
1311616153: 25609 51217
1313428201: 18121 72481
1316624671: 61 2551 8461
1318026961: 2699 488339
1319273077: 23 89 644491
1319638069: 29 113 402697
1320214699: 67 2179 9043
1321734497: 12119 109063
1323238951: 14851 89101
1326290821: 191 571 12161
1331061887: 29789 44683
1334609173: 79 2179 7753
1337525101: 11 31 61 64301
1339470133: 6917 193649
1342481407: 11587 115861
1343575381: 21163 63487
1343697847: 19813 67819
1344570421: 25321 53101
1346316973: 79 89 419 457
1346525269: 19 31 997 2293
1346624533: 21187 63559
1351066021: 22189 60889
1353332417: 12263 110359
1354991653: 26029 52057
1358150873: 24749 54877
1358425741: 13931 97511
1361441971: 30871 44101
1370183831: 8419 162749
1371589873: 6089 225257
1373266991: 571 2405021
1376483627: 30293 45439
1378086121: 31 2293 19387
1381488067: 5881 234907
1382117881: 5737 240913
1383527251: 2671 517981
1384215721: 7 19 61 61 2797
1387962061: 2371 585391
1389353941: 11239 123619
1393949593: 277 1657 3037
1394244433: 7057 197569
1394632891: 26407 52813
1397169091: 26431 52861
1400801189: 1109 1263121
1402248403: 26479 52957
1403919089: 41 41 101 8269
1404012871: 20029 70099
1406851249: 15313 91873
1408716541: 3331 422911
1410264241: 7309 192949
1411706431: 8011 176221
1412168941: 53 2549 10453
1412756801: 21701 65101
1418909401: 7 13 31 151 3331
1419459121: 26641 53281
1420661761: 641 2216321
1432354901: 21851 65551
1435489793: 2113 679361
1436168189: 29 53 113 8269
1438293781: 2971 484111
1438648993: 16963 84811
1440231941: 21911 65731
1443069629: 8009 180181
1443167909: 28057 51437
1444061851: 6997 206383
1446520069: 37 433 90289
1448921633: 21977 65929
1450469341: 41 41 862861
1454860691: 17981 80911
1455968023: 24133 60331
1455977341: 7 13 31 61 8461
1456527461: 15581 93481
1457687089: 25741 56629
1457737451: 14951 97501
1458051337: 17077 85381
1458366551: 31181 46771
1463124463: 19753 74071
1464568381: 27061 54121
1465908193: 13537 108289
1469960377: 4793 306689
1475522413: 14519 101627
1479354761: 5821 254141
1479647233: 17203 86011
1480849831: 27211 54421
1484454961: 11 2551 52901
1490351521: 13441 110881
1492762133: 22307 66919
1494595801: 27337 54673
1497221281: 27361 54721
1499105119: 4999 299881
1502124427: 19379 77513
1505130433: 3547 424339
1507121801: 12941 116461
1508731711: 6247 241513
1508762557: 47 1933 16607
1509316901: 31721 47581
1510850827: 4519 334333
1512595333: 1753 862861
1515785041: 331 991 4621
1516410901: 22483 67447
1518039961: 31 61 241 3331
1519125529: 29671 51199
1520190341: 22511 67531
1525781251: 19531 78121
1526180251: 31 2251 21871
1527888433: 10093 151381
1528441681: 13 19 61 61 1663
1529107651: 1103 1386317
1530655057: 17497 87481
1537531381: 17029 90289
1541935319: 31 5171 9619
1543348351: 4423 348937
1545824851: 61 71 241 1481
1549308001: 19681 78721
1552536697: 3673 422689
1554393841: 7 11 13 71 21871
1555324453: 33331 46663
1558693471: 8941 174331
1558913203: 27919 55837
1564579061: 3917 399433
1567332001: 21841 71761
1567830241: 22861 68581
1570964851: 16901 92951
1571111587: 19819 79273
1571352661: 3793 414277
1574913551: 71 241 92041
1575064009: 17749 88741
1579812205: 5 41 41 101 1861
1580100211: 19 8461 9829
1591392349: 157 2887 3511
1592989201: 4951 321751
1595622997: 19973 79889
1598982533: 23087 69259
1602556801: 401 701 5701
1602891233: 4111 389903
1603810561: 15137 105953
1607530051: 28351 56701
1607644837: 9199 174763
1607979001: 137 409 28697
1611420697: 10729 150193
1611615151: 28387 56773
1616140501: 37 41 53 20101
1617921667: 35977 44971
1618070737: 20113 80449
1621636699: 25469 63671
1625261257: 2477 656141
1627106821: 2221 732601
1630161541: 23311 69931
1632785701: 547 1093 2731
1633240001: 23333 69997
1638956401: 5101 321301
1643302417: 13513 121609
1644227341: 827 1988183
1657442311: 7 31 2293 3331
1658046781: 35911 46171
1658247053: 31543 52571
1660521721: 191 419 20749
1662221273: 1049 1584577
1669084297: 1019 1637963
1669778965: 5 29 101 113 1009
1670522941: 163 811 12637
1674248801: 10177 164513
1678717561: 1831 916831
1679596397: 6563 255919
1680901381: 23671 71011
1683174533: 23687 71059
1687049965: 5 37 101 90289
1688983957: 20549 82193
1691745821: 19759 85619
1693341551: 11 31 71 69941
1699611211: 16831 100981
1707520277: 11317 150881
1707704461: 29221 58441
1711573333: 19 31 43 67579
1714053841: 24841 69001
1714727197: 101 433 39209
1715427451: 29287 58573
1718253421: 38377 44773
1721749121: 41 41 101 10141
1732436551: 2543 681257
1734633871: 13171 131701
1735915771: 14731 117841
1742815621: 24103 72307
1743657931: 29527 59053
1744266151: 2791 624961
1746543401: 13931 125371
1746715727: 10039 173993
1747024399: 907 1926157
1750245211: 11 13 19 43 71 211
1760331763: 2647 665029
1760464031: 15107 116533
1764496091: 3557 496063
1767109567: 8647 204361
1773001501: 251 7063751
1776820033: 24337 73009
1778559137: 8609 206593
1785274163: 23143 77141
1787168377: 15541 114997
1795682971: 8311 216061
1796654593: 32833 54721
1799250571: 31 61 271 3511
1800072451: 67 2971 9043
1804906517: 7757 232681
1807922491: 17359 104149
1815781969: 4159 436591
1819050257: 33037 55061
1820580961: 24091 75571
1827372401: 467 1399 2797
1828887061: 24691 74071
1831947001: 21401 85601
1835408401: 14281 128521
1839860713: 19183 95911
1846903033: 29017 63649
1851498901: 7 31 61 61 2293
1852317251: 35141 52711
1855782821: 8291 223831
1863332659: 17623 105733
1864092761: 3491 533971
1864274917: 21589 86353
1866765421: 10141 184081
1871592301: 61 61 151 3331
1876900481: 25013 75037
1878092089: 27409 68521
1879828501: 35401 53101
1883338663: 13879 135697
1885562209: 13093 144013
1886336311: 2137 882703
1886581801: 13 19 2293 3331
1887745841: 17 5521 20113
1892689561: 7 14251 18973
1893427981: 16447 115123
1893863249: 9497 199417
1894598543: 18353 103231
1895045901: 3 7 241 374441
1900664461: 9091 209071
1900687381: 25171 75511
1900823653: 30829 61657
1901367001: 19501 97501
1906722439: 17827 106957
1911197947: 21859 87433
1914423451: 19 61 151 10939
1916523181: 16547 115823
1918782757: 2749 697993
1922092567: 12007 160081
1923320851: 1831 1050421
1924320133: 19 31 43 75979
1924852577: 97 19843841
1926797401: 89 199 108791
1927400201: 41 701 67061
1931932801: 97 2593 7681
1937105941: 25411 76231
1940174209: 19699 98491
1942089601: 16657 116593
1942492861: 16369 118669
1945042181: 25463 76387
1945452601: 109 2179 8191
1948516021: 41 41 433 2677
1948898429: 11399 170971
1949998777: 28909 67453
1951469101: 31237 62473
1951517551: 61 2551 12541
1955219311: 31267 62533
1958224357: 4127 474491
1961707721: 5867 334363
1962730531: 31327 62653
1963529443: 15667 125329
1964891113: 4597 427429
1970097001: 36241 54361
1970256151: 31387 62773
1970333311: 3691 533821
1974654241: 7 61 1093 4231
1977932797: 36313 54469
1984231201: 281 2521 2801
1985749301: 27691 71711
1986940441: 37 433 124021
1987204801: 3137 633473
1988228201: 29191 68111
1992264331: 61 61 71 7541
1993206601: 6133 324997
1998325957: 32803 60919
2001670477: 9133 219169
2003557681: 6991 286591
2006394779: 18287 109717
2006674651: 9551 210101
2018129521: 8069 250109
2018761111: 31771 63541
2023122091: 457 571 7753
2025191251: 11251 180001
2028107341: 13 43 1693 2143
2029328941: 17027 119183
2030105569: 16273 124753
2031287171: 15551 130621
2031980311: 71 541 52901
2032461451: 39043 52057
2038093597: 22573 90289
2040739273: 36037 56629
2041538863: 7 13 727 30859
2046528013: 17099 119687
2048366347: 19753 103699
2049842203: 29947 68449
2050183081: 2467 831043
2052510241: 5303 387047
2054711381: 26171 78511
2060177659: 33083 62273
2061929893: 41 557 90289
2063228203: 32119 64237
2066273173: 47 43963259
2066334463: 39367 52489
2070303709: 14389 143881
2076804793: 7 31 1693 5653
2080459151: 9311 223441
2085073033: 9133 228301
2087237821: 37 101 558533
2087605969: 14449 144481
2092745431: 7 241 541 2293
2096692033: 26437 79309
2100570223: 1663 1263121
2105262433: 113 2549 7309
2106618803: 21247 99149
2107466491: 13 19 61 61 2293
2108568827: 37493 56239
2109576379: 11483 183713
2114432167: 8933 236699
2114643217: 22993 91969
2115371473: 43633 48481
2117341729: 36097 58657
2119380587: 37589 56383
2136400813: 35803 59671
2141087051: 37781 56671
2141340833: 26717 80149
2144782921: 10781 198941
2151613441: 37003 58147
2156767003: 32839 65677
2170186021: 32941 65881
2186353333: 8837 247409
2187094501: 101 401 54001
2192237461: 19 211 241 2269
2195607943: 16567 132529
2205105311: 44273 49807
2208676471: 61 157 211 1093
2209827349: 163 2953 4591
2211844501: 34511 64091
2212811497: 13 19 2293 3907
2216093707: 14887 148861
2216628367: 30391 72937
2218421521: 17011 130411
2219008177: 21067 105331
2221503799: 5407 410857
2224506541: 17827 124783
2226894619: 9949 223831
2234695231: 33427 66853
2244484331: 14621 153511
2245238179: 16253 138143
2249290597: 1447 1554451
2253316213: 33083 68111
2256153001: 5449 414049
2256666133: 27427 82279
2258421331: 31 3331 21871
2258956841: 41161 54881
2263420459: 19423 116533
2264616991: 7 13 31 241 3331
2266096951: 1171 1935181
2266307261: 6451 351311
2271773183: 22469 101107
2272875229: 17443 130303
2272901633: 26113 87041
2278091971: 23 89 991 1123
2283040759: 19507 117037
2283430117: 23893 95569
2283900737: 2393 954409
2286320491: 7 13 2293 10957
2292813217: 19441 117937
2293014533: 27647 82939
2296894753: 33889 67777
2299101391: 31 3391 21871
2299846201: 13633 168697
2301828211: 16963 135697
2304922231: 379 2179 2791
2305395631: 7 11 31 61 71 223
2306716021: 16981 135841
2311662167: 2267 1019701
2314820377: 21517 107581
2317332385: 5 37 101 124021
2321473001: 16061 144541
2323147201: 277 1381 6073
2324067377: 7187 323371
2324075941: 11 8461 24971
2328205111: 19699 118189
2336566591: 19 3331 36919
2338533181: 25849 90469
2339347063: 41887 55849
2339962003: 43 54417721
2341589251: 4001 585251
2347597981: 34261 68521
2348675317: 20359 115363
2360225737: 21727 108631
2360992891: 31 71 241 4451
2367885313: 4993 474241
2372710489: 1181 2009069
2380339837: 59 523 77141
2380603501: 34501 69001
2392261741: 17293 138337
2401175701: 41 41 661 2161
2401992349: 12253 196033
2402574121: 31 61 1270531
2411152927: 40093 60139
2412172153: 34729 69457
2414673271: 34747 69493
2422405039: 27763 87253
2425925701: 14851 163351
2432264027: 36017 67531
2432733271: 24091 100981
2432761633: 28477 85429
2436691321: 227 1583 6781
2437518481: 18661 130621
2440293931: 3331 732601
2455351651: 29881 82171
2463850369: 38449 64081
2464892821: 20269 121609
2467813621: 7 13 31 61 14341
2468610679: 5939 415661
2470869253: 35149 70297
2476607681: 24749 100069
2480147521: 28753 86257
2482820957: 617 4024021
2492384621: 38671 64451
2493698131: 35311 70621
2496506293: 11173 223441
2497638781: 11 71 1171 2731
2499225877: 19609 127453
2502281551: 7 11 19 47 151 241
2506430041: 8231 304511
2507654701: 4591 546211
2509687801: 31 2221 36451
2512833601: 10177 246913
2514937921: 23 163 199 3371
2517572671: 21727 115873
2518606273: 26209 96097
2519068403: 10867 231809
2522841721: 31 61 61 21871
2529762781: 7 13 31 61 61 241
2532010139: 8387 301897
2532630787: 25163 100649
2532854197: 45523 55639
2533465661: 20549 123289
2533915781: 29063 87187
2537726491: 157 2797 5779
2542290643: 17827 142609
2544014551: 13 211 223 4159
2545660981: 35677 71353
2546520373: 41 101 397 1549
2553268769: 11027 231547
2555391481: 8311 307471
2558682353: 5009 510817
2560891327: 25303 101209
2563812577: 9403 272659
2564706781: 7 13 3331 8461
2579268901: 11 71 151 21871
2582524319: 20747 124477
2584648963: 13 31 2293 2797
2598933481: 443 1327 4421
2604342913: 19289 135017
2615491451: 20879 125269
2617106857: 17053 153469
2617882807: 25583 102329
2618355403: 5813 450431
2623074257: 33529 78233
2624001001: 18401 142601
2624935561: 101 2029 12809
2626783921: 36241 72481
2632382941: 3541 743401
2634284801: 29633 88897
2637901663: 4093 644491
2644235941: 44533 59377
2650823561: 29 3109 29401
2651182651: 13 19 31 151 2293
2653820191: 11 1481 162901
2660738771: 14891 178681
2661262921: 31 61 61 23071
2673898151: 42221 63331
2674839511: 36571 73141
2674980451: 11 13 71 487 541
2680539205: 5 41 1789 7309
2686816133: 29927 89779
2689427281: 11057 243233
2691699961: 19 31 1993 2293
2693659901: 6389 421609
2696344621: 16421 164201
2701104829: 24967 108187
2704410661: 61 71 241 2591
2704546027: 26003 104009
2705944537: 5077 532981
2706863833: 12619 214507
2718074881: 18433 147457
2718317911: 163 181 199 463
2728624939: 16519 165181
2728997441: 30161 90481
2729669461: 13721 198941
2730075559: 13063 208993
2730595501: 19751 138251
2749430413: 19819 138727
2754547987: 42853 64279
2761545403: 37159 74317
2763262837: 487 1459 3889
2767275511: 7 11 13 241 11471
2775208381: 11 19 31 428339
2776874941: 31 43 271 7687
2781861685: 5 29 41 41 101 113
2789057911: 2011 1386901
2792583553: 14657 190529
2797026961: 61 241 190261
2797433281: 44701 62581
2797912987: 43189 64783
2803516921: 3313 846217
2807197513: 4229 663797
2808544523: 15299 183577
2812920301: 37 613 124021
2813512591: 37507 75013
2814177901: 20051 140351
2822118769: 11593 243433
2840871041: 30773 92317
2842381631: 7591 374441
2849611129: 37 853 90289
2851488163: 33773 84431
2853118847: 43613 65419
2864687951: 21851 131101
2867279507: 7853 365119
2870118421: 30931 92791
2873094001: 26801 107201
2885331653: 6203 465151
2886593473: 15641 184553
2886768671: 8291 348181
2892483521: 28087 102983
2893185871: 2293 1261747
2894667781: 31063 93187
2895561673: 34033 85081
2898023521: 31081 93241
2900448163: 12043 240841
2913401611: 38167 76333
2918295451: 27011 108041
2920699009: 36919 79111
2922816971: 9011 324361
2930428001: 22741 128861
2934234829: 41959 69931
2936994043: 5737 511939
2943312373: 7309 402697
2947441921: 7321 402601
2947686409: 10859 271451
2954906137: 29989 98533
2960362693: 19237 153889
2974929761: 50497 58913
2978188141: 20627 144383
2987110891: 61 61 241 3331
2994415201: 27361 109441
2998202353: 15187 197419
3005851031: 12923 232597
3006545821: 5641 532981
3013708057: 27449 109793
3020299327: 27479 109913
3021135271: 7 11 71 241 2293
3038766517: 25633 118549
3044636687: 45053 67579
3050357467: 4603 662689
3053742061: 20887 146203
3057111721: 39097 78193
3065203763: 47947 63929
3066655501: 7 13 31 61 71 251
3074534299: 35069 87671
3086361541: 9391 328651
3087181189: 12637 244297
3087529031: 10301 299731
3089467993: 42017 73529
3095458361: 11437 270653
3097729441: 1171 2645371
3102234751: 7 11 151 251 1063
3105241441: 32173 96517
3106952647: 17627 176261
3107879041: 337 9222193
3111481351: 11 61 71 241 271
3112854851: 13151 236701
3113847451: 11 13 43 349 1451
3125193319: 8243 379133
3126348079: 6883 454213
3142291045: 5 37 41 414277
3148806403: 39679 79357
3149950183: 10607 296969
3150972917: 45833 68749
3151437617: 18713 168409
3152757193: 3769 836497
3153458897: 18719 168463
3153989219: 43721 72139
3157579861: 32443 97327
3158172779: 22943 137653
3160916551: 13 19 2293 5581
3163379617: 97 2593 12577
3164918221: 11731 269791
3172856311: 30109 105379
3177858847: 17827 178261
3178297841: 18133 175277
3179729719: 2179 1459261
3184139701: 39901 79801
3189623737: 36973 86269
3190784053: 8311 383923
3200912705: 5 101 617 10273
3206529181: 271 541 21871
3211499413: 5479 586147
3214666249: 12373 259813
3226135859: 9467 340777
3228044821: 32803 98407
3229672037: 19687 164051
3231373837: 9103 354979
3233558021: 32831 98491
3234742771: 13 31 367 21871
3235016737: 13049 247913
3244046257: 8353 388369
3245171707: 2647 1225981
3251714107: 3607 901501
3253481041: 4441 732601
3260095957: 28549 114193
3261418741: 7 61 2293 3331
3265958609: 13597 240197
3275218171: 47 211 223 1481
3281593591: 40507 81013
3281736601: 11 13 19 31 47 829
3291478669: 17659 186391
3296558777: 19139 172243
3299956747: 28723 114889
3301620751: 11 13 541 42677
3313438801: 21757 152293
3319136767: 4643 714869
3338986051: 163 1621 12637
3340230013: 14923 223831
3340984501: 28901 115601
3341900967: 3 31 139 258521
3342005633: 33377 100129
3346391101: 157 1093 19501
3347214421: 33403 100207
3347396669: 14939 224071
3348855557: 11813 283489
3349997731: 40927 81853
3353152321: 30241 110881
3354154159: 36629 91571
3361369951: 22741 147811
3361986391: 61 71 241 3221
3362950807: 36677 91691
3363763231: 41011 82021
3369251047: 29023 116089
3372563239: 8563 393853
3373111747: 607 809 6869
3374598781: 41077 82153
3377551171: 12391 272581
3380740301: 191 1901 9311
3391299673: 53161 63793
3393049711: 67 83 181 3371
3397210201: 7 11 71 271 2293
3398362291: 20611 164881
3402467969: 21067 161507
3404606893: 14293 238201
3407772817: 26107 130531
3409788649: 7477 456037
3411250081: 33721 101161
3412964479: 33181 102859
3423443563: 18503 185021
3432307201: 13441 255361
3438283489: 853 4030813
3443019667: 29339 117353
3444376393: 13567 253879
3455241583: 50129 68927
3457896259: 24007 144037
3458036611: 71 3221 15121
3459730201: 37201 93001
3462909031: 41611 83221
3464052769: 9949 348181
3480466201: 5701 610501
3483612109: 41 101 277 3037
3484027529: 11057 315097
3489450121: 521 2341 2861
3494508733: 397 8802289
3496735243: 19 157 547 2143
3496754917: 7699 454183
3499411457: 9473 369409
3504132113: 45853 76421
3510468289: 13249 264961
3512369857: 29633 118529
3516852961: 17881 196681
3523820917: 13619 258743
3530018821: 7 61 241 34303
3538213381: 42061 84121
3540421731: 3 7 11 15326501
3541312087: 48589 72883
3547080781: 22511 157571
3547913557: 41 41 101 20897
3550025667: 3 31 47 139 5843
3550272641: 20641 172001
3552510979: 307 457 25321
3558100591: 10891 326701
3562565893: 457 7795549
3569515561: 7411 481651
3570928927: 29879 119513
3573107401: 41 101 862861
3575256391: 7 19 139 193393
3582244307: 48869 73303
3584800801: 42337 84673
3586833253: 42349 84697
3597270517: 29989 119953
3598026193: 32531 110603
3604125601: 16651 216451
3609281593: 12809 281777
3610882711: 8629 418459
3611111857: 1627 2219491
3612070747: 16063 224869
3615884801: 25261 143141
3619298413: 22739 159167
3620549773: 12547 288559
3627392161: 127 28562143
3637204753: 7 13 2293 17431
3637386763: 25717 141439
3638653201: 30161 120641
3641016583: 8263 440641
3648274391: 24659 147949
3653269591: 11423 319817
3663084541: 24709 148249
3665821393: 13 31 2293 3967
3669665609: 33083 110923
3673744903: 42859 85717
3675756151: 9901 371251
3683693179: 23 89 199 9043
3692283211: 42967 85933
3693686741: 241 15326501
3693891043: 56269 65647
3696208777: 16249 227473
3702387841: 1609 2301049
3708867517: 18859 196663
3717700741: 53 6917 10141
3721933801: 14797 251533
3724264405: 5 101 1009 7309
3724542151: 11 31 3221 3391
3736293461: 35291 105871
3737268487: 16339 228733
3741447373: 2237 1672529
3748007521: 1153 3250657
3751554581: 35363 106087
3757771051: 31 151 241 3331
3759781369: 25033 150193
3762943633: 29 41 433 7309
3763583551: 7 13 31 61 21871
3776019979: 25087 150517
3781274479: 9067 417037
3782102507: 3023 1251109
3788970571: 331 991 11551
3790395907: 10559 358973
3790528789: 1087 3487147
3794195791: 61 61 241 4231
3796105951: 11 71 1093 4447
3796283431: 7121 533111
3799136881: 38557 98533
3805937311: 11 241 431 3331
3806586631: 43627 87253
3807009591: 3 7 11 31 531631
3813919453: 43669 87337
3815850449: 9209 414361
3827652991: 21221 180371
3828582421: 25261 151561
3828864079: 9973 383923
3837031273: 7321 524113
3840296389: 15493 247873
3846951751: 251 15326501
3852925301: 14057 274093
3853584967: 31039 124153
3853636697: 20693 186229
3859688881: 1801 2143081
3863658191: 71 54417721
3866820907: 50773 76159
3877846459: 25423 152533
3880249927: 39397 98491
3882346903: 44059 88117
3882729131: 25439 152629
3887635753: 44089 88177
3891014531: 131 29702401
3891331537: 19 4799 42677
3891892421: 25469 152809
3895046191: 44131 88261
3896815991: 27031 144161
3897365881: 37 101 269 3877
3910848503: 9791 399433
3912751441: 46021 85021
3915054001: 2251 1739251
3915785201: 4271 916831
3917874511: 61 7591 8461
3918528161: 10111 387551
3922951381: 37 41 41 63073
3923546683: 7 19 29500351
3928038913: 23689 165817
3940139641: 54361 72481
3951590441: 3221 1226821
3952305001: 4201 940801
3957981301: 8191 483211
3971677951: 31511 126041
3972083977: 29 37 41 90289
3981024601: 41 601 161561
3982771183: 11927 333929
3989027533: 19973 199721
3994332981: 3 31 59 71 10253
3994738103: 8219 486037
3995826847: 51613 77419
3995992177: 6857 582761
3997635013: 41 113 862861
4005660961: 36541 109621
4007116621: 22381 179041
4011793273: 50527 79399
4019954707: 53047 75781
4020144133: 36607 109819
4023844777: 56737 70921
4031269201: 1051 3835651
4035028861: 44917 89833
4037490451: 31771 127081
4047100289: 641 1409 4481
4051585249: 20129 201281
4058404091: 7 31 71 241 1093
4059776533: 36787 110359
4061870887: 29671 136897
4065120241: 7 13 31 349 4129
4066668151: 7 13 61 732601
4076419609: 13933 292573
4082576387: 13043 313009
4086333497: 13049 313153
4088583087: 3 31 43963259
4097797341: 3 11 31 911 4397
4099654459: 29947 136897
4103331277: 32029 128113
4105727299: 8563 479473
4106003617: 28657 143281
4111765045: 5 37 101 220057
4114625761: 673 6113857
4116581491: 11 71 241 21871
4116631501: 24251 169751
4122580877: 10069 409433
4127050621: 293 877 16061
4134414961: 11549 357989
4139069521: 24317 170213
4139820967: 20347 203461
4140070273: 13417 308569
4142342401: 17851 232051
4160411251: 32251 129001
4167557857: 3697 1127281
4170797947: 31063 134269
4172804707: 32299 129193
4181184001: 37 1009 111997
4186561633: 37357 112069
4187360341: 45757 91513
4194712309: 229 1103 16607
4203244711: 43 61 829 1933
4210095667: 32443 129769
4214375173: 631 6678883
4214737853: 16763 251431
4223316997: 6373 662689
4224943801: 13 43 2269 3331
4230698371: 31 61 71 31511
4231357741: 13 19 31 241 2293
4232138761: 3331 1270531
4235818861: 46021 92041
4240247101: 37 41 761 3673
4241476303: 62273 68111
4242354731: 26591 159541
4243845791: 33641 126151
4254484105: 5 41 53 101 3877
4255695013: 27817 152989
4276163809: 19717 216877
4282671721: 16361 261761
4284625591: 23143 185137
4286872801: 12601 340201
4291402651: 13967 307253
