15: 3 5
49: 7 7
133: 7 19
183: 3 61
305: 5 61
341: 11 31
427: 7 61
671: 11 61
915: 3 5 61
931: 7 7 19
1159: 19 61
1649: 17 97
1661: 11 151
1891: 31 61
2701: 37 73
2989: 7 7 61
3097: 19 163
4187: 53 79
4369: 17 257
4489: 67 67
4681: 31 151
4795: 5 7 137
5729: 17 337
7633: 17 449
8113: 7 19 61
8407: 7 1201
8911: 7 19 67
9211: 61 151
13333: 67 199
15505: 5 7 443
20591: 59 349
20801: 11 31 61
22819: 19 1201
24929: 97 257
25761: 3 31 277
26467: 7 19 199
28861: 7 7 19 31
32551: 43 757
32689: 97 337
35371: 7 31 163
37231: 31 1201
38081: 113 337
38503: 139 277
43553: 97 449
48133: 127 379
50737: 113 449
51491: 11 31 151
56791: 7 7 19 61
58849: 7 7 1201
60691: 137 443
73261: 61 1201
80137: 127 631
83333: 167 499
86609: 257 337
88831: 211 421
101321: 11 61 151
104833: 79 1327
106027: 229 463
115393: 257 449
115921: 13 37 241
130759: 229 571
140581: 7 7 19 151
151313: 337 449
159733: 7 19 1201
160931: 23 6997
181351: 151 1201
198871: 71 2801
200431: 7 11 19 137
211141: 7 7 31 139
214897: 17 12641
239149: 379 631
239365: 5 7 7 977
285541: 31 61 151
292153: 463 631
302281: 7 7 31 199
318553: 157 2029
320503: 79 4057
358249: 67 5347
360533: 347 1039
398413: 239 1667
399001: 31 61 211
405653: 233 1741
423793: 17 97 257
487207: 7 7 61 163
488881: 37 73 181
493697: 17 113 257
497377: 353 1409
502153: 197 2549
512177: 239 2143
512461: 31 61 271
512827: 7 61 1201
533181: 3 11 107 151
555713: 17 97 337
594229: 461 1289
597037: 7 19 67 67
633907: 163 3889
655051: 661 991
680627: 107 6361
711151: 7 19 5347
736291: 607 1213
740401: 17 97 449
788833: 109 7237
796111: 31 61 421
813801: 3 61 4447
830515: 5 7 61 389
844471: 31 27241
866139: 3 61 4733
893311: 67 67 199
1007371: 53 83 229
1024651: 19 199 271
1032533: 587 1759
1064053: 199 5347
1092547: 523 2089
1118131: 7 7 19 1201
1179487: 397 2971
1226177: 97 12641
1274659: 179 7121
1285201: 211 6091
1333603: 1033 1291
1370341: 7 163 1201
1373653: 829 1657
1391959: 19 61 1201
1433407: 599 2393
1461241: 37 73 541
1472353: 17 257 337
1502257: 409 3673
1536877: 199 7723
1590409: 433 3673
1626041: 521 3121
1627921: 571 2851
1657273: 229 7237
1661701: 61 27241
1671145: 5 7 7 19 359
1690501: 751 2251
1745701: 19 139 661
1760521: 7 7 19 31 61
1771789: 457 3877
1773289: 7 19 67 199
1803601: 601 3001
1822177: 7 163 1597
1851411: 3 61 67 151
1893943: 487 3889
1898401: 227 8363
1923891: 3 31 137 151
1925201: 401 4801
1961681: 17 257 449
1971919: 79 109 229
1987021: 997 1993
2081713: 373 5581
2181121: 853 2557
2203391: 29 75979
2271091: 31 61 1201
2365903: 43 55021
2387797: 773 3089
2524801: 601 4201
2543689: 1009 2521
2564311: 421 6091
2572321: 17 337 449
2592481: 89 29129
2602621: 7 163 2281
2617309: 1091 2399
2639737: 727 3631
2741311: 1171 2341
2772559: 223 12433
2950397: 761 3877
3039763: 107 28409
3059101: 1237 2473
3096583: 7 277 1597
3137541: 3 11 31 3067
3140951: 11 31 61 151
3239611: 463 6997
3248737: 257 12641
3289301: 1481 2221
3350731: 463 7237
3373933: 1423 2371
3409793: 137 24889
3568661: 1091 3271
3572381: 1667 2143
3580741: 571 6271
3589789: 7 7 61 1201
3913003: 1399 2797
4022429: 83 48463
4099439: 827 4957
4113391: 151 27241
4260017: 337 12641
4358011: 7 7 19 31 151
4410797: 1627 2711
4457701: 157 28393
4499701: 1061 4241
4543621: 1231 3691
4686391: 1531 3061
4863127: 1103 4409
4864501: 37 73 1801
4872405: 3 5 137 2371
4892989: 1063 4603
4908487: 61 67 1201
4923851: 101 48751
5292631: 1627 3253
5319505: 5 61 107 163
5383639: 1327 4057
5397439: 1423 3793
5409601: 601 9001
5456881: 17 257 1249
5473621: 181 30241
5481451: 31 151 1171
5621881: 31 151 1201
5675809: 449 12641
5890171: 7 19 67 661
6093883: 467 13049
6122551: 2143 2857
6225151: 283 21997
6321187: 2053 3079
6711769: 19 61 5791
6818791: 7 7 31 67 67
6868261: 43 211 757
6955087: 1319 5273
6969511: 1867 3733
7017193: 937 7489
7141157: 1123 6359
7167371: 239 29989
7262413: 1019 7127
7288081: 241 30241
7522561: 193 38977
7901077: 283 27919
8036033: 1637 4909
8053891: 19 61 6949
8264461: 1087 7603
8329231: 1873 4447
8401073: 97 257 337
8417809: 43 163 1201
8449501: 751 11251
8507731: 61 211 661
8575441: 7 7 19 61 151
8688737: 983 8839
8818883: 2711 3253
8830801: 7 19 67 991
8993203: 2371 3793
9091889: 17 257 2081
9118801: 2251 4051
9213361: 53 131 1327
9254521: 761 12161
9256933: 7 7 19 61 163
9373801: 1021 9181
9585541: 7 31 163 271
9591661: 1171 8191
9649333: 127 75979
9743713: 7 19 61 1201
9863461: 2221 4441
9903851: 331 29921
10303151: 2621 3931
10386241: 1861 5581
10402237: 1613 6449
10505701: 1621 6481
10509751: 7 61 151 163
10569001: 3251 3251
10837601: 1901 5701
10956317: 263 41659
10958221: 31 151 2341
11025827: 443 24889
11060057: 1109 9973
11062411: 61 151 1201
11100853: 373 29761
11116993: 193 57601
11137237: 1669 6673
11169797: 2729 4093
11190999: 3 61 61153
11193121: 97 257 449
11518081: 31 61 6091
11609431: 211 55021
11941543: 61 163 1201
12322133: 2027 6079
12607201: 3001 4201
12780241: 331 38611
12953201: 17 449 1697
13073941: 2557 5113
13341841: 1381 9661
13703971: 43 421 757
13773377: 1087 12671
13775521: 601 22921
13960981: 661 21121
14092981: 7 67 151 199
14174977: 769 18433
14415481: 829 17389
14578939: 61 199 1201
14595851: 941 15511
14677361: 97 337 449
14725099: 1567 9397
14794081: 2221 6661
15008033: 2237 6709
15093349: 1229 12281
15283273: 1129 13537
15882217: 13 613 1993
15929981: 1031 15451
15978007: 1999 7993
16028321: 71 225751
16046641: 13 37 73 457
16070429: 1637 9817
16337203: 61 223 1201
16339321: 2161 7561
16360381: 541 30241
16398541: 1531 10711
16661633: 2357 7069
16717061: 3541 4721
16815163: 967 17389
16914301: 1301 13001
17098369: 113 337 449
17603617: 1399 12583
17878621: 2851 6271
18158251: 2131 8521
18226495: 5 7 61 8537
18469937: 1433 12889
19061281: 2521 7561
19175131: 2341 8191
19609633: 2557 7669
20281207: 2467 8221
20493887: 827 24781
20599759: 607 33937
20633167: 3709 5563
20695631: 11 31 137 443
20827841: 2113 9857
20845009: 17 97 12641
20930911: 991 21121
20981701: 13 37 181 241
21047651: 4447 4733
21403201: 521 41081
21654533: 2687 8059
21708721: 41 601 881
21791653: 13 1676281
21880801: 37 73 8101
22028203: 3319 6637
22032115: 5 7 7 19 4733
22081335: 3 5 443 3323
22187791: 3331 6661
22409269: 1933 11593
22439413: 1117 20089
22512511: 7 7 19 24181
22606291: 757 29863
22947181: 1811 12671
22995631: 829 27739
23163841: 421 55021
23363401: 691 33811
23564821: 7 1201 2803
23868781: 1847 12923
24002683: 67 67 5347
24244171: 7 7 19 26041
24397715: 5 67 67 1087
24482503: 3499 6997
24789493: 547 45319
25326001: 2251 11251
25361371: 7 7 19 27241
25448893: 1303 19531
25620467: 4133 6199
25892021: 211 277 443
26036479: 7 19 163 1201
26256401: 821 31981
26280073: 73 157 2293
26670223: 163 163621
26715671: 2843 9397
26886817: 2593 10369
27012001: 3001 9001
28167751: 53 131 4057
28213333: 3067 9199
28325839: 1931 14669
28796041: 379 75979
28805713: 2029 14197
28813573: 1657 17389
29581501: 4441 6661
29796901: 1051 28351
29912521: 1489 20089
30131011: 61 211 2341
30371923: 127 379 631
30762733: 547 56239
30824399: 2267 13597
31261951: 7 7 61 10459
31470211: 3967 7933
31909789: 1459 21871
32322067: 2843 11369
32716441: 1201 27241
32785633: 787 41659
32786371: 3061 10711
33450691: 547 61153
33734263: 2477 13619
34211101: 43 757 1051
34242001: 1951 17551
34662061: 7 7 19 31 1201
34840087: 1867 18661
35178277: 463 75979
35194651: 2797 12583
35853643: 7 7 67 67 163
36078511: 7 19 61 4447
36612001: 751 48751
36765901: 37 613 1621
37091791: 11 137 151 163
37439201: 3533 10597
37480411: 1531 24481
37813201: 4201 9001
37914641: 17 593 3761
37928463: 3 2843 4447
38300771: 1787 21433
38342071: 31 151 8191
38887441: 257 337 449
39109357: 7 61 91591
39211597: 5113 7669
39469519: 47 829 1013
39676033: 3637 10909
39981931: 11 151 24071
40076549: 3877 10337
40102063: 2003 20021
40241659: 5791 6949
40675981: 2411 16871
40717447: 1303 31249
41162413: 709 58057
41165581: 1213 33937
41294881: 5347 7723
41650897: 757 55021
41987111: 1871 22441
42413953: 43 757 1303
42454171: 3701 11471
42698023: 4133 10331
42811931: 1091 39241
43036003: 4639 9277
43661257: 2203 19819
44225299: 439 100741
44671001: 2729 16369
45447501: 3 11 61 107 211
45556177: 3109 14653
45931117: 3389 13553
45963523: 1657 27739
46003231: 823 55897
46456763: 1607 28909
46613701: 29 71 22639
47131657: 3433 13729
47148197: 3877 12161
47253781: 4861 9721
47317901: 1289 36709
47542801: 3761 12641
47647117: 7 19 67 5347
47707111: 271 176041
47942749: 631 75979
47999501: 11 31 140761
48191653: 4909 9817
48425521: 61 661 1201
48481679: 2843 17053
48551161: 1933 25117
48821543: 6469 7547
49141357: 1123 43759
49991663: 1667 29989
50535517: 457 110581
51088133: 4127 12379
51512731: 31 61 27241
53268161: 23 331 6997
53390611: 5167 10333
53589781: 7 7 61 17929
53965441: 2777 19433
54459841: 4261 12781
55228529: 17 257 12641
55384033: 4297 12889
55385221: 1861 29761
55530161: 1361 40801
55725671: 587 94933
55982191: 1871 29921
56160133: 4327 12979
56614801: 601 94201
56937119: 4871 11689
57609397: 2029 28393
59309251: 3851 15401
59491981: 3217 18493
59592751: 1051 56701
59657953: 1231 48463
60355549: 4153 14533
60359131: 7 7 277 4447
60841441: 331 397 463
61553941: 31 43 61 757
63142801: 2251 28051
63617009: 17 257 14561
63745921: 3571 17851
64041869: 6199 10331
64100281: 7 7 19 31 2221
64266427: 2143 29989
64377991: 163 487 811
64384867: 7177 8971
64498129: 1753 36793
64663691: 911 70981
65627041: 4231 15511
66124297: 3637 18181
66441433: 5953 11161
66803329: 577 115777
66998317: 4093 16369
67430089: 23 419 6997
67775401: 2377 28513
68205991: 7 7 19 61 1201
68621701: 4783 14347
68819653: 7 19 67 7723
69176647: 4159 16633
69661513: 3733 18661
70688857: 2803 25219
71258221: 137 163 3191
71291551: 67 199 5347
71558101: 2551 28051
72420289: 17 337 12641
72543547: 4259 17033
72601651: 61 991 1201
73031837: 2207 33091
73505651: 3659 20089
74231249: 239 310591
74480901: 3 11 151 14947
74622001: 3761 19841
74853871: 31 151 15991
74936341: 3061 24481
75642157: 4349 17393
77146831: 6211 12421
77271121: 4591 16831
77439521: 5081 15241
77648341: 29 463 5783
77826001: 11 43 137 1201
77929633: 409 190537
78458953: 41 521 3673
78675421: 11 61 117251
79786523: 2579 30937
80375707: 4483 17929
80980993: 1567 51679
81376903: 6379 12757
81680941: 37 73 30241
81954133: 5227 15679
84152141: 761 110581
84615757: 2713 31189
85318111: 4051 21061
85666151: 3779 22669
85678573: 2857 29989
90178901: 5483 16447
92924041: 7 7 19 151 661
94035157: 823 114259
95377393: 3169 30097
96013279: 7237 13267
96454279: 19 5076541
96488753: 17 449 12641
98327071: 19 31 139 1201
99801613: 367 271939
99945007: 4999 19993
100993369: 43 61 139 277
101547217: 4507 22531
103488169: 1303 79423
103766881: 2521 41161
104044711: 31 61 55021
104220703: 7219 14437
105056057: 8369 12553
105406489: 433 243433
105919633: 4603 23011
105982381: 467 226943
106485121: 7297 14593
106526551: 1951 54601
106730627: 9431 11317
107869549: 6569 16421
107903617: 3463 31159
108699193: 4663 23311
109738501: 2251 48751
110646043: 6653 16631
110952269: 853 130073
111360913: 3989 27917
111512081: 1777 62753
111654401: 6101 18301
112835729: 4337 26017
112957417: 2377 47521
114582469: 79 1093 1327
114713281: 2971 38611
115689767: 389 297403
116090081: 6221 18661
116701003: 7639 15277
116996837: 23 727 6997
117445987: 5419 21673
117662981: 6263 18787
117936281: 67 661 2663
118172251: 7687 15373
118810363: 7 19 67 67 199
119138891: 3701 32191
119342755: 5 7 137 24889
121502201: 971 125131
121820887: 5519 22073
122505571: 4519 27109
122697667: 1567 78301
122839417: 4957 24781
123418471: 11 19 31 43 443
125487601: 71 631 2801
125686241: 6473 19417
125868943: 3967 31729
125876611: 7 61 294793
126386261: 6491 19471
126985723: 1627 78049
127433921: 17 593 12641
127515121: 31 151 27241
127576351: 7 7 163 15973
127692701: 1801 70901
128171701: 7 7 19 31 4441
128213801: 3121 41081
128357311: 3271 39241
128536561: 8017 16033
129762001: 19 31 151 1459
130519237: 229 463 1231
130551583: 5011 26053
130557421: 2383 54787
130944133: 6607 19819
131743453: 1019 129287
132435487: 1439 92033
132696631: 811 163621
132746161: 457 290473
134108119: 2053 65323
134272777: 9161 14657
134696801: 6701 20101
136133101: 13 37 73 3877
136642201: 4177 32713
138558001: 97 113 12641
138795967: 163 709 1201
138880501: 4951 28051
139315771: 7 7 19 151 991
139481881: 7 7 11 258779
139549393: 4177 33409
139592101: 11 31 151 2711
139810133: 6827 20479
139952671: 131 571 1871
140384161: 6841 20521
140770411: 19 31 199 1201
141519049: 7 19 199 5347
141744763: 5077 27919
142448881: 631 225751
142818241: 17 97 257 337
143500681: 139 277 3727
145354155: 3 5 61 67 2371
145357711: 1231 118081
145603333: 6967 20899
145898431: 7 7 31 139 691
146639921: 29 71 229 311
146794627: 7 19 919 1201
148109473: 5443 27211
148267351: 3851 38501
148910653: 8629 17257
149532571: 8647 17293
151732417: 2113 71809
151869763: 2179 69697
152279063: 10687 14249
152791099: 1823 83813
153550339: 3919 39181
154011467: 10133 15199
154287451: 6211 24841
154982683: 5869 26407
156440761: 29 71 75979
156859189: 4339 36151
157368661: 7243 21727
158489501: 3251 48751
161193781: 7 7 61 199 271
161367013: 5417 29789
161943877: 5581 29017
162712681: 61 1201 2221
163340941: 4831 33811
163759753: 9049 18097
164940701: 1399 117899
164952859: 43 3836113
166096141: 5581 29761
166375889: 17 113 257 337
166987147: 1759 94933
167666801: 17 113 87281
167979421: 31 61 211 421
168837781: 7 7 19 151 1201
168949771: 8221 20551
169086341: 5309 31849
170927521: 31 1201 4591
172586459: 2399 71941
174167407: 6599 26393
178837201: 59 1451 2089
179870417: 10831 16607
180089251: 5479 32869
180709649: 6361 28409
181112461: 5087 35603
181127899: 1933 93703
181299811: 7 11 31 151 503
183268417: 4513 40609
183304291: 2887 63493
184961761: 367 503983
185040703: 9619 19237
186343489: 7297 25537
187519411: 10459 17929
187546133: 7907 23719
187847251: 2351 79901
188209231: 7 19 67 21121
188516329: 89 617 3433
188731597: 10861 17377
189482107: 6883 27529
190212181: 7963 23887
190283057: 17 97 257 449
191463497: 7349 26053
192243121: 7 7 19 31 6661
192946681: 3853 50077
193875557: 11369 17053
195180421: 2131 91591
195654817: 4663 41959
195664957: 9431 20747
196287391: 9907 19813
197239591: 9931 19861
198073951: 4451 44501
198268141: 43 757 6091
198336529: 10909 18181
199126657: 3457 57601
199373879: 8647 23057
199807741: 7 7 31 199 661
200747143: 7237 27739
200855483: 863 232741
201246139: 3547 56737
201789127: 7103 28409
202565651: 11621 17431
203231621: 8231 24691
203269177: 7129 28513
203545889: 8737 23297
204512309: 2003 102103
204744619: 109 463 4057
205364251: 11701 17551
205820161: 61 211 15991
206893069: 4549 45481
206894161: 5437 38053
207132481: 10177 20353
207141709: 4937 41957
209213929: 6469 32341
209926081: 17 257 48049
210537079: 137 443 3469
211559021: 6857 30853
211834663: 4603 46021
212016133: 7 1201 25219
212362021: 151 1171 1201
214975811: 29 229 32371
215850097: 3169 68113
216727561: 137 443 3571
217062913: 5569 38977
217542401: 1217 178753
217729697: 4919 44263
219029329: 6619 33091
219446263: 6317 34739
220080127: 1877 117251
221141449: 2609 84761
221669953: 17 113 257 449
224215531: 2311 97021
225197887: 12253 18379
225741661: 2699 83639
226889317: 19 61 163 1201
226957699: 8053 28183
227418133: 8707 26119
227623441: 907 250963
230382401: 7927 29063
231021091: 7 61 151 3583
231405701: 8783 26347
232173941: 6221 37321
233232221: 2357 98953
233543341: 3821 61121
233787919: 3823 61153
234715021: 5791 40531
234793799: 11317 20747
237943841: 929 256129
239806561: 8941 26821
241370179: 6343 38053
242152501: 31 251 31121
244032391: 61 1201 3331
245950561: 4729 52009
247225921: 10601 23321
247920661: 9091 27271
249188239: 5851 42589
249515137: 17 97 337 449
250301611: 7 19 1201 1567
250810081: 12641 19841
250916851: 61 151 27241
251706157: 7933 31729
252544631: 31 151 53951
253532501: 13001 19501
253893397: 3253 78049
254900101: 1951 130651
255059533: 4057 62869
258503701: 9283 27847
260102701: 2237 116273
262166353: 2521 103993
262215991: 10711 24481
262424647: 9769 26863
264176849: 4759 55511
265687567: 13309 19963
265731931: 11527 23053
265838671: 7 7 19 31 61 151
266925601: 9433 28297
267080137: 439 608383
268422881: 6689 40129
271080841: 853 317797
271724623: 4759 57097
275444419: 5693 48383
275792183: 7829 35227
278263481: 6359 43759
278632381: 137 443 4591
279699701: 31 61 211 701
279784321: 641 436481
280312003: 11839 23677
282697201: 3001 94201
283020013: 6359 44507
283913137: 10657 26641
286436107: 2903 98669
288683257: 13873 20809
289437149: 4733 61153
290646431: 2099 138469
291181381: 11593 25117
291190681: 2971 98011
292740193: 5581 52453
294560311: 2531 116381
295419097: 7687 38431
296900801: 17 97 401 449
297498961: 67 163 27241
297910337: 4457 66841
298685479: 10193 29303
299560471: 7 7 31 199 991
299578111: 7 7 19 151 2131
300164287: 8663 34649
300209761: 2593 115777
305550829: 1423 214723
307061371: 12391 24781
308550061: 12421 24841
308838421: 2971 103951
309886881: 3 31 151 22067
311177213: 15277 20369
312107251: 29 2857 3767
314509861: 1021 308041
314736661: 10243 30727
315127489: 97 257 12641
317749693: 4603 69031
318026801: 14561 21841
320217067: 4783 66949
321781633: 10357 31069
325242481: 13633 23857
325352101: 61 1201 4441
326995267: 11437 28591
328263841: 3761 87281
328868629: 61 67 67 1201
332621563: 1597 208279
332628871: 8443 39397
332794837: 523 636319
332893531: 31 61 176041
332976961: 8161 40801
333009293: 16633 20021
333647569: 14149 23581
334304039: 16691 20029
335132911: 6091 55021
335385409: 4729 70921
338455153: 13009 26017
341616043: 61 1201 4663
341704243: 2179 156817
342265951: 11701 29251
342934741: 31 61 151 1201
343125301: 2801 122501
344064109: 7573 45433
345701731: 7591 45541
345883771: 19 31 151 3889
348707407: 3203 108869
348829633: 8353 41761
349138567: 9343 37369
349193051: 3701 94351
350309779: 79 1093 4057
351277741: 37 181 52453
352178083: 3547 99289
353115647: 1483 238109
353410081: 11411 30971
353815801: 151 1201 1951
354429307: 11353 31219
355297301: 10883 32647
356643211: 67 661 8053
356991571: 16363 21817
358176133: 7 7 223 32779
361363391: 14519 24889
362569201: 113 337 9521
363690889: 2069 175781
366711133: 12911 28403
368013313: 13267 27739
369262961: 11471 32191
371898727: 12197 30491
372027907: 1319 282053
372432451: 7879 47269
372661441: 14593 25537
372810719: 7883 47293
373299841: 8641 43201
378957331: 6883 55057
380137633: 11257 33769
382386271: 31 691 17851
384472481: 11321 33961
384979213: 3469 110977
385319089: 8779 43891
385903945: 5 7 443 24889
386678767: 12437 31091
387188561: 17041 22721
390061057: 137 443 6427
390189931: 1867 208993
390305551: 2551 153001
391147703: 3917 99859
391431941: 11423 34267
391436053: 18061 21673
391726567: 61 1201 5347
395136589: 43 61 199 757
395264101: 9941 39761
395697409: 769 514561
395738401: 4201 94201
401427937: 6679 60103
401635909: 6043 66463
403095421: 14197 28393
403705121: 3571 113051
403983721: 241 1676281
406708193: 17713 22961
409081037: 15667 26111
413221649: 97 337 12641
414809749: 1459 284311
416493091: 7 7 19 31 14431
417027451: 10211 40841
417603671: 2663 156817
418192133: 11807 35419
418260481: 5281 79201
418583657: 103 4063919
419350051: 31 61 211 1051
419784979: 12547 33457
423195323: 5939 71257
424542691: 151 1201 2341
425307481: 79 1327 4057
427572161: 10529 40609
428722537: 3877 110581
430321921: 7841 54881
432680533: 613 705841
432942511: 6007 72073
434082007: 1987 218461
434932961: 41 881 12041
435836971: 3691 118081
437029477: 10453 41809
437304913: 61 67 67 1597
439432753: 5413 81181
441139051: 4951 89101
441348871: 15881 27791
441567377: 97 257 17713
441646507: 19 43 139 3889
441922141: 10099 43759
447088951: 137 163 20021
452706937: 13457 33641
454166461: 7 31 271 7723
454480517: 11677 38921
454963279: 7789 58411
455246401: 12097 37633
456759073: 3613 126421
457274161: 15121 30241
458948491: 3571 128521
459543901: 2251 204151
460166671: 11131 41341
460542457: 5347 86131
460605529: 1621 284149
461516251: 7 7 19 31 15991
468500033: 12497 37489
468921073: 20341 23053
469020553: 6007 78079
470070811: 7 19 661 5347
470120257: 9697 48481
471045037: 23 2927 6997
471504769: 12097 38977
472579017: 3 61 2582399
473750371: 15391 30781
474468229: 8893 53353
476792473: 8677 54949
478732871: 13399 35729
480487381: 11 43680671
482183521: 3823 126127
482353471: 17389 27739
485429431: 1447 335473
485627563: 9397 51679
487051111: 19 421 60889
487177905: 3 5 277 117251
487991521: 61 1201 6661
490632661: 6679 73459
490703617: 9907 49531
491389741: 1459 336799
491646403: 15679 31357
491714609: 4049 121441
495967165: 5 19 67 67 1163
496853437: 317 1567361
500747293: 14153 35381
500985941: 12923 38767
506150641: 151 1201 2791
508094281: 12049 42169
508606715: 5 61 67 24889
508606771: 19531 26041
508607101: 4051 125551
511329673: 4523 113051
511739801: 79 859 7541
512376047: 5573 91939
513033535: 5 7 19 163 4733
513384301: 17551 29251
514928701: 7 7 67 67 2341
517456337: 7583 68239
517567051: 16087 32173
517755197: 1667 310591
518820101: 13151 39451
519809701: 5231 99371
520680889: 1873 277993
523703179: 9343 56053
524151253: 16189 32377
527278127: 18749 28123
527566711: 7 19 31 199 643
529214311: 16267 32533
532258271: 9419 56509
532624951: 1951 273001
534997159: 14629 36571
537254755: 5 61 1103 1597
538256437: 5323 101119
541069621: 211 421 6091
542889901: 8807 61643
543730181: 13463 40387
544180231: 7 7 31 67 5347
545395159: 23 3389 6997
545670533: 13487 40459
548497501: 11251 48751
549659521: 17 97 257 1297
550132741: 8293 66337
550516271: 3911 140761
550553473: 97 449 12641
551034541: 5869 93889
551672221: 229 571 4219
555487423: 787 705829
556685191: 10061 55331
558195331: 31 661 27241
558977761: 89 881 7129
561817589: 9677 58057
564070417: 18397 30661
564271381: 3623 155747
564448013: 853 661721
564770081: 13721 41161
565794703: 61 1201 7723
568067449: 3769 150721
568739557: 1783 318979
568862113: 677 840269
569476801: 193 2950657
570155893: 233 2447021
572394769: 97 257 22961
573136513: 9049 63337
574870753: 10723 53611
575394241: 6529 88129
576202481: 113 257 19841
579956653: 17029 34057
580186133: 13907 41719
580444387: 5653 102679
581276041: 11161 52081
583149991: 9859 59149
584109217: 577 1012321
586019071: 11 19 31 151 599
588703481: 1741 338141
589900433: 10009 58937
590478571: 67 67 199 661
590799763: 15373 38431
592135561: 3343 177127
592769633: 14057 42169
592953901: 15401 38501
595612171: 7 11 19 443 919
597492673: 4019 148667
600236035: 5 7 7 61 40163
601051411: 5861 102551
602046737: 5009 120193
603415933: 6343 95131
603689953: 4729 127657
603873831: 3 11 31 61 9677
609137713: 6373 95581
609244501: 14251 42751
610324219: 19531 31249
610665569: 5393 113233
611577331: 31 151 130651
613377883: 79 1327 5851
614134243: 21997 27919
615412417: 1777 346321
617950639: 8269 74731
621201637: 7 19 1201 3889
623332529: 10193 61153
626388271: 2131 293941
627628849: 6469 97021
629697421: 24181 26041
630496621: 9491 66431
632328551: 2801 225751
635753581: 43 757 19531
636322069: 3889 163621
636442003: 17839 35677
639104701: 7741 82561
641490697: 8443 75979
642426049: 6337 101377
646233751: 4591 140761
646521991: 2711 238481
648029809: 7 163 567949
652828771: 7 19 61 67 1201
652863751: 31 151 211 661
654101551: 2791 234361
657414577: 11467 57331
659526601: 12841 51361
661086497: 17 257 337 449
664683163: 10313 64451
665189713: 7723 86131
665596513: 2143 310591
667563487: 12919 51673
669916099: 10567 63397
671402353: 7187 93419
671457161: 22441 29921
673778827: 12979 51913
675841349: 10069 67121
676623569: 20149 33581
676760761: 3121 216841
678675691: 61 151 73681
679736261: 3011 225751
683581471: 6163 110917
687790657: 2593 265249
688597303: 5197 132499
689456069: 197 1373 2549
690035713: 9929 69497
691826761: 5261 131501
691830811: 7 67 151 9769
695406727: 4523 153749
696447181: 18661 37321
699498757: 7069 98953
699842401: 3673 190537
704750641: 7 19 991 5347
706305601: 19 661 56239
706781813: 6073 116381
711210523: 7699 92377
712766503: 8443 84421
715686709: 61 1201 9769
717653129: 10937 65617
717831211: 23203 30937
720663661: 1021 705841
723914897: 8969 80713
726636737: 25321 28697
728162761: 12721 57241
729090001: 9001 81001
730057583: 15319 47657
732533041: 8353 87697
735794497: 9397 78301
739643491: 19231 38461
741181547: 22229 33343
747083891: 11159 66949
751632151: 23743 31657
754020361: 19417 38833
756340201: 19 31 43 29863
757158533: 15887 47659
757639387: 13763 55049
757834531: 11239 67429
763509001: 61 151 82891
765919735: 5 7 7 19 137 1201
767317399: 229 463 7237
767513341: 7 19 67 86131
768495031: 11821 65011
768844231: 12007 64033
771389917: 461 1673297
775135201: 13921 55681
779566211: 11399 68389
779846159: 5099 152941
780075557: 6709 116273
780170869: 3733 208993
780446911: 8521 91591
786202501: 7 7 19 31 27241
790299511: 2731 289381
790438801: 1021 774181
790468141: 10627 74383
793127453: 2789 284377
794321909: 3947 201247
794474209: 17 3697 12641
805373977: 8369 96233
806754061: 5923 136207
808562791: 20107 40213
810238519: 907 893317
811637401: 4201 193201
812606929: 2557 317797
814056001: 11 31 251 9511
814132471: 11131 73141
814135141: 1933 421177
814441633: 16477 49429
815294451: 3 31 151 58057
816873631: 7 19 61 107 941
818791921: 3931 208291
825708841: 6271 131671
826945621: 16603 49807
827476183: 163 5076541
827495101: 907 912343
828473641: 5011 165331
829512001: 14401 57601
831830761: 11131 74731
833824181: 11789 70729
834855631: 17041 48991
834925807: 7723 108109
836870761: 31 991 27241
843463501: 151 1201 4651
847660591: 43 757 26041
847903201: 9001 94201
851703301: 179 1069 4451
851769089: 19457 43777
853799059: 239 1667 2143
855073301: 16883 50647
862069079: 11987 71917
862422173: 7583 113731
865437841: 27061 31981
866300881: 3769 229849
867808621: 491 631 2801
868088341: 17011 51031
868172761: 28393 30577
869068091: 179 4855129
869109281: 17021 51061
871005171: 3 31 277 33811
871846849: 2137 407977
874092157: 2957 295601
877532671: 20947 41893
879802327: 1327 663001
881780381: 2819 312799
882676441: 109 1999 4051
885271201: 67 67 199 991
887358487: 2857 310591
889426605: 3 5 137 443 977
894129409: 3673 243433
898636801: 14401 62401
902501629: 18397 49057
907014553: 1597 567949
908026211: 7103 127837
908093887: 12433 73039
908303677: 463 631 3109
910854013: 61 1201 12433
918425407: 2767 331921
920178721: 7 11 19 137 4591
921428449: 7127 129287
922845241: 21481 42961
922853401: 43 757 28351
924753523: 8779 105337
928766257: 10159 91423
929483039: 16699 55661
934167301: 14251 65551
936833789: 27941 33529
938030101: 17683 53047
939562471: 2311 406561
943999831: 27481 34351
947164177: 16691 56747
949324951: 21787 43573
949925551: 367 2588353
951811477: 22639 42043
952680037: 27919 34123
953370133: 17827 53479
958302151: 17551 54601
960198251: 25301 37951
960517303: 14347 66949
960930473: 16189 59357
962375941: 17911 53731
962468911: 9811 98101
965501857: 7129 135433
966790393: 9833 98321
968133739: 12703 76213
968151801: 3 61 701 7547
973073431: 11 709 124769
976396961: 18041 54121
976788913: 61 67 199 1201
977770531: 22111 44221
978106249: 23311 41959
979377433: 19793 49481
980880317: 8087 121291
980957071: 22147 44293
981357703: 19813 49531
982312907: 17167 57221
984640651: 25621 38431
990203329: 9161 108089
991083581: 1447 684923
994113451: 28201 35251
994885141: 18211 54631
995678741: 3221 309121
997448131: 4789 208279
1003585681: 7 19 277 27241
1008671269: 823 1225603
1011537091: 6011 168281
1014209671: 31 1201 27241
1015269391: 22531 45061
1017186199: 43 757 31249
1018568521: 7741 131581
1019091943: 11287 90289
1020307051: 5051 202001
1025211661: 661 1551001
1029417481: 3217 319993
1031268961: 18541 55621
1032101461: 22717 45433
1032152023: 7 7 163 129229
1033114513: 12149 85037
1034283421: 22741 45481
1035246349: 4339 238591
1035917137: 10729 96553
1037090011: 7591 136621
1037627051: 13151 78901
1040840863: 13757 75659
1041975481: 29 71 463 1093
1042056901: 6101 170801
1043949493: 3547 294319
1049144801: 18701 56101
1049584313: 28057 37409
1050721561: 22921 45841
1051080913: 17 113 257 2129
1052140321: 3697 284593
1053732751: 16231 64921
1054740191: 13259 79549
1058989231: 23011 46021
1060794769: 13297 79777
1061933797: 4243 250279
1066471021: 7 11 31 163 2741
1072311241: 331 463 6997
1079035651: 26821 40231
1080425119: 20789 51971
1083395041: 137 443 17851
1086298879: 11593 93703
1091401261: 12487 87403
1092215521: 19081 57241
1092908617: 32713 33409
1094824369: 257 337 12641
1095485029: 11353 96493
1098000091: 23431 46861
1101253111: 7 277 567949
1103319121: 12641 87281
1104194521: 23497 46993
1105581121: 12097 91393
1107379681: 19213 57637
1109249545: 5 19 2467 4733
1113419953: 14923 74611
1113490601: 8431 132071
1115229281: 14081 79201
1121579551: 31123 36037
1122234751: 11 31 61 53951
1124704021: 7 151 199 5347
1126163821: 3877 290473
1132897351: 6871 164881
1135428031: 23827 47653
1135791691: 13759 82549
1136585663: 20029 56747
1136887927: 7 61 2662501
1137320581: 19471 58411
1137752887: 10667 106661
1138265941: 239 1667 2857
1139692061: 11831 96331
1139909803: 1423 801061
1142300503: 23899 47797
1144905217: 8737 131041
1146209689: 18097 63337
1148839469: 25033 45893
1150774579: 18133 63463
1152793621: 7 31 271 19603
1154840383: 21493 53731
1157375143: 43 61 163 2707
1159446961: 811 1429651
1161562823: 9839 118057
1164015241: 9463 123007
1166086819: 10799 107981
1166563757: 12613 92489
1168256953: 24169 48337
1171035251: 27941 41911
1178415001: 1741 676861
1179439511: 21031 56081
1182385121: 19853 59557
1184474287: 919 1288873
1186915861: 19891 59671
1188646903: 24379 48757
1195524181: 19963 59887
1195806151: 67 2311 7723
1196470801: 7213 165877
1197890701: 7 7 19 151 8521
1202169709: 13 4217 21929
1202973773: 3719 323467
1203971831: 31 4133 9397
1205045761: 13121 91841
1206801577: 1063 1135279
1208012849: 12553 96233
1208615371: 2467 489913
1208818447: 10253 117899
1209618577: 4969 243433
1213347691: 24631 49261
1217181061: 20143 60427
1220749441: 12619 96739
1221828371: 10091 121081
1223782671: 3 61 67 151 661
1226571569: 7643 160483
1227815821: 4159 295219
1228713973: 733 1676281
1229718277: 367 463 7237
1233472307: 2663 463189
1235122951: 2749 449299
1235722801: 16273 75937
1235864033: 20297 60889
1236234871: 4447 277993
1236313501: 17581 70321
1237854661: 2143 577627
1248140521: 67 661 28183
1254948337: 17713 70849
1260309343: 22453 56131
1261909741: 29 463 93983
1263742591: 311 1489 2729
1265099617: 15907 79531
1266482017: 11863 106759
1268946253: 25189 50377
1271358059: 587 2165857
1273228501: 1399 910099
1277917681: 31 151 273001
1280319841: 10789 118669
1281050467: 22637 56591
1281297643: 83 3659 4219
1281892991: 239 5363569
1283226193: 37 73 475093
1284175873: 193 6653761
1286276737: 1423 903919
1289216897: 11969 107713
1289287651: 71 239 75979
1290156841: 433 1009 2953
1295074171: 25447 50893
1300145453: 6221 208993
1304360641: 7297 178753
1308793417: 18089 72353
1310470081: 5521 237361
1311396751: 7 7 31 139 6211
1312488871: 43 61 661 757
1315858381: 13711 95971
1320327391: 11491 114901
1321647973: 2659 497047
1321734497: 12119 109063
1324656127: 10733 123419
1326024061: 24551 54011
1328357761: 641 2072321
1329270391: 2089 636319
1330612417: 8369 158993
1332966241: 31 151 163 1747
1341620281: 16381 81901
1343093053: 9463 141931
1344420013: 13859 97007
1344775541: 12161 110581
1344975721: 3391 396631
1345514101: 18341 73361
1347387361: 21193 63577
1348865101: 3637 370873
1348867073: 10753 125441
1348995187: 29989 44983
1350746251: 211 1051 6091
1353423041: 11833 114377
1354100801: 31 43680671
1354966273: 28513 47521
1354991653: 26029 52057
1356476161: 13921 97441
1362610471: 179 1069 7121
1363701821: 31981 42641
1364320729: 16519 82591
1367514301: 28051 48751
1371589873: 6089 225257
1371720013: 13999 97987
1373452033: 21397 64189
1375742611: 271 5076541
1377352351: 19 31 271 8629
1377548569: 28513 48313
1378203751: 26251 52501
1379942611: 7321 188491
1382453333: 21467 64399
1386823681: 6689 207329
1387360321: 10331 134291
1398885541: 1613 867257
1400430781: 8821 158761
1401429137: 12479 112303
1401547687: 18719 74873
1404228421: 19 31 211 11299
1406826241: 14177 99233
1407200923: 11863 118621
1411893193: 761 1855313
1412756801: 21701 65101
1414755619: 23789 59471
1419459121: 26641 53281
1420811281: 4051 350731
1425428497: 17389 81973
1425524563: 109 1549 8443
1430021347: 23917 59791
1432354901: 21851 65551
1437866561: 21893 65677
1437976981: 7 7 19 67 23053
1439378123: 9907 145289
1441996009: 8287 174007
1442071517: 35671 40427
1446818651: 12451 116201
1448994977: 12689 114193
1455166351: 35317 41203
1456527461: 15581 93481
1456571581: 7213 201937
1456826743: 2647 550369
1458682913: 257 449 12641
1461423727: 229 367 17389
1466821441: 37633 38977
1468003153: 10627 138139
1470789301: 16111 91291
1472650999: 15667 93997
1474936871: 11087 133033
1480849831: 27211 54421
1483523117: 12583 117899
1484454031: 4363 340237
1485446041: 151 1201 8191
1487265469: 5273 282053
1491040933: 5653 263761
1491574561: 3571 417691
1498310641: 12241 122401
1499680057: 907 1653451
1501011001: 7 19 1201 9397
1501560493: 1109 1353977
1504136677: 30661 49057
1506331273: 20269 74317
1510538299: 137 443 24889
1511558533: 22447 67339
1514301179: 15887 95317
1515664153: 27529 55057
1521641707: 7963 191089
1521724289: 8513 178753
1522028701: 29017 52453
1522669051: 151 211 47791
1531245379: 24749 61871
1533555271: 27691 55381
1537041991: 991 1551001
1540117801: 17551 87751
1542654079: 1583 974513
1544599061: 22691 68071
1544768479: 463 1123 2971
1547043631: 7 7 19 61 27241
1547345581: 61 1201 21121
1547543161: 27817 55633
1549308001: 19681 78721
1551210613: 19531 79423
1551525571: 2143 723997
1555631221: 7591 204931
1565791067: 32309 48463
1570997431: 28027 56053
1574506613: 137 443 25943
1577548491: 3 31 151 112337
1577847211: 9931 158881
1583602231: 33937 46663
1584260473: 14657 108089
1588472341: 23011 69031
1593644281: 1061 1502021
1593949921: 2749 579829
1602618181: 1181 1357001
1607530051: 28351 56701
1609944283: 3547 453889
1610790427: 463 1667 2087
1612023817: 12697 126961
1613072663: 9467 170389
1613750293: 16633 97021
1618435171: 28447 56893
1622001917: 3677 441121
1628692201: 28537 57073
1630161541: 23311 69931
1632031829: 16493 98953
1640581883: 13759 119237
1641631829: 4679 350851
1641971701: 20261 81041
1650280339: 2857 577627
1650516401: 97 401 42433
1651267291: 11731 140761
1653532633: 2557 646669
1657541719: 29 239 379 631
1663067641: 11311 147031
1663436617: 20393 81569
1663788251: 101 3701 4451
1668826897: 97 1361 12641
1670295595: 5 61 67 81737
1672982851: 19 199 421 1051
1678743881: 7481 224401
1681609021: 61 211 130651
1685112829: 6053 278393
1690893067: 3607 468781
1694406061: 311 1489 3659
1705344253: 10663 159931
1707699491: 16871 101221
1712392321: 15641 109481
1715427451: 29287 58573
1717239889: 26209 65521
1719857129: 30911 55639
1723305403: 9283 185641
1726098337: 1063 1623799
1726996123: 2683 643681
1727495947: 2179 792793
1730711921: 13381 129341
1731742321: 19841 87281
1734254593: 10753 161281
1736159671: 17011 102061
1738466029: 571 1483 2053
1747678927: 20903 83609
1751504581: 12619 138799
1752172003: 29599 59197
1752841441: 13 37 241 15121
1753593031: 29611 59221
1757000341: 8221 213721
1760013487: 13267 132661
1760706811: 29671 59341
1767603367: 3019 585493
1770943201: 157 373 30241
1771386607: 23 397 419 463
1773096931: 17191 103141
1776820033: 24337 73009
1778233969: 18859 94291
1790761883: 19949 89767
1790988571: 43 757 55021
1791966359: 29303 61153
1795141319: 2579 696061
1805837419: 7759 232741
1812187903: 2843 637421
1815985333: 20089 90397
1821051191: 20117 90523
1828182427: 21379 85513
1831558429: 7687 238267
1836964691: 4003 458897
1840580869: 2213 831713
1841569669: 6481 284149
1843067701: 2557 720793
1844028961: 24793 74377
1845611431: 17539 105229
1845674251: 43 757 56701
1857122881: 59 349 90191
1859771713: 6577 282769
1862829169: 13649 136481
1866840223: 12911 144593
1872831871: 9227 202973
1873384561: 8929 209809
1875981313: 8663 216551
1876485691: 30631 61261
1880544907: 21683 86729
1880625319: 15731 119549
1880645581: 9043 207967
1896000841: 7 61 163 27241
1899315631: 2371 801061
1902303721: 30841 61681
1904524903: 30859 61717
1912747633: 337 449 12641
1913422591: 30931 61861
1914423451: 19 61 151 10939
1922905837: 33967 56611
1925941891: 8221 234271
1930819243: 5179 372817
1934297011: 23509 82279
1936254601: 41161 47041
1937105941: 25411 76231
1938998887: 7 19 61 199 1201
1939808261: 17981 107881
1943810299: 9859 197161
1944279053: 5693 341521
1955771767: 36109 54163
1957084741: 13339 146719
1959538027: 27997 69991
1959594019: 13999 139981
1962940981: 8527 230203
1967321903: 28631 68713
1968010243: 61 1201 26863
1977550241: 25121 78721
1988672533: 25747 77239
1989608321: 25121 79201
1992148759: 28229 70571
1993206601: 6133 324997
1995702901: 61 1201 27241
1995784961: 25793 77377
1995839129: 12553 158993
1999743661: 103 307 63241
2000648161: 7561 264601
2007502381: 9343 214867
2018761111: 31771 63541
2019171811: 38321 52691
2019805261: 16987 118903
2029328941: 17027 119183
2030871041: 21649 93809
2032407697: 4049 501953
2034039871: 31891 63781
2036943019: 1999 1018981
2044204163: 20021 102103
2049996961: 30097 68113
2053587733: 1789 1147897
2054711381: 26171 78511
2058328733: 13477 152729
2065751047: 1033 1291 1549
2067673151: 13127 157513
2074076929: 1733 1196813
2075479537: 1249 1661713
2078659927: 127 1117 14653
2078948233: 11059 187987
2086236181: 26371 79111
2089240141: 15991 130651
2094177403: 32359 64717
2094644557: 37369 56053
2095002631: 16183 129457
2096301281: 23911 87671
2101453333: 7 19 199 79399
2112086149: 16879 125131
2114102593: 20563 102811
2114385721: 7 7 19 31 61 1201
2116483027: 23003 92009
2121988051: 151 1201 11701
2133109481: 10079 211639
2137495361: 26693 80077
2138101759: 26083 81973
2140688551: 35617 60103
2142871459: 14639 146381
2143191949: 2371 903919
2144548033: 26737 80209
2146939939: 7723 277993
2147557765: 5 61 1597 4409
2148892903: 32779 65557
2151447229: 20341 105769
2156879833: 1289 1673297
2161870621: 463 1667 2801
2162366251: 23251 93001
2162461663: 41593 51991
2163206711: 23017 93983
2167577527: 23279 93113
2169323861: 26891 80671
2169536191: 9931 218461
2170186021: 32941 65881
2170870787: 13049 166363
2173172017: 12037 180541
2175646177: 67 5347 6073
2180509987: 14767 147661
2181097843: 23 6997 13553
2187844561: 7 7 31 661 2179
2189700833: 27017 81049
2190238861: 6311 347051
2190358171: 19 61 67 67 421
2196839041: 27061 81181
2203663621: 27103 81307
2206018531: 11071 199261
2207560321: 3761 586961
2209471489: 14173 155893
2210184553: 9403 235051
2219008177: 21067 105331
2219222953: 23827 93139
2227002961: 17837 124853
2232778897: 5689 392473
2233031701: 27283 81847
2240157037: 21529 104053
2240486119: 53 59 349 2053
2241915661: 44641 50221
2242724851: 33487 66973
2243273761: 14281 157081
2245114177: 38977 57601
2246809153: 13147 170899
2248028161: 17921 125441
2256488389: 14323 157543
2258907301: 7 7 151 163 1873
2259586621: 31 137 443 1201
2263420459: 19423 116533
2269925759: 8699 260941
2270115493: 36017 63029
2272015777: 15889 142993
2280256513: 18049 126337
2283040759: 19507 117037
2283975761: 89 881 29129
2290647061: 14431 158731
2292068143: 16927 135409
2293055701: 17551 130651
2294228371: 17851 128521
2294455411: 33871 67741
2296116689: 10457 219577
2299240733: 24281 94693
2305872731: 22637 101863
2307480211: 33967 67933
2308966661: 27743 83227
2312840771: 13171 175601
2312963333: 27767 83299
2313521809: 8017 288577
2316278221: 18191 127331
2320644889: 36793 63073
2321151067: 8263 280909
2331181621: 34141 68281
2332775971: 15881 146891
2335522393: 21613 108061
2336969171: 4637 503983
2337336457: 30577 76441
2341336859: 17669 132511
2343622843: 109 2971 7237
2351971051: 7151 328901
2353538251: 25117 93703
2358534361: 547 911 4733
2368671661: 37 73 541 1621
2369148391: 16831 140761
2378604427: 1949 1220423
2379610351: 24391 97561
2380897729: 7 67 5076541
2380914901: 22751 104651
2384515201: 18457 129193
2392024841: 31081 76961
2396487601: 9091 263611
2401922881: 11887 202063
2402348227: 11717 205031
2407398757: 24533 98129
2417408533: 28387 85159
2425249601: 28433 85297
2429035981: 19 139 151 6091
2430315091: 31 61 211 6091
2433791593: 22063 110311
2450856409: 12377 198017
2452465621: 31321 78301
2456536681: 271 1171 7741
2460285941: 2897 849253
2461364407: 1997 1232531
2476660165: 5 7 7 19 443 1201
2476895071: 7 7 31 139 11731
2479326823: 26407 93889
2481889327: 31249 79423
2484408301: 23497 105733
2487542401: 12097 205633
2496458449: 17 11617 12641
2500092013: 18899 132287
2502525637: 25013 100049
2504671261: 8521 293941
2507618977: 3643 688339
2508649201: 23801 105401
2512275281: 461 5449621
2528548177: 19 5347 24889
2530618177: 25153 100609
2534435611: 4111 616501
2534660663: 11867 213589
2535363601: 5153 492017
2540972071: 11 31 2693 2767
2544804811: 35671 71341
2545546903: 2797 910099
2548695241: 45319 56239
2553934957: 7 107 137 24889
2561392189: 32009 80021
2563814611: 12659 202529
2564229133: 3919 654307
2571782317: 13 1789 110581
2575080397: 25373 101489
2575558171: 20719 124309
2575826401: 10151 253751
2578605041: 16333 157877
2579163931: 35911 71821
2583022261: 20749 124489
2584018289: 20753 124513
2585298073: 43 757 79423
2590350751: 7901 327851
2591314831: 7 31 61 163 1201
2594603437: 25469 101873
2597880409: 34819 74611
2603420863: 21757 119659
2603825881: 23557 110533
2608542529: 14593 178753
2615491451: 20879 125269
2622582361: 7 7 31 139 12421
2626647937: 353 1409 5281
2630374741: 211 421 29611
2648931739: 1447 1830637
2656755889: 13309 199621
2658810677: 50321 52837
2662950739: 16319 163181
2664520931: 61 43680671
2676053333: 29867 89599
2677330423: 16363 163621
2700878599: 32869 82171
2701920341: 30011 90031
2702278711: 11 31 61 163 797
2710970473: 8233 329281
2713225901: 3851 704551
2715365971: 36847 73693
2721020849: 13469 202021
2723932801: 30133 90397
2724955633: 1913 1424441
2725581569: 11393 239233
2726539091: 15511 175781
2728730287: 26119 104473
2728997441: 30161 90481
2730075559: 13063 208993
2743738003: 37039 74077
2746649317: 4909 559513
2747671411: 28711 95701
2747760289: 8737 314497
2749008833: 38977 70529
2752336201: 14551 189151
2752534271: 21419 128509
2753430541: 1303 2113147
2759069941: 29137 94693
2761225171: 9931 278041
2761545403: 37159 74317
2763262837: 487 1459 3889
2771392807: 45319 61153
2776874941: 31 43 271 7687
2784633751: 11251 247501
2784648161: 17 97 449 3761
2787580417: 40897 68161
2787954401: 35201 79201
2788663801: 7 11 19 977 1951
2789751763: 16703 167021
2794910581: 281 9946301
2798511643: 11279 248117
2802370801: 42751 65551
2808377281: 13249 211969
2808544523: 15299 183577
2818837309: 3613 780193
2822599333: 2647 1066339
2823379393: 11329 249217
2824854913: 20089 140617
2825491901: 21701 130201
2828124421: 9181 308041
2828698133: 30707 92119
2838798691: 25117 113023
2842912381: 31 61 421 3571
2848142521: 7 61 151 163 271
2860107391: 4691 609701
2867781001: 17851 160651
2868890509: 3119 919811
2872327321: 37897 75793
2874701701: 10133 283697
2876464579: 7333 392263
2878610957: 19813 145289
2880095835: 3 5 67 443 6469
2882463013: 7723 373231
2882495821: 4793 601397
2890316801: 17921 161281
2891537881: 43 211 421 757
2894866241: 7127 406183
2899983841: 151 1201 15991
2903937541: 757 3836113
2908573097: 1277 2277661
2915041501: 15121 192781
2916247819: 8539 341521
2919204001: 7 31 163 82531
2920909421: 61 67 151 4733
2926518337: 12097 241921
2928676747: 27059 108233
2932882093: 25943 113051
2939396293: 4909 598777
2946016891: 22159 132949
2951136343: 19207 153649
2951996209: 14029 210421
2957979943: 30169 98047
2960599001: 3041 973561
2961379207: 13049 226943
2969211301: 7 7 19 151 21121
2970104321: 1217 2440513
2970364459: 45599 65141
2971810297: 5779 514243
2984031679: 34549 86371
2985515317: 1667 1790951
2986417981: 9661 309121
2989580731: 3469 861799
2993344663: 39397 75979
2995097503: 34613 86531
2998890331: 13691 219041
3005168783: 227 1583 8363
3008016259: 8087 371957
3009217771: 7 31 1693 8191
3012414967: 31219 96493
3014101261: 38821 77641
3017211809: 11987 251707
3020445217: 34273 88129
3023722081: 41341 73141
3038113339: 9187 330697
3038424373: 3793 801061
3052862177: 23297 131041
3061261999: 21871 139969
3061397041: 15809 193649
3070556233: 11083 277051
3074083651: 19603 156817
3089454271: 41341 74731
3089540437: 9533 324089
3090054199: 17579 175781
3091366531: 11 31 9065591
3094592099: 4759 650261
3106326673: 1297 2395009
3108809003: 28793 107971
3110830003: 39439 78877
3112723351: 39451 78901
3125829101: 18301 170801
3134777131: 27361 114571
3135040133: 32327 96979
3137756161: 32341 97021
3139399267: 35437 88591
3140672107: 13397 234431
3155535541: 19861 158881
3161757457: 25147 125731
3163106953: 39769 79537
3168011929: 3109 1018981
3175469221: 19 31 67 67 1201
3176875651: 46021 69031
3178637701: 43 757 97651
3181697821: 37 181 475093
3182891401: 151 1201 17551
3184139701: 39901 79801
3189888001: 39937 79873
3190024267: 6163 517609
3191387629: 43759 72931
3192356839: 7 19 67 67 5347
3200985217: 28289 113153
3202626169: 25309 126541
3203854321: 11321 283001
3206203003: 40039 80077
3210223249: 25339 126691
3216762067: 46309 69463
3218812081: 30161 106721
3219552779: 34747 92657
3227422043: 22003 146681
3228044821: 32803 98407
3233558021: 32831 98491
3246529441: 14081 230561
3248719897: 349 9308653
3251288423: 1931 1683733
3258425633: 32957 98869
3260589697: 25537 127681
3267680441: 6473 504817
3270284761: 6961 469801
3270933121: 337 449 21617
3276102787: 28619 114473
3281593591: 40507 81013
3292900183: 36293 90731
3293953411: 7 7 19 151 23431
3296531881: 6121 538561
3299532251: 46901 70351
3301335577: 28729 114913
3304307341: 21727 152083
3304861061: 33191 99571
3306418597: 5113 646669
3324006533: 33287 99859
3326606011: 21061 157951
3326740201: 10711 310591
3326803201: 33301 99901
3335899927: 28879 115513
3336263461: 23581 141481
3347325829: 67 6469 7723
3349997731: 40927 81853
3350863309: 44839 74731
3360511981: 21911 153371
3365742799: 48539 69341
3368710135: 5 7 3889 24749
3370792681: 16103 209327
3371024521: 36721 91801
3373454161: 7 11 19 137 16831
3383477191: 41131 82261
3387014401: 33601 100801
3387685687: 10627 318781
3391564341: 3 11 107 151 6361
3398397773: 16829 201937
3402758647: 47629 71443
3414846277: 23557 144961
3419964451: 19 43 61 163 421
3424667401: 89 1321 29129
3425005091: 50683 67577
3425835769: 569 6020801
3428564767: 3793 903919
3432115807: 6043 567949
3439183567: 56239 61153
3439392769: 37633 91393
3442964671: 41491 82981
3458024753: 2081 1661713
3463907761: 41617 83233
3464378641: 22961 150881
3468797641: 103 1123 29989
3469828477: 29453 117809
3474732689: 197 17638237
3480120871: 10771 323101
3480635929: 23321 149249
3492385607: 14549 240043
3494842327: 10139 344693
3496972951: 5197 672883
3498556231: 12611 277421
3504570301: 397 1783 4951
3505566961: 13 37 241 30241
3512369857: 29633 118529
3520909237: 29669 118673
3527322553: 13537 260569
3533856913: 22469 157277
3542303047: 29759 119033
3543203333: 34367 103099
3553172047: 24593 144479
3554665201: 17 97 449 4801
3561826129: 97 337 108961
3562224961: 38977 91393
3574380739: 14947 239137
3589382569: 10831 331399
3591357631: 8311 432121
3594360001: 57601 62401
3595301537: 25189 142733
3595415687: 6269 573523
3599144371: 12791 281381
3601552249: 26839 134191
3612391451: 52051 69401
3615298435: 5 7 19 163 33353
3620019943: 38053 95131
3621992533: 34747 104239
3631721333: 28409 127837
3640903111: 42667 85333
3642255181: 22811 159671
3647054269: 10847 336227
3651150331: 42727 85453
3657097207: 127 379 75979
3659702911: 38261 95651
3662230333: 11437 320209
3662314417: 41761 87697
3662878591: 15373 238267
3673744903: 42859 85717
3677059549: 2683 1370503
3685414609: 5113 720793
3688530289: 52009 70921
3694944923: 35593 103811
3695127217: 49633 74449
3704072653: 47143 78571
3704116219: 24847 149077
3705308951: 24851 149101
3715793281: 2141 1735541
3716063341: 31 151 661 1201
3726680161: 3361 1108801
3734475737: 7793 479209
3734625997: 19 61 1201 2683
3742812583: 38693 96731
3757028941: 2141 1754801
3770718511: 7 7 19 31 130651
3772081777: 97 257 337 449
3784302721: 38611 98011
3800306971: 43591 87181
3809402481: 3 31 61 151 4447
3809742463: 1759 2165857
3821259331: 43711 87421
3829567021: 7 7 19 151 27241
3829656403: 43759 87517
3832440901: 22861 167641
3835728991: 52817 72623
3842941537: 757 5076541
3849467581: 32831 117251
3851720133: 3 61 4447 4733
3861601129: 28513 135433
3870841409: 12613 306893
3878066641: 15569 249089
3881445751: 31151 124601
3882346903: 44059 88117
3882549169: 34129 113761
3882830653: 13 37 73 110581
3887635753: 44089 88177
3890921317: 31189 124753
3892928203: 44119 88237
3900018373: 18661 208993
3900082987: 3919 995173
3902809021: 839 4651739
3905792071: 14731 265141
3913518997: 163 24009319
3917319841: 44257 88513
3923437501: 16741 234361
3931360651: 151 163 211 757
3931773697: 27941 140717
3936192569: 10457 376417
3944570887: 1559 2530193
3949375949: 48679 81131
3951382753: 44449 88897
3969254201: 11 61 5915431
3971778229: 6607 601147
3972229561: 521 7624241
3975594637: 7 19 1201 24889
3981609601: 401 9929201
3984737791: 25771 154621
3985034023: 19963 199621
3988520801: 30161 132241
3989027533: 19973 199721
3989337301: 9181 434521
4001985233: 5849 684217
4007101001: 21101 189901
4013652061: 38611 103951
4020144133: 36607 109819
4020221245: 5 139 2083 2777
4022233811: 42281 95131
4027574773: 8221 489913
4030637771: 25919 155509
4034370911: 25931 155581
4035028861: 44917 89833
4041356801: 21191 190711
4045222081: 36721 110161
4045241719: 127 229 367 379
4045853557: 10909 370873
4046517379: 51679 78301
4053628001: 29473 137537
4057579381: 7213 562537
4059250651: 52021 78031
4062324401: 97 3313 12641
4067731691: 40531 100361
4070486701: 6581 618521
4073577569: 17981 226549
4076107811: 55291 73721
4077288811: 18061 225751
4082214949: 20341 200689
4082247781: 27791 146891
4091146291: 19 31 43 163 991
4098318481: 24197 169373
4106874979: 28403 144593
4111540669: 39079 105211
4114494721: 41161 99961
4121703011: 8861 465151
4127077459: 743 5554613
4128337693: 22717 181729
4151238037: 47279 87803
4169714761: 241 541 31981
4176432751: 2851 1464901
4180766341: 60961 68581
4181546951: 8297 503983
4200253513: 11833 354961
4217739181: 24547 171823
4219113901: 24551 171851
4229316097: 457 761 12161
4238212609: 55021 77029
4243002619: 20599 205981
4247403001: 20113 211177
4254610231: 13907 305933
4256766511: 56503 75337
4256861071: 30757 138403
4260263561: 1741 2447021
4262495851: 229 2251 8269
4289393281: 37813 113437
4291730895: 3 5 67 67 63737
4291831051: 28051 153001
