9: 3 3
15: 3 5
25: 5 5
45: 3 3 5
75: 3 5 5
125: 5 5 5
175: 5 5 7
225: 3 3 5 5
375: 3 5 5 5
481: 13 37
1125: 3 3 5 5 5
2701: 37 73
3015: 3 3 5 67
3585: 3 5 239
3601: 13 277
4795: 5 7 137
5713: 29 197
6943: 53 131
7501: 13 577
8911: 7 19 67
8955: 3 3 5 199
10021: 11 911
10249: 37 277
11175: 3 5 5 149
13333: 67 199
14701: 61 241
17893: 29 617
18721: 97 193
21349: 37 577
25125: 3 5 5 5 67
29341: 13 37 61
35371: 7 31 163
35881: 53 677
39601: 199 199
41125: 5 5 5 7 47
42059: 137 307
42121: 73 577
42127: 103 409
44173: 163 271
45141: 3 41 367
45601: 31 1471
48133: 127 379
51375: 3 5 5 5 137
53775: 3 3 5 5 239
62605: 5 19 659
63139: 103 613
74625: 3 5 5 5 199
78409: 89 881
79003: 199 397
88687: 131 677
88831: 211 421
104653: 229 457
108019: 109 991
115125: 3 5 5 5 307
115921: 13 37 241
119341: 131 911
121549: 197 617
133237: 13 37 277
159829: 277 577
166365: 3 3 5 3697
167125: 5 5 5 7 191
179371: 181 991
182527: 349 523
191351: 179 1069
219661: 13 61 277
221761: 211 1051
223777: 109 2053
226801: 337 673
232261: 29 8009
246601: 19 12979
247699: 67 3697
250717: 409 613
262873: 13 73 277
268903: 109 2467
277537: 13 37 577
294061: 157 1873
347777: 457 761
372457: 19 19603
373381: 61 6121
382523: 179 2137
385003: 439 877
407389: 307 1327
437251: 331 1321
442471: 421 1051
456301: 181 2521
457561: 13 61 577
497377: 353 1409
497503: 499 997
514447: 359 1433
548497: 53 79 131
556417: 139 4003
599985: 3 3 5 67 199
636641: 461 1381
651511: 7 163 571
671977: 367 1831
689323: 263 2621
701521: 317 2213
721801: 601 1201
735703: 199 3697
741751: 431 1721
867841: 13 241 277
868757: 457 1901
878233: 593 1481
890149: 13 68473
927081: 3 3 239 431
994507: 499 1993
1003213: 379 2647
1024651: 19 199 271
1108375: 5 5 5 8867
1138861: 223 5107
1164083: 509 2287
1169101: 541 2161
1251521: 401 3121
1302451: 571 2281
1306199: 467 2797
1350337: 97 13921
1376663: 643 2141
1386375: 3 5 5 5 3697
1446661: 761 1901
1461241: 37 73 541
1472065: 5 7 137 307
1475161: 241 6121
1484881: 461 3221
1492663: 773 1931
1529317: 277 5521
1558477: 37 73 577
1576261: 379 4159
1577773: 197 8009
1584133: 727 2179
1584523: 163 9721
1658385: 3 3 5 137 269
1673201: 659 2539
1685191: 31 54361
1689751: 7 241393
1752589: 179 9791
1756351: 271 6481
1773289: 7 19 67 199
1782045: 3 3 5 199 199
1807741: 13 241 577
1905763: 83 22961
1922125: 5 5 5 15377
1987021: 997 1993
2030341: 823 2467
2034523: 991 2053
2076313: 29 71597
2077777: 13 277 577
2178639: 3 3 67 3613
2253751: 751 3001
2284453: 1069 2137
2350297: 163 14419
2444797: 991 2467
2498311: 991 2521
2533501: 37 68473
2634391: 271 9721
2653267: 67 199 199
2662897: 17 156641
2686753: 193 13921
2722721: 953 2857
2834599: 53 79 677
2836051: 211 13441
2944201: 13 37 6121
3093697: 787 3931
3167539: 727 4357
3195289: 163 19603
3204241: 677 4733
3235699: 1609 2011
3338221: 691 4831
3363121: 1297 2593
3524921: 29 197 617
3537667: 7 19 67 397
3572381: 1667 2143
3666469: 79 46411
3900997: 199 19603
3907549: 271 14419
3942271: 811 4861
4075553: 389 10477
4113841: 563 7307
4128703: 643 6421
4136257: 173 23909
4177507: 1669 2503
4181921: 1181 3541
4229601: 3 41 137 251
4253851: 7 31 19603
4336669: 127 34147
4368619: 523 8353
4384693: 1873 2341
4448201: 1381 3221
4543621: 1231 3691
4548059: 263 17293
4700411: 53 131 677
4705873: 293 16061
4734127: 487 9721
4797253: 19 163 1549
4805201: 1201 4001
4892551: 151 32401
4936051: 181 27271
4941553: 617 8009
4962497: 743 6679
4998529: 73 68473
4999875: 3 5 5 5 67 199
5064751: 2053 2467
5095177: 1129 4513
5146759: 1213 4243
5194051: 1861 2791
5312413: 271 19603
5405833: 233 23201
5481451: 31 151 1171
5489641: 1657 3313
5627953: 613 9181
5652191: 971 5821
5658661: 421 13441
5689093: 509 11177
5836861: 37 73 2161
5913673: 37 277 577
5998033: 37 162109
6034825: 5 5 241393
6249541: 1021 6121
6362965: 5 7 137 1327
6774499: 1063 6373
6789271: 2053 3307
6885751: 31 151 1471
6969511: 1867 3733
7006273: 79 131 677
7071181: 13 37 61 241
7162429: 1093 6553
7285063: 373 19531
7512517: 37 277 733
7551361: 829 9109
7782391: 397 19603
8056951: 7 41 67 419
8132651: 251 32401
8163877: 29 197 1429
8231653: 2029 4057
8289601: 661 12541
8344397: 823 10139
8385191: 683 12277
8437339: 919 9181
8671933: 557 15569
8766473: 23 563 677
8880449: 1217 7297
8883385: 5 7 253811
8902741: 1723 5167
8959567: 947 9461
9206623: 307 29989
9444943: 1087 8689
9493903: 2179 4357
9585541: 7 31 163 271
9721297: 17 571841
9726301: 13 37 73 277
9728863: 1973 4931
9780409: 1399 6991
9810841: 1301 7541
9863461: 2221 4441
9993631: 1291 7741
9998189: 173 57793
10185841: 37 61 4513
10466579: 1069 9791
10582525: 5 5 19 22279
10700761: 113 281 337
10772341: 821 13121
11004737: 857 12841
11008873: 2647 4159
11036551: 1051 10501
11146455: 3 3 5 67 3697
11833957: 73 162109
11841919: 349 33931
12015631: 31 331 1171
12297281: 1601 7681
12498643: 937 13339
12941713: 379 34147
13086541: 13 241 4177
13107931: 199 199 331
13114001: 2371 5531
13404751: 1831 7321
13545001: 29 617 757
13694761: 2617 5233
13769033: 1811 7603
14104609: 197 71597
14126491: 1051 13441
14471321: 1987 7283
14608133: 2207 6619
14794081: 2221 6661
14833501: 661 22441
14850375: 3 5 5 5 199 199
15278131: 11 563 2467
15313075: 5 5 367 1669
15721597: 199 199 397
15772125: 3 5 5 5 137 307
16046641: 13 37 73 457
16253551: 2851 5701
16520533: 2347 7039
16532821: 37 73 6121
16755481: 1831 9151
16773763: 3547 4729
17645689: 1879 9391
17745913: 523 33931
17812873: 13 29 37 1277
17974529: 89 201961
18366937: 1429 12853
18736381: 3061 6121
18967021: 277 68473
19103809: 1129 16921
19578847: 3613 5419
20250547: 563 35969
20310751: 3187 6373
20923367: 2137 9791
21575711: 1063 20297
21578377: 3793 5689
22041721: 13 277 6121
22055881: 1303 16927
22266487: 3853 5779
22787461: 73 541 577
22884131: 509 44959
23012375: 5 5 5 47 3917
23382529: 97 193 1249
23464033: 2797 8389
23737715: 5 199 23857
23915893: 3697 6469
24464149: 1237 19777
24550241: 2861 8581
24551341: 61 277 1453
24993877: 103 242659
25052527: 2503 10009
25181809: 643 39163
25386817: 547 46411
25448893: 1303 19531
25561799: 2287 11177
25601969: 2689 9521
25823851: 103 409 613
26017291: 3607 7213
26038171: 31 571 1471
26115107: 467 55921
26272457: 1709 15373
26280073: 73 157 2293
26332181: 2963 8887
26353601: 3361 7841
26424311: 2099 12589
27025561: 991 27271
27191011: 1789 15199
27509653: 3709 7417
27532657: 2347 11731
27956503: 3739 7477
28213333: 3067 9199
28419679: 109 127 2053
28647253: 1693 16921
29440801: 13 241 9397
29581501: 4441 6661
29805049: 1873 15913
30141469: 29 757 1373
30185569: 1657 18217
31091989: 1913 16253
31098169: 1297 23977
31181581: 2111 14771
31199923: 3533 8831
31817633: 3257 9769
32095057: 2833 11329
32105269: 7 19 241393
32687591: 53 677 911
32817151: 4051 8101
32935513: 13 37 68473
32967281: 761 43321
33106635: 3 3 5 199 3697
34772107: 137 253811
34967815: 5 43 162641
35078413: 2239 15667
36291193: 113 337 953
36364861: 13 457 6121
36600841: 229 277 577
36876481: 4801 7681
37252333: 2341 15913
37649503: 4339 8677
37964809: 109 379 919
39460261: 659 59879
39469519: 47 829 1013
39508921: 577 68473
40198891: 4793 8387
41657821: 1021 40801
41710411: 4567 9133
42243775: 5 5 7 241393
42263263: 7 271 22279
42474547: 3259 13033
42568681: 617 68993
43270111: 1861 23251
43842723: 3 59 67 3697
44175349: 617 71597
44482901: 3851 11551
44552993: 2633 16921
45085559: 827 54517
45324953: 2621 17293
45411241: 1471 30871
45755417: 29 197 8009
45786133: 3907 11719
45913621: 13 577 6121
46532911: 307 151573
46672291: 4831 9661
47323831: 941 50291
47620663: 1627 29269
47787881: 1031 46351
47953621: 31 1171 1321
48316969: 3109 15541
48406177: 127 563 677
48507331: 2011 24121
48614491: 1487 32693
49292101: 67 199 3697
49581331: 1087 45613
49706053: 229 217057
49923661: 2671 18691
50215231: 11 911 5011
50839267: 2131 23857
50925181: 5903 8627
51619133: 389 132697
51627817: 3593 14369
51685889: 5569 9281
51803821: 31 971 1721
51876301: 5881 8821
52312921: 199 199 1321
52382281: 7 31 241393
52493647: 3623 14489
52882513: 2749 19237
52936801: 4201 12601
52938301: 13 61 241 277
53484209: 4721 11329
54816059: 3023 18133
55464481: 3331 16651
56425517: 647 87211
57068701: 1951 29251
58552537: 29 37 197 277
59218513: 2909 20357
59309251: 3851 15401
59318533: 4447 13339
60033403: 5479 10957
60155929: 3469 17341
60352921: 3313 18217
60547831: 1471 41161
60616375: 5 5 5 239 2029
60996097: 2017 30241
61078931: 3191 19141
61230943: 2767 22129
61543681: 1153 53377
62172361: 2593 23977
62813041: 401 156641
63001801: 6481 9721
63523583: 4519 14057
63656731: 1171 54361
64893541: 2791 23251
65565457: 4049 16193
66007061: 4691 14071
66215647: 109 613 991
66469981: 2053 32377
66994471: 7321 9151
67761121: 3361 20161
68133469: 1483 45943
68278141: 73 577 1621
68750191: 2521 27271
69706935: 3 3 5 419 3697
70466761: 911 77351
72611701: 4261 17041
72821719: 2699 26981
73041853: 277 457 577
73289861: 4943 14827
73429189: 29 197 12853
73517501: 7001 10501
73612813: 53 563 2467
73981657: 3847 19231
74379713: 2113 35201
75776581: 163 397 1171
76364473: 4513 16921
76414927: 6911 11057
76572371: 2063 37117
76877749: 13 37 277 577
76966991: 5849 13159
77536097: 353 219649
77594653: 6229 12457
77810125: 5 5 5 622481
77919977: 307 253811
78274621: 1291 60631
78892633: 73 577 1873
79400213: 7717 10289
79417801: 2971 26731
79698277: 2633 30269
79965031: 1471 54361
80045701: 283 282847
80530871: 2591 31081
80918281: 6361 12721
81466507: 8443 9649
82353221: 1901 43321
82574509: 7039 11731
83847983: 2141 39163
84164033: 5297 15889
84350561: 107 743 1061
84568201: 2551 33151
84749051: 3691 22961
84811483: 109 379 2053
85201117: 1039 82003
86067367: 4639 18553
86456581: 61 241 5881
87558127: 4679 18713
87650413: 3539 24767
88126421: 5749 15329
89984821: 61 241 6121
90278161: 103 409 2143
90970133: 5507 16519
91023481: 73 577 2161
91666151: 107 856693
91924093: 1399 65707
92696911: 3931 23581
92887125: 3 5 5 5 67 3697
93049969: 1733 53693
93311573: 2789 33457
93361381: 211 421 1051
93431521: 5581 16741
93432401: 643 145307
93536893: 577 162109
95179125: 3 5 5 5 253811
95391217: 37 73 35317
95452781: 3989 23929
97071211: 6967 13933
97083251: 6569 14779
97551653: 4519 21587
97865737: 6257 15641
98336503: 67 397 3697
98605261: 73 577 2341
99195049: 457 217057
99247531: 409 242659
100138875: 3 5 5 5 267037
101547217: 4507 22531
101722081: 269 378149
102821233: 2287 44959
103983907: 5099 20393
104015881: 31 1471 2281
105857537: 2657 39841
106314931: 4861 21871
106873831: 379 281989
107070739: 3307 32377
107486413: 3919 27427
108217247: 1879 57593
109002511: 5581 19531
109349505: 3 3 5 199 12211
110272201: 13 61 241 577
110436481: 3169 34849
110555971: 4957 22303
110631841: 6073 18217
110648161: 13 241 35317
110929939: 3613 30703
112338353: 2689 41777
113197061: 6143 18427
113605201: 7537 15073
114661675: 5 5 19 241393
114759793: 2143 53551
115228801: 4801 24001
115497901: 71 251 6481
116617289: 2357 49477
117463789: 37 73 157 277
117803575: 5 5 307 15349
118425817: 503 235439
118566533: 6287 18859
118720339: 1607 73877
119397015: 3 3 5 67 199 199
119972161: 661 181501
121269475: 5 5 499 9721
121820887: 5519 22073
122459119: 2767 44257
124654897: 17 7332641
125779725: 3 3 5 5 239 2339
126440731: 4591 27541
126643843: 829 152767
126748441: 2731 46411
127223955: 3 3 5 67 42197
128540101: 1301 98801
128950249: 43 1553 1931
129338749: 757 170857
129353251: 1951 66301
129677521: 61 241 8821
130743409: 7177 18217
131256451: 4051 32401
131915593: 10273 12841
132564331: 4861 27271
133174369: 5381 24749
133441001: 3851 34651
133655521: 9601 13921
134068411: 1471 91141
134176771: 8191 16381
134213275: 5 5 7 439 1747
135013451: 41 1151 2861
135163471: 2141 63131
135798067: 1999 67933
136347859: 8867 15377
136790161: 4421 30941
136996575: 3 5 5 67 137 199
137200981: 6763 20287
137263537: 1747 78571
137289901: 7 67 199 1471
139935601: 13 101 197 541
140167099: 9721 14419
140410037: 1613 87049
142522381: 883 161407
143113651: 2551 56101
143305037: 29 617 8009
144505271: 137 443 2381
145072351: 109 739 1801
145377277: 6029 24113
145820503: 8539 17077
145863911: 4931 29581
146272901: 6983 20947
146404897: 199 199 3697
146481193: 5413 27061
147039751: 9901 14851
148215481: 4201 35281
148652767: 3259 45613
148749967: 613 242659
149599391: 2039 73369
150155039: 5003 30013
151677721: 13 73 277 577
153149401: 37 73 56701
154287451: 6211 24841
154543561: 37 61 68473
156411037: 2797 55921
157368661: 7243 21727
157478017: 7937 19841
157528501: 13 577 21001
157557877: 37 277 15373
158175343: 4447 35569
158244871: 41 71 54361
158279661: 3 3 67 71 3697
158642041: 2749 57709
158954095: 5 19 659 2539
160378861: 4787 33503
160637269: 13 12356713
160661775: 3 5 5 239 8963
161184013: 4799 33587
161768161: 97 193 8641
162243091: 9007 18013
162753031: 7 19 331 3697
163140847: 10429 15643
164187601: 1831 89671
164436553: 3557 46229
164482741: 241 317 2153
164961763: 5477 30119
165180377: 761 217057
166379557: 5419 30703
166595131: 9127 18253
168716771: 7717 21863
169746337: 5827 29131
171147601: 5851 29251
172035841: 7573 22717
172436713: 4153 41521
172789601: 3253 53117
172907281: 5881 29401
173678203: 9319 18637
173915411: 12511 13901
174211201: 8641 20161
174392299: 8929 19531
174682333: 7 19 67 19603
175843471: 12277 14323
177479011: 3331 53281
177896951: 11551 15401
177927641: 881 201961
178918741: 7723 23167
179499769: 2287 78487
179596261: 13 37 61 6121
179740321: 97 193 9601
180484163: 3167 56989
181799213: 11677 15569
181948651: 131 563 2467
183385357: 29 37 277 617
183524111: 5531 33181
183968717: 191 963187
184259623: 3919 47017
184945573: 37 73 68473
185630821: 31 41 146051
185653333: 7867 23599
186125633: 7877 23629
187176601: 6841 27361
187761241: 2741 68501
189941761: 257 641 1153
190212181: 7963 23887
190494961: 11953 15937
190560763: 9721 19603
190999591: 8741 21851
193565761: 9601 20161
194159881: 5689 34129
195106237: 3607 54091
196064551: 199 199 4951
196287391: 9907 19813
196773733: 13 37 577 709
200600569: 13 29 37 73 197
200621989: 11971 16759
200665141: 13781 14561
201080461: 29 61 197 577
201137371: 1327 151573
201261061: 8191 24571
201852091: 7 1471 19603
204793057: 7 2029 14419
206068409: 2393 86113
206171893: 5077 40609
206304961: 8293 24877
207896063: 12487 16649
208125901: 5101 40801
209213929: 6469 32341
209802581: 8363 25087
210789151: 859 245389
210830401: 3169 66529
211318251: 3 47 461 3251
212400151: 6361 33391
213479639: 4783 44633
213488991: 3 3 199 199 599
213835861: 19 31 43 8443
214541609: 11777 18217
216565763: 4523 47881
216762671: 6011 36061
217771681: 1129 192889
217815193: 1499 145307
217845101: 199 199 5501
221763007: 109 991 2053
223024783: 4723 47221
223570573: 11821 18913
223942951: 211 421 2521
224948407: 10289 21863
225197887: 12253 18379
226437979: 4759 47581
226637371: 5323 42577
226810369: 3889 58321
226953631: 2131 106501
227142241: 11393 19937
227864599: 6163 36973
228000197: 12329 18493
229239451: 7 31 163 6481
229308241: 401 571841
229476025: 5 5 271 33871
230931121: 31 71 239 439
231779659: 9629 24071
232661521: 3181 73141
235265977: 2287 102871
236452129: 15377 15377
237592879: 9749 24371
238001653: 10909 21817
239806561: 8941 26821
242447441: 2711 89431
243776389: 1019 239231
244775425: 5 5 439 22303
245006623: 4519 54217
245309461: 9043 27127
246571273: 13 277 68473
247485109: 229 577 1873
247920661: 9091 27271
248265145: 5 107 464047
249742921: 6121 40801
249993101: 13693 18257
251465623: 6421 39163
251556787: 3547 70921
252572737: 1223 206519
254427337: 12979 19603
255152401: 7 151 241393
255361163: 3767 67789
255866131: 11311 22621
255883601: 37 101 68473
256630529: 12409 20681
257572069: 131 797 2467
257822641: 73 577 6121
257894149: 2677 96337
258384421: 127 991 2053
259346221: 8821 29401
260615041: 97 193 13921
260736341: 9323 27967
261596719: 503 520073
261703417: 8089 32353
262480501: 8101 32401
262825483: 7307 35969
263128951: 8111 32441
263720953: 1453 181501
265280989: 1429 185641
265687567: 13309 19963
265696843: 103 2579581
265877329: 1489 178561
266482873: 109 991 2467
268526303: 9923 27061
268626181: 9463 28387
269731841: 4241 63601
269856193: 977 276209
271763467: 8243 32969
274214261: 14341 19121
275888625: 3 5 5 5 199 3697
276612997: 3037 91081
277402375: 5 5 5 19 271 431
280074001: 4001 70001
280312003: 11839 23677
280661281: 13921 20161
281432581: 12541 22441
281767579: 607 464197
282655657: 14419 19603
283425643: 8353 33931
285111667: 8443 33769
285350599: 1669 170971
285542711: 6899 41389
285868975: 5 5 7 1231 1327
286721353: 7573 37861
286984321: 13 37 61 9781
288630343: 6007 48049
288769771: 19 1171 12979
290375801: 3719 78079
290698321: 6961 41761
291646697: 5693 51229
292016323: 2467 118369
292036769: 11393 25633
292776751: 1283 228197
293229281: 761 385321
294297569: 1229 239461
294371117: 14009 21013
294727159: 199 1481041
295785751: 13001 22751
296792497: 5743 51679
297268921: 61 73 241 277
298204831: 12211 24421
302580737: 769 393473
303445897: 1669 181813
303448459: 14057 21587
307061371: 12391 24781
309485441: 1409 219649
309935663: 9643 32141
310062433: 13921 22273
311102287: 2141 145307
311671361: 10193 30577
313127803: 2503 125101
313189519: 1669 187651
314184487: 8863 35449
314681491: 2371 132721
316136575: 5 5 877 14419
316975751: 3251 97501
317749693: 4603 69031
320808331: 19 1171 14419
321888451: 53 677 8971
322231573: 53 131 46411
325420597: 4139 78623
326192129: 2713 120233
326561077: 1693 192889
326968471: 16741 19531
328135051: 4051 81001
330601237: 16927 19531
330606937: 3637 90901
331285369: 229 761 1901
331623307: 14869 22303
332836813: 19 43 307 1327
333476353: 7 19 67 37423
335385409: 4729 70921
335914979: 10039 33461
338753227: 9203 36809
338987921: 5591 60631
343841491: 7 31 163 9721
343857973: 2677 128449
345545201: 13729 25169
346640029: 1597 217057
346859521: 10753 32257
348566401: 7057 49393
349180591: 16183 21577
349847153: 2357 148429
350403691: 11 211 223 677
352109761: 593 593777
352884511: 7 19 67 199 199
355888963: 191 419 4447
356604421: 10903 32707
356708657: 4877 73141
359696431: 13411 26821
360329581: 1171 307711
361173691: 7759 46549
363941467: 9539 38153
364652381: 4931 73951
364754413: 7219 50527
368113411: 43 631 13567
370740833: 11117 33349
371376631: 13627 27253
373632673: 6113 61121
374607625: 5 5 5 7 47 9109
374753633: 11177 33529
377434081: 97 193 20161
377840321: 2113 178817
379363267: 9739 38953
379873229: 7549 50321
381212125: 5 5 5 7 191 2281
382536001: 31 71 151 1151
383793541: 11311 33931
390158383: 7213 54091
395044651: 199 859 2311
395916613: 29 37 197 1873
396331357: 8689 45613
397744247: 1487 267481
397758817: 9521 41777
399224611: 3919 101869
400253701: 11551 34651
402497551: 16381 24571
403720601: 17401 23201
405143861: 2819 143719
405739681: 229 457 3877
406122361: 4297 94513
407326771: 9343 43597
407370151: 9181 44371
408917087: 179 1069 2137
409033661: 29 197 71597
410361641: 4421 92821
412625357: 1901 217057
413180659: 1063 388693
413797681: 11 109 563 613
415108891: 14407 28813
416382209: 353 1179553
419861137: 9109 46093
421942951: 10271 41081
423195323: 5939 71257
423587851: 41 251 41161
424766911: 12721 33391
425062909: 1559 272651
427940413: 2503 170971
429405733: 163 271 9721
432224101: 61 241 29401
432523051: 16981 25471
432844273: 757 571789
434181529: 9319 46591
434358331: 11 1051 37571
434499625: 5 5 5 7 599 829
434735731: 67 331 19603
436919629: 2819 154991
437856409: 37 73 162109
437866087: 10463 41849
438111463: 18127 24169
440500999: 3319 132721
443491599: 3 199 199 3733
444869713: 9433 47161
447330223: 109 1999 2053
448399873: 1549 289477
448563127: 17293 25939
450640667: 17333 25999
451118981: 12263 36787
452194291: 181 991 2521
455077939: 2503 181813
455888833: 2609 174737
457117697: 2087 219031
457198381: 37 12356713
459357637: 6991 65707
462311851: 2861 161591
463048561: 733 631717
466679431: 4831 96601
469121269: 8389 55921
469344571: 7741 60631
469690453: 2503 187651
470113351: 491 911 1051
470120257: 9697 48481
470563813: 1129 416797
471272299: 8863 53173
474454891: 13339 35569
474970501: 12583 37747
475314641: 233 2039977
475705889: 2129 223441
475992397: 10909 43633
482120827: 10979 43913
482278861: 17011 28351
488640577: 18049 27073
488876561: 3121 156641
490057837: 11069 44273
490292107: 1291 379777
491646403: 15679 31357
491848897: 7393 66529
493961737: 11113 44449
494022475: 5 5 199 199 499
495411859: 7039 70381
496299035: 5 199 239 2087
496665577: 9967 49831
498059647: 11159 44633
498703291: 14797 33703
501802481: 17 29517793
501846625: 5 5 5 7 59 9721
502506743: 11177 44959
510348151: 19 829 32401
511045121: 19937 25633
511203551: 18461 27691
511408171: 15991 31981
512933041: 3943 130087
513615973: 13 577 68473
513993593: 29 2213 8009
514544941: 29 1873 9473
515866303: 11971 43093
516542183: 569 907807
524967481: 6481 81001
526604761: 271 1321 1471
526926553: 6367 82759
528043753: 16249 32497
530717833: 10303 51511
532094413: 8719 61027
532258271: 9419 56509
533484001: 15121 35281
533600033: 13337 40009
533660051: 15401 34651
534129877: 3907 136711
535912801: 2351 227951
537926899: 14669 36671
539019361: 16417 32833
541158853: 14713 36781
542003617: 19009 28513
542761301: 13451 40351
543191461: 421 523 2467
545290111: 2207 247073
545738203: 16519 33037
549538081: 29 61 241 1289
549557251: 19141 28711
552057859: 109 2053 2467
552564937: 8009 68993
556685191: 10061 55331
557058133: 13627 40879
558024193: 2399 232607
559059481: 211 1051 2521
559429051: 41 251 54361
563298061: 8971 62791
564084841: 241 661 3541
569784403: 16879 33757
572766251: 19541 29311
573183451: 11971 47881
573420373: 8009 71597
577962323: 12671 45613
581943421: 541 1075681
582680407: 463 613 2053
583754509: 13 277 162109
584868181: 13963 41887
586830577: 15859 37003
587336401: 17137 34273
587444287: 12119 48473
587973277: 397 1481041
590356357: 12149 48593
591043771: 17191 34381
591698911: 9931 59581
591717787: 12163 48649
592337719: 109 2053 2647
594474229: 13033 45613
596995747: 7727 77261
599134801: 3301 181501
600570811: 9433 63667
608016599: 10067 60397
608917753: 17449 34897
609688801: 20161 30241
610573741: 37 241 68473
612896827: 2539 241393
614009411: 659 931729
622157779: 67 199 46663
624761881: 5521 113161
627157151: 431 1455121
629779921: 29 61 577 617
634239409: 4049 156641
635411947: 13807 46021
636111451: 12611 50441
636442003: 17839 35677
636930487: 163 271 14419
639283471: 1987 321733
639999841: 13 37 241 5521
640113193: 8209 77977
647679397: 5839 110923
647817913: 11383 56911
648315181: 16339 39679
648328801: 61 241 44101
649537021: 7 19 1321 3697
650659073: 3803 171091
650930461: 1877 346793
651014989: 8069 80681
652393421: 12041 54181
653170033: 6199 105367
655219207: 12799 51193
656189101: 8101 81001
656481391: 7321 89671
656723161: 18121 36241
659300617: 6449 102233
661124077: 457 761 1901
661686871: 22621 29251
664574653: 18229 36457
665743429: 13 73 317 2213
670271473: 73 577 15913
671138425: 5 5 19 397 3559
674234201: 10601 63601
677419531: 8231 82301
680860351: 18451 36901
681872231: 15991 42641
683177617: 89 881 8713
685291421: 23087 29683
685667317: 13093 52369
690960961: 3457 199873
691395871: 7591 91081
696176449: 2113 329473
698959561: 7333 95317
701454979: 23689 29611
701779777: 37 277 68473
703995733: 7 19 67 199 397
704790067: 7829 90023
707000897: 9521 74257
707898949: 83 8528903
707917261: 61 577 20113
709552441: 13 37 241 6121
711675667: 13339 53353
712127599: 5209 136711
712650881: 15413 46237
713070469: 16889 42221
713197939: 10903 65413
713983141: 10909 65449
714490481: 16369 43649
716483821: 4273 167677
717096641: 15461 46381
720452701: 13421 53681
721469971: 1531 471241
722195587: 16759 43093
723935801: 491 1474411
726792535: 5 7 137 151573
727459921: 7481 97241
729094843: 9547 76369
732495221: 1901 385321
732736621: 19141 38281
733603069: 19603 37423
738820351: 13591 54361
739643491: 19231 38461
740575441: 61 541 22441
741470549: 11117 66697
743233537: 23041 32257
744380875: 5 5 5 7 59 14419
745058341: 7541 98801
746424883: 2647 281989
750363853: 8233 91141
750631033: 12253 61261
757639387: 13763 55049
758493601: 15901 47701
763380619: 547 1395577
765038737: 25873 29569
765947911: 11299 67789
767553151: 22621 33931
768607093: 23431 32803
769038901: 4519 170179
769926529: 1867 412387
771084217: 379 991 2053
772158733: 9137 84509
774359371: 853 907807
775165789: 17609 44021
776298403: 199 199 19603
776728661: 16091 48271
778301749: 3907 199207
780378881: 9601 81281
780457399: 17669 44171
787410721: 9721 81001
789375511: 19867 39733
794096341: 31 25616011
794334001: 18451 43051
797563229: 13567 58787
800055367: 14143 56569
802437679: 16759 47881
803014241: 16361 49081
804687691: 3391 237301
805142959: 9733 82723
805815271: 31 41 431 1471
806675689: 3637 221797
807115753: 20089 40177
808914881: 16421 49261
811359649: 12739 63691
811664101: 53 677 22621
813493891: 7 199 397 1471
813834127: 23293 34939
816024161: 16493 49477
820579321: 9151 89671
821798101: 181 1801 2521
826380991: 9091 90901
826945621: 16603 49807
832033373: 25439 32707
832656701: 7451 111751
833342177: 9623 86599
836159801: 4241 197161
838246483: 3019 277657
839300611: 8941 93871
841529989: 3877 217057
844891301: 12211 69191
845653375: 5 5 5 7 47 20563
845951767: 14543 58169
846975361: 3361 252001
849606031: 20611 41221
850616353: 2131 399163
853351489: 3169 269281
857100421: 16903 50707
857511883: 4519 189757
857538991: 20707 41413
858602263: 6907 124309
860088337: 22717 37861
864127447: 8233 104959
865923319: 163 271 19603
866008153: 20809 41617
868316467: 18637 46591
868804201: 1801 482401
870178775: 5 5 2539 13709
870508057: 4513 192889
872014487: 4019 216973
879383737: 1481 593777
885594169: 13309 66541
886987471: 1931 459341
887181931: 16651 53281
891706861: 199 397 11287
892002493: 1549 575857
892938619: 15973 55903
896510269: 19 163 289477
897327325: 5 5 1831 19603
897557977: 2857 314161
901526715: 3 3 5 199 100673
902040049: 73 12356713
903326689: 19009 47521
914195537: 10079 90703
914628719: 12347 74077
916497891: 3 3 67 71 21407
916719931: 181 2053 2467
916759397: 29 37 197 4337
922238101: 5689 162109
925198081: 11497 80473
930688543: 109 2053 4159
932098133: 17627 52879
933262261: 9661 96601
936662687: 24989 37483
937568321: 15991 58631
938035099: 6007 156157
939945001: 20071 46831
940299517: 563 677 2467
949358801: 10271 92431
950371003: 21799 43597
951941161: 21817 43633
952791001: 337 673 4201
954361321: 16921 56401
955371871: 12619 75709
956516653: 743 1287371
960805567: 25309 37963
962375941: 17911 53731
972372601: 5791 167911
973485941: 197 617 8009
978818891: 3011 325081
979363153: 22129 44257
980880317: 8087 121291
981553039: 2687 365297
982585531: 11083 88657
982761561: 3 3 67 947 1721
983676475: 5 5 163 241393
985102375: 5 5 5 47 167677
985219061: 823 1197107
987130421: 6047 163243
989034061: 11887 83203
991523479: 499 997 1993
991722439: 109 991 9181
993040687: 9293 106859
994362175: 5 5 2029 19603
994885141: 18211 54631
994975125: 3 5 5 5 67 199 199
998697031: 47 461 46093
1002071071: 20021 50051
1002261781: 61 157 229 457
1002728761: 8783 114167
1008777001: 15881 63521
1015339441: 13009 78049
1015753601: 18401 55201
1018269949: 1237 823177
1018877511: 3 41 367 22571
1023430591: 11311 90481
1024757581: 211 1051 4621
1025956037: 26153 39229
1030401901: 19 31 59 149 199
1031842729: 4789 215461
1032685289: 7013 147253
1037750617: 14407 72031
1040295691: 22807 45613
1040944185: 3 3 5 239 96787
1049555131: 53 677 29251
1049863231: 22621 46411
1053732751: 16231 64921
1055048629: 409 2579581
1057062913: 12289 86017
1060567033: 29 197 185641
1060794769: 13297 79777
1061254405: 5 19 43 239 1087
1064519011: 23071 46141
1077710687: 21191 50857
1079063371: 19 43 199 6637
1080331201: 7541 143261
1081607311: 127 181 211 223
1085117101: 12451 87151
1085447149: 8237 131777
1087101181: 37 73 277 1453
1091962499: 107 10205257
1093270511: 13499 80989
1093423211: 199 199 27611
1098000091: 23431 46861
1098433051: 27061 40591
1099085791: 28711 38281
1104194521: 23497 46993
1105782913: 12569 87977
1110148033: 19237 57709
1112591899: 7459 149161
1113054671: 7621 146051
1114075387: 27253 40879
1114323841: 6961 160081
1117202557: 4549 245593
1117785881: 15761 70921
1125915919: 18379 61261
1127645821: 491 911 2521
1136940031: 19 2683 22303
1138055839: 5623 202393
1139434453: 23869 47737
1142300503: 23899 47797
1144594639: 163 487 14419
1148581651: 7 31 151 35053
1151927827: 4243 271489
1152793621: 7 31 271 19603
1153023675: 3 5 5 1259 12211
1156988281: 61 277 68473
1157839381: 24061 48121
1159896277: 17029 68113
1160358359: 13907 83437
1166290123: 9859 118297
1170226063: 163 7179301
1171305631: 271 1171 3691
1172378593: 15313 76561
1172792251: 4159 281989
1175248961: 19793 59377
1179103213: 12979 90847
1182799801: 73 577 28081
1182907423: 6949 170227
1187882177: 11489 103393
1188627931: 103 1973 5849
1189817371: 24391 48781
1192540441: 21841 54601
1193881107: 3 59 67 100673
1193977471: 211 421 13441
1194374161: 197 757 8009
1194916801: 13 241 577 661
1195524181: 19963 59887
1198880261: 19991 59971
1202085067: 28309 42463
1204034959: 19 43 883 1669
1207252621: 613 919 2143
1209229477: 28393 42589
1210962871: 937 1292383
1213347691: 24631 49261
1215377221: 37 577 56929
1222745401: 37 73 452701
1224200801: 20201 60601
1225278401: 6737 181873
1232097751: 17551 70201
1234887673: 11113 111121
1235872261: 13 37 61 73 577
1236032227: 17579 70313
1238764591: 3187 388693
1243106801: 1301 955501
1244828341: 8821 141121
1245755701: 37 197 277 617
1245989471: 14411 86461
1252135909: 10009 125101
1252222619: 14447 86677
1252236421: 20431 61291
1258903981: 13411 93871
1260332137: 163 487 15877
1260782161: 13421 93941
1261570133: 20507 61519
1264145401: 107 743 15901
1264649761: 19009 66529
1265307031: 563 911 2467
1270681231: 30871 41161
1277919469: 4243 301183
1280837381: 20663 61987
1281085121: 29 617 71597
1283079421: 13 241 541 757
1284918053: 6899 186247
1287278051: 6551 196501
1289216897: 11969 107713
1289535259: 27427 47017
1291412431: 25411 50821
1291773451: 17971 71881
1292407117: 27847 46411
1296613501: 29401 44101
1296715741: 17299 74959
1297092721: 43 4663 6469
1301204087: 29453 44179
1302145267: 18043 72169
1307263151: 4451 293701
1308758533: 20887 62659
1308793417: 18089 72353
1310331241: 2441 536801
1314116621: 11351 115771
1314476857: 6733 195229
1314801001: 251 5238251
1314817687: 11467 114661
1321734497: 12119 109063
1323011377: 16267 81331
1325625101: 101 13125001
1328357983: 19963 66541
1330047973: 2377 559549
1337046803: 16927 78989
1340628199: 11579 115781
1340987951: 5651 237301
1342287829: 11047 121507
1344188161: 769 1747969
1344544981: 13 61 277 6121
1347387361: 21193 63577
1347452551: 9811 137341
1350685001: 12251 110251
1354966273: 28513 47521
1357568161: 29251 46411
1358425741: 13931 97511
1358488051: 2141 634511
1362742561: 10657 127873
1363701821: 31981 42641
1364320729: 16519 82591
1365926941: 29 5881 8009
1368740957: 1277 1071841
1369738057: 24229 56533
1372681861: 21391 64171
1375684831: 26227 52453
1377352351: 19 31 271 8629
1381647439: 23509 58771
1381772837: 23909 57793
1385850961: 11 109 563 2053
1386612371: 8581 161591
1390266469: 10477 132697
1391554603: 9109 152767
1395010147: 5779 241393
1400954441: 22921 61121
1401840833: 21617 64849
1402248403: 26479 52957
1403676997: 15451 90847
1406718041: 17681 79561
1406989477: 14713 95629
1408610503: 26539 53077
1408696057: 7507 187651
1416144133: 21727 65179
1417152299: 25097 56467
1422072961: 5281 269281
1427771089: 29269 48781
1427900833: 21817 65449
1430253497: 179 2137 3739
1430815921: 15031 95191
1432940671: 11971 119701
1440231941: 21911 65731
1441277839: 10333 139483
1443065753: 14713 98081
1444694213: 32917 43889
1445889079: 8443 171253
1453876129: 11497 126457
1456901419: 15583 93493
1458844831: 7717 189043
1461830077: 37 577 68473
1464329621: 14821 98801
1464763213: 5413 270601
1465217911: 27067 54133
1470676001: 17 8369 10337
1473489169: 8377 175897
1475323501: 6151 239851
1477518001: 31 1471 32401
1478034473: 15277 96749
1484742533: 22247 66739
1485970543: 8219 180797
1486078903: 27259 54517
1487587357: 73 577 35317
1492762133: 22307 66919
1493854321: 16481 90641
1499881447: 5839 256873
1510870241: 7481 201961
1512107269: 18131 83399
1513449043: 6091 248473
1516805497: 2953 513649
1518273857: 16369 92753
1520190341: 22511 67531
1523816257: 31873 47809
1526537377: 8737 174721
1529648231: 33871 45161
1536112001: 16001 96001
1537444151: 12101 127051
1538331463: 33967 45289
1538538949: 11827 130087
1539440671: 3733 412387
1539583921: 13873 110977
1540302037: 157 1301 7541
1548695809: 199 397 19603
1554811831: 9127 170353
1557305371: 16111 96661
1561306249: 8623 181063
1567608971: 5107 306953
1573689151: 28051 56101
1574362441: 28057 56113
1574482141: 659 941 2539
1575064009: 17749 88741
1576187713: 353 1409 3169
1577741089: 5857 269377
1580201501: 16229 97369
1581283153: 613 2579581
1584369889: 13789 114901
1585568881: 13 29 37 197 577
1587109229: 30859 51431
1588472341: 23011 69031
1588894231: 463 911 3767
1594069489: 8713 182953
1595550853: 13 73 757 2221
1596190801: 15101 105701
1602116209: 11719 136711
1607753629: 21433 75013
1614341431: 28411 56821
1614813229: 5419 297991
1615056427: 12553 128659
1618383359: 2999 539641
1623865057: 7393 219649
1624628251: 14251 114001
1630176301: 13 277 452701
1631837377: 34141 47797
1632816001: 151 1741 6211
1635376187: 6619 247073
1635437575: 5 5 271 241393
1643597551: 127 379 34147
1644689597: 33113 49669
1645590983: 14813 111091
1645859251: 28687 57373
1648087421: 2621 628801
1652420197: 9649 171253
1652928061: 19531 84631
1660380247: 27953 59399
1661990177: 1409 1179553
1662237697: 6529 254593
1663086857: 6829 243533
1665273091: 53 677 46411
1670496277: 2221 752137
1674091141: 23623 70867
1674503821: 15467 108263
1678691489: 2309 727021
1679240179: 12959 129581
1685100691: 16759 100549
1686570913: 97 1249 13921
1690210031: 431 3921601
1695801977: 26959 62903
1698088283: 6359 267037
1698360841: 61 73 577 661
1700282977: 3617 470081
1700564251: 199 1321 6469
1703644801: 15601 109201
1705696273: 3529 483337
1710753001: 20681 82721
1712392321: 15641 109481
1713319453: 29269 58537
1713369991: 7823 219017
1714101751: 2539 675109
1718550439: 4027 426757
1726007797: 20773 83089
1728864139: 11317 152767
1731474379: 13159 131581
1733005861: 15101 114761
1735002721: 67 1321 19603
1737344471: 2791 622481
1740440683: 10597 164239
1742815621: 24103 72307
1743657931: 29527 59053
1743678901: 1621 1075681
1746721681: 15797 110573
1747932083: 131 677 19709
1751624321: 5861 298861
1751933273: 21859 80147
1752049531: 67 199 331 397
1757055847: 20959 83833
1759812601: 22751 77351
1760441203: 271 487 13339
1764588109: 7369 239461
1764897361: 6907 255523
1767335641: 953 1854497
1768192469: 1619 1092151
1773900833: 24317 72949
1779289891: 71 461 54361
1779649381: 26681 66701
1784715761: 3121 571841
1807279525: 5 5 19 3804799
1809982153: 7 67 397 9721
1813073653: 30109 60217
1816986529: 10657 170497
1820306953: 30169 60337
1820402921: 9311 195511
1822873651: 6163 295777
1823464327: 3559 512353
1827702101: 24683 74047
1828916251: 14669 124679
1838453203: 30319 60637
1839904789: 14713 125053
1843051687: 35053 52579
1851048787: 7 5737 46093
1851824629: 2963 624983
1854864533: 4877 380329
1859804251: 33151 56101
1861425685: 5 7 5471 9721
1863022943: 7349 253507
1866421441: 73 4177 6121
1866720431: 32999 56569
1869875281: 30577 61153
1872411913: 197 9504629
1873517641: 179 1069 9791
1873986181: 67 1013 27611
1874626517: 1667 1124551
1875078011: 31981 58631
1875981313: 8663 216551
1878198859: 10009 187651
1881004861: 4513 416797
1884929677: 35449 53173
1885915841: 25073 75217
1894446401: 9857 192193
1894909141: 30781 61561
1895574625: 5 5 5 7 47 46093
1896941377: 28513 66529
1899525601: 211 2521 3571
1900823653: 30829 61657
1901367001: 19501 97501
1904220699: 3 659 963187
1905736141: 67 331 85933
1916429377: 32833 58369
1916729101: 7 19 31 397 1171
1922151211: 1499 1282289
1922905837: 33967 56611
1925998201: 61 73 617 701
1926511511: 12671 152041
1930692457: 163 1831 6469
1936031341: 16631 116411
1937270401: 11 7741 22751
1939370551: 29251 66301
1945590571: 271 7179301
1949722993: 7687 253639
1950575551: 36061 54091
1951750417: 1123 1737979
1953430255: 5 7 137 307 1327
1963181081: 18089 108529
1968760081: 811 2427571
1971985219: 32797 60127
1972395461: 12821 153841
1973142407: 36269 54403
1975939841: 7841 252001
1978698421: 7 1171 241393
1982436553: 7121 278393
1982872831: 4273 464047
1986220787: 36389 54583
1988675053: 34543 57571
1990794433: 7393 269281
1993647349: 39161 50909
1999844293: 1237 1616689
2000436751: 487 1531 2683
2004299641: 31657 63313
2007001333: 9871 203323
2008184641: 25873 77617
2017509601: 25933 77797
2018761111: 31771 63541
2029328941: 17027 119183
2030077373: 17749 114377
2034039871: 31891 63781
2034277657: 16361 124337
2035592183: 21269 95707
2039888131: 18439 110629
2041568929: 7057 289297
2045584711: 15991 127921
2046770701: 22621 90481
2048774281: 29 8009 8821
2050620661: 461 1381 3221
2054145677: 35107 58511
2057541289: 12211 168499
2060910307: 22699 90793
2062726597: 22709 90833
2063335933: 43093 47881
2063617837: 643 1499 2141
2066577553: 1913 1080281
2067763121: 16921 122201
2067942631: 79 26176489
2069182981: 26263 78787
2071713001: 3761 550841
2075429203: 28813 72031
2076192007: 22783 91129
2076518281: 7933 261757
2079090019: 24373 85303
2082440533: 26347 79039
2087870401: 6337 329473
2088126151: 28901 72251
2093747801: 37361 56041
2100641761: 8821 238141
2103239563: 14503 145021
2108563711: 15031 140281
2110068221: 131 911 17681
2116483027: 23003 92009
2123792551: 32587 65173
2126142679: 8419 252541
2130134533: 26647 79939
2133029713: 853 2500621
2133753161: 4271 499591
2134360121: 13337 160033
2136379897: 13003 164299
2139018169: 6113 349913
2139462991: 32707 65413
2144008177: 30313 70729
2144548033: 26737 80209
2146301929: 20719 103591
2151018223: 29333 73331
2162366251: 23251 93001
2165183077: 37993 56989
2167577527: 23279 93113
2169176833: 7873 275521
2169323861: 26891 80671
2174166881: 26921 80761
2181638801: 881 2476321
2187544531: 29581 73951
2188728341: 27011 81031
2191189051: 12511 175141
2193291325: 5 5 43 163 12517
2195853661: 61 5881 6121
2197029547: 2281 963187
2200734361: 7 31 271 37423
2218079161: 181 2521 4861
2218144545: 3 3 5 67 199 3697
2219248351: 4231 524521
2222236501: 3301 673201
2224278253: 33349 66697
2224463041: 14221 156421
2224506541: 17827 124783
2227852279: 9181 242659
2231332357: 38569 57853
2231794681: 13103 170327
2234162501: 4751 470251
2239755841: 8641 259201
2240294239: 9283 241333
2241085729: 1303 1719943
2242455419: 3613 620663
2242724851: 33487 66973
2246725469: 12239 183571
2248354153: 33529 67057
2253003871: 53 677 62791
2260585651: 38821 58231
2263594717: 23789 95153
2269307587: 23819 95273
2274348019: 11923 190753
2276204041: 12541 181501
2276583139: 223 1999 5107
2280009601: 14081 161921
2280431125: 5 5 5 7 59 163 271
2281486573: 13789 165457
2293235227: 12799 179173
2295057073: 29569 77617
2296837133: 37123 61871
2296894753: 33889 67777
2300356301: 39161 58741
2307480211: 33967 67933
2318000491: 4591 504901
2318469121: 34849 66529
2323038281: 5081 457201
2324546641: 2161 1075681
2328050101: 13 37 101 173 277
2329584217: 39409 59113
2330569541: 19709 118249
2334506833: 11719 199207
2335302001: 109 181 118369
2337045367: 44131 52957
2338393933: 3109 752137
2340822167: 2027 1154821
2345810233: 13 277 577 1129
2345994253: 83 1231 22961
2349853969: 37549 62581
2351958961: 11 563 379777
2352838711: 8011 293701
2356013557: 12973 181609
2359561861: 21893 107777
2359662793: 14797 159469
2362421953: 34369 68737
2364988651: 14341 164911
2367715373: 15017 157669
2368671661: 37 73 541 1621
2369173049: 5107 463907
2370504475: 5 5 263 347 1039
2370634939: 919 2579581
2380442989: 29 37 277 8009
2386043773: 12853 185641
2387525141: 28211 84631
2391081631: 13309 179659
2392206203: 14057 170179
2396157781: 20873 114797
2402034211: 9181 261631
2409912793: 2143 1124551
2410044181: 61 577 68473
2418260941: 35317 68473
2425249601: 28433 85297
2425925701: 14851 163351
2431234009: 4483 542323
2435633713: 3079 791047
2435644027: 15607 156061
2440198381: 26261 92921
2441432503: 34939 69877
2448039497: 16493 148429
2451653081: 22921 106961
2452746851: 10723 228737
2454740861: 2861 858001
2457452401: 761 3229241
2457843137: 1667 1474411
2461871497: 24809 99233
2463372649: 191 419 30781
2465433431: 19231 128201
2468351713: 7577 325769
2468686249: 38977 63337
2469015847: 14653 168499
2477140489: 6373 388693
2478915961: 31 1471 54361
2478961171: 27271 90901
2485090261: 15031 165331
2485623721: 7 1471 241393
2489275121: 20369 122209
2489879455: 5 7 5471 13003
2496613211: 20399 122389
2500084471: 42641 58631
2501960501: 40841 61261
2502525637: 25013 100049
2502831697: 14753 169649
2504005841: 29 8009 10781
2504263241: 1721 1455121
2508662053: 42331 59263
2510297791: 859 2922349
2517673723: 3463 727021
2517714091: 26821 93871
2519819281: 7 67 829 6481
2521022851: 1031 2445221
2522403991: 11093 227387
2536394681: 30841 82241
2542955731: 19531 130201
2544326929: 20593 123553
2555392537: 919 2780623
2558918671: 11173 229027
2563855579: 45289 56611
2569647241: 7 163 1471 1531
2575558171: 20719 124309
2580604891: 10831 238261
2589001309: 20773 124633
2589458327: 41549 62323
2590812901: 157 241 68473
2599454731: 40879 63589
2599466689: 15373 169093
2599641713: 2699 963187
2603871019: 5503 473173
2610183001: 6151 424351
2611948811: 6871 380141
2617882807: 25583 102329
2623338001: 61 73 577 1021
2624513401: 32401 81001
2628578143: 18127 145009
2629317961: 27409 95929
2630374741: 211 421 29611
2636360191: 36307 72613
2640443917: 25693 102769
2646928099: 9433 280603
2660150417: 22639 117503
2660869153: 317 2213 3793
2668080277: 3709 719353
2669791573: 37 3449 20921
2669817151: 181 2521 5851
2675296033: 5857 456769
2676053333: 29867 89599
2683297741: 4021 667321
2683328581: 15619 171799
2690408533: 29947 89839
2693193787: 5749 468463
2696914921: 35281 76441
2699471503: 36739 73477
2699612761: 131 911 22621
2701920341: 30011 90031
2704546027: 26003 104009
2704788991: 24517 110323
2716344661: 30091 90271
2718604927: 2287 1188721
2724595903: 33013 82531
2727199195: 5 7 307 253811
2728558867: 33037 82591
2730536881: 6691 408091
2739606451: 26171 104681
2740576313: 45337 60449
2741365189: 15787 173647
2741611027: 12517 219031
2741749889: 21377 128257
2745329683: 6263 438341
2749450859: 21407 128437
2752336201: 14551 189151
2754364643: 48589 56687
2765341711: 11 181 563 2467
2768879041: 18049 153409
2772185209: 4787 579107
2775716017: 2383 1164799
2776874941: 31 43 271 7687
2782417601: 19051 146051
2787028819: 12007 232117
2787998641: 337 953 8681
2791053541: 37357 74713
2793961063: 27427 101869
2800730881: 13 61 577 6121
2806421257: 17659 158923
2806589017: 26489 105953
2813613811: 30871 91141
2815816033: 30637 91909
2817096307: 9103 309469
2822528801: 28001 100801
2823421501: 2557 1104193
2824066649: 11597 243517
2835768041: 11621 244021
2838534337: 23827 119131
2847031111: 199 397 36037
2855736217: 43633 65449
2857570489: 33809 84521
2857865683: 239 1327 9011
2857919401: 337 673 12601
2862066481: 21841 131041
2867781001: 17851 160651
2871974561: 30941 92821
2872327321: 37897 75793
2872948321: 23971 119851
2879389631: 46471 61961
2881429741: 37957 75913
2884151233: 73 577 68473
2884599371: 10061 286711
2888691625: 5 5 5 43 59 9109
2888743375: 5 5 5 7 19 47 3697
2895140767: 43933 65899
2896443829: 4549 636721
2899507861: 271 10699291
2905414381: 37 73 1075681
2916055661: 197 1373 10781
2933063461: 6361 461101
2933917531: 31 1741 54361
2934234829: 41959 69931
2935002857: 18059 162523
2940103609: 53 131 423463
2940389041: 401 7332641
2940797341: 6221 472721
2942190941: 33931 86711
2945208001: 31333 93997
2946566617: 1933 1524349
2955064529: 22193 133153
2956529269: 199 397 37423
2959530061: 49037 60353
2962407991: 5011 591181
2962536391: 331 1381 6481
2964442537: 7 67 487 12979
2964450721: 25873 114577
2967051277: 29 1429 71597
2970099343: 127 991 23599
2970633301: 41201 72101
2972098081: 45361 65521
2973097121: 31481 94441
2979874603: 36107 82529
2980689601: 211 1051 13441
2982072601: 157 1873 10141
2982819379: 1789 1667311
2999457683: 20411 146953
3002599387: 47161 63667
3009756751: 27431 109721
3016428013: 20759 145307
3017920123: 15859 190297
3021807751: 3251 929501
3023094619: 22447 134677
3024695521: 113 281 95257
3028466013: 3 191 5285281
3030685711: 443 6841277
3034677181: 3181 954001
3035357921: 47713 63617
3044956289: 659 4620571
3049386451: 27611 110441
3053163493: 3709 823177
3054690757: 28027 108991
3063685633: 31957 95869
3070110811: 33931 90481
3071265121: 19009 161569
3078743357: 14327 214891
3083594779: 13883 222113
3096767521: 36037 85933
3112433815: 5 137 191 23789
3112854851: 13151 236701
3115446721: 3041 1024481
3136934657: 8969 349753
3150429481: 21121 149161
3151353941: 32411 97231
3153263231: 19121 164911
3157741801: 37 73 541 2161
3158172779: 22943 137653
3161524609: 47521 66529
3166264657: 8039 393863
3170327689: 30097 105337
3172842037: 12923 245519
3182090401: 7 41 163 251 271
3185985853: 9157 347929
3188485171: 19 41 659 6211
3197229179: 10847 294757
3198440387: 4937 647851
3205563103: 14869 215587
3216762067: 46309 69463
3217652161: 31 41 1471 1721
3217744531: 40111 80221
3223685641: 11 211 563 2467
3224109701: 32783 98347
3225095179: 17959 179581
3226607623: 23689 136207
3228488869: 23197 139177
3231570707: 6203 520969
3232909331: 34819 92849
3233011591: 3943 819937
3233558021: 32831 98491
3239044033: 11383 284551
3244355713: 21529 150697
3244973635: 5 2557 253811
3249960143: 6719 483697
3251586241: 20161 161281
3253404013: 21559 150907
3263874769: 16921 192889
3265482169: 5449 599281
3266630557: 29 197 571789
3267680441: 6473 504817
3276306337: 5483 597539
3279422641: 11 79 563 6703
3282974857: 28649 114593
3293593801: 61 6121 8821
3296164873: 9439 349207
3312197461: 67 1321 37423
3324006533: 33287 99859
3326375401: 24593 135257
3337302025: 5 5 19 43 163393
3338872741: 6343 526387
3339558841: 8521 391921
3346957153: 25873 129361
3347214421: 33403 100207
3349543653: 3 3 239 431 3613
3352026133: 33427 100279
3354154159: 36629 91571
3360511981: 21911 153371
3364070533: 33487 100459
3369251047: 29023 116089
3376851997: 967 3492091
3387927313: 29569 114577
3398362291: 20611 164881
3403751077: 23431 145267
3404560051: 31189 109159
3409504633: 7243 470731
3413614177: 32833 103969
3413931629: 45259 75431
3414468961: 29 61 241 8009
3417306889: 12757 267877
3418689553: 16217 210809
3420524467: 29243 116969
3422809501: 277 12356713
3429457921: 337 673 15121
3437519941: 18541 185401
3438147169: 13633 252193
3450687301: 5653 610417
3450935503: 41539 83077
3455220497: 9413 367069
3460865041: 37 577 162109
3488066767: 307 11361781
3489367813: 51157 68209
3489524531: 37783 92357
3490843591: 131 911 29251
3502404577: 7 19 199 132331
3504434431: 491 1051 6791
3511691849: 33013 106373
3513489607: 53017 66271
3517330249: 36781 95629
3517676461: 13 277 577 1693
3523108681: 10333 340957
3528697033: 44959 78487
3531859451: 21701 162751
3536577661: 3109 1137529
3537900731: 14561 242971
3543221431: 8461 418771
3545171759: 1663 2131793
3551949263: 191 18596593
3560091151: 26041 136711
3568572283: 6823 523021
3573458761: 17257 207073
3585421361: 15461 231901
3586532617: 19963 179659
3587871575: 5 5 149 963187
3593276353: 32833 109441
3595831207: 29983 119929
3595866121: 199 439 41161
3596124541: 10771 333871
3599942113: 26833 134161
3605340857: 7229 498733
3613748309: 907 3984287
3616027663: 347 10420829
3617632673: 593 6100561
3619046569: 7703 469823
3633691051: 41 5501 16111
3647312125: 5 5 5 191 152767
3648954997: 19 12979 14797
3651150331: 42727 85453
3651766633: 13513 270241
3656511073: 27043 135211
3665242951: 30271 121081
3673654073: 21587 170179
3676166453: 27739 132527
3677108161: 353 1409 7393
3677180797: 6823 538939
3686187887: 39191 94057
3690036017: 20249 182233
3692283211: 42967 85933
3692505571: 46411 79561
3697812301: 29 37 457 7541
3698276741: 35111 105331
3701268253: 5399 685547
3711143341: 12703 292147
3736293461: 35291 105871
3741164197: 2477 1510361
3745282693: 179 2137 9791
3748194217: 9127 410671
3751454701: 41161 91141
3759743821: 37549 100129
3760887901: 8053 467017
3761091937: 27427 137131
3765248989: 4639 811651
3767166817: 30689 122753
3777626161: 8443 447427
3785729117: 15887 238291
3789227051: 50261 75391
3793243213: 23279 162947
3793545991: 223 3331 5107
3794885047: 24841 152767
3795267037: 15907 238591
3797157911: 41081 92431
3803628001: 751 2053 2467
3812822413: 23339 163367
3815548339: 15443 247073
3822308461: 43717 87433
3823229971: 11 127 563 4861
3823517023: 647 1787 3307
3829656403: 43759 87517
3832413097: 19577 195761
3832431331: 79 131 547 677
3840356017: 7687 499591
3859546687: 31063 124249
3875965417: 50833 76249
3881746513: 23549 164837
3895046191: 44131 88261
3905876501: 36083 108247
3908915011: 19 71 199 14561
3918719251: 26693 146807
3919048057: 27997 139981
3926344073: 18089 217057
3931879267: 16759 234613
3934764637: 727 5412331
3936747475: 5 5 67 163 14419
3949375949: 48679 81131
3949449043: 13399 294757
3954403153: 28123 140611
3964220371: 39821 99551
3966877883: 431 947 9719
3970582153: 17477 227189
3976946161: 17491 227371
3980267771: 29741 133831
3984737791: 25771 154621
3988376891: 34591 115301
3989024821: 7129 559549
3990952969: 317 2213 5689
3998670607: 5923 675109
4002466651: 563 677 10501
4005249103: 10267 390109
4015771621: 3571 1124551
4019968321: 4637 866933
4033225477: 29611 136207
4036395581: 55021 73361
4042538497: 16417 246241
4042578403: 44959 89917
4044237271: 48073 84127
4044905597: 51929 77893
4047480067: 40237 100591
4048575697: 43649 92753
4055544125: 5 5 5 3659 8867
4060287793: 16453 246781
4062489421: 24091 168631
4073063941: 22441 181501
4081806919: 26083 156493
4082192381: 3671 1112011
4084696591: 53 3407 22621
4088656469: 39157 104417
4091041501: 31981 127921
4093481081: 30161 135721
4095561961: 43 163 499 1171
4108970251: 32051 128201
4116052357: 131 677 46411
4119275351: 6551 628801
4127179231: 7 12979 45427
4134189937: 21433 192889
4135583233: 6337 652609
4136040199: 5323 777013
4148133313: 4673 887681
4149101017: 28807 144031
4149791801: 29 197 726377
4149837361: 9397 441613
4153241857: 27073 153409
4161668029: 11587 359167
4163406427: 25309 164503
4167331667: 52709 79063
4167838291: 6271 664621
4170912217: 12917 322901
4172362867: 379 2647 4159
4174728949: 34537 120877
4175289271: 45691 91381
4175362133: 37307 111919
4178491201: 32321 129281
4200339791: 26459 158749
4204579303: 17029 246907
4209321601: 17 433 571841
4209382883: 22039 190997
4228090903: 45979 91957
4244196731: 643 6600617
4245582067: 8669 489743
4246940161: 23041 184321
4256352907: 53269 79903
4256694271: 8719 488209
4260711391: 16319 261089
4269787237: 191 419 53353
4271116249: 40531 105379
4272916709: 21397 199697
4273042379: 26687 160117
4281876271: 19 31 883 8233
4282074421: 53 131 677 911
4294901983: 55889 76847
