9: 3 3
27: 3 3 3
49: 7 7
87: 3 29
205: 5 41
261: 3 3 29
265: 5 53
565: 5 113
781: 11 71
783: 3 3 3 29
1417: 13 109
2101: 11 191
2173: 41 53
2665: 5 13 41
2871: 3 3 11 29
3445: 5 13 53
3601: 13 277
4033: 37 109
4633: 41 113
5989: 53 113
7201: 19 379
7345: 5 13 113
7633: 17 449
10865: 5 41 53
11961: 3 3 3 443
12673: 19 23 29
13561: 71 191
13747: 59 233
15051: 3 29 173
18531: 3 3 29 71
18721: 97 193
19951: 71 281
22345: 5 41 109
22791: 3 71 107
23165: 5 41 113
28249: 13 41 53
28885: 5 53 109
29945: 5 53 113
30193: 109 277
31621: 103 307
36801: 3 3 3 29 47
37969: 43 883
40321: 61 661
41059: 19 2161
42127: 103 409
47641: 11 61 71
49851: 3 3 29 191
56785: 5 41 277
60229: 13 41 113
60583: 47 1289
61585: 5 109 113
65869: 199 331
66397: 67 991
68251: 131 521
73405: 5 53 277
77857: 13 53 113
79381: 163 487
98605: 5 13 37 41
107271: 3 3 3 29 137
112141: 127 883
115623: 3 3 29 443
120901: 11 29 379
125563: 307 409
128161: 11 61 191
131821: 61 2161
133237: 13 37 277
146791: 181 811
147911: 211 701
149171: 11 71 191
153401: 131 1171
156505: 5 113 277
164389: 43 3823
175477: 379 463
175561: 419 419
188191: 307 613
203841: 3 3 11 29 71
212201: 11 101 191
223011: 3 3 71 349
236857: 41 53 109
245549: 41 53 113
254759: 373 683
257617: 73 3529
271765: 5 13 37 113
275887: 263 1049
286903: 379 757
290485: 5 13 41 109
290629: 163 1783
296241: 3 11 47 191
297773: 7 7 59 103
302281: 7 7 31 199
306671: 131 2341
340033: 337 1009
355941: 3 3 3 13183
357307: 103 3469
369721: 11 19 29 61
375505: 5 13 53 109
385003: 439 877
392509: 13 109 277
400513: 97 4129
405613: 13 41 761
422951: 151 2801
426451: 61 6991
437251: 331 1321
463241: 149 3109
485357: 569 853
497503: 499 997
499249: 433 1153
504997: 41 109 113
516241: 11 71 661
548361: 3 3 11 29 191
569059: 239 2381
581897: 659 883
585631: 271 2161
590381: 11 191 281
601921: 41 53 277
610091: 521 1171
652801: 53 109 113
655051: 661 991
656601: 3 11 101 197
675757: 379 1783
729061: 349 2089
738205: 5 13 41 277
742813: 223 3331
753667: 709 1063
780361: 29 71 379
796897: 193 4129
800605: 5 13 109 113
806751: 3 3 11 29 281
819019: 379 2161
827221: 61 71 191
850489: 241 3529
865373: 269 3217
868001: 311 2791
868321: 487 1783
916327: 479 1913
940609: 97 9697
950797: 23 67 617
954265: 5 13 53 277
954271: 691 1381
994507: 499 1993
1009287: 3 3 3 29 1289
1026241: 641 1601
1053761: 593 1777
1064983: 307 3469
1069993: 463 2311
1082401: 601 1801
1092547: 523 2089
1107901: 181 6121
1152271: 43 127 211
1176751: 61 101 191
1212359: 883 1373
1219661: 521 2341
1227745: 5 41 53 113
1283341: 41 113 277
1298893: 883 1471
1302451: 571 2281
1333333: 23 29 1999
1334871: 3 3 71 2089
1349731: 757 1783
1380751: 251 5501
1388761: 11 191 661
1418821: 409 3469
1428421: 661 2161
1537407: 3 3 3 56941
1584133: 727 2179
1635877: 757 2161
1657003: 179 9257
1658953: 53 113 277
1683181: 271 6211
1687741: 11 71 2161
1690501: 751 2251
1734823: 373 4651
1739761: 1319 1319
1857241: 31 181 331
1871521: 193 9697
1879147: 307 6121
1896817: 13 53 2753
1948141: 13 277 541
1958503: 443 4421
1963501: 701 2801
1987021: 997 1993
2034565: 5 13 113 277
2059831: 163 12637
2069731: 157 13183
2091181: 547 3823
2099281: 29 191 379
2220469: 373 5953
2228473: 13 37 41 113
2255843: 823 2741
2353969: 379 6211
2387797: 773 3089
2519357: 659 3823
2549845: 5 113 4513
2569561: 71 36191
2627549: 419 6271
2629801: 541 4861
2645119: 29 197 463
2704801: 11 29 61 139
2712821: 571 4751
2715985: 5 37 53 277
2741311: 1171 2341
2757241: 461 5981
2885401: 601 4801
2933377: 97 30241
3079141: 13 41 53 109
3088471: 29 281 379
3259297: 97 33601
3263527: 709 4603
3267469: 103 31723
3305089: 17 433 449
3375041: 1061 3181
3375709: 883 3823
3440763: 3 3 29 13183
3506221: 541 6481
3539421: 3 3 29 71 191
3542533: 1087 3259
3568661: 1091 3271
3752173: 613 6121
3832457: 653 5869
3850001: 401 9601
3853063: 1783 2161
3890461: 421 9241
3913003: 1399 2797
4012003: 457 8779
4059859: 823 4933
4074907: 1277 3191
4109221: 223 18427
4189921: 337 12433
4203253: 1621 2593
4274929: 449 9521
4298527: 1693 2539
4324801: 13 277 1201
4396297: 53 109 761
4540261: 11 191 2161
4621051: 661 6991
4674419: 1597 2927
4701727: 757 6211
4789423: 379 12637
4795649: 17 282097
4835959: 367 13177
4892989: 1063 4603
4964131: 811 6121
4975961: 1033 4817
5034951: 3 3 29 101 191
5106061: 457 11173
5122133: 1307 3919
5248979: 1373 3823
5308181: 941 5641
5352499: 1237 4327
5415593: 53 102181
5459971: 11 71 6991
5481451: 31 151 1171
5603333: 1367 4099
5623633: 1471 3823
5767201: 11 29 101 179
5836513: 193 30241
5840069: 443 13183
6151949: 1013 6073
6154219: 487 12637
6186403: 1759 3517
6189565: 5 41 109 277
6198141: 3 29 191 373
6330721: 1453 4357
6386993: 653 9781
6419701: 19 29 61 191
6484993: 193 33601
6539527: 1279 5113
6558757: 349 18793
6564961: 13 41 109 113
6577121: 1481 4441
6599241: 3 3 11 191 349
6696017: 863 7759
6787327: 1303 5209
6955087: 1319 5273
7108561: 433 16417
7117993: 2017 3529
7164639: 3 3 3 443 599
7374961: 11 29 61 379
7405201: 1361 5441
7412131: 31 181 1321
7512517: 37 277 733
7547417: 1877 4021
7571881: 1231 6151
7767001: 11 101 6991
7824973: 13 41 53 277
7859707: 887 8861
7879681: 1621 4861
7992913: 1069 7477
8001145: 5 53 109 277
8095447: 1423 5689
8242147: 991 8317
8285485: 5 13 41 3109
8421037: 47 139 1289
8421381: 3 3 3 23 71 191
8433781: 1999 4219
8486413: 13 53 109 113
8552013: 3 29 98299
8646601: 1801 4801
8800849: 17 449 1153
8849351: 7 7 59 3061
8939737: 157 56941
8952763: 1093 8191
8963821: 71 191 661
9131401: 2137 4273
9280981: 919 10099
9287191: 709 13099
9341541: 3 3 3 11 71 443
9433601: 2011 4691
9494101: 23 61 67 101
9566209: 757 12637
9738961: 307 31723
9828739: 523 18793
9831817: 2053 4789
9835541: 1811 5431
10018807: 1583 6329
10169671: 281 36191
10202347: 2857 3571
10505701: 1621 6481
10635751: 7 233 6521
10703801: 1091 9811
10747945: 5 13 37 41 109
11074213: 1783 6211
11349411: 3 29 191 683
11473885: 5 37 109 569
11535691: 103 111997
11960033: 53 113 1997
12049409: 2689 4481
12169711: 2467 4933
12177931: 823 14797
12507067: 2237 5591
12544897: 1009 12433
12558943: 19 23 29 991
12727921: 587 21683
12751351: 101 191 661
12932989: 103 307 409
12974707: 409 31723
12980941: 2791 4651
13421971: 2161 6211
13635827: 503 27109
13692013: 1399 9787
13924237: 1063 13099
14020063: 1597 8779
14063281: 23 617 991
14522833: 13 37 109 277
14562031: 11 29 191 239
14575091: 1559 9349
14688091: 11 191 6991
14802301: 541 27361
14829211: 1783 8317
14861601: 3 3 29 56941
14913991: 43 127 2731
15107551: 2161 6991
15561361: 19 379 2161
15576571: 2791 5581
15960685: 5 13 41 53 113
16464261: 3 11 71 7027
16482411: 3 3 11 29 5741
16612801: 61 272341
16683433: 13 41 113 277
16710877: 1093 15289
16773763: 3547 4729
16853077: 2053 8209
16879501: 1453 11617
17005727: 173 98299
17034343: 157 108499
17059045: 5 109 113 277
17116837: 2069 8273
17177461: 7 2453923
17349307: 2083 8329
17645689: 1879 9391
17773705: 5 41 277 313
17843281: 1597 11173
18342241: 2473 7417
18348101: 431 42571
18443701: 3037 6073
18736381: 3061 6121
19112887: 1237 15451
19149571: 7 59 199 233
19322317: 7 7 83 4751
19578847: 3613 5419
19658845: 5 821 4789
19669271: 1811 10861
19694929: 353 55793
20081953: 3169 6337
20310751: 3187 6373
20352193: 673 30241
20780299: 2437 8527
21456241: 691 31051
21566389: 13 53 113 277
22266487: 3853 5779
22271077: 37 41 53 277
22409269: 1933 11593
22461931: 103 218077
22531771: 1783 12637
22613473: 673 33601
22788145: 5 53 113 761
22827091: 7 7 199 2341
23095717: 1103 20939
23382529: 97 193 1249
23752387: 1303 18229
24181501: 283 85447
24227311: 1231 19681
24791209: 1087 22807
25224863: 443 56941
25293217: 313 80809
25528123: 1459 17497
25696133: 2927 8779
25746607: 379 67933
25858981: 19 29 71 661
26017291: 3607 7213
26719701: 3 29 197 1559
26748307: 2029 13183
27012001: 3001 9001
27219697: 2609 10433
27308557: 2161 12637
27374239: 2797 9787
27380831: 1511 18121
27687403: 4651 5953
28406953: 3769 7537
28549337: 113 317 797
28652401: 31 151 6121
28769905: 5 37 41 3793
28990259: 107 270937
29121451: 1151 25301
29305321: 71 191 2161
29477197: 37 109 7309
29622385: 5 13 37 109 113
30090817: 137 239 919
31118081: 3221 9661
31490701: 11 61 71 661
31504141: 4861 6481
31982653: 313 102181
32091781: 3271 9811
32653363: 2437 13399
32683201: 3301 9901
32692519: 1279 25561
32882851: 1171 28081
33501439: 59 233 2437
33664651: 1451 23201
33796531: 4111 8221
34060219: 2383 14293
34218661: 227 150743
34383079: 307 111997
34390801: 83 414347
34874443: 19 29 167 379
35335813: 907 38959
35798491: 4231 8461
35845633: 3457 10369
36254051: 101 358951
36307981: 4261 8521
36504199: 2467 14797
36981361: 1297 28513
37156733: 4219 8807
37469701: 3061 12241
37577539: 2503 15013
37959703: 4871 7793
38305261: 1291 29671
38933631: 3 3 11 29 71 191
39020941: 1303 29947
39138871: 263 148817
39146185: 5 13 37 41 397
39258577: 2089 18793
39269791: 11 191 18691
39500901: 3 3 11 191 2089
39545221: 3631 10891
40038913: 4129 9697
40266731: 2591 15541
40465501: 3181 12721
40485961: 761 53201
40558577: 2741 14797
40854911: 1973 20707
41027227: 3203 12809
41161537: 1657 24841
41687851: 101 191 2161
41709029: 4751 8779
41826943: 2287 18289
41917051: 11 71 191 281
41980751: 101 415651
42372451: 11 19 29 6991
42697873: 2017 21169
42881431: 1381 31051
43122809: 1609 26801
43331401: 43 631 1597
44318977: 3329 13313
44470921: 11 71 56941
45373501: 19 379 6301
45426565: 5 37 41 53 113
45806773: 409 111997
45918641: 5051 9091
45931117: 3389 13553
46121641: 3547 13003
46584037: 3413 13649
46765189: 163 379 757
47020177: 3067 15331
47059783: 463 101641
47436489: 3 3 3 29 47 1289
47602021: 29 61 71 379
47759041: 11 281 15451
47953621: 31 1171 1321
48614491: 1487 32693
49406401: 11 29 61 2539
49735351: 4987 9973
50249761: 4093 12277
50598305: 5 41 53 4657
50615269: 4357 11617
51425281: 757 67933
51459601: 29 101 17569
52693133: 5623 9371
53283169: 6529 8161
53370029: 5659 9431
53638903: 5179 10357
53880121: 2017 26713
54069181: 331 163351
54121541: 3061 17681
54400457: 2459 22123
54529861: 1741 31321
54655781: 761 71821
54771193: 2617 20929
54816059: 3023 18133
55770331: 23 67 36191
56296507: 2213 25439
56380561: 2083 27067
56810137: 3769 15073
57279321: 3 3 11 29 71 281
57404689: 5869 9781
57709581: 3 71 270937
58001497: 4817 12041
58986091: 5431 10861
60011599: 3163 18973
60033403: 5479 10957
60150401: 401 150001
60229121: 4481 13441
60294697: 4603 13099
61380337: 3331 18427
61381261: 37 53 113 277
61491187: 4729 13003
61805801: 2621 23581
62430427: 919 67933
62675047: 1289 48623
62807581: 31 331 6121
62954849: 2749 22901
63167743: 4409 14327
64036831: 2531 25301
65609389: 41 53 109 277
65737621: 2341 28081
66856477: 4327 15451
66949639: 307 218077
67434445: 5 13 113 9181
67448485: 5 13 41 25309
67715551: 29 61 101 379
68140931: 443 153817
68654161: 613 111997
68972503: 167 413009
69600833: 4817 14449
70688857: 2803 25219
70760971: 127 631 883
72498253: 2693 26921
72993601: 4933 14797
74328013: 3259 22807
74705401: 3529 21169
74927161: 6121 12241
74936341: 3061 24481
76037291: 11 191 36191
77299009: 97 193 4129
77518981: 43 631 2857
77622533: 5087 15259
77715217: 6571 11827
78488407: 6211 12637
79915561: 11 29 379 661
79921921: 131 521 1171
79970089: 1789 44701
80190163: 607 132109
80464345: 5 13 41 109 277
80826121: 4021 20101
81072253: 181 307 1459
81376903: 6379 12757
81481951: 3541 23011
81759721: 1487 54983
81926461: 19 67 139 463
81954133: 5227 15679
82165513: 2137 38449
82193221: 11 19 29 71 191
82321417: 1657 49681
82652697: 3 3 3 29 283 373
83436563: 7 7 823 2069
84347119: 457 184567
84714421: 11 61 191 661
85409083: 1747 48889
85719871: 6547 13093
86385587: 7589 11383
87133681: 61 661 2161
88020833: 5417 16249
88741171: 3331 26641
89193493: 409 218077
89479783: 1373 65171
89816411: 3461 25951
90093361: 2633 34217
90485851: 157 443 1301
90553949: 1229 73681
91051501: 3607 25243
91587943: 6053 15131
91957141: 71 191 6781
92131771: 3919 23509
92219201: 1601 57601
92267341: 3631 25411
92625121: 181 631 811
93870037: 109 277 3109
94259881: 3433 27457
94270177: 3529 26713
94804951: 71 191 6991
94954861: 5209 18229
95063545: 5 37 317 1621
95212057: 3253 29269
96028001: 4001 24001
96630829: 3109 31081
96791881: 103 307 3061
96878101: 5683 17047
96904081: 6961 13921
97094001: 3 29 173 6451
98087767: 8779 11173
98526961: 13 277 27361
98728033: 5737 17209
99088573: 8779 11287
100017223: 103 307 3163
100055011: 7 7 31 199 331
100085931: 3 3 11 29 71 491
101135101: 1901 53201
101547217: 4507 22531
101640001: 3361 30241
102229921: 3049 33529
102444931: 127 211 3823
102952201: 11 61 71 2161
103106251: 2539 40609
103340777: 3389 30493
103904361: 3 3 11 29 36191
104014885: 5 13 53 109 277
105205213: 3181 33073
105401341: 19 23 29 8317
105950431: 271 390961
106522979: 7883 13513
107228221: 3331 32191
107753311: 1531 70381
107903617: 3463 31159
109693249: 103 307 3469
110041081: 2473 44497
110047087: 3469 31723
112195171: 11 19 29 107 173
112702591: 7507 15013
112932961: 3361 33601
113243737: 8689 13033
113605201: 7537 15073
113740933: 3373 33721
114253273: 8527 13399
114673651: 379 443 683
114910489: 127 659 1373
116151661: 7621 15241
116701003: 7639 15277
119246161: 6491 18371
119289259: 9769 12211
119318431: 4231 28201
119558011: 6449 18539
119657871: 3 3 3 191 23203
119710683: 3 3 3 4433729
120242227: 7 7 2453923
120356839: 103 409 2857
120561319: 4483 26893
120942001: 401 301601
121057831: 6151 19681
121124539: 1783 67933
121883101: 2851 42751
122148001: 433 282097
122239577: 7417 16481
122505571: 4519 27109
122720547: 3 29 107 13183
123434929: 4969 24841
124855551: 3 3 439 31601
124865089: 4129 30241
125232199: 8191 15289
125762113: 7561 16633
125780167: 3547 35461
126661553: 449 282097
126827245: 5 113 224473
127619243: 2063 61861
128056141: 29 61 191 379
129623917: 5693 22769
130497361: 29 61 71 1039
130693393: 5113 25561
130944133: 6607 19819
131821489: 7741 17029
133142783: 1307 101869
133566481: 941 141941
133824205: 5 41 53 109 113
134261051: 23 617 9461
134876233: 3673 36721
135798067: 1999 67933
135864691: 4759 28549
138280381: 29 71 239 281
138653101: 4451 31151
138738529: 4129 33601
139721761: 379 487 757
139776913: 41 109 31277
139884169: 41 109 113 277
139901311: 11 71 271 661
141536323: 163 487 1783
141825239: 4349 32611
142590631: 911 156521
143106133: 6907 20719
143214481: 7129 20089
143555329: 3613 39733
144505271: 137 443 2381
144661771: 1693 85447
145155487: 43 883 3823
145820503: 8539 17077
146138563: 103 409 3469
146156617: 5407 27031
146256529: 7649 19121
146573389: 6211 23599
146803213: 2161 67933
146852021: 8233 17837
147517217: 4049 36433
147645121: 13 53 421 509
148709383: 5749 25867
149754151: 181 883 937
149848201: 6121 24481
150155039: 5003 30013
150403997: 3167 47491
150435517: 103 409 3571
150598153: 1399 107647
152093341: 2161 70381
152368133: 7127 21379
155203361: 7193 21577
155482741: 12097 12853
155993923: 5209 29947
156109033: 1049 148817
157182637: 6269 25073
157478017: 7937 19841
157681863: 3 3 3 443 13183
157803521: 7253 21757
157863211: 11 29 229 2161
159160751: 10301 15451
159775591: 131 521 2341
160058809: 7561 21169
160730389: 3823 42043
161951917: 10061 16097
162026869: 5197 31177
162072829: 2287 70867
162304531: 2441 66491
164138801: 4271 38431
164292577: 4273 38449
164411911: 9067 18133
165283471: 9091 18181
165574681: 1307 126683
167692141: 9157 18313
171068893: 83 739 2789
171515719: 5347 32077
171557101: 4951 34651
173401621: 7603 22807
173678203: 9319 18637
173980409: 12041 14449
174598387: 10789 16183
176237513: 11497 15329
176442961: 5021 35141
176597821: 9397 18793
177850037: 10889 16333
178170757: 1669 106753
178482151: 151 331 3571
178918741: 7723 23167
180017401: 661 272341
180115489: 163 487 2269
180613393: 433 449 929
180825877: 53 109 113 277
181537537: 97 193 9697
182077759: 7213 25243
182625301: 3433 53197
184196053: 59 233 13399
185699151: 3 3 11 29 71 911
186393481: 131 521 2731
186621121: 17 1153 9521
187176601: 6841 27361
191191933: 4373 43721
192014551: 19 661 15289
192266245: 5 37 53 19609
192857761: 6211 31051
193715281: 5261 36821
194747887: 2207 88241
195597667: 2399 81533
196049701: 9901 19801
197239591: 9931 19861
197247371: 12163 16217
197757351: 3 3 11 29 68881
198073951: 4451 44501
199104533: 8147 24439
199696081: 13 15361237
201590677: 11593 17389
201789127: 7103 28409
202039021: 41 53 109 853
202894651: 1231 164821
202984217: 11633 17449
203110001: 4751 42751
203528033: 8237 24709
203655817: 677 300821
204115159: 1327 153817
204524933: 41 53 94121
207182201: 1907 108643
209959933: 547 383839
210212011: 811 259201
210386249: 13241 15889
210615553: 2903 72551
211261951: 2851 74101
211476607: 683 309629
212146507: 7283 29129
212256301: 5507 38543
212652217: 2917 72901
212698321: 11 71 272341
213035761: 10321 20641
213350681: 4217 50593
214569601: 3361 63841
214724511: 3 3 419 56941
215313127: 5419 39733
215786671: 1321 163351
216949933: 2539 85447
217123069: 263 787 1049
217587553: 3529 61657
220144471: 2029 108499
221378317: 2383 92899
221767585: 5 13 109 113 277
222065021: 7159 31019
222433381: 37 113 53201
222972751: 61 101 36191
223502701: 5651 39551
223947571: 3191 70181
225197887: 12253 18379
225441043: 8329 27067
226061921: 8681 26041
226917773: 4349 52177
227475601: 5701 39901
227926957: 109 277 7549
228663793: 6763 33811
229302109: 4789 47881
230300857: 5059 45523
230376745: 5 41 277 4057
233581441: 53 109 40433
234892351: 2311 101641
235877851: 11 29 379 1951
238306087: 907 262741
238962637: 41 53 277 397
239666849: 7883 30403
240096001: 5857 40993
242368169: 5623 43103
242903557: 13 37 41 109 113
243413311: 6653 36587
243692489: 3407 71527
244915471: 2767 88513
246864889: 4969 49681
247003093: 5557 44449
247588963: 13627 18169
247920661: 9091 27271
248270773: 4549 54577
249481651: 331 753721
250216801: 9133 27397
250661071: 31 1321 6121
251968763: 59 233 18329
252632381: 2003 126127
258503701: 9283 27847
261267061: 11 29 379 2161
262529233: 43 1597 3823
262833871: 6619 39709
265142041: 29 107 85447
266418001: 751 354751
266647951: 163 757 2161
267078169: 7309 36541
268255333: 41 113 57901
268819651: 991 271261
269545249: 97 673 4129
272995561: 4583 59567
273322849: 223 1225663
273680221: 29 61 71 2179
273817831: 7 7 199 28081
274937851: 8291 33161
275063149: 3709 74161
275223551: 191 1440961
275619961: 4027 68443
276751201: 10891 25411
276955921: 11 61 191 2161
277989921: 3 3 3 11 71 13183
278032049: 929 299281
279196097: 10939 25523
281884111: 61 661 6991
282769771: 14563 19417
282885951: 3 101 283 3299
285057263: 3083 92461
285111667: 8443 33769
285433129: 919 310591
285837631: 349 379 2161
286023403: 11959 23917
286514029: 3163 90583
289886269: 3109 93241
290351521: 19 61 379 661
290558731: 10781 26951
292016323: 2467 118369
292538819: 6983 41893
293246977: 9697 30241
295785751: 13001 22751
296042365: 5 37 53 109 277
297978047: 1439 207073
298204831: 12211 24421
298536649: 5059 59011
298589521: 4793 62297
299671921: 12241 24481
299775043: 137 919 2381
300164287: 8663 34649
301088659: 2797 107647
301655537: 6761 44617
302412529: 3889 77761
302570851: 11 101 272341
303470581: 3181 95401
304228481: 17 449 39857
307219097: 5843 52579
308729017: 11503 26839
309269591: 2141 144451
311247091: 8317 37423
314445097: 3547 88651
316186861: 4231 74731
317778351: 3 11 191 50417
320110057: 7561 42337
320888371: 3271 98101
322809103: 4159 77617
323292421: 37 41 53 4021
325257841: 1153 282097
325639261: 41 53 277 541
325828897: 9697 33601
326636341: 12049 27109
326931601: 9041 36161
329153653: 12829 25657
329874931: 331 996601
330034249: 7417 44497
331372741: 7 7 367 18427
331592341: 733 452377
331950977: 373 683 1303
332647705: 5 13 113 45289
332770219: 419 794201
333058231: 11 61 71 6991
333067151: 7451 44701
334793551: 157 1093 1951
334963333: 10567 31699
337434691: 11 29 379 2791
338455153: 13009 26017
340085365: 5 41 53 113 277
340894369: 4129 82561
341396197: 5449 62653
345812545: 5 13 37 53 2713
346245257: 6203 55819
346305403: 13159 26317
347368657: 14437 24061
348829633: 8353 41761
348937831: 11 19 29 57571
349425901: 11 29 757 1447
350403253: 383 914891
352103977: 16633 21169
352735351: 9391 37561
353165341: 53 109 113 541
354371761: 4861 72901
354390037: 9413 37649
354938221: 11 19 29 157 373
355154287: 3613 98299
355267543: 4019 88397
356197771: 2557 139303
358668157: 4621 77617
359111741: 131 1171 2341
360241621: 41 109 149 541
361307521: 13441 26881
363972361: 4561 79801
365777101: 271 757 1783
366487201: 13537 27073
367111421: 6163 59567
367621381: 37 277 35869
368113411: 43 631 13567
368834581: 5791 63691
370173441: 3 11 197 56941
370311121: 19 29 311 2161
371080399: 1759 210961
371283067: 15733 23599
371376631: 13627 27253
372378871: 6823 54577
372718711: 43 127 131 521
372904141: 71 281 18691
378308039: 6367 59417
380065313: 10529 36097
386701069: 4057 95317
388517593: 3469 111997
390609941: 11411 34231
391030579: 1069 365791
391422761: 2621 149341
394930001: 9491 41611
395207107: 6287 62861
395445821: 5741 68881
395858159: 8123 48733
396231887: 16253 24379
396642251: 29 101 191 709
397775281: 29 379 36191
398866513: 7549 52837
399216607: 223 1790209
399224611: 3919 101869
399313201: 7 7 31 199 1321
402578041: 1721 233921
403095421: 14197 28393
403918213: 9371 43103
404419121: 41 1021 9661
406066151: 3359 120889
407047829: 8237 49417
410835739: 13513 30403
411183081: 3 3 3 71 191 1123
412151381: 5861 70321
413260433: 677 610429
413271629: 13553 30493
414156161: 3917 105733
414801577: 1669 248533
415800703: 14419 28837
416801533: 367 1135699
416954071: 1531 272341
418744541: 18047 23203
419230579: 4729 88651
420465277: 23 1783 10253
420721633: 12721 33073
421931863: 6211 67933
424714753: 18433 23041
425245141: 4861 87481
425275241: 2081 204361
428084581: 367 883 1321
428158111: 691 619621
428346937: 379 523 2161
431004421: 109 541 7309
431604079: 3463 124633
431895751: 7 7 31 331 859
434343601: 14737 29473
435578047: 307 409 3469
436198687: 17053 25579
437029477: 10453 41809
437297801: 6971 62731
438111463: 18127 24169
438306553: 5807 75479
439212841: 5813 75557
440213761: 13 41 113 7309
440219011: 23 67 463 617
440306461: 7 307 331 619
442614143: 2557 173099
443211961: 4211 105251
443384023: 6079 72937
444160063: 181 2453923
444899081: 11 40445371
446628601: 3301 135301
446714701: 8629 51769
446884801: 11 191 212701
450807481: 2719 165799
453919201: 12301 36901
455461471: 15091 30181
457050361: 6761 67601
458416681: 6661 68821
459140951: 5051 90901
459212941: 11 29 61 23599
461736151: 13159 35089
462743971: 10141 45631
468950021: 12503 37507
470063791: 15331 30661
470752133: 12527 37579
472091497: 7243 65179
473750371: 15391 30781
474970501: 12583 37747
475514821: 1531 310591
477103771: 163 379 7723
480817801: 7753 62017
485315821: 2971 163351
489290551: 18061 27091
489415651: 11903 41117
490518181: 15661 31321
490703617: 9907 49531
491327461: 6841 71821
491714609: 4049 121441
493108481: 12821 38461
495416503: 15739 31477
495530281: 2521 196561
495814051: 18181 27271
496210817: 7717 64301
496470677: 3919 126683
497521741: 8431 59011
498238201: 11161 44641
498442951: 15787 31573
500520833: 12917 38749
505226767: 11239 44953
506813581: 19 379 70381
507803363: 12343 41141
508094281: 12049 42169
508194451: 17623 28837
508917781: 29 139 191 661
510425569: 4519 112951
511408171: 15991 31981
511548049: 379 757 1783
512977327: 18493 27739
515818621: 29 71 379 661
516764063: 19687 26249
517456337: 7583 68239
518820101: 13151 39451
524438713: 1429 366997
527505859: 12277 42967
531068641: 2131 249211
531580349: 9413 56473
532501291: 7 31 2453923
532758241: 97 673 8161
533054341: 911 585131
535517581: 8747 61223
536989051: 191 1301 2161
539019361: 16417 32833
539921701: 11 71 271 2551
540427031: 9491 56941
543694581: 3 3 29 2083121
545903863: 18229 29947
546683539: 3019 181081
546793081: 61 71 191 661
551414137: 15373 35869
554494951: 16651 33301
556488811: 9631 57781
557467471: 11 61 830801
559160561: 2011 278051
560907271: 16747 33493
562310551: 11 29 379 4651
565487497: 21169 26713
565753151: 19421 29131
566141761: 97 193 30241
566820013: 8999 62987
568073287: 9349 60763
568365769: 37 15361237
568497073: 139 4089907
572188441: 11 191 272341
574692161: 13841 41521
574712351: 5651 101701
575249545: 5 13 37 53 4513
576052651: 307 613 3061
577352641: 13873 41617
578191849: 9817 58897
582799951: 12071 48281
583149991: 9859 59149
583914277: 4933 118369
584818651: 19 61 283 1783
588528901: 2161 272341
588764809: 2617 224977
589013119: 12973 45403
591272821: 20551 28771
591445591: 11 6991 7691
592310181: 3 29 1307 5209
592468777: 4969 119233
595590841: 17257 34513
597537361: 7057 84673
598021383: 3 29 173 39733
598983751: 3331 179821
599945233: 103 307 18973
599981257: 4549 131893
600975961: 29 191 108499
604636033: 14197 42589
605221501: 12301 49201
606443251: 10501 57751
606755881: 229 379 6991
608764231: 4003 152077
609451151: 7127 85513
610465181: 13183 46307
610950481: 281 311 6991
612790921: 11071 55351
615017269: 5021 122489
617499397: 5557 111121
619997383: 379 757 2161
620928533: 14387 43159
629044321: 97 193 33601
633528173: 2699 234727
637810681: 3121 204361
637867051: 1579 403969
641771911: 11 19 61 71 709
643316461: 9587 67103
644453633: 14657 43969
647101267: 2383 271549
650982907: 379 757 2269
651861761: 14741 44221
660061081: 7417 88993
663699961: 18217 36433
666434791: 11 163 491 757
666509821: 53 109 113 1021
667563487: 12919 51673
667578871: 8171 81701
677802061: 3511 193051
679033681: 16481 41201
679396303: 8243 82421
679975003: 18439 36877
680024957: 4421 153817
681071301: 3 3 3 443 56941
682460501: 15083 45247
685533637: 6121 111997
686055367: 10099 67933
688044151: 571 1204981
689634481: 6781 101701
694287481: 41 113 277 541
698361181: 7 7 1321 10789
704191321: 16633 42337
706915009: 8017 88177
708008461: 20611 34351
710822251: 71 751 13331
713197939: 10903 65413
714619277: 20707 34511
715855561: 5839 122599
716460361: 71 281 35911
717653333: 15467 46399
718260951: 3 23 29 358951
722046641: 71 281 36191
725107417: 233 1277 2437
727083001: 43 127 211 631
733355057: 16481 44497
733770151: 29 101 379 661
735739831: 19 29 191 6991
740025193: 1579 468667
741949837: 3517 210961
746331041: 15773 47317
748691591: 11171 67021
750653203: 13183 56941
753639811: 61 661 18691
754156051: 11 191 358951
756318751: 13751 55001
756509113: 3469 218077
757272707: 22469 33703
757644889: 6007 126127
759622753: 19489 38977
760932559: 7741 98299
765232009: 6037 126757
765406153: 12373 61861
766381501: 163 757 6211
766951901: 7151 107251
768831823: 2179 352837
769203653: 3203 240151
770441153: 1109 694717
774113701: 103 307 24481
780172301: 1901 410401
782130553: 7757 100829
782465237: 1163 672799
782993231: 191 4099441
784014001: 53 109 113 1201
785190451: 14011 56041
786333241: 12541 62701
787540879: 17749 44371
787815271: 2179 361549
789375511: 19867 39733
789541669: 7 6121 18427
791433865: 5 41 829 4657
796672099: 487 757 2161
798080869: 4057 196717
798544501: 2251 354751
798967081: 11 19 29 61 2161
800689181: 5641 141941
801866647: 14159 56633
804444271: 61 71 281 661
806176645: 5 41 277 14197
811110301: 79 1051 9769
812036461: 10771 75391
812518601: 18661 43541
816024161: 16493 49477
817832329: 4217 193937
818762569: 9049 90481
821376533: 16547 49639
821399167: 3583 229249
823106593: 193 673 6337
829512001: 14401 57601
830434277: 15331 54167
831933901: 149 1201 4649
832723489: 13 41 761 2053
834451129: 12919 64591
836170121: 1193 700897
836788877: 10781 77617
837799271: 8933 93787
837843931: 19 23 281 6823
842092651: 101 281 29671
842724541: 421 2001721
844022831: 17791 47441
844866721: 2161 390961
845218891: 11 29 379 6991
845376533: 16787 50359
845951767: 14543 58169
847474097: 7517 112741
849606031: 20611 41221
852503737: 9733 87589
852922057: 13 41 53 109 277
855696601: 1381 619621
858469321: 12637 67933
869109281: 17021 51061
873282751: 11 191 415651
873953869: 9349 93481
877487887: 19 29 991 1607
878940833: 17117 51349
879196897: 9377 93761
881114753: 22993 38321
881214067: 14843 59369
883740001: 61 101 191 751
884906551: 19 29 101 15901
885946657: 6829 129733
885960973: 9413 94121
887141971: 61 1381 10531
887331251: 131 521 13001
887795221: 17203 51607
895464841: 2767 323623
895973551: 11 61 191 6991
896231953: 21169 42337
896901461: 17291 51871
897283213: 23203 38671
897756751: 21187 42373
898429099: 9479 94781
898507711: 181 811 6121
902531731: 3203 281777
903108821: 12269 73609
904876361: 12281 73681
907475851: 10651 85201
910989337: 6037 150901
917966149: 3499 262351
919233151: 8941 102811
921560611: 61 2161 6991
921680001: 3 3 11 29 321031
922887361: 11 19 61 191 379
923437213: 26317 35089
926649361: 11 19 4433729
926903099: 20297 45667
928114151: 103 2801 3217
928235197: 7867 117991
929559403: 21559 43117
938376181: 21661 43321
939947009: 263 1049 3407
940972957: 463 2032339
941475287: 29819 31573
943795201: 15361 61441
944915005: 5 53 109 32713
946495369: 13759 68791
949324951: 21787 43573
951941161: 21817 43633
957765607: 9787 97861
962468911: 9811 98101
963927607: 29 389 85447
966188401: 4441 217561
971370767: 1187 818341
971515777: 9857 98561
972471151: 22051 44101
974774401: 11801 82601
975073373: 27539 35407
975260983: 9967 97849
976892671: 10141 96331
977027761: 2671 365791
979501441: 97 193 52321
984357361: 13 37 421 4861
988168897: 4093 241429
988515851: 701 883 1597
990644611: 11 29 71 191 229
991358353: 37 2593 10333
991523479: 499 997 1993
994600363: 43 659 35099
995665441: 1321 753721
999797107: 463 991 2179
1003062061: 11971 83791
1003112983: 103 307 31723
1003137697: 163 487 12637
1005354001: 631 1593271
1006244611: 2437 412903
1007713171: 22447 44893
1013046649: 4513 224473
1013813971: 6151 164821
1014594001: 5101 198901
1015269391: 22531 45061
1016127841: 30241 33601
1017696241: 31 331 99181
1020745547: 1019 1001713
1021739221: 3821 267401
1024651321: 9241 110881
1026697771: 11 61 191 8011
1027744453: 22669 45337
1033164991: 23 29 61 67 379
1033409305: 5 41 1117 4513
1036744219: 7 307 613 787
1038489811: 6871 151141
1038713581: 191 1289 4219
1038944303: 1187 875269
1041134321: 83 12543787
1041975481: 29 71 463 1093
1047943471: 11821 88651
1048972221: 3 3 3 11 227 15559
1050023251: 4051 259201
1053541189: 9787 107647
1053684421: 2543 414347
1054740191: 13259 79549
1054940417: 1229 858373
1055608219: 8123 129953
1058989231: 23011 46021
1060148233: 20593 51481
1060311341: 6491 163351
1060325701: 2551 415651
1068634451: 20177 52963
1069100101: 9859 108439
1073066881: 18913 56737
1076232961: 6841 157321
1079244641: 15641 69001
1081607311: 127 181 211 223
1095225301: 11701 93601
1097102353: 9187 119419
1097893087: 5683 193189
1098000091: 23431 46861
1099607473: 13177 83449
1100943031: 419 419 6271
1103570329: 7759 142231
1105719859: 29 167 229 997
1108688869: 4663 237763
1110148033: 19237 57709
1110293101: 19 29 71 101 281
1112103541: 23581 47161
1114307851: 101 661 16691
1114857757: 13 2593 33073
1115596801: 11 71 661 2161
1124454421: 10111 111211
1127486221: 967 1013 1151
1129541401: 5851 193051
1130162041: 103 3163 3469
1130340481: 2953 382777
1133818561: 19441 58321
1137320581: 19471 58411
1141470721: 2887 395383
1142300503: 23899 47797
1143159421: 27109 42169
1146920321: 19553 58657
1149386281: 6781 169501
1151917111: 307 613 6121
1152728953: 13003 88651
1154007109: 10243 112663
1157203269: 3 3 29 4433729
1157739505: 5 13 277 64301
1159202773: 9829 117937
1160358359: 13907 83437
1165717129: 6829 170701
1166229031: 11 71 691 2161
1176964069: 1949 603881
1177054763: 8087 145549
1177300951: 21701 54251
1179740161: 15361 76801
1180076693: 5849 201757
1182628427: 4999 236573
1186915861: 19891 59671
1189817371: 24391 48781
1193882161: 6911 172751
1195694651: 16301 73351
1197336103: 4799 249497
1202142061: 24517 49033
1209229477: 28393 42589
1210653541: 30133 40177
1212297847: 28429 42643
1213596121: 12721 95401
1216423531: 29 491 85429
1216506373: 10069 120817
1217107079: 14243 85453
1217181061: 20143 60427
1218386353: 9013 135181
1219858921: 24697 49393
1220574421: 11 19 443 13183
1221044653: 24709 49417
1228229143: 11083 110821
1230117197: 1949 631153
1230446653: 11093 110921
1234125721: 24841 49681
1234330483: 6469 190807
1235743813: 41 53 277 2053
1242958501: 37 41 109 7517
1244722753: 1873 664561
1252304821: 271 661 6991
1256187217: 23203 54139
1256824561: 9833 127817
1257102001: 337 1009 3697
1257742001: 31277 40213
1259533633: 193 673 9697
1260864061: 19697 64013
1261654451: 71 491 36191
1264011977: 8753 144409
1264145401: 107 743 15901
1267133311: 25171 50341
1268946253: 25189 50377
1270287751: 29101 43651
1272645991: 19069 66739
1274141611: 5791 220021
1276378133: 20627 61879
1276725283: 197 2161 2999
1281364363: 20011 64033
1281683131: 5279 242789
1293475177: 6679 193663
1296086563: 18289 70867
1296945157: 22777 56941
1297780705: 5 13 109 113 1621
1300490071: 31231 41641
1301856601: 18041 72161
1303753551: 3 23 29 101 6451
1304337241: 4691 278051
1312680617: 23719 55343
1314461251: 14221 92431
1315858381: 13711 95971
1316509921: 1321 996601
1320372571: 7 7 331 81409
1327039631: 373 683 5209
1327805407: 14293 92899
1329865759: 13591 97849
1336394821: 103 409 31723
1336796761: 61 2161 10141
1338247681: 21121 63361
1339615201: 9901 135301
1341853501: 191 2161 3251
1347387361: 21193 63577
1356241321: 26041 52081
1360946599: 12049 112951
1365155551: 6983 195497
1366303681: 61 271 82651
1367270893: 33073 41341
1375019101: 18541 74161
1378511947: 137 919 10949
1379167261: 71 191 101701
1381495457: 1697 814081
1381647439: 23509 58771
1384553041: 293 4725437
1385866861: 14071 98491
1386250651: 31151 44501
1387133497: 127 2857 3823
1387624741: 29 191 379 661
1391207581: 9631 144451
1397737921: 4289 325889
1399144291: 15271 91621
1399722041: 16921 82721
1403046163: 5923 236881
1407953971: 15319 91909
1410521941: 26557 53113
1411623361: 3361 420001
1412853619: 12893 109583
1416375369: 3 3 3 373 140639
1419575167: 18839 75353
1425483081: 3 3 11 29 496511
1427900833: 21817 65449
1428223031: 521 1171 2341
1430342317: 13183 108499
1440159601: 9601 150001
1440651073: 337 449 9521
1441344893: 9803 147031
1443171031: 43 3823 8779
1443305339: 7 7 263 111997
1446457933: 17929 80677
1446812641: 21961 65881
1448466631: 8971 161461
1449769813: 5807 249659
1451472553: 10567 137359
1452063451: 32497 44683
1455527617: 8753 166289
1460310877: 379 1783 2161
1460630029: 27457 53197
1463030101: 13 41 941 2917
1467416497: 3823 383839
1472221921: 22153 66457
1479498249: 3 29 173 98299
1480849831: 27211 54421
1483578809: 41 53 682733
1483918589: 3271 453659
1486197721: 7561 196561
1487387611: 27271 54541
1490056501: 19301 77201
1490932873: 7723 193051
1493547413: 4463 334651
1502124427: 19379 77513
1503370963: 757 919 2161
1511751601: 19441 77761
1513035301: 12301 123001
1513108873: 13399 112927
1517980501: 151 10052851
1519061263: 9187 165349
1522708097: 2689 566273
1523804283: 3 3 137 617 2003
1524258009: 3 3 29 443 13183
1527390883: 3637 419959
1527763333: 22567 67699
1529371229: 3593 425653
1529705629: 10099 151471
1530159247: 19559 78233
1534768031: 3023 507697
1538753581: 43 181 211 937
1540550413: 30403 50671
1543776301: 14851 103951
1547543161: 27817 55633
1547919829: 11863 130483
1549964371: 5683 272737
1552778501: 131 521 22751
1560620041: 593 1481 1777
1563824861: 10211 153151
1570997431: 28027 56053
1572032879: 16187 97117
1577211721: 9929 158849
1580449201: 103 151 307 331
1582239361: 30241 52321
1583644819: 2843 557033
1584999781: 547 659 4397
1586864761: 30113 52697
1588247851: 211 1831 4111
1588690087: 31511 50417
1589211553: 11057 143729
1589307919: 9967 159457
1595307541: 109 277 52837
1596190801: 15101 105701
1598982533: 23087 69259
1599333401: 13331 119971
1606489047: 3 3 2089 85447
1612296505: 5 41 277 28393
1613864449: 18433 87553
1614341431: 28411 56821
1616459911: 11 71 157 13183
1619680147: 20123 80489
1620313693: 8779 184567
1622530141: 4621 351121
1626917501: 11 71 2083121
1637986621: 2459 666119
1639538461: 11 29 71 191 379
1641211961: 21157 77573
1642868137: 18127 90631
1645859251: 28687 57373
1647043441: 26713 61657
1648076041: 277 829 7177
1665815281: 13 41 53 109 541
1665862199: 9283 179453
1666216697: 33329 49993
1673933671: 17029 98299
1674021361: 7349 227789
1674374833: 109 15361237
1677195001: 5851 286651
1681868533: 1637 1027409
1685100691: 16759 100549
1686360121: 29 71 379 2161
1688983957: 20549 82193
1692864097: 17 353 282097
1693147541: 11131 152111
1695419041: 23773 71317
1701129281: 23813 71437
1701155011: 15061 112951
1701541973: 39133 43481
1701544147: 32611 52177
1702123201: 18451 92251
1706302153: 29209 58417
1707152543: 5231 326353
1707421633: 23857 71569
1707704461: 29221 58441
1709881273: 18493 92461
1709909293: 26153 65381
1710753001: 20681 82721
1710930691: 379 2089 2161
1712392321: 15641 109481
1713864563: 1103 1553821
1715427451: 29287 58573
1723175551: 22189 77659
1727809073: 10733 160981
1731264079: 16987 101917
1732365559: 17659 98101
1734335101: 12281 141221
1735191961: 4441 390721
1739529457: 13903 125119
1739714665: 5 13 41 53 109 113
1751506093: 14797 118369
1754576617: 13963 125659
1757168437: 3677 477881
1758037921: 33601 52321
1758408961: 3851 456611
1769148751: 21031 84121
1776548437: 7229 245753
1779406537: 12577 141481
1779544531: 22549 78919
1781954533: 379 757 6211
1787487601: 241 7416961
1787624581: 61 71 191 2161
1792731151: 1231 1456321
1797559219: 32693 54983
1798365931: 40231 44701
1798491091: 8941 201151
1801642501: 12097 148933
1801987639: 2707 665677
1804325563: 37993 47491
1806241337: 27823 64919
1811173807: 16693 108499
1811763241: 701 883 2927
1811769457: 8689 208513
1811916811: 233 2437 3191
1812155451: 3 29 173 120401
1814481217: 4793 378569
1815566101: 36901 49201
1818494197: 13 41 109 113 277
1820306953: 30169 60337
1821800611: 15091 120721
1828182427: 21379 85513
1832918713: 8563 214051
1835776981: 12919 142099
1836718297: 43 3823 11173
1839157003: 19 29 379 8807
1840009891: 10111 181981
1840512787: 13567 135661
1843038971: 5741 321031
1852666901: 24851 74551
1856689453: 30469 60937
1859787187: 21563 86249
1861026133: 24907 74719
1868076451: 21611 86441
1869017491: 11 29 61 139 691
1871501633: 24977 74929
1884929677: 35449 53173
1886526721: 16417 114913
1886867401: 11551 163351
1887446161: 16421 114941
1887518329: 17737 106417
1890851257: 19447 97231
1894349101: 16451 115151
1896564913: 67 2161 13099
1899636001: 3001 633001
1901656573: 12589 151057
1903935931: 6991 272341
1908464881: 3877 492253
1909131141: 3 71 167 191 281
1910668033: 25237 75709
1911847801: 3181 601021
1914235849: 12853 148933
1916556331: 131 521 28081
1916608129: 7297 262657
1922905837: 33967 56611
1924304141: 17909 107449
1927621851: 3 29 191 311 373
1930615681: 30241 63841
1942480657: 13 41 761 4789
1951469101: 31237 62473
1959274153: 12277 159589
1959788923: 967 2026669
1961127541: 19 379 272341
1962730531: 31327 62653
1964053191: 3 23 71 191 2099
1964141947: 443 4433729
1964457721: 2683 732187
1965094381: 27361 71821
1969323351: 3 101 137 47441
1971363521: 14281 138041
1976640967: 7 103 409 6703
1977147019: 67 727 40591
1979779723: 26591 74453
1981909981: 9833 201557
1987220071: 4409 450719
2002958497: 103 613 31723
2003561051: 21101 94951
2005360351: 22391 89561
2013630451: 7 7 31 151 8779
2017308673: 23041 87553
2017509601: 25933 77797
2022704657: 29443 68699
2025677161: 15913 127297
2029571657: 4397 461581
2029830409: 20149 100741
2035858117: 28537 71341
2036506297: 7 7 307 331 409
2037241751: 251 8116501
2037732451: 22571 90281
2038345579: 24133 84463
2049488551: 11 29 919 6991
2054145677: 35107 58511
2059739221: 26203 78607
2060933401: 19 29 71 139 379
2062167091: 11173 184567
2063228203: 32119 64237
2063639551: 701 1051 2801
2069182981: 26263 78787
2075968765: 5 13 109 113 2593
2079518269: 2239 928771
2082440533: 26347 79039
2083295041: 6961 299281
2087506621: 1831 1140091
2090913437: 11807 177091
2092408849: 433 4832353
2093609269: 38671 54139
2094177403: 32359 64717
2097317377: 353 1153 5153
2101757711: 39703 52937
2107488931: 28201 74731
2109682681: 34721 60761
2111280733: 2399 880067
2111996701: 5171 408431
2115703463: 23753 89071
2118621097: 30133 70309
2119124351: 21701 97651
2125213201: 9613 221077
2126151977: 37649 56473
2126839177: 15373 138349
2136093805: 5 37 113 102181
2137495361: 26693 80077
2139462991: 32707 65413
2141033203: 32719 65437
2145121441: 33601 63841
2151678289: 32377 66457
2153246401: 17 449 282097
2154252259: 9103 236653
2166708961: 811 2671651
2167302161: 36061 60101
2169130031: 7187 301813
2174166881: 26921 80761
2174799563: 40387 53849
2175136133: 26927 80779
2175999389: 6829 318641
2177858719: 6089 357671
2178678431: 40423 53897
2181723751: 8011 272341
2185400431: 31051 70381
2189700833: 27017 81049
2190361309: 22483 97423
2197291867: 23 67 617 2311
2199210553: 13007 169079
2201642801: 15641 140761
2204314003: 67 991 33199
2207140921: 4153 531457
2212290697: 18217 121441
2213057893: 29753 74381
2216123671: 19219 115309
2219517901: 17807 124643
2224592231: 659 883 3823
2231332357: 38569 57853
2235843793: 1747 1279819
2240517889: 2017 1110817
2245519981: 17911 125371
2245984651: 131 2801 6121
2251383373: 103 3571 6121
2251732033: 27397 82189
2255479601: 151 14936951
2260590061: 17971 125791
2266660351: 139 691 23599
2271784087: 12739 178333
2272413529: 21319 106591
2278829281: 19489 116929
2281724701: 103 409 54163
2287979383: 22549 101467
2289741049: 487 757 6211
2290862389: 2693 850673
2294119183: 30293 75731
2297067967: 39133 58699
2298603061: 71 191 169501
2303646031: 307 613 12241
2303998597: 12829 179593
2305707301: 313 7366477
2306664757: 40591 56827
2310391639: 25693 89923
2318055793: 4889 474137
2325850957: 7723 301159
2330770321: 11 71 1381 2161
2332461949: 19717 118297
2333461313: 12473 187081
2338157597: 17657 132421
2338533181: 25849 90469
2339696101: 5701 410401
2341075843: 17107 136849
2342409691: 19759 118549
2344054721: 27953 83857
2350736401: 13 53 109 113 277
2377239643: 36857 64499
2379610351: 24391 97561
2381184653: 2699 882247
2381546611: 11503 207037
2382191599: 30869 77171
2382412339: 19927 119557
2384416561: 1181 2018981
2386172251: 379 757 8317
2393426699: 2237 1069927
2394838321: 23509 101869
2398906651: 29 101 379 2161
2401380865: 5 13 41 277 3253
2403802133: 28307 84919
2408160641: 8543 281887
2410813081: 19 139 661 1381
2416134241: 14821 163021
2418375037: 13 41 113 40153
2418416365: 5 41 277 42589
2425249601: 28433 85297
2425925701: 14851 163351
2427547393: 37 41 53 109 277
2428158643: 15583 155821
2428258771: 6211 390961
2433461491: 9323 261017
2435644027: 15607 156061
2439585487: 12637 193051
2439600833: 28517 85549
2442660481: 4993 489217
2451914587: 28843 85009
2458445761: 593 4145777
2462535783: 3 3 3 29 239 13159
2462917031: 30391 81041
2467167631: 61 40445371
2476510453: 4057 610429
2480147521: 28753 86257
2487937813: 7607 327059
2502525637: 25013 100049
2503267981: 18911 132371
2507395279: 20443 122653
2508178843: 17707 141649
2515992013: 18959 132707
2527794793: 3049 829057
2529854713: 439 877 6571
2537469313: 4481 566273
2544647341: 1741 1461601
2544804811: 35671 71341
2545967061: 3 3 11 71 281 1289
2546257177: 22567 112831
2554606871: 14591 175081
2555101001: 4451 574051
2564775679: 27739 92461
2571041857: 10009 256873
2575060949: 20717 124297
2575080397: 25373 101489
2581668799: 12703 203233
2582799451: 25411 101641
2588016889: 5653 457813
2597959993: 14923 174091
2598933481: 443 1327 4421
2599497883: 4507 576769
2605192211: 44203 58937
2612655541: 31 181 465631
2616529501: 19 157 661 1327
2617244033: 29537 88609
2632628833: 9697 271489
2634804481: 4021 655261
2643885649: 347 7619267
2645498881: 45361 58321
2645647957: 20287 130411
2648866501: 61 101 191 2251
2668246153: 14327 186239
2668465649: 11273 236713
2671529191: 31 4691 18371
2676859001: 33871 79031
2683328581: 15619 171799
2691611371: 5531 486641
2697374737: 23227 116131
2697636061: 13411 201151
2698936829: 709 827 4603
2703071359: 43499 62141
2703714007: 25999 103993
2704546027: 26003 104009
2705786119: 5693 475283
2714524481: 45121 60161
2716157989: 21277 127657
2717549929: 13033 208513
2718695701: 11117 244553
2725014001: 17401 156601
2728375681: 22273 122497
2730472021: 28621 95401
2735019307: 7477 365791
2736066667: 42709 64063
2741127253: 33113 82781
2743133411: 1151 2383261
2745342331: 21391 128341
2748561661: 2281 1204981
2750981353: 46337 59369
2765779189: 41 53 109 11677
2771071031: 21491 128941
2771640089: 3119 888631
2772674881: 11491 241291
2775980593: 23563 117811
2780668703: 20297 136999
2785799521: 421 1021 6481
2789455261: 29297 95213
2794697011: 18691 149521
2804470327: 26479 105913
2809830823: 16763 167621
2812672981: 15991 175891
2824804693: 40177 70309
2825682553: 23773 118861
2827854187: 23209 121843
2829923041: 11 61 71 191 311
2832735121: 20117 140813
2837832301: 61 661 70381
2840184433: 13537 209809
2841190381: 20147 141023
2847301849: 7 7 6619 8779
2850189949: 28537 99877
2850469651: 5741 496511
2855736217: 43633 65449
2857385719: 28573 100003
2871621341: 71 40445371
2871974561: 30941 92821
2873563141: 1181 2433161
2879750569: 4297 670177
2882599669: 41 53 277 4789
2882759041: 16189 178069
2885331653: 6203 465151
2887282129: 21937 131617
2889439027: 33997 84991
2893368547: 4483 645409
2895075361: 3331 869131
2895671201: 9601 301601
2898023521: 31081 93241
2905901731: 7741 375391
2912475619: 3559 818341
2915560831: 457 571 11173
2916768691: 757 1783 2161
2933257861: 71 163 191 1327
2933563781: 31271 93811
2933588503: 38299 76597
2935206811: 19 71 379 5741
2943403453: 34313 85781
2943765631: 19183 153457
2958586781: 12821 230761
2960362693: 19237 153889
2961866953: 24841 119233
2964023833: 12277 241429
2979582499: 33427 89137
2993754241: 7681 389761
3000921221: 18371 163351
3000969271: 29 191 443 1223
3001112521: 11 191 661 2161
3002848921: 13291 225931
3003629833: 53 109 277 1877
3011274757: 8677 347041
3013708057: 27449 109793
3017887471: 19423 155377
3027022153: 14449 209497
3032134387: 8707 348241
3032802001: 21601 140401
3034594963: 439 6912517
3036079729: 34849 87121
3042763501: 27581 110321
3046165501: 14251 213751
3049936891: 31 131 547 1373
3053124097: 30977 98561
3061988659: 27109 112951
3063685633: 31957 95869
3066754241: 31973 95917
3071591261: 6983 439867
3076094159: 12809 240151
3085648301: 149 3109 6661
3087486361: 13477 229093
3090809369: 22697 136177
3091354111: 22699 136189
3093508867: 13693 225919
3096385717: 17597 175961
3098921201: 5147 602083
3106212013: 28591 108643
3110951251: 45541 68311
3115082371: 3559 875269
3120301633: 11369 274457
3136605361: 14461 216901
3143653111: 35461 88651
3146902111: 39667 79333
3148806403: 39679 79357
3149053585: 5 41 15361237
3159917581: 21247 148723
3167891851: 42751 74101
3170327689: 30097 105337
3174167027: 51431 61717
3181341239: 23027 138157
3182945221: 17011 187111
3185332711: 11 29 71 140639
3189888001: 39937 79873
3203278399: 30253 105883
3204162613: 24137 132749
3206372851: 11 71 661 6211
3211997891: 26717 120223
3215212153: 15727 204439
3224109701: 32783 98347
3225184129: 10369 311041
3227088097: 13033 247609
3227392477: 43 967 77617
3240876101: 11621 278881
3243842101: 19681 164821
3246761449: 7561 429409
3247473349: 20809 156061
3251034067: 29 197 239 2381
3252199897: 7129 456193
3253962487: 29 137 379 2161
3256200953: 1187 2743219
3257334541: 40357 80713
3259249841: 14741 221101
3259268323: 647 5037509
3261194581: 32971 98911
3262618789: 10429 312841
3264097981: 71 157 443 661
3266422769: 21649 150881
3270933121: 337 449 21617
3287687581: 30649 107269
3291076627: 9839 334493
3291592591: 7 7 79 131 6491
3293292883: 17047 193189
3297244501: 11551 285451
3301017301: 197 463 36191
3307251221: 33203 99607
3316160251: 15391 215461
3322130111: 23531 141181
3322551403: 40759 81517
3328437481: 31 103 457 2281
3337610743: 51673 64591
3353925221: 38609 86869
3354354469: 1787 1877087
3359955817: 1753 1916689
3363763231: 41011 82021
3364158601: 19 29 61 101 991
3371840929: 25969 129841
3377537671: 1831 1844641
3380848153: 16127 209639
3382694749: 7 3469 139303
3383477191: 41131 82261
3394971959: 30089 112831
3401510113: 26083 130411
3403953463: 50527 67369
3406014433: 8017 424849
3407772817: 26107 130531
3414299971: 5011 681361
3416030801: 131 521 50051
3417451363: 36973 92431
3418253021: 13781 248041
3420524467: 29243 116969
3421306981: 8191 417691
3438861301: 47881 71821
3442391473: 2293 1501261
3442964671: 41491 82981
3444123547: 37117 92791
3458325781: 21841 158341
3462062651: 12011 288241
3462909031: 41611 83221
3464369581: 22247 155723
3469129201: 709 1063 4603
3475329463: 19 23 29 67 4093
3479969593: 20857 166849
3480387041: 34061 102181
3494479771: 14779 236449
3497214337: 29569 118273
3498201331: 443 599 13183
3498912031: 29 139 311 2791
3509482961: 10313 340297
3512847869: 24197 145177
3516738451: 9151 384301
3520823881: 8527 412903
3521610121: 23581 149341
3524985361: 3121 1129441
3525073861: 199 2729 6491
3529344607: 18787 187861
3529666821: 3 29 191 311 683
3541457137: 103 307 111997
3542417113: 379 709 13183
3543561529: 37649 94121
3548335099: 9419 376721
3551643901: 13 41 109 113 541
3552880831: 31723 111997
3556298503: 23599 150697
3561243337: 30817 115561
3563340457: 39079 91183
3565467361: 7841 454721
3566014861: 22571 157991
3568430251: 29 67 71 25867
3573842581: 71 271 281 661
3581831761: 22621 158341
3583375681: 16603 215827
3609040831: 11 71 661 6991
3609281593: 12809 281777
3612345697: 13789 261973
3612354733: 13 37 41 113 1621
3625557193: 12043 301051
3625593211: 379 757 12637
3627107551: 4951 732601
3630596257: 26947 134731
3637354141: 271 2161 6211
3643480501: 30181 120721
3648049259: 10067 362377
3653333389: 46819 78031
3653628247: 30223 120889
3664349597: 14779 247943
3672678673: 163 1783 12637
3673724641: 16811 218531
3673744903: 42859 85717
3679113199: 24763 148573
3684206737: 20233 182089
3689741281: 1697 2174273
3691991299: 12763 289273
3693216301: 71 191 272341
3694781641: 2531 1459811
3695074783: 15541 237763
3695441941: 21493 171937
3698276741: 35111 105331
3708905341: 17581 210961
3709626961: 23021 161141
3713287801: 571 2281 2851
3717260737: 139 1289 20747
3717260801: 35201 105601
3717451441: 11 19 71 379 661
3729097633: 35257 105769
3731183009: 293 3331 3823
3733646491: 43207 86413
3735330181: 11 29 61 139 1381
3741308143: 56629 66067
3743072341: 35323 105967
3751554581: 35363 106087
3759781369: 25033 150193
3760896133: 35407 106219
3772839961: 11 71 691 6991
3772938529: 32833 114913
3780837649: 163 487 47629
3782315881: 197 491 39103
3796105951: 11 71 1093 4447
3803059063: 53407 71209
3810767617: 17 433 449 1153
3814075189: 43 659 134597
3816081361: 21841 174721
3820949021: 53201 71821
3822308461: 43717 87433
3826104001: 641 5968961
3838062691: 71 617 87613
3840986491: 379 2179 4651
3842266651: 10631 361421
3843388321: 4463 861167
3844988551: 21269 180779
3852800033: 35837 107509
3855327571: 271 757 18793
3859546687: 31063 124249
3864538261: 14653 263737
3869668351: 43987 87973
3870110623: 17959 215497
3872013751: 13267 291853
3874694517: 3 3 23 1367 13693
3877846459: 25423 152533
3881249857: 14293 271549
3883439647: 31159 124633
3883774561: 97 4129 9697
3888925501: 31181 124721
3890921317: 31189 124753
3892928203: 44119 88237
3895407521: 12163 320267
3908165713: 23629 165397
3908413559: 25523 153133
3908998273: 18049 216577
3920073193: 3529 1110817
3945807977: 20939 188443
3949897879: 39749 99371
3952283161: 39761 99401
3959568313: 43517 90989
3959921521: 44497 88993
3964220371: 39821 99551
3983235049: 307 409 31723
3990545593: 39953 99881
4003487857: 28297 141481
4010756989: 709 5656921
4020144133: 36607 109819
4020155021: 1303 3085307
4022376251: 39551 101701
4028908811: 29383 137117
4028995297: 28387 141931
4032839791: 8807 457913
4035028861: 44917 89833
4037015239: 50231 80369
4043058559: 6359 635801
4046045257: 28447 142231
4068000721: 5531 735491
4070727805: 5 53 15361237
4082683453: 3331 1225663
4083197509: 19267 211927
4088685121: 97 193 218401
4092481291: 4231 967261
4102860001: 9151 448351
4105050381: 3 3 3 71 373 5741
4109913323: 39569 103867
4117741561: 41 53 277 6841
4118323951: 7 181 937 3469
4118677789: 103 3469 11527
4121791129: 6553 628993
4122530329: 4999 824671
4126266229: 2677 1541377
4138225471: 523 7912477
4150829593: 28813 144061
4156580741: 37223 111667
4163483431: 3061 1360171
4166290801: 13921 299281
4175289271: 45691 91381
4178491201: 32321 129281
4189350727: 17299 242173
4195864261: 19531 214831
4197126727: 379 1783 6211
4212827701: 14891 282911
4227630289: 337 1009 12433
4229128531: 31 181 753721
4234009397: 53129 79693
4245592751: 71 281 212801
4255062649: 277 15361237
4257780001: 21751 195751
