25: 5 5
85: 5 17
133: 7 19
175: 5 5 7
403: 13 31
425: 5 5 17
451: 11 41
475: 5 5 19
595: 5 7 17
763: 7 109
849: 3 283
1393: 7 199
1615: 5 17 19
2071: 19 109
2725: 5 5 109
3325: 5 5 7 19
3655: 5 17 43
3679: 13 283
3781: 19 199
4331: 61 71
4553: 29 157
4681: 31 151
4859: 43 113
4975: 5 5 199
5963: 67 89
7543: 19 397
8321: 53 157
8773: 31 283
9193: 29 317
9265: 5 17 109
9605: 5 17 113
11305: 5 7 17 19
13981: 11 31 41
14497: 7 19 109
16915: 5 17 199
19075: 5 5 7 109
21691: 109 199
26467: 7 19 199
31057: 13 2389
34825: 5 5 7 199
36499: 17 19 113
43273: 109 397
44591: 17 43 61
45475: 5 5 17 107
48133: 127 379
49769: 157 317
49771: 71 701
51775: 5 5 19 109
56033: 137 409
57553: 67 859
60701: 101 601
64855: 5 7 17 109
68101: 11 41 151
69231: 3 47 491
72631: 13 37 151
74059: 31 2389
79003: 199 397
79381: 163 487
81631: 11 41 181
84241: 61 1381
92509: 79 1171
94525: 5 5 19 199
96049: 139 691
103601: 211 491
104833: 79 1327
112435: 5 113 199
113401: 151 751
114049: 13 31 283
117181: 17 61 113
118405: 5 7 17 199
120171: 3 41 977
126331: 19 61 109
126673: 19 59 113
127697: 277 461
151837: 7 109 199
160531: 7 17 19 71
162583: 19 43 199
167281: 409 409
176035: 5 17 19 109
185725: 5 5 17 19 23
186457: 137 1361
196093: 157 1249
199057: 67 2971
230641: 19 61 199
236215: 5 7 17 397
264773: 149 1777
265651: 421 631
303241: 71 4271
321385: 5 17 19 199
338701: 11 41 751
339451: 7 71 683
362425: 5 5 7 19 109
363091: 191 1901
385003: 439 877
385925: 5 5 43 359
412129: 19 109 199
413015: 5 17 43 113
433621: 199 2179
464185: 5 17 43 127
476531: 11 43321
480187: 19 127 199
485357: 569 853
491063: 607 809
542275: 5 5 109 199
556649: 409 1361
597871: 547 1093
615851: 227 2713
661675: 5 5 7 19 199
676087: 283 2389
694153: 373 1861
697291: 7 23 61 71
729061: 349 2089
751843: 31 79 307
765703: 619 1237
787081: 281 2801
822187: 19 109 397
825563: 787 1049
847261: 31 151 181
865063: 397 2179
920941: 7 17 71 109
962767: 13 31 2389
1024651: 19 199 271
1145257: 103 11119
1195195: 5 19 23 547
1232245: 5 7 17 19 109
1296505: 5 7 17 2179
1304377: 137 9521
1323151: 61 109 199
1329511: 211 6301
1342951: 31 43321
1357441: 673 2017
1385245: 5 17 43 379
1432999: 19 199 379
1443301: 29 157 317
1454933: 569 2557
1493857: 547 2731
1501057: 19 199 397
1553917: 1171 1327
1569457: 17 19 43 113
1581121: 37 151 283
1591801: 19 199 421
1681351: 7 17 71 199
1711711: 463 3697
1717633: 757 2269
1770929: 97 18257
1776161: 41 43321
1828513: 577 3169
1843735: 5 17 109 199
1898401: 227 8363
1902691: 7 17 59 271
1964725: 5 5 7 103 109
1973089: 307 6427
1980717: 3 283 2333
2030341: 823 2467
2062727: 787 2621
2064479: 587 3517
2077213: 17 19 59 109
2091013: 617 3389
2104873: 239 8807
2111131: 11 31 41 151
2158003: 31 67 1039
2181121: 853 2557
2183251: 7 61 5113
2249695: 5 7 17 19 199
2314201: 761 3041
2385811: 19 199 631
2487941: 911 2731
2552089: 859 2971
2676097: 277 9661
2719981: 11 37 41 163
2749429: 1049 2621
2776021: 131 21191
2833475: 5 5 17 59 113
2860051: 19 109 1381
2884903: 7 19 109 199
2912491: 17 19 71 127
2921941: 11 491 541
2948947: 859 3433
2984983: 1093 2731
2993971: 701 4271
3012241: 19 23 61 113
3125281: 1021 3061
3146221: 13 31 37 211
3158101: 349 9049
3165961: 17 43 61 71
3363439: 1427 2357
3375041: 1061 3181
3383353: 823 4111
3469033: 73 47521
3609341: 491 7351
3727109: 29 128521
3795925: 5 5 7 109 199
3894089: 409 9521
3922913: 449 8737
4056151: 11 491 751
4077151: 13 31 67 151
4219813: 13 31 37 283
4319641: 79 54679
4358041: 277 15733
4488085: 5 7 17 19 397
4605697: 257 17921
4694041: 11 426731
4834705: 5 43 113 199
4920301: 463 10627
5137171: 13 151 2617
5221561: 19 199 1381
5259061: 541 9721
5292631: 1627 3253
5297293: 1783 2971
5347543: 293 18251
5376463: 547 9829
5481451: 31 151 1171
5498893: 29 189617
5502061: 887 6203
5555531: 1741 3191
5670613: 13 31 14071
5766001: 1201 4801
5880001: 673 8737
5898751: 71 251 331
5968873: 43 127 1093
6186403: 1759 3517
6232513: 7 19 46861
6249541: 1021 6121
6330721: 1453 4357
6464701: 1051 6151
6539527: 1279 5113
6541471: 151 43321
6774499: 1063 6373
6940547: 359 19333
7028821: 1531 4591
7066193: 197 35869
7072465: 5 19 109 683
7137671: 17 61 6883
7232321: 1553 4657
7398151: 2221 3331
7641283: 13 31 67 283
7673563: 1171 6553
7879681: 1621 4861
7883731: 811 9721
7983193: 337 23689
8086231: 2011 4021
8163167: 2333 3499
8319851: 17 61 71 113
8333333: 1667 4999
8404129: 2161 3889
8587951: 701 12251
8611327: 109 199 397
8725753: 2089 4177
8789131: 13 283 2389
8880449: 1217 7297
8921243: 17 509 1031
8934619: 1993 4483
8964001: 2593 3457
9073513: 953 9521
9084223: 19 43 11119
9104401: 17 19 71 397
9227417: 1013 9109
9325339: 199 46861
9439201: 61 271 571
9469877: 1171 8087
9556975: 5 5 17 113 199
9775351: 71 131 1051
9782609: 683 14323
9792391: 7 17 19 61 71
9806617: 1297 7561
9835541: 1811 5431
9847247: 773 12739
10033381: 127 199 397
10141837: 2467 4111
10181117: 29 569 617
10197685: 5 113 18049
10303225: 5 5 19 109 199
10320047: 587 17581
10651177: 487 21871
10683553: 907 11779
10743097: 1093 9829
10919647: 1993 5479
10941711: 3 11 41 8087
11070253: 149 74297
11268251: 2741 4111
11407441: 1277 8933
11559211: 643 17977
11990809: 1549 7741
12114271: 13 757 1231
12256381: 1621 7561
12318541: 1327 9283
12544351: 17 19 71 547
12574999: 887 14177
12656803: 563 22481
12906145: 5 7 17 109 199
12958081: 1361 9521
13012651: 2551 5101
13146211: 13 37 151 181
13697191: 2341 5851
13773061: 2143 6427
13819555: 5 17 19 43 199
13835533: 367 37699
14009761: 1129 12409
14044573: 2053 6841
14608133: 2207 6619
14687681: 2213 6637
14764501: 19 61 12739
14811661: 821 18041
14913991: 43 127 2731
15169969: 199 76231
15268501: 2089 7309
15442903: 7 397 5557
15510991: 331 46861
15786211: 7 23 71 1381
15900193: 433 36721
16142641: 1201 13441
16324001: 2333 6997
16520533: 2347 7039
16755481: 1831 9151
16899037: 17 19 113 463
16913473: 823 20551
17174561: 2393 7177
17236801: 151 211 541
17295601: 1201 14401
17349307: 2083 8329
17495971: 41 426731
17621605: 5 17 379 547
17622529: 2017 8737
17648041: 83 212627
18443701: 3037 6073
18552361: 571 32491
18589987: 13 31 163 283
18674713: 1933 9661
18736381: 3061 6121
18809911: 3067 6133
18903361: 2089 9049
18951301: 271 69931
19013689: 1811 10499
19212821: 2531 7591
19222061: 677 28393
19537771: 11 41 43321
20350021: 853 23857
20576593: 433 47521
20755879: 443 46853
20953591: 71 421 701
20958697: 31 283 2389
21117917: 1187 17791
21332033: 1193 17881
21397381: 2671 8011
21401131: 1973 10847
21906181: 11 31 227 283
22187791: 3331 6661
22465389: 3 47 283 563
22586257: 883 25579
22682353: 953 23801
22688819: 2713 8363
22781861: 1949 11689
22787651: 167 136453
22829311: 61 271 1381
22839629: 797 28657
22891993: 3617 6329
22917497: 137 409 409
22994371: 3391 6781
23122441: 661 34981
23222993: 3733 6221
23292361: 1171 19891
23346509: 1973 11833
23476447: 2423 9689
24482503: 3499 6997
24562357: 4483 5479
24589577: 4049 6073
24895459: 757 32887
25056697: 1669 15013
25158871: 41 173 3547
25204609: 3889 6481
25341691: 331 76561
25584253: 2657 9629
25685479: 547 46957
25747435: 5 7 17 109 397
25969841: 53 157 3121
26017291: 3607 7213
26332181: 2963 8887
26377921: 1549 17029
26470501: 4201 6301
26631113: 3877 6869
26694361: 2311 11551
26842999: 2731 9829
27219697: 2609 10433
27246957: 3 67 283 479
27609697: 4441 6217
27882295: 5 7 17 46861
28298557: 7 17 397 599
28569997: 1429 19993
28647253: 1693 16921
28755721: 17 19 127 701
29411201: 4201 7001
29942137: 199 379 397
29955271: 109 199 1381
30194347: 103 293149
30263707: 397 76231
30529693: 4177 7309
30812153: 233 132241
30924979: 1759 17581
31040833: 3217 9649
31258291: 17 43 61 701
31315033: 2503 12511
31349641: 757 41413
31405501: 71 631 701
31543703: 4111 7673
31695571: 4451 7121
31720547: 67 473441
31778587: 2819 11273
32099777: 1889 16993
32338531: 4999 6469
32429431: 4027 8053
32661089: 1087 30047
32756581: 11 13 37 41 151
32793391: 17 43 113 397
32820541: 13 41 139 443
32899231: 619 53149
33120341: 3323 9967
33600533: 3347 10039
33704101: 2053 16417
33725281: 1201 28081
33814423: 739 45757
34590403: 4159 8317
34657141: 191 421 431
34865471: 2411 14461
35030965: 5 17 19 109 199
35167081: 19 71 131 199
35513011: 31 41 27941
35609201: 401 88801
35622379: 13 31 37 2389
35798491: 4231 8461
36255451: 3011 12041
36959275: 5 5 17 19 23 199
37027297: 499 74203
37815601: 3001 12601
37964809: 109 379 919
38649601: 193 200257
38918501: 563 69127
39174167: 509 76963
39288019: 3697 10627
39293371: 13 37 151 541
39684157: 1627 24391
40102063: 2003 20021
40622401: 17 43 61 911
40629601: 2851 14251
40828675: 5 5 109 14983
41086891: 2341 17551
41668411: 17 109 113 199
41672161: 2753 15137
42136249: 89 473441
42260221: 29 317 4597
42563333: 3767 11299
42605369: 2137 19937
43543837: 269 161873
43742023: 13 31 108541
44068001: 3833 11497
44169217: 4481 9857
44671001: 2729 16369
44933329: 7 17 23 16417
45357445: 5 7 17 76231
46542061: 1423 32707
46633861: 3943 11827
46887697: 4483 10459
47006785: 5 7 17 199 397
47620663: 1627 29269
48015395: 5 17 113 4999
48183727: 2777 17351
48316969: 3109 15541
48614491: 1487 32693
48908521: 2473 19777
48978133: 1289 37997
49333201: 17 61 113 421
49431617: 4603 10739
49660801: 1051 47251
50111059: 2239 22381
50699317: 2467 20551
50823151: 5821 8731
51088133: 4127 12379
51143851: 11 41 151 751
51324001: 1093 46957
51607141: 1171 44071
51772141: 613 84457
52230511: 17 71 109 397
52448309: 2957 17737
52507561: 211 248851
54129127: 13 283 14713
54381671: 3011 18061
54400291: 11 47 139 757
54637831: 5227 10453
55316647: 643 86029
55325029: 3037 18217
55510687: 6007 9241
55541863: 13 31 283 487
55546291: 19 109 26821
56177401: 7 17 61 71 109
56423599: 3067 18397
56824673: 2753 20641
57609397: 2029 28393
58278511: 2053 28387
58449847: 3823 15289
58722769: 7 109 76963
58754981: 653 89977
58823801: 2801 21001
59009521: 2131 27691
59719969: 2521 23689
59840537: 2579 23203
60033403: 5479 10957
60400729: 613 98533
60683041: 2161 28081
61002349: 2557 23857
61539239: 3203 19213
61621561: 3511 17551
61700509: 13 31 283 541
61829741: 6091 10151
61832377: 3517 17581
62134745: 5 17 113 6469
62929711: 13 37 41 3191
63318169: 3559 17791
63388033: 4597 13789
64029109: 1171 54679
64377991: 163 487 811
64843171: 7351 8821
65403889: 1453 45013
65745313: 1237 53149
66007061: 4691 14071
66096253: 5749 11497
67306519: 7 17 109 5189
67348081: 4451 15131
67358515: 5 7 19 199 509
67902031: 43 271 5827
67932001: 1531 44371
68152525: 5 5 7 19 103 199
68314357: 4133 16529
69139201: 4801 14401
69179419: 6959 9941
69600833: 4817 14449
69612061: 1499 46439
69703189: 3049 22861
70580197: 5021 14057
70828501: 461 153641
72027001: 3001 24001
72122575: 5 5 7 19 109 199
72209557: 7 17 19 109 293
72213751: 37 41 181 263
72415531: 4549 15919
72543547: 4259 17033
72559033: 1327 54679
72813511: 5689 12799
72884701: 6037 12073
72918181: 7 19 397 1381
72976009: 1709 42701
73051729: 5839 12511
73257919: 7 109 96013
73661023: 7901 9323
73732825: 5 5 17 19 23 397
73941211: 17 61 113 631
74227001: 797 93133
74620603: 2269 32887
75544921: 991 76231
75606049: 3889 19441
75613981: 79 957139
76260913: 137 409 1361
76598971: 113 701 967
76812689: 1913 40153
76923461: 3581 21481
77009419: 3583 21493
77146831: 6211 12421
77622533: 5087 15259
77914721: 2081 37441
78488191: 991 79201
78713587: 17 107 109 397
78820189: 7 19 109 5437
79077965: 5 17 113 8233
79343923: 3253 24391
79624621: 139 691 829
79734763: 1579 50497
80304001: 4481 17921
80695981: 2089 38629
81376903: 6379 12757
82143881: 17 61 113 701
83648551: 7 17 509 1381
84485161: 4111 20551
85300381: 2971 28711
85990675: 5 5 17 19 23 463
87385523: 2699 32377
87715567: 37 283 8377
87939931: 6203 14177
88323121: 577 153073
88444649: 5903 14983
90520751: 2243 40357
91116439: 3019 30181
93109771: 31 151 19891
93193651: 19 2179 2251
93255895: 5 19 83 11827
93591721: 6841 13681
93967441: 1201 78241
94117249: 109 199 4339
94283431: 11 31 283 977
95212057: 3253 29269
95356621: 17 71 199 397
96878101: 5683 17047
97211341: 3727 26083
97253539: 3119 31181
97741171: 11 31 41 6991
97968091: 13 31 283 859
98034751: 4951 19801
98993281: 3761 26321
99751747: 6317 15791
99851753: 3109 32117
100879927: 1723 58549
101410201: 19 199 26821
102035251: 5051 20201
102038719: 6389 15971
102408281: 521 196561
102562411: 7 17 61 71 199
102690901: 5851 17551
102948121: 2971 34651
103042241: 5861 17581
103448809: 4549 22741
103999393: 5531 18803
104573629: 2557 40897
104857391: 23 727 6271
106650001: 1201 88801
107486413: 3919 27427
107520533: 5987 17959
107747851: 7121 15131
108000349: 1867 57847
109521457: 5233 20929
109533709: 2053 53353
110631841: 6073 18217
110728489: 157 705277
111202297: 5273 21089
111340153: 2927 38039
111993967: 3347 33461
112308697: 6841 16417
112828801: 6133 18397
112919881: 29 277 14057
113748541: 157 724513
113768201: 1129 100769
114198121: 433 263737
114329881: 7561 15121
116294203: 787 147769
116321617: 5393 21569
116701003: 7639 15277
117445987: 5419 21673
117662981: 6263 18787
118026835: 5 17 109 12739
119576777: 7159 16703
119701693: 1123 106591
119948401: 1801 66601
121140181: 17 19 113 3319
121374241: 6361 19081
121778021: 17 43 61 2731
122256289: 4441 27529
122505571: 4519 27109
122759443: 79 1171 1327
124023901: 31 67 211 283
125327921: 461 271861
125997121: 6481 19441
126323699: 6883 18353
126669271: 43 113 131 199
126762277: 29 317 13789
126886447: 6793 18679
127664461: 71 421 4271
127710563: 9787 13049
128239567: 2731 46957
128352551: 10847 11833
128536561: 8017 16033
128987429: 4637 27817
129451297: 3793 34129
129627499: 17 43 383 463
129730681: 271 478711
130750831: 43 71 113 379
131496371: 9931 13241
131680411: 2447 53813
131821489: 7741 17029
132025769: 1777 74297
132683347: 3079 43093
133391611: 8167 16333
134167811: 1931 69481
134344201: 1021 131581
134384069: 4733 28393
134696801: 6701 20101
134876233: 3673 36721
134936803: 17 19 113 3697
134973541: 61 199 11119
135296053: 2239 60427
135332737: 3313 40849
135969401: 9521 14281
137666971: 13 41 181 1427
138266977: 1097 126041
138828821: 6803 20407
139363927: 5903 23609
139592101: 11 31 151 2711
139952671: 131 571 1871
142930657: 5347 26731
143271941: 6911 20731
145515271: 11 31 426731
145773401: 29 101 157 317
146053267: 6043 24169
146460073: 467 313619
146686549: 1399 104851
146806129: 5419 27091
147663001: 4051 36451
148038157: 863 171539
148344881: 6361 23321
149532571: 8647 17293
150988753: 8689 17377
151837093: 4357 34849
151996513: 9661 15733
152255611: 4363 34897
152444783: 6763 22541
152985211: 3571 42841
153440743: 1627 94309
153843341: 3581 42961
154332991: 19 109 74521
156045709: 139 757 1483
156918529: 10753 14593
156931021: 13 31 163 2389
157394161: 31 181 28051
157542533: 7247 21739
158785621: 10501 15121
158921491: 17 19 492017
161353333: 4177 38629
162096901: 7351 22051
162193159: 199 397 2053
162905761: 4513 36097
163513153: 3547 46099
163615213: 19 109 199 397
164584393: 1721 95633
164589707: 4643 35449
166107349: 2179 76231
166236331: 1171 141961
166805633: 7457 22369
167587933: 3343 50131
167758631: 1171 143261
168380251: 13 31 151 2767
168531287: 4999 33713
169234003: 9199 18397
169930549: 2557 66457
170400265: 5 7 17 19 15073
170989963: 67 859 2971
171147793: 6217 27529
171557101: 4951 34651
172147537: 199 397 2179
172586459: 2399 71941
173021851: 4651 37201
173695537: 157 853 1297
174445603: 3469 50287
174463111: 19 61 109 1381
174598387: 10789 16183
175814101: 113 127 12251
175926115: 5 17 43 127 379
176647297: 9857 17921
177479011: 3331 53281
179707133: 2069 86857
180016981: 2861 62921
180115489: 163 487 2269
181608841: 17 71 379 397
181990873: 19 127 199 379
182188117: 8537 21341
182565073: 6043 30211
183524111: 5531 33181
183656509: 1429 128521
184081577: 4523 40699
184531051: 3631 50821
184855717: 11491 16087
185653333: 7867 23599
186892111: 7 1381 19333
187155383: 8831 21193
188184151: 19 71 199 701
188588921: 4021 46901
190430561: 7207 26423
190448161: 17 43 61 4271
190761731: 5639 33829
191345071: 71 631 4271
191648161: 7993 23977
192241901: 11321 16981
192455681: 11 41 426731
192769291: 11 13 307 4391
192829201: 9091 21211
193133557: 6949 27793
193310503: 19 103 98779
194195467: 6841 28387
194511871: 8821 22051
195100057: 6247 31231
195761521: 3881 50441
196121641: 4357 45013
197208181: 61 1381 2341
197239591: 9931 19861
198109171: 13 41 491 757
199321039: 17 19 43 113 127
199444519: 487 541 757
201261061: 8191 24571
201486211: 6053 33287
202276621: 12721 15901
202531501: 9001 22501
202701171: 3 41 1647977
202785601: 31 151 43321
203349367: 13 31 283 1783
203631073: 4513 45121
203707261: 4591 44371
204214771: 1459 139969
206296351: 31 151 44071
206424289: 2729 75641
207324961: 191 571 1901
208113079: 3607 57697
209472385: 5 17 23 109 983
210791701: 37 41 283 491
212094925: 5 5 7 109 11119
212571941: 71 701 4271
212607991: 9721 21871
213792231: 3 167 426731
216204977: 3797 56941
217472501: 12041 18061
218089397: 6469 33713
218642029: 6037 36217
221693311: 7 17 19 71 1381
222270931: 6841 32491
226342243: 757 298999
226609321: 9521 23801
226637371: 5323 42577
226720777: 7529 30113
227669441: 409 409 1361
228199193: 97 2352569
228948505: 5 109 199 2111
229386769: 997 230077
230357761: 5737 40153
230803321: 7 23 61 71 331
231374431: 37 151 41413
231405701: 8783 26347
232266835: 5 17 397 6883
232288001: 11 41 211 2441
238045501: 2251 105751
238742031: 3 11 167 43321
239502733: 19 43 293149
240096001: 5857 40993
243576341: 9011 27031
243775351: 31 37 283 751
244558861: 19 71 199 911
245216755: 5 7 17 19 109 199
246282511: 13591 18121
246820141: 1279 192979
247461475: 5 5 199 49741
247536811: 5563 44497
248290927: 7879 31513
248696839: 3943 63073
250436033: 9137 27409
252110477: 2543 99139
252204343: 9491 26573
252912091: 9739 25969
254106037: 14419 17623
254405713: 6029 42197
254781451: 11287 22573
256016641: 7789 32869
256432177: 43 127 46957
257495641: 13 31 367 1741
257584913: 2393 107641
258004495: 5 7 17 199 2179
258302815: 5 19 107 25411
260768527: 5107 51061
260798275: 5 5 17 19 32297
261210181: 821 318161
262476721: 13 31 67 9721
262480501: 8101 32401
262503047: 13229 19843
262621313: 12553 20921
263428181: 9371 28111
264409111: 19 199 69931
264633601: 12601 21001
265921921: 881 301841
267078169: 7309 36541
268430191: 211 491 2591
269526097: 8209 32833
269532283: 907 297169
270241291: 31 41 89 2389
270342581: 10069 26849
270868561: 6221 43541
271050721: 1889 143489
271950829: 1993 136453
272463061: 13 31 283 2389
273894997: 13513 20269
275064989: 11057 24877
275283401: 71 701 5531
276668371: 7 991 39883
279199201: 421 631 1051
279377281: 131 911 2341
279531001: 2521 110881
281403061: 1759 159979
282339361: 7309 38629
282343069: 4339 65071
283362661: 31 211 43321
284166877: 8429 33713
285545019: 3 89 283 3779
285703793: 15649 18257
286019281: 3691 77491
286023403: 11959 23917
286154131: 3607 79333
286182901: 37 151 181 283
287980141: 4457 64613
288755965: 5 17 43 199 397
288997633: 7603 38011
291832663: 4027 72469
292819843: 1187 246689
293337411: 3 41 977 2441
293458463: 683 429661
295770151: 61 1381 3511
295995841: 5441 54401
297307249: 3449 86201
297404801: 14081 21121
297448537: 6959 42743
297812677: 8629 34513
297842353: 4787 62219
298589521: 4793 62297
298784341: 1621 184321
299051761: 31 1531 6301
299639071: 3691 81181
301000363: 10973 27431
302560501: 5501 55001
303990121: 71 127 33713
304080001: 4001 76001
304788013: 6599 46187
306008501: 2381 128521
306787177: 3253 94309
307061371: 12391 24781
312442817: 15137 20641
312773141: 10211 30631
314154937: 7927 39631
315509429: 1669 189041
315689977: 5923 53299
317040631: 19 71 199 1181
317306161: 8641 36721
317657341: 31 79 151 859
317994931: 31 67 283 541
318515221: 19 61 199 1381
318670867: 1439 221453
319243051: 17 43 71 6151
320619263: 1559 205657
321038279: 4877 65827
321781633: 10357 31069
323813365: 5 17 113 33713
324186451: 7351 44101
324778951: 7 19 397 6151
324810025: 5 5 23 113 4999
324844841: 1361 238681
325016851: 2851 114001
325197847: 13 37 283 2389
327439789: 3877 84457
329153653: 12829 25657
331979971: 421 571 1381
332165269: 823 403603
332668441: 7 61 71 10973
333068257: 2593 128449
334963333: 10567 31699
335914979: 10039 33461
338625883: 1627 208129
338839579: 13 31 283 2971
339902081: 14281 23801
341848729: 8269 41341
342614533: 10687 32059
345674071: 13147 26293
346283617: 449 771233
346305403: 13159 26317
346623649: 8681 39929
347548081: 5171 67211
348130667: 3407 102181
351910021: 10831 32491
353128651: 8527 41413
354828475: 5 5 23 43 113 127
354904741: 6661 53281
355043569: 3769 94201
355836251: 3851 92401
356413879: 283 1259413
359089091: 16411 21881
359282597: 7963 45119
359593807: 2267 158621
361173691: 7759 46549
362013979: 15919 22741
362886751: 71 1381 3701
363512275: 5 5 7 17 19 59 109
366487201: 13537 27073
366740701: 6569 55829
367328977: 15649 23473
371834101: 61 991 6151
371898727: 12197 30491
372810719: 7883 47293
373095031: 89 283 14813
373669453: 13669 27337
377436721: 13441 28081
378345367: 199 397 4789
379366237: 17 199 112139
379578043: 13 31 541 1741
380762461: 1861 204601
381116881: 8731 43651
382104079: 7 19 199 14437
382114711: 11 31 41 151 181
384993451: 9811 39241
385401017: 2927 131671
386581417: 53 7293989
386925551: 16061 24091
387188561: 17041 22721
387874873: 17 19 113 10627
388044571: 2011 192961
389605351: 5821 66931
390332389: 2767 141067
391964401: 8641 45361
392803861: 11443 34327
393197971: 6271 62701
393611653: 14029 28057
393822161: 61 71 90931
393908725: 5 5 7 1033 2179
394689371: 8111 48661
396782473: 16417 24169
397700503: 12613 31531
401353801: 1213 330877
402752533: 11587 34759
402769441: 3061 131581
404694775: 5 5 17 19 23 2179
405042457: 6709 60373
406265857: 257 1580801
407047829: 8237 49417
409035041: 4561 89681
410628961: 8641 47521
410949925: 5 5 17 43 113 199
412402631: 8291 49741
414014221: 7691 53831
415108891: 14407 28813
415141651: 23 43 109 3851
415800703: 14419 28837
416159287: 4877 85331
416168461: 7213 57697
418320091: 7 109 397 1381
419052061: 997 420313
419786161: 5683 73867
422295901: 1951 216451
423933241: 5711 74231
424908163: 9941 42743
425245141: 4861 87481
425848781: 15241 27941
426126889: 19 109 205759
426333601: 4801 88801
427533371: 3191 133981
428546561: 18257 23473
428965741: 71 113 127 421
429718411: 199 991 2179
429979369: 97 1361 3257
434782783: 4663 93241
435227801: 211 491 4201
436468789: 757 576577
437247841: 12073 36217
443061361: 17 19 61 113 199
443407469: 8597 51577
444232021: 1733 256337
444509371: 13681 32491
445426675: 5 5 199 89533
445448641: 11 31 41 151 211
446144161: 5281 84481
446715221: 12203 36607
447615073: 17881 25033
450214909: 5479 82171
450259351: 71 1031 6151
451499431: 2347 192373
451999153: 5897 76649
452330413: 8039 56267
453366029: 8693 52153
454356541: 1783 254827
455356051: 2551 178501
455604931: 2179 209089
456177151: 541 843211
458368201: 31 151 181 541
458869951: 10711 42841
459387451: 151 751 4051
460756957: 10733 42929
461540353: 9829 46957
462989815: 5 17 19 43 59 113
463669571: 5861 79111
464006233: 31 37 404539
466029379: 16417 28387
467098129: 233 2004713
467409985: 5 7 17 109 7207
468867529: 13 31 487 2389
468950021: 12503 37507
468987161: 1021 459341
469007773: 13 31 1163791
470752133: 12527 37579
474887761: 8237 57653
475469329: 13873 34273
475760449: 6577 72337
476397601: 151 751 4201
477189121: 16921 28201
479864201: 14341 33461
479887651: 59 71 109 1051
480921307: 1663 289189
482813971: 3391 142381
483029821: 15541 31081
485088337: 3169 153073
487890703: 15619 31237
488068505: 5 8779 11119
489201265: 5 7 17 19 109 397
490104481: 4261 115021
491848897: 7393 66529
492894091: 61 1381 5851
493977037: 14057 35141
495064001: 9001 55001
498188413: 1867 266839
498662561: 12893 38677
500480051: 17 61 113 4271
500985941: 12923 38767
502382561: 12941 38821
503394823: 5231 96233
507520133: 13007 39019
509387971: 79 211 30559
511408171: 15991 31981
512706121: 14321 35801
514712485: 5 7 17 397 2179
517492801: 7 17 23 71 2663
519668401: 7 59 199 6323
519700405: 5 7 103 144161
520253839: 7 17 19 109 2111
520856947: 13 31 541 2389
523128127: 3923 133349
525124867: 7247 72461
525255197: 18713 28069
528013333: 13267 39799
529029701: 17021 31081
533490193: 137 409 9521
537941321: 2297 234193
538412033: 13397 40189
538491073: 2689 200257
539612977: 19 43 199 3319
540459523: 199 397 6841
542375101: 31 41 426731
544861633: 13477 40429
545430607: 19069 28603
546620999: 10627 51437
546911569: 10459 52291
547743169: 7057 77617
548857051: 71 631 12251
550024381: 1571 350111
552169729: 3169 174241
552832291: 11 151 167 1993
553737637: 5399 102563
556527181: 7 17 71 199 331
557794177: 7873 70849
559131497: 1499 373003
560907271: 16747 33493
561235681: 6571 85411
562646143: 3517 159979
563188627: 6343 88789
563947141: 13711 41131
565356541: 4271 132371
566689927: 11903 47609
570520861: 43 61 199 1093
572228929: 7213 79333
572430769: 21841 26209
573200389: 15733 36433
574525961: 5231 109831
574692161: 13841 41521
577221481: 29 569 34981
580799881: 8521 68161
581270257: 919 632503
581774311: 109 199 26821
582809737: 8431 69127
583050569: 4409 132241
583592857: 8053 72469
584374561: 8731 66931
587143243: 21673 27091
587336401: 17137 34273
588183751: 4951 118801
588956479: 15349 38371
592567901: 1931 306871
594047191: 16249 36559
594824203: 17 19 43 113 379
603768985: 5 19 109 199 293
604474291: 37 151 108193
605074571: 7867 76913
605166251: 11597 52183
605226871: 37 41 167 2389
605670901: 11 31 41 43321
606619441: 19 61 379 1381
608560661: 14243 42727
609137713: 6373 95581
609244501: 14251 42751
611463169: 11059 55291
611718799: 4483 136453
612988841: 9041 67801
613919461: 421 631 2311
615760133: 14327 42979
617509243: 13 31 37 41413
619830469: 7507 82567
620248825: 5 5 7 17 19 10973
623662903: 17659 35317
624630049: 4999 124951
627007259: 10223 61333
627939287: 1613 389299
629130449: 19429 32381
634630501: 151 4202851
635043157: 7 809 112139
641840761: 4969 129169
642264919: 8693 73883
642562801: 401 1602401
643110361: 4793 134177
645959431: 13 31 37 43321
647817913: 11383 56911
651177601: 5569 116929
654346391: 9341 70051
655523311: 15679 41809
657414577: 11467 57331
659846021: 14831 44491
663699961: 18217 36433
664519441: 31 151 141961
664692601: 7151 92951
666084833: 2087 319159
666434791: 11 163 491 757
667651961: 5639 118399
667832257: 21841 30577
669757729: 11257 59497
670208533: 14947 44839
670275217: 19 739 47737
670512179: 4229 158551
671138425: 5 5 19 397 3559
672396721: 5659 118819
672579671: 7487 89833
673725469: 10597 63577
674189771: 4007 168253
677043637: 3253 208129
678428731: 2269 298999
679239451: 11 37 523 3191
680860351: 18451 36901
682317221: 7541 90481
682460501: 15083 45247
683362681: 67 2971 3433
683844121: 811 843211
685667317: 13093 52369
686085403: 24169 28387
686124451: 19801 34651
686625325: 5 5 17 19 23 3697
686970649: 79 1327 6553
687128671: 31 151 181 811
691188697: 29 617 38629
694656901: 18637 37273
697791403: 18679 37357
698510863: 557 1254059
701660077: 24181 29017
706045951: 13 37 151 9721
708800191: 11 151 426731
709879301: 15383 46147
710022143: 13241 53623
710617861: 15391 46171
711675667: 13339 53353
713085571: 11 37 41 151 283
713900179: 24391 29269
714539701: 151 751 6301
718296811: 43 109 331 463
718944227: 21893 32839
720385903: 18979 37957
725310601: 211 491 7001
728814619: 13 31 757 2389
729068359: 8539 85381
730169659: 24169 30211
731709259: 6763 108193
733017409: 3467 211427
735254281: 683 1076507
735651601: 7523 97787
739114741: 31 541 44071
740154451: 211 3507841
744267259: 17 19 2304233
745964371: 11827 63073
746256283: 1663 448741
747625987: 5479 136453
749172821: 15803 47407
751449799: 14653 51283
752494471: 109 1381 4999
754711387: 859 878593
757036351: 1051 720301
757639387: 13763 55049
758687581: 19477 38953
760264009: 11257 67537
760768225: 5 5 7 109 39883
763722001: 7 199 397 1381
763967047: 9929 76943
767415169: 8353 91873
768823021: 41 181 211 491
769006153: 19609 39217
771662701: 163 487 9721
772539457: 7177 107641
775368901: 373 1117 1861
775471789: 31 37 283 2389
775896181: 4021 192961
779478527: 5407 144161
779819587: 13963 55849
784202581: 4271 183611
784715581: 13 89 443 1531
787970485: 5 17 43 215587
790468141: 10627 74383
793534483: 7 17 59 113023
793790011: 7 61 71 26183
793813333: 16267 48799
800863051: 1051 762001
800892415: 5 43 199 18719
801392593: 26209 30577
803521951: 19 23 43 61 701
804471553: 7867 102259
805407301: 6121 131581
805859617: 9463 85159
810097601: 16433 49297
812036461: 10771 75391
812752417: 19 43 199 4999
814017001: 7 17 61 112139
816873631: 7 19 61 107 941
817076611: 13 139 211 2143
818248861: 2861 286001
821376533: 16547 49639
821461675: 5 5 17 19 23 4423
822767041: 16561 49681
823093489: 3559 231271
829737221: 16631 49891
830231821: 10891 76231
832048447: 14423 57689
839776211: 11831 70981
839777581: 6043 138967
843810001: 22501 37501
845376533: 16787 50359
846508321: 7057 119953
846649957: 14549 58193
849606031: 20611 41221
849621421: 11 181 426731
851270251: 13 47 1393241
853160437: 11731 72727
854187181: 11047 77323
855073301: 16883 50647
855386461: 37 151 283 541
856195267: 8629 99223
857902861: 11071 77491
859329577: 2633 326369
859538839: 8377 102607
860506693: 18553 46381
862069079: 11987 71917
865115497: 757 1142821
867423901: 29 157 317 601
868113937: 13177 65881
870346225: 5 5 7 727 6841
872375491: 13 41 211 7757
873953869: 9349 93481
874837633: 17077 51229
875896201: 16417 53353
877130521: 17 59 71 109 113
878779751: 13723 64037
879764849: 6473 135913
880890973: 1249 705277
882063001: 97 433 21001
882189001: 9901 89101
883125283: 4447 198589
887141971: 61 1381 10531
887219023: 8599 103177
891706861: 199 397 11287
891764511: 3 11 47 491 1171
893128915: 5 7 17 19 199 397
893377633: 17257 51769
893604013: 11299 79087
893808661: 61 14652601
893873575: 5 5 7 109 46861
895386103: 179 5002157
900347647: 10957 82171
901848301: 11351 79451
903326689: 19009 47521
904221641: 8681 104161
905533487: 6143 147409
907042571: 8527 106373
910336571: 41 67 283 1171
910500439: 1069 851731
910533601: 5101 178501
910949177: 19759 46103
919916479: 7583 121313
920529601: 6961 132241
922845241: 21481 42961
923992807: 15199 60793
924930091: 181 811 6301
926917813: 1447 640579
928742413: 11519 80627
929559403: 21559 43117
931576675: 5 5 109 341863
933184801: 21601 43201
934168861: 28297 33013
937887539: 12503 75013
937923229: 4093 229153
940883441: 13441 70001
941276197: 7039 133723
942233291: 1307 720913
943478957: 4919 191803
951715987: 25189 37783
955938901: 17851 53551
956178721: 59 61 379 701
956348353: 4289 222977
965485561: 6781 142381
967287751: 15551 62201
967367857: 2393 404249
967423153: 8627 112139
970005781: 9391 103291
971747281: 7561 128521
972471151: 22051 44101
973772101: 109 1381 6469
974255041: 1621 601021
974722471: 10709 91019
976518449: 8069 121021
977175511: 13 151 283 1759
977802589: 31 37 139 6133
979363153: 22129 44257
980356877: 5717 171481
980957071: 22147 44293
981484561: 14011 70051
984756917: 13183 74699
986701627: 5113 192979
987077563: 13397 73679
994864861: 28711 34651
995688601: 2467 403603
997005871: 631 1580041
1002078541: 16921 59221
1002815311: 31 151 283 757
1003451575: 5 5 7 499 11491
1004426431: 19 199 421 631
1005688993: 6343 158551
1006050361: 17 19 967 3221
1006050943: 23977 41959
1008556201: 31 751 43321
1008777001: 15881 63521
1009140161: 18341 55021
1013510153: 7369 137537
1016770063: 13597 74779
1019807119: 10099 100981
1023374899: 10973 93263
1024605121: 18481 55441
1025756299: 379 2706481
1030336651: 10151 101501
1031268961: 18541 55621
1033600307: 6563 157489
1037750617: 14407 72031
1039740833: 18617 55849
1045423051: 4201 248851
1046106601: 4621 226381
1046481751: 7 103 1051 1381
1049050507: 30727 34141
1049076097: 26321 39857
1050721561: 22921 45841
1051637281: 13441 78241
1051749427: 19 43 199 6469
1052436851: 20231 52021
1055167471: 3529 298999
1055437633: 18757 56269
1058989231: 23011 46021
1060109383: 15349 69067
1061232175: 5 5 19 103 109 199
1061933797: 4243 250279
1066909537: 1009 1057393
1067064781: 12347 86423
1067323951: 11551 92401
1067802667: 16339 65353
1069110157: 16349 65393
1074397897: 37 283 102607
1076271379: 20749 51871
1076864881: 17 19 71 46957
1077367001: 8081 133321
1077711317: 1693 636569
1078551145: 5 7 17 199 9109
1081009697: 3797 284701
1084969751: 17401 62351
1085100523: 13 2389 34939
1093150081: 12497 87473
1093690921: 2381 459341
1094752621: 17 19 71 47737
1101084937: 6637 165901
1105538143: 3919 282097
1108706857: 16649 66593
1110903067: 9829 113023
1114279759: 6547 170197
1115222681: 28921 38561
1115416633: 3623 307871
1116771641: 2657 420313
1120809769: 1171 957139
1124921029: 13693 82153
1125784591: 17 43 71 109 199
1125907111: 7 19 103 82189
1129716811: 23767 47533
1132631813: 5231 216523
1135685633: 19457 58369
1137320581: 19471 58411
1138823519: 4027 282797
1142121871: 11 31 41 151 541
1142300503: 23899 47797
1145156273: 157 7293989
1145451781: 32869 34849
1146554221: 19 71 199 4271
1148103043: 12373 92791
1153525561: 22193 51977
1169722399: 13963 83773
1170232883: 5279 221677
1172403541: 23 991 51437
1175248961: 19793 59377
1176476467: 10847 108461
1179740161: 15361 76801
1180114867: 2683 439849
1184006251: 151 181 43321
1184554801: 24337 48673
1188646903: 24379 48757
1190026181: 2381 499801
1190671925: 5 5 17 107 26183
1191216133: 19927 59779
1196800081: 13441 89041
1201006501: 7951 151051
1203071695: 5 7 23 109 13711
1204218709: 18041 66749
1206353497: 6947 173651
1209169543: 19289 62687
1210393801: 73 337 49201
1213735825: 5 5 17 113 127 199
1214226589: 18439 65851
1217181061: 20143 60427
1222568707: 17483 69929
1224502273: 7297 167809
1226271961: 15661 78301
1227328721: 9281 132241
1229956003: 24799 49597
1231002901: 31 41 181 5351
1233001771: 8779 140449
1234304569: 4969 248401
1240270087: 7 19 199 46861
1241057849: 569 853 2557
1242693121: 20353 61057
1243525921: 11 151 167 4483
1247695829: 13513 92333
1249633813: 1213 1030201
1258094801: 28961 43441
1258282741: 3719 338339
1259210749: 17047 73867
1260461791: 421 701 4271
1262490289: 3373 374293
1266444649: 12853 98533
1266454801: 5851 216451
1266989701: 20551 61651
1267950223: 16633 76231
1267999861: 11261 112601
1270123453: 1327 957139
1271364709: 14557 87337
1271819521: 7 17 71 109 1381
1272096001: 11 37 211 14813
1272673139: 4507 282377
1273047931: 151 2389 3529
1273495513: 15217 83689
1275037457: 11903 107119
1276051141: 10771 118471
1278823201: 14401 88801
1282289131: 37 151 283 811
1283359981: 421 631 4831
1283855335: 5 7 3299 11119
1284188963: 8447 152029
1286298133: 20707 62119
1290934261: 43 113 379 701
1296785881: 19249 67369
1296992251: 199 397 16417
1299220591: 2221 584971
1300490071: 31231 41641
1304536591: 2269 574939
1304696881: 8761 148921
1307520469: 10903 119923
1307621377: 2593 504289
1308733651: 421 1381 2251
1309531861: 11 37 491 6553
1311252311: 3083 425317
1311616153: 25609 51217
1312845661: 25621 51241
1314056899: 199 397 16633
1314817687: 11467 114661
1317720041: 11 8087 14813
1318402691: 17117 77023
1319340133: 12583 104851
1327158781: 13 151 283 2389
1329235121: 3461 384061
1330473929: 6833 194713
1332869581: 17 43 61 71 421
1335642673: 21841 61153
1336287077: 3989 334993
1338545839: 19 43 199 8233
1340767489: 6577 203857
1345217227: 23197 57991
1345514101: 18341 73361
1349599021: 10501 128521
1350350191: 163 487 17011
1352165101: 7 23 61 131 1051
1352416687: 22381 60427
1354113547: 7039 192373
1359114871: 6277 216523
1362530839: 16937 80447
1364320729: 16519 82591
1364378203: 26119 52237
1384762303: 89 2971 5237
1384887529: 15193 91153
1386823681: 6689 207329
1387837441: 14081 98561
1389676861: 109 2179 5851
1390631701: 61 109 199 1051
1390850491: 17581 79111
1393629421: 22861 60961
1394632891: 26407 52813
1399369453: 17317 80809
1404232699: 31 67 283 2389
1404253369: 16759 83791
1406042801: 3061 459341
1407674113: 1019 1381427
1408610503: 26539 53077
1411455061: 109 199 65071
1413112411: 13291 106321
1415828303: 5657 250279
1416124517: 34039 41603
1423857493: 11933 119321
1426500739: 9029 157991
1427296921: 21649 65929
1427845987: 30853 46279
1428286825: 5 5 7 83 107 919
1431651131: 17837 80263
1439626501: 10141 141961
1442185543: 4987 289189
1444441861: 21943 65827
1444469951: 67 2333 9241
1446707501: 10831 133571
1447874419: 563 2571713
1448096131: 20341 71191
1453672481: 22013 66037
1454017073: 33629 43237
1457743687: 6883 211789
1463109649: 19 23 113 29629
1463178817: 17107 85531
1465217911: 27067 54133
1465454101: 19141 76561
1467817471: 27091 54181
1469768653: 27109 54217
1470083401: 12781 115021
1473201547: 2239 657973
1473460777: 17167 85831
1473610321: 29 157 317 1021
1477688041: 6961 212281
1478513791: 61 1381 17551
1478932093: 13597 108769
1481626513: 14549 101837
1484199289: 20593 72073
1484742533: 22247 66739
1485379351: 1051 1413301
1485970543: 8219 180797
1487387611: 27271 54541
1488747001: 7 17 1381 9059
1489022263: 12203 122021
1490919229: 7573 196873
1493832817: 7057 211681
1503705601: 14657 102593
1504832033: 22397 67189
1507121801: 12941 116461
1509763301: 22861 66041
1510474841: 9161 164881
1514173051: 17 71 643 1951
1514880541: 613 2471257
1517206153: 6833 222041
1521221473: 17443 87211
1526536877: 1637 932521
1527280411: 14071 108541
1532383217: 43 2731 13049
1532755369: 17509 87541
1533555271: 27691 55381
1536112001: 16001 96001
1538507371: 2543 604997
1546543333: 17977 86029
1547125507: 24877 62191
1551468439: 31 79 541 1171
1554044087: 22481 69127
1559601941: 18617 83773
1564637101: 14951 104651
1568010151: 6301 248851
1572777551: 32381 48571
1573625149: 467 3369647
1574269561: 3733 421717
1574766889: 8609 182921
1575229679: 21739 72461
1580591011: 16231 97381
1582874113: 10273 154081
1590275809: 2683 592723
1590832711: 13 181 283 2389
1592682401: 409 409 9521
1602758977: 26209 61153
1607530051: 28351 56701
1610073529: 977 1647977
1611615151: 28387 56773
1614341431: 28411 56821
1614902761: 6607 244423
1619680147: 20123 80489
1623628861: 103 113 199 701
1624124989: 16453 98713
1624628251: 14251 114001
1626103711: 1471 1105441
1628732737: 36097 45121
1630307617: 25537 63841
1632785701: 547 1093 2731
1644177883: 12823 128221
1644689597: 33113 49669
1645859251: 28687 57373
1648919221: 6421 256801
1649383273: 8123 203051
1650682153: 28729 57457
1650763621: 13 37 67 181 283
1651451551: 71 701 33181
1651880413: 12853 128521
1652671081: 18181 90901
1655890449: 3 283 1950401
1655999101: 43 71 127 4271
1656017353: 11287 146719
1659211933: 4111 403603
1659407821: 4663 355867
1661409289: 18229 91141
1665701281: 36721 45361
1668357013: 17417 95789
1669354441: 25841 64601
1671997881: 3 47 491 24151
1672527571: 11 13 47 248851
1672982851: 19 199 421 1051
1673513731: 28927 57853
1674091141: 23623 70867
1675110457: 5077 329941
1677530089: 6397 262237
1679540591: 11831 141961
1684044781: 15511 108571
1692518101: 109 547 28387
1692829477: 7993 211789
1693302409: 487 541 6427
1695419041: 23773 71317
1696468099: 2803 605233
1697558501: 33641 50461
1697744905: 5 19 17870999
1698478393: 8243 206051
1699279441: 191 571 15581
1701129281: 23813 71437
1704230929: 21649 78721
1704841909: 2843 599663
1705737289: 9013 189253
1706302153: 29209 58417
1708549501: 211 1741 4651
1722463471: 29347 58693
1731573829: 12547 138007
1735390081: 9091 190891
1736159671: 17011 102061
1738190981: 24071 72211
1744262081: 24113 72337
1745018641: 36721 47521
1751504581: 12619 138799
1752172003: 29599 59197
1755083485: 5 17 19 43 127 199
1757148121: 29641 59281
1764313651: 14851 118801
1765270963: 26573 66431
1765432909: 4987 354007
1767099901: 7 17 71 199 1051
1775257097: 137 1361 9521
1777190651: 34421 51631
1783334719: 199 397 22573
1787842207: 5689 314263
1788432193: 18913 94561
1791741673: 17 43 109 113 199
1793067571: 17 379 397 701
1799407633: 8017 224449
1805621989: 157 11500777
1807922491: 17359 104149
1810006291: 19 199 478711
1811769457: 8689 208513
1819153525: 5 5 7 199 52237
1822734733: 19 109 547 1609
1827271531: 61 109 199 1381
1829174689: 5281 346369
1836022717: 7349 249833
1837781821: 17 19 71 127 631
1841715481: 11903 154727
1844028961: 24793 74377
1844969617: 577 1009 3169
1852439271: 3 1447 426731
1852666901: 24851 74551
1854506641: 13 211 283 2389
1859810371: 6359 292469
1864274917: 21589 86353
1869875281: 30577 61153
1876195231: 131 547 26183
1876777813: 6607 284059
1876929589: 6067 309367
1878691753: 30649 61297
1885021777: 19417 97081
1885915841: 25073 75217
1886216725: 5 5 17 59 75223
1889195701: 631 701 4271
1889413607: 2659 710573
1891264429: 34381 55009
1891809781: 6091 310591
1895485801: 11 41 4202851
1900434511: 19 109 917641
1900687381: 25171 75511
1904116411: 43 71 397 1571
1909566073: 19543 97711
1930186939: 12553 153763
1937270981: 17191 112691
1943366041: 15121 128521
1945042181: 25463 76387
1948538401: 3331 584971
1948898429: 11399 170971
1955219311: 31267 62533
1960577189: 18077 108457
1966146451: 22171 88681
1966182401: 25601 76801
1973699575: 5 5 17 19 23 10627
1976316637: 17477 113081
1979775631: 18973 104347
1980663001: 3001 660001
1985348527: 22279 89113
1994937979: 17299 115321
1997721391: 17 43 61 71 631
1999313191: 6421 311371
2013442049: 12289 163841
2014889137: 1663 1211599
2020079353: 3733 541141
2024149843: 15907 127249
2024157697: 11617 174241
2027125321: 13 41 89 151 283
2027768641: 4721 429521
2041842541: 39133 52177
2041843591: 2617 780223
2042467741: 31957 63913
2043122269: 19 23 59 109 727
2058129811: 5347 384913
2060300947: 9109 226183
2062096771: 7 19 103 109 1381
2065542821: 8747 236143
2065938841: 9091 227251
2066794393: 28753 71881
2069375461: 1061 1950401
2074544033: 26297 78889
2075429203: 28813 72031
2081127481: 12653 164477
2081659967: 503 4138489
2081706881: 21121 98561
2088276737: 15233 137089
2089552681: 2671 782311
2090066947: 22859 91433
2094002821: 5591 374531
2100979771: 11 31 2389 2579
2117185051: 14551 145501
2117955451: 23011 92041
2122773101: 39901 53201
2136767011: 19471 109741
2139462991: 32707 65413
2143585621: 26731 80191
2147022749: 18917 113497
2151804037: 3833 561389
2154880001: 19501 110501
2155600081: 45361 47521
2163800623: 787 1049 2621
2170282969: 373 1117 5209
2173540951: 23311 93241
2174799563: 40387 53849
2175728251: 29501 73751
2179969331: 5237 416263
2183287049: 8753 249433
2183752825: 5 5 23 83 45757
2184518323: 13 31 2269 2389
2191768265: 5 17 43 599663
2194422751: 37 151 523 751
2197085521: 28081 78241
2201924341: 33181 66361
2205904591: 11 37 41 163 811
2210184553: 9403 235051
2214761251: 23531 94121
2215231201: 31 7351 9721
2217879901: 33301 66601
2217930587: 38453 57679
2219338661: 17 43 61 71 701
2226249721: 3547 627643
2229367351: 10067 221453
2237871367: 4987 448741
2239615225: 5 5 23 43 239 379
2239679287: 23663 94649
2242658161: 199 397 28387
2246935861: 3121 719941
2251344751: 19 61 71 109 251
2259427861: 61 1381 26821
2260550797: 23773 95089
2263594717: 23789 95153
2264745313: 21283 106411
2272481801: 9521 238681
2282908981: 6691 341191
2286304681: 9091 251491
2286489397: 23909 95633
2296894753: 33889 67777
2298363451: 23971 95881
2298373153: 13297 172849
2299626253: 29 617 128521
2300290819: 24391 94309
2307480211: 33967 67933
2308719103: 16729 138007
2314914821: 29 6869 11621
2317403089: 21529 107641
2319020651: 11351 204301
2319724441: 34057 68113
2321945731: 7 17 71 199 1381
2323804913: 9491 244843
2326319101: 17053 136417
2330485121: 19183 121487
2333010751: 24151 96601
2334635101: 6701 348401
2335137499: 3643 640993
2335181921: 7457 313153
2339464681: 271 631 13681
2345428321: 8431 278191
2345907961: 21661 108301
2347597981: 34261 68521
2350561441: 10337 227393
2350595521: 379 631 9829
2352378601: 19801 118801
2354646421: 17 19 61 127 941
2359610881: 7681 307201
2366169241: 4441 532801
2382412339: 19927 119557
2387525141: 28211 84631
2394549091: 11 37 47 151 829
2396157781: 20873 114797
2407359217: 36571 65827
2411544721: 7321 329401
2413210141: 23599 102259
2419702583: 23189 104347
2422950391: 41 1427 41413
2426509621: 613 1021 3877
2438308577: 16993 143489
2440613561: 10781 226381
2440646443: 17467 139729
2454555473: 19687 124679
2455024133: 28607 85819
2462662801: 18757 131293
2465994763: 8779 280897
2467292671: 17 19 71 271 397
2470278539: 18149 136111
2479141729: 15013 165133
2480147521: 28753 86257
2483749951: 3191 778361
2484437671: 17623 140977
2486831491: 20359 122149
2489879455: 5 7 5471 13003
2493261233: 12893 193381
2494128451: 24971 99881
2496974701: 13 31 859 7213
2517914977: 4993 504289
2518853789: 12959 194371
2521531981: 37 283 240811
2527015597: 4327 584011
2531385001: 22501 112501
2532263359: 5839 433681
2536942789: 15187 167047
2558297353: 27431 93263
2563295621: 29231 87691
2567826797: 23339 110023
2569327129: 22669 113341
2569520353: 19993 128521
2575071001: 4861 529741
2585597761: 3889 664849
2594603437: 25469 101873
2594820901: 27901 93001
2601838861: 39511 65851
2603173861: 43 109 397 1399
2605042579: 9319 279541
2610602947: 163 487 32887
2616180821: 29531 88591
2621794993: 373 7028941
2623501457: 6221 421717
2626449121: 9661 271861
2628703213: 19379 135647
2629352377: 20113 130729
2633677933: 229 11500777
2634284801: 29633 88897
2639022721: 19417 135913
2641891621: 41 151 426731
2643585551: 41981 62971
2648409457: 8527 310591
2648671957: 25733 102929
2650169857: 38371 69067
2650948231: 38921 68111
2653132343: 46381 57203
2653282063: 6247 424729
2657314351: 36451 72901
2668733849: 5273 506113
2668912381: 28657 93133
2680883617: 25889 103553
2690408533: 29947 89839
2690411257: 23197 115981
2690501971: 9803 274457
2698542577: 2909 927653
2703479497: 34039 79423
2704681801: 5779 468019
2706253801: 17341 156061
2712456601: 26041 104161
2713506001: 241 409 27529
2715365971: 36847 73693
2716305643: 18427 147409
2717891929: 40897 66457
2728298717: 13487 202291
2730536881: 6691 408091
2741576251: 2131 1286521
2746494133: 16573 165721
2748678193: 9127 301159
2760330121: 29269 94309
2762840731: 7 17 59 61 6451
2766403333: 30367 91099
2767489561: 14591 189671
2769194611: 71 113 547 631
2771071031: 21491 128941
2777383519: 37181 74699
2787998641: 337 953 8681
2794697011: 18691 149521
2804827411: 28309 99079
2808757013: 20903 134371
2811482611: 7 19 1381 15307
2812590799: 17581 159979
2813512591: 37507 75013
2813637611: 12503 225037
2814002297: 43313 64969
2817375211: 7 71 109 131 397
2817478249: 12689 222041
2822039569: 41149 68581
2823128683: 67 89 473441
2826985153: 14747 191699
2828009467: 13003 217489
2842947451: 17 43 113 127 271
2849038301: 49417 57653
2851276975: 5 5 17 199 33713
2854026385: 5 7 17 19 252457
2856129251: 17 61 251 10973
2863950433: 4327 661879
2870118421: 30931 92791
2873094001: 26801 107201
2873442391: 17 191 199 4447
2884465729: 24019 120091
2889439027: 33997 84991
2892426029: 41659 69431
2893293019: 17 113 463 3253
2893557709: 7 17 19 59 109 199
2895105643: 2999 965357
2896139377: 28477 101701
2898101221: 15541 186481
2898372401: 13901 208501
2901295073: 7177 404249
2905344751: 23 43 109 26951
2908326767: 20887 139241
2921563081: 4861 601021
2921694121: 12241 238681
2926109761: 4691 623771
2931878071: 12763 229717
2934429961: 31 151 211 2971
2934471791: 49451 59341
2950203421: 11 41 151 43321
2954538497: 18119 163063
2955621997: 12157 243121
2961085331: 40189 73679
2968206601: 27241 108961
2970633301: 41201 72101
2978770523: 3557 837439
2989984141: 28051 106591
2997109069: 3049 982981
2999506021: 11677 256873
3005913601: 19 109 1051 1381
3011880097: 9277 324661
3011983813: 28477 105769
3016209769: 3433 878593
3019916461: 20771 145391
3020423491: 307 2143 4591
3030393901: 20807 145643
3050364181: 8423 362147
3063685633: 31957 95869
3065875741: 5417 565973
3066754241: 31973 95917
3068187517: 6793 451669
3068534701: 421 631 11551
3078612967: 27743 110969
3079565171: 5011 614561
3085243921: 19 2179 74521
3087692173: 11587 266479
3089163925: 5 5 17 19 23 16633
3089749969: 24859 124291
3096326251: 51517 60103
3112723351: 39451 78901
3119884093: 11909 261977
3126808259: 11789 265231
3133156495: 5 7 109 199 4127
3137389291: 113 701 39607
3140918725: 5 5 7 17 1055771
3142095661: 21187 148303
3146902111: 39667 79333
3148269359: 22907 137437
3148806403: 39679 79357
3152611129: 12253 257293
3156341101: 751 4202851
3159667967: 1787 1768141
3159917581: 21247 148723
3161757457: 25147 125731
3172856311: 30109 105379
3175526971: 39847 79693
3180773521: 21317 149213
3186421351: 17851 178501
3187939921: 21341 149381
3189888001: 39937 79873
3190319651: 31741 100511
3190412161: 4993 638977
3191296499: 23063 138373
3200416363: 307 1123 9283
3205307297: 10337 310081
3206494657: 27631 116047
3215031751: 151 751 28351
3216762067: 46309 69463
3217857179: 6983 460813
3221205697: 18919 170263
3227119237: 3037 1062601
3228044821: 32803 98407
3242286403: 36013 90031
3253543207: 46573 69859
3256500551: 13451 242101
3259523731: 11119 293149
3260589697: 25537 127681
3274430833: 13879 235927
3275218171: 47 211 223 1481
3280381021: 10729 305749
3281593591: 40507 81013
3282305005: 5 7 17 19 199 1459
3283322017: 26183 125399
3285799873: 1213 2708821
3288793201: 19 71 199 12251
3293785741: 4243 776287
3294571951: 11 283 443 2389
3300801241: 11491 287251
3302853331: 71 701 66361
3304052371: 20323 162577
3304235069: 41603 79423
3304861061: 33191 99571
3305847763: 24517 134839
3311887987: 22573 146719
3313196881: 619 1237 4327
3318400933: 1669 1988257
3322511711: 41 211 384061
3324006533: 33287 99859
3325988251: 22621 147031
3328007101: 6491 512711
3332340703: 40819 81637
3332800021: 33331 99991
3347284669: 6637 504337
3349997731: 40927 81853
3351561553: 16057 208729
3358551043: 36653 91631
3358693423: 24169 138967
3361461839: 12619 266381
3362242379: 4643 724153
3363483589: 23677 142057
3373301587: 18367 183661
3374737441: 641 5264801
3375172501: 22501 150001
3382261579: 23743 142453
3386720761: 16141 209821
3393689833: 26053 130261
3397422541: 22031 154211
3400901281: 2441 1393241
3413931629: 45259 75431
3417002101: 13411 254791
3420524467: 29243 116969
3424483399: 34513 99223
3428050681: 11 311 1002061
3435203707: 13 283 859 1087
3444836851: 41 211 491 811
3447533191: 23971 143821
3450014101: 17321 199181
3463498039: 6007 576577
3469600621: 19 199 917641
3482077921: 7 17 19 71 109 199
3485027911: 14759 236129
3496458001: 151 211 109741
3500353651: 11779 297169
3503685617: 2417 1449601
3509527981: 19 199 631 1471
3514134241: 50101 70141
3528511001: 7001 504001
3531599353: 18793 187921
3541780993: 257 769 17921
3542303047: 29759 119033
3543203333: 34367 103099
3546090721: 34381 103141
3550378129: 13003 273043
3550436933: 14071 252323
3552562889: 13007 273127
3555636481: 31 41 541 5171
3558535711: 61 199 293149
3559345441: 641 2017 2753
3561826129: 97 337 108961
3569118991: 45161 79031
3569299669: 13 31 877 10099
3576312473: 40853 87541
3576885157: 3607 991651
3577732111: 11731 304981
3581831761: 22621 158341
3582244307: 48869 73303
3584800801: 42337 84673
3587725021: 46861 76561
3594259351: 2971 1209781
3598590817: 16033 224449
3600908617: 8573 420029
3603030637: 30013 120049
3608830741: 4451 810791
3609494533: 34687 104059
3610613581: 18251 197831
3621992533: 34747 104239
3622093525: 5 5 17 113 199 379
3623330401: 17377 208513
3630098011: 71 4271 11971
3632715703: 17 23 109 85237
3634084871: 24611 147661
3637831753: 42649 85297
3640903111: 42667 85333
3641185319: 4517 806107
3644548321: 6329 575849
3652775041: 16763 217907
3653628247: 30223 120889
3656027201: 7351 497351
3662115199: 8923 410413
3665242951: 30271 121081
3667612411: 113 631 51437
3673244485: 5 17 199 397 547
3679657997: 49529 74293
3683834041: 8761 420481
3685991041: 13249 278209
3695309809: 16057 230137
3697278427: 30403 121609
3698005691: 14551 254141
3710559007: 23893 155299
3711143341: 12703 292147
3714045481: 16903 219727
3715405157: 157 317 74653
3716363531: 31481 118051
3718428121: 27271 136351
3734195287: 7639 488833
3742082293: 24181 154753
3751218641: 17681 212161
3751554581: 35363 106087
3753165371: 10211 367561
3759781369: 25033 150193
3761451149: 5279 712531
3767365841: 6581 572461
3770116351: 8863 425377
3772106977: 12497 301841
3772765439: 15061 250499
3778309081: 6553 576577
3780964657: 15877 238141
3787052221: 38921 97301
3788970571: 331 991 11551
3789343801: 8537 443873
3789787501: 30781 123121
3791054681: 4451 851731
3795800201: 5189 731509
3798931501: 17551 216451
3801242803: 8527 445789
3802651399: 127 199 379 397
3803075839: 41113 92503
3803679181: 23311 163171
3804762517: 45263 84059
3805284361: 15073 252457
3819501761: 19073 200257
3823094129: 42239 90511
3825368779: 19559 195581
3831911551: 13 47 139 45119
3842470817: 20663 185959
3849225271: 15511 248161
3853220099: 52153 73883
3877846459: 25423 152533
3878542117: 2683 1445599
3888552413: 5693 683041
3892928203: 44119 88237
3895024321: 641 1217 4993
3901632313: 19753 197521
3908975761: 27961 139801
3909053933: 17 43 293 18251
3922698865: 5 19 43 103 9323
3941892571: 191 331 62351
3951382753: 44449 88897
3951472961: 36293 108877
3951911899: 13 31 283 34651
3955054027: 51349 77023
3955764121: 463 2311 3697
3956701561: 71 421 132371
3963898081: 11 13 41 283 2389
3966350203: 14083 281641
3968590627: 6007 660661
3971859175: 5 5 17 83 109 1033
3979234351: 22303 178417
3988288279: 33757 118147
4005319771: 33829 118399
4018045571: 2311 1738661
4018105463: 25969 154727
4018933249: 16369 245521
4022252137: 12799 314263
4036395581: 55021 73361
4041605713: 24029 168197
4047193877: 9629 420313
4048989001: 21211 190891
4054039841: 36761 110281
4063559671: 16741 242731
4064364217: 11839 343303
4064513281: 24097 168673
4071784777: 4909 829453
4078542241: 17713 230257
4089824257: 49537 82561
4099620691: 109 199 331 571
4106260033: 36997 110989
4114542361: 17791 231271
4115502529: 8161 504289
4116573451: 34651 118801
4121854001: 21401 192601
4122469681: 11 41 211 43321
4130779531: 19 1381 157429
4133579851: 151 751 36451
4144945351: 32191 128761
4149101017: 28807 144031
4154360641: 761 5459081
4158154001: 211 4201 4691
4159782757: 13 37 283 30559
4163406427: 25309 164503
4164760657: 17 43 113 127 397
4171618111: 59797 69763
4171972501: 9001 463501
4175362133: 37307 111919
4176385921: 45697 91393
4176824657: 52769 79153
4186020161: 31081 134681
4187360341: 45757 91513
4187473151: 2591 1616161
4187821471: 43 61 71 113 199
4189357987: 32363 129449
4191194989: 33211 126199
4198332037: 30211 138967
4201794451: 32411 129641
4207708951: 6691 628861
4210785013: 56197 74929
4215047059: 199 397 53353
4217767321: 1327 3178423
4218900001: 37501 112501
4223183641: 7177 588433
4235281471: 113 127 421 701
4235818861: 46021 92041
4241343151: 31 2971 46051
4241766887: 5783 733489
4244707297: 29137 145681
4246017409: 10177 417217
4250054425: 5 5 19 23 43 83 109
4256316013: 24659 172607
4267693933: 5623 758971
4273042379: 26687 160117
4277830129: 15901 269029
4280834827: 7193 595139
4285552309: 6863 624443
