77: 7 11
91: 7 13
143: 11 13
501: 3 167
721: 7 103
1001: 7 11 13
1111: 11 101
1339: 13 103
2047: 23 89
2821: 7 13 31
4033: 37 109
6643: 7 13 73
8149: 29 281
9191: 7 13 101
9373: 7 13 103
13019: 47 277
15841: 7 31 73
17461: 19 919
19757: 23 859
19783: 73 271
22351: 7 31 103
24661: 7 13 271
34441: 11 31 101
44287: 67 661
48241: 19 2539
52633: 7 73 103
57553: 67 859
62261: 23 2707
68251: 131 521
73357: 109 673
73801: 7 13 811
74593: 97 769
76451: 89 859
80089: 283 283
101101: 7 11 13 101
105711: 3 167 211
109061: 191 571
112471: 47 2393
125751: 3 167 251
134413: 139 967
137149: 23 67 89
140807: 139 1013
146611: 271 541
147187: 103 1429
173951: 197 883
181369: 67 2707
188191: 307 613
194617: 19 10243
195391: 7 103 271
218791: 331 661
219781: 271 811
220585: 5 157 281
240923: 89 2707
267977: 173 1549
269011: 367 733
272797: 7 38971
282133: 307 919
293281: 313 937
310381: 211 1471
323317: 43 73 103
326377: 37 8821
341531: 239 1429
348301: 379 919
373057: 59 6323
406891: 67 6073
409151: 101 4051
420343: 7 11 53 103
425881: 131 3251
438751: 541 811
451091: 317 1423
456961: 43 10627
470017: 307 1531
486019: 373 1303
502153: 197 2549
506623: 13 38971
518977: 193 2689
540959: 269 2011
563347: 613 919
565001: 251 2251
567721: 7 11 73 101
567799: 661 859
577793: 223 2591
584731: 7 103 811
611701: 151 4051
622909: 7 23 53 73
627991: 7 13 67 103
662861: 277 2393
693307: 223 3109
710533: 487 1459
751607: 317 2371
763813: 757 1009
801031: 7 11 101 103
811921: 11 31 2381
819541: 523 1567
828551: 251 3301
837329: 709 1181
859951: 379 2269
889949: 683 1303
914551: 11 71 1171
938503: 613 1531
954337: 313 3049
961489: 109 8821
962281: 379 2539
979571: 967 1013
1004251: 251 4001
1038961: 7 11 103 131
1042417: 457 2281
1080997: 239 4523
1082809: 7 13 73 163
1127751: 3 167 2251
1163141: 7 89 1867
1203401: 401 3001
1208101: 31 38971
1246463: 967 1289
1267651: 7 11 101 163
1268551: 31 151 271
1336669: 19 70351
1339867: 199 6733
1353067: 23 89 661
1373633: 677 2029
1373653: 829 1657
1380751: 251 5501
1406989: 919 1531
1419607: 7 139 1459
1444843: 43 33601
1484881: 461 3221
1530787: 619 2473
1544731: 211 7321
1584133: 727 2179
1653801: 3 167 3301
1690501: 751 2251
1693771: 521 3251
1723649: 641 2689
1753327: 317 5531
1758373: 23 89 859
1789327: 661 2707
1800253: 7 13 73 271
1803413: 317 5689
1958503: 443 4421
1983901: 601 3301
2004501: 3 167 4001
2006005: 5 401201
2033351: 251 8101
2184571: 523 4177
2250767: 883 2549
2325313: 859 2707
2333341: 919 2539
2385671: 71 33601
2457599: 859 2861
2467531: 11 101 2221
2504617: 317 7901
2512441: 73 127 271
2678413: 619 4327
2756001: 3 167 5501
2780381: 431 6451
2844883: 73 38971
2884669: 439 6571
2943851: 1051 2801
2984041: 163 18307
3052981: 37 109 757
3134131: 7 11 13 31 101
3160441: 19 181 919
3265939: 79 41341
3267469: 103 31723
3342827: 1493 2239
3373933: 1423 2371
3375001: 7 31 103 151
3440407: 587 5861
3546361: 7 13 38971
3572801: 97 36833
3584503: 13 103 2677
3822607: 523 7309
4014013: 103 38971
4014253: 661 6073
4055051: 7 11 13 4051
4058601: 3 167 8101
4069297: 37 109 1009
4077151: 13 31 67 151
4132051: 7 11 103 521
4292911: 7 31 73 271
4417001: 701 6301
4497787: 7 271 2371
4588307: 179 25633
4713361: 821 5741
4752799: 223 21313
4756321: 271 17551
4839697: 409 11833
4868701: 601 8101
4909177: 7 13 73 739
4933951: 11 101 4441
4961197: 271 18307
4962497: 743 6679
5044033: 1297 3889
5090821: 1303 3907
5171977: 73 70849
5216707: 859 6073
5295401: 1993 2657
5343361: 353 15137
5378641: 877 6133
5481451: 31 151 1171
5484277: 29 281 673
5541229: 23 89 2707
5831749: 7 11 53 1429
5968873: 43 127 1093
6018859: 7 11 78167
6195553: 7 13 103 661
6231331: 883 7057
6233977: 1117 5581
6253921: 607 10303
6447259: 7 13 70849
6463367: 1429 4523
6545359: 1567 4177
6549049: 13 67 73 103
6658669: 1999 3331
6666109: 1021 6529
6677497: 757 8821
6738577: 313 21529
6759751: 751 9001
6924737: 1723 4019
6969511: 1867 3733
7318741: 331 22111
7519441: 41 241 761
7532713: 2377 3169
7612151: 1301 5851
7870613: 1423 5531
7992913: 1069 7477
8051407: 7 13 103 859
8095447: 1423 5689
8141321: 881 9241
8174089: 7 11 83 1279
8328241: 1291 6451
8502551: 2381 3571
8602513: 1109 7757
8728651: 653 13367
8731621: 19 181 2539
8761553: 2293 3821
8900389: 1009 8821
8959249: 13 103 6691
9006251: 2251 4001
9006401: 1733 5197
9056501: 1229 7369
9413317: 919 10243
9495091: 541 17551
9558779: 179 53401
9585541: 7 31 163 271
9863461: 2221 4441
10024561: 71 271 521
10276309: 967 10627
10386241: 1861 5581
10561141: 271 38971
10629529: 79 197 683
10679131: 2311 4621
10685221: 673 15877
10700671: 2473 4327
11210431: 967 11593
11243123: 1423 7901
11453203: 1567 7309
11476879: 619 18541
12018889: 757 15877
12179467: 599 20333
12382751: 2251 5501
12431431: 23 89 6073
12847051: 7 31 73 811
12890503: 2539 5077
13114001: 2371 5531
13404751: 1831 7321
13488619: 2371 5689
13628401: 1231 11071
13698203: 1289 10627
13749805: 5 109 25229
13773061: 2143 6427
13797713: 3217 4289
13801831: 821 16811
13821193: 1663 8311
14005441: 2161 6481
14169331: 11 541 2381
14233861: 811 17551
14263543: 7 73 103 271
14399671: 11 13 101 997
14615371: 661 22111
14844061: 211 70351
14943377: 1289 11593
15008033: 2237 6709
15142531: 1231 12301
15253057: 1747 8731
15266251: 7 11 13 101 151
15318811: 79 211 919
15491969: 3049 5081
15698431: 7 31 73 991
15720013: 1499 10487
16019893: 1009 15877
16030117: 919 17443
16439611: 2707 6073
16661633: 2357 7069
16818877: 1609 10453
16945633: 2377 7129
17705161: 1021 17341
17749441: 3361 5281
17875213: 997 17929
17911807: 2677 6691
18054037: 29 617 1009
18395417: 439 41903
18429289: 1753 10513
18443701: 3037 6073
18519463: 3727 4969
18733271: 2371 7901
18896509: 853 22153
18900973: 7 13 229 907
18985681: 11 13 103 1289
19186531: 7 13 23 89 103
19200079: 271 70849
19449199: 7 11 229 1103
19824481: 313 63337
20000071: 7 13 271 811
20172673: 937 21529
20261251: 2251 9001
20365021: 811 25111
21482479: 2539 8461
21666499: 1597 13567
21897811: 13 31 67 811
22009501: 4001 5501
22053553: 1213 18181
22953673: 2143 10711
23061949: 863 26723
23078261: 1861 12401
23286781: 7 73 199 229
23554301: 701 33601
24312223: 13 67 103 271
24482503: 3499 6997
24571121: 929 26449
24831961: 7 11 31 101 103
25155059: 83 303073
25292131: 3181 7951
25372711: 7 13 103 2707
25416217: 2017 12601
25674221: 2069 12409
25696133: 2927 8779
25758809: 1021 25229
25783681: 7 11 103 3251
26006977: 2539 10243
26017291: 3607 7213
26122979: 2087 12517
26597227: 2579 10313
26741401: 3301 8101
27773887: 1667 16661
27955951: 67 103 4051
27956503: 3739 7477
28098091: 7 103 38971
28296781: 2011 14071
28324577: 769 36833
28356157: 2917 9721
28572961: 1483 19267
28779751: 7 11 13 28751
28886089: 617 46817
29163209: 439 66431
29426321: 563 52267
29813281: 101 229 1289
29906101: 37 673 1201
30013829: 2237 13417
30366881: 1061 28621
30436351: 11 71 38971
30529693: 4177 7309
30824399: 2267 13597
31154467: 47 277 2393
31214681: 263 118687
31465859: 5531 5689
31571443: 1987 15889
31605481: 811 38971
31767121: 2521 12601
32049109: 757 42337
32091781: 3271 9811
32196649: 67 661 727
32899231: 619 53149
33147713: 97 341729
33203893: 1229 27017
33492257: 97 449 769
33567451: 31 71 101 151
33600533: 3347 10039
33721813: 3673 9181
33932011: 31 103 10627
33936631: 311 109121
34084181: 3371 10111
34590403: 4159 8317
34696531: 2083 16657
35018777: 1973 17749
35527937: 257 138241
35575093: 37 109 8821
35642389: 1493 23873
35715401: 1579 22619
35798491: 4231 8461
35851037: 4889 7333
36092431: 67 199 2707
36163549: 179 202031
36448387: 3019 12073
36631237: 283 129439
37108243: 3853 9631
37649503: 4339 8677
38042533: 67 661 859
38300771: 1787 21433
38570689: 1873 20593
38624041: 37 61 109 157
38903287: 3119 12473
39928921: 1721 23201
40210591: 1831 21961
40392941: 1741 23201
40828241: 2609 15649
40951423: 523 78301
41061259: 43 73 103 127
41069047: 2027 20261
41070781: 3079 13339
41710411: 4567 9133
42280951: 601 70351
42536099: 2663 15973
42684413: 47 908179
42851749: 1637 26177
43040161: 97 577 769
43296781: 11 101 38971
43311689: 1289 33601
43363601: 5101 8501
43397551: 31 73 127 151
43700431: 5531 7901
44332969: 853 51973
44333479: 19 919 2539
44482901: 3851 11551
44948789: 5689 7901
45025073: 1733 25981
45332167: 1429 31723
45786133: 3907 11719
45851893: 2473 18541
45877861: 31 43 127 271
45984511: 811 56701
46133033: 1013 45541
46342369: 2053 22573
46672291: 4831 9661
47209069: 3673 12853
47253781: 4861 9721
48836987: 2707 18041
48998347: 479 102293
49751971: 1663 29917
49923661: 2671 18691
49994179: 2887 17317
50353769: 2273 22153
50574049: 647 78167
50649751: 2251 22501
50759141: 2909 17449
51082129: 7 103 70849
51088133: 4127 12379
51253777: 433 118369
51340807: 7 23 89 3583
51743101: 461 112241
51957217: 13 103 38803
52182169: 13 103 38971
52357411: 739 70849
52936073: 1993 26561
53451647: 2239 23873
53482199: 23 859 2707
54029741: 1733 31177
54334321: 1609 33769
55056673: 7 73 163 661
56028967: 19 197 14969
56581471: 199 331 859
56922229: 7 13 103 6073
57833861: 4391 13171
58003213: 2879 20147
58174145: 5 29 401201
58329613: 3257 17909
58450261: 61 617 1553
58679941: 4423 13267
59346769: 937 63337
59747419: 19 307 10243
60033403: 5479 10957
60838687: 7 13 271 2467
61082021: 7 11 13 139 439
61539239: 3203 19213
61602557: 2027 30391
61621561: 3511 17551
63384413: 1877 33769
64031941: 37 109 15877
64377991: 163 487 811
64409437: 6553 9829
64610767: 13 73 103 661
65170351: 101 271 2381
65254393: 3613 18061
65350801: 2161 30241
66262117: 3109 21313
66300551: 2351 28201
66345221: 4703 14107
67194401: 4733 14197
67588291: 73 89 101 103
67902031: 43 271 5827
68102641: 3691 18451
68391559: 2837 24107
68463337: 2617 26161
68621701: 4783 14347
68712191: 5351 12841
68839597: 6427 10711
69176647: 4159 16633
69209981: 5581 12401
70572577: 2657 26561
70600487: 2069 34123
71099101: 4051 17551
71345633: 4877 14629
72147763: 307 235009
72604561: 3221 22541
72727201: 1301 55901
73568881: 23 67 47741
73705633: 4957 14869
73759843: 19 379 10243
73938901: 1051 70351
74874869: 3533 21193
75137563: 7507 10009
75300589: 7 13 349 2371
75663451: 6151 12301
75691441: 7 67 199 811
76732417: 73 967 1087
77418841: 1447 53503
77622533: 5087 15259
78042941: 167 557 839
78167701: 4421 17681
78234133: 5107 15319
78235499: 5897 13267
78299131: 5419 14449
78364763: 2087 37549
78944363: 8111 9733
79496929: 7393 10753
79511203: 1447 54949
79624621: 139 691 829
79904413: 73 103 10627
79921921: 131 521 1171
80226907: 4327 18541
80826121: 4021 20101
80971309: 67 199 6073
81528517: 7 73 103 1549
81683857: 829 98533
81893611: 6841 11971
83085073: 43 1289 1499
83204801: 3041 27361
83964673: 13 73 103 859
84322141: 167 211 2393
84568201: 2551 33151
85769251: 7001 12251
87161983: 7873 11071
87499651: 2339 37409
87581141: 3821 22921
88384759: 8317 10627
89421931: 5981 14951
90014653: 6709 13417
90543901: 7 31 103 4051
90655489: 23 67 89 661
91935947: 7829 11743
92509561: 3121 29641
92559289: 179 517091
93406669: 787 118687
93803851: 71 101 103 127
94775927: 7949 11923
94792951: 11 491 17551
95020003: 13 67 127 859
95212057: 3253 29269
96501373: 67 661 2179
96511951: 5741 16811
96738373: 1663 58171
96892049: 593 163393
97514803: 197 277 1787
97865737: 6257 15641
98099371: 73 811 1657
98735209: 4057 24337
99625351: 7 23 31 19961
99809051: 4079 24469
99945007: 4999 19993
101152133: 5807 17419
101736049: 5581 18229
102358747: 5059 20233
103170601: 1301 79301
103486321: 1471 70351
103570237: 617 167861
103875631: 2677 38803
104524421: 5903 17707
104569501: 47 1151 1933
104852881: 7 31 271 1783
105043709: 6833 15373
106785311: 167 639433
107543333: 4889 21997
109518791: 1511 72481
109529809: 4273 25633
109541461: 6043 18127
109937191: 7 13 31 38971
110929939: 3613 30703
111291181: 23 43 131 859
112040461: 13 811 10627
112217161: 7 23 67 101 103
112702591: 7507 15013
113742751: 23 31 67 2381
114366313: 4783 23911
114366451: 9901 11551
115264271: 2531 45541
116151661: 7621 15241
116644991: 167 419 1667
116682721: 281 617 673
116888077: 3079 37963
117109693: 1579 74167
117662981: 6263 18787
117810991: 23 67 89 859
118003393: 9181 12853
118134629: 2273 51973
118846151: 4451 26701
118901521: 271 541 811
119300221: 19 613 10243
119576777: 7159 16703
119693267: 8933 13399
119884909: 67 661 2707
120231931: 53 131 17317
120236707: 5483 21929
120460033: 6337 19009
120508261: 3701 32561
120695873: 9689 12457
121613401: 7 13 73 18307
121820887: 5519 22073
122697667: 1567 78301
123198811: 10627 11593
123534139: 1093 113023
123771511: 7867 15733
125294599: 859 145861
125846369: 11 2011 5689
127219457: 8737 14561
128164741: 1321 97021
128357311: 3271 39241
128536561: 8017 16033
129381673: 29 281 15877
129623917: 5693 22769
131437477: 2473 53149
131586263: 3491 37693
132949801: 2797 47533
133157701: 131 521 1951
133242679: 1543 86353
133441001: 3851 34651
133592269: 1559 85691
134680921: 67 331 6073
134777221: 6703 20107
135023257: 5197 25981
135563221: 3511 38611
135759889: 67 271 7477
135842401: 3079 44119
136160369: 139 967 1013
136184371: 11071 12301
136315873: 1367 99719
136501741: 4861 28081
136586369: 1637 83437
136685011: 71 317 6073
136725301: 4051 33751
137051389: 19 47 167 919
138308017: 3037 45541
138336661: 8317 16633
139766761: 2521 55441
140022847: 3163 44269
140051017: 8821 15877
140309947: 5923 23689
140516251: 607 231493
140674321: 41 1361 2521
141763987: 443 320009
142634071: 2671 53401
142659169: 1889 75521
142774399: 3779 37781
142812913: 3671 38903
144060517: 613 235009
145206361: 8521 17041
145377277: 6029 24113
145603333: 6967 20899
145820503: 8539 17077
146272901: 6983 20947
147039751: 9901 14851
147055351: 31 1171 4051
147567617: 3137 47041
148041919: 2909 50891
149196079: 4987 29917
149317741: 67 331 6733
150302647: 11 53 103 2503
150988753: 8689 17377
151644011: 2903 52237
152655037: 607 251491
153589801: 151 701 1451
153852391: 7 11 73 101 271
154944533: 7187 21559
155193457: 4153 37369
155598791: 7639 20369
155795971: 67 859 2707
156886181: 2411 65071
157830643: 9497 16619
157834891: 1423 110917
158068153: 5623 28111
158462101: 7 103 271 811
160016851: 181 601 1471
160378861: 4787 33503
160776481: 7321 21961
161304001: 7333 21997
162026869: 5197 31177
162029701: 19 379 22501
162096901: 7351 22051
163140847: 10429 15643
163269181: 1657 98533
163726859: 1493 109663
166046881: 7 11 13 31 5351
167587933: 3343 50131
167695069: 4729 35461
167787361: 7 73 101 3251
168456889: 8209 20521
168666331: 1471 114661
168716771: 7717 21863
168948347: 10613 15919
168963209: 2837 59557
170337179: 1607 105997
170453131: 1811 94121
171328523: 3779 45337
171922183: 8293 20731
172035841: 7573 22717
172116181: 9277 18553
172546793: 9791 17623
172790951: 6197 27883
172947529: 307 613 919
173401621: 7603 22807
174659101: 331 527671
175068293: 6833 25621
175740469: 2137 82237
177094417: 643 275419
177265469: 2797 63377
177439061: 7691 23071
177651559: 73 229 10627
178343749: 67 661 4027
178482151: 151 331 3571
178853023: 19 919 10243
180252797: 3467 51991
180497633: 7757 23269
181011169: 4057 44617
182058181: 6361 28621
182280601: 8101 22501
182423251: 31 151 38971
182478479: 3677 49627
182565073: 6043 30211
182918737: 12097 15121
183495061: 43 127 33601
183916609: 137 313 4289
184177657: 937 196561
184746889: 6079 30391
184993121: 7853 23557
185040703: 9619 19237
186654241: 8641 21601
187389401: 761 246241
187546133: 7907 23719
189686503: 9739 19477
190869169: 1499 127331
191981609: 5657 33937
192518173: 3583 53731
192657499: 23 89 94117
193875557: 11369 17053
194389903: 9859 19717
194556451: 4027 48313
195317149: 103 1327 1429
195642217: 43 103 163 271
195991921: 6481 30241
196075949: 5717 34297
196870873: 727 270799
197385301: 2143 92107
198601369: 2819 70451
199088273: 7369 27017
199104533: 8147 24439
200083333: 8167 24499
200088109: 13 23 73 89 103
201154483: 2243 89681
201789127: 7103 28409
201809071: 5023 40177
202531501: 9001 22501
203231621: 8231 24691
203286973: 3221 63113
206304961: 8293 24877
206952857: 89 859 2707
207215317: 199 1041283
207254401: 193 1073857
207865021: 7 13 67 103 331
208125901: 5101 40801
209323243: 10937 19139
210812311: 10267 20533
211472341: 10993 19237
211719901: 6301 33601
212777011: 223 954157
213035761: 10321 20641
214305337: 11953 17929
215612401: 4073 52937
215973271: 919 235009
216038821: 1609 134269
216474259: 6007 36037
216821881: 331 661 991
217802971: 271 811 991
217805281: 8521 25561
218654545: 5 109 401201
219130369: 359 610391
219367019: 6047 36277
219655859: 13187 16657
219672109: 1999 109891
220928497: 8353 26449
221695051: 6079 36469
221884001: 131 521 3251
223051141: 8623 25867
223449463: 3343 66841
224460181: 11 31 71 73 127
226306345: 5 109 617 673
226637371: 5323 42577
228182473: 4273 53401
228274381: 5711 39971
228802861: 7 103 271 1171
229695751: 4051 56701
229975723: 4327 53149
230260819: 4799 47981
232228651: 3301 70351
232554037: 3499 66463
232771501: 6229 37369
233295583: 2887 80809
234610291: 10831 21661
234715021: 5791 40531
235553761: 2341 100621
236559457: 3529 67033
239856409: 13 103 271 661
240141287: 12653 18979
245309461: 9043 27127
245535457: 2239 109663
247426609: 3433 72073
248575739: 2879 86341
248640187: 8311 29917
250873261: 5987 41903
251565583: 277 908179
252238507: 3797 66431
253171591: 2207 114713
253613587: 7963 31849
253656833: 10141 25013
255866131: 11311 22621
255895201: 2971 86131
256911869: 4139 62071
257452387: 277 929431
258574783: 2543 101681
258852961: 3041 85121
258884353: 7 13 73 38971
259630873: 6691 38803
260036281: 2281 114001
260518801: 6101 42701
261703417: 8089 32353
262789601: 769 341729
265574453: 859 309167
265731931: 11527 23053
266614057: 14321 18617
268954951: 67 661 6073
270373681: 4861 55621
272399491: 7 13 811 3691
272615201: 9533 28597
272642341: 1741 156601
275283401: 71 701 5531
275712533: 9587 28759
276570493: 6073 45541
276794761: 3631 76231
277133809: 10529 26321
279196097: 10939 25523
279858197: 1609 173933
280405753: 947 296099
280937101: 10601 26501
282589651: 11887 23773
282593459: 5209 54251
283065501: 3 167 251 2251
284301751: 8431 33721
284451509: 709 401201
286814851: 101 701 4051
287959249: 1117 257797
288120421: 307 613 1531
288683257: 13873 20809
291757753: 7 89 173 2707
294323437: 9397 31321
294412801: 89 859 3851
295726081: 7 31 101 103 131
296126737: 1867 158611
297958627: 19 1531 10243
298412791: 3181 93811
298967851: 7 13 811 4051
300164287: 8663 34649
300536881: 241 409 3049
301346497: 797 378101
305574221: 16481 18541
308331223: 997 309259
308538007: 8783 35129
308655761: 4481 68881
308729017: 11503 26839
309543653: 16061 19273
311671361: 10193 30577
311704471: 13 103 271 859
314184487: 8863 35449
314942785: 5 157 401201
315102853: 13 103 139 1693
315383833: 1117 282349
315982051: 7 11 1013 4051
316975597: 29 109 149 673
317550801: 3 197 571 941
319077067: 499 639433
319435379: 1447 220757
320755823: 7477 42899
327063277: 4177 78301
327076751: 5851 55901
328645621: 2539 129439
329153653: 12829 25657
330075037: 3709 88993
331623307: 14869 22303
331760101: 2551 130051
331844941: 29 61 109 1721
333096193: 1873 177841
333251785: 5 37 1801361
336273211: 12967 25933
340593289: 149 2285861
340811471: 7 11 13 101 3371
341886661: 7549 45289
342052751: 15101 22651
343051117: 14347 23911
343079551: 9901 34651
344489693: 11981 28753
347743189: 5623 61843
348790531: 661 527671
348958471: 2591 134681
349083043: 14771 23633
349435801: 11 13 71 127 271
349519369: 67 859 6073
350104631: 3119 112249
352987357: 10453 33769
354371761: 4861 72901
356076073: 199 661 2707
357077827: 10627 33601
357325099: 53 173 38971
357372859: 349 1023991
359416201: 31 1171 9901
359705371: 8941 40231
359798779: 1531 235009
360918577: 709 509053
360935749: 1693 213193
361307521: 13441 26881
361528261: 3221 112241
362257169: 709 510941
364208671: 2647 137593
364857751: 9551 38201
365275183: 7 13 103 38971
367589581: 7247 50723
368030287: 6067 60661
369033601: 1951 189151
369956357: 23 89 180731
370257313: 19 277 70351
371011801: 6421 57781
371262343: 23 67 89 2707
372718711: 43 127 131 521
373124401: 13 31 89 101 103
375552971: 5981 62791
376336501: 4451 84551
376957153: 13729 27457
381116881: 8731 43651
381711133: 109 397 8821
381924689: 11821 32309
384040001: 16001 24001
384993451: 9811 39241
385425671: 491 784981
385543369: 3067 125707
388566721: 3079 126199
388962211: 11 71 101 4931
391930003: 13999 27997
392162101: 3301 118801
393871633: 15373 25621
395781079: 23 2069 8317
395947531: 7 31 271 6733
396231887: 16253 24379
397688341: 61 281 23201
400253701: 11551 34651
400374253: 14149 28297
401016221: 5171 77551
401335351: 8179 49069
402497551: 16381 24571
402875353: 2377 169489
403095421: 14197 28393
403228981: 67 991 6073
407486707: 2203 184969
409081037: 15667 26111
409560151: 7 11 13 101 4051
409626221: 1021 401201
412135651: 101 103 173 229
413714407: 5209 79423
414891631: 7 11 31 73 2381
415102051: 7 13 67 103 661
415104051: 3 167 251 3301
416925241: 2441 170801
418260481: 5281 79201
418431241: 2953 141697
420773431: 13 23 661 2129
422209981: 8389 50329
422318687: 7 1013 59557
422334721: 181 919 2539
422533651: 251 601 2801
422811457: 97 4358881
423432307: 12409 34123
425082169: 1117 380557
429505001: 137 3135073
431895049: 10141 42589
431945623: 307 919 1531
434363179: 12763 34033
434503213: 7879 55147
434541817: 6949 62533
434932961: 41 881 12041
435524167: 13 43 859 907
435585001: 17041 25561
436006621: 127 3433123
436187137: 14081 30977
436509457: 1627 268291
438481501: 101 151 28751
439228153: 7 13 103 46861
440376821: 2939 149839
441348871: 15881 27791
441758461: 8581 51481
442341433: 2053 215461
442871183: 19211 23053
443401099: 197 883 2549
444869713: 9433 47161
449241763: 6703 67021
449857921: 8017 56113
450866021: 8669 52009
450953537: 7079 63703
453108091: 373 1214767
453457441: 6421 70621
454827559: 8707 52237
455366713: 2083 218611
455461471: 15091 30181
456549457: 7 13 67 103 727
457274161: 15121 30241
457320533: 12347 37039
459648419: 7829 58711
460225871: 7 53 521 2381
460421731: 7 11 73 101 811
462390809: 2099 220291
462737287: 199 859 2707
463715929: 73 163 38971
463990151: 5851 79301
465041611: 6997 66463
467236463: 6469 72227
467514673: 19069 24517
470000833: 12517 37549
470135137: 4337 108401
470649907: 7 13 73 70849
471284731: 3011 156521
472630159: 8317 56827
472708321: 12553 37657
473750371: 15391 30781
473818381: 1181 401201
474892741: 6571 72271
475074169: 11821 40189
477527597: 16927 28211
478174321: 53 521 17317
478317601: 8929 53569
479489557: 10949 43793
482120827: 10979 43913
482667991: 13 43 83 101 103
483029821: 15541 31081
483459181: 8311 58171
485328187: 6967 69661
488058427: 499 978073
490518181: 15661 31321
490643591: 19183 25577
490803461: 12791 38371
491872063: 19207 25609
492394393: 29 673 25229
492559141: 367 733 1831
494132563: 19 2539 10243
498469687: 89 2069 2707
498706651: 131 1171 3251
499145921: 1709 292069
503129751: 3 167 251 4001
505187239: 4637 108947
506359879: 9187 55117
506388457: 13339 37963
506783153: 5813 87181
507520133: 13007 39019
508125239: 9203 55213
509551201: 13033 39097
511408171: 15991 31981
512826217: 7549 67933
513233057: 3529 145433
514578611: 131 443 8867
514602001: 14851 34651
515039671: 7321 70351
515725087: 20731 24877
518750849: 1607 322807
519167617: 11393 45569
519742981: 4861 106921
520207297: 5233 99409
521165713: 8629 60397
522921961: 991 527671
525548827: 23 73 89 3517
527327983: 7 13 73 163 487
527954017: 11489 45953
529823389: 6577 80557
530714887: 11519 46073
530738131: 7 11 53 130051
534521131: 9439 56629
536680621: 4831 111091
536682511: 8191 65521
537110641: 3169 169489
539019361: 16417 32833
539444269: 7 13 67 103 859
539537941: 13411 40231
539624801: 2671 202031
542716417: 7681 70657
544668301: 3301 165001
545738203: 16519 33037
547634797: 18127 30211
548405201: 15331 35771
550312621: 53 1171 8867
551034541: 5869 93889
551466049: 97 769 7393
552569809: 11 1289 38971
554526883: 18061 30703
556025089: 1193 466073
557795161: 7 11 53 103 1327
558220151: 9151 61001
559536721: 8941 62581
559779643: 1319 424397
560484307: 7487 74861
561122761: 41 1481 9241
563687405: 5 281 401201
564155593: 5153 109481
564595921: 379 919 1621
569398501: 7 151 199 2707
569913451: 8101 70351
570606131: 11261 50671
572237821: 67 101 103 821
572302009: 7309 78301
573035401: 3739 153259
575119261: 5653 101737
576607081: 43 101 103 1289
580686881: 13913 41737
581262949: 43 1289 10487
581354881: 13921 41761
581477249: 3469 167621
581618143: 8527 68209
584570491: 9871 59221
584580319: 59 1567 6323
586509481: 10831 54151
587059471: 3931 149341
587336401: 17137 34273
587444287: 12119 48473
588183751: 4951 118801
588503341: 13339 44119
590071021: 2179 270799
591413941: 21061 28081
591971689: 6427 92107
592094863: 3733 158611
592363801: 17551 33751
593973493: 8443 70351
594704839: 6679 89041
594908521: 2477 240173
596714509: 9973 59833
597250081: 7369 81049
599135767: 12239 48953
601191593: 1181 509053
602046737: 5009 120193
602766751: 4211 143141
603137251: 1811 333041
603244673: 1487 405679
603255001: 12281 49121
603421321: 1181 510941
603623873: 5449 110777
604986817: 10333 58549
609244501: 14251 42751
610658051: 1979 308569
611470969: 15199 40231
613342687: 12541 48907
613679489: 2753 222913
615752051: 20261 30391
617339611: 7 31 73 38971
617424001: 5701 108301
622510571: 23 101 173 1549
623886739: 7 2287 38971
627034339: 7919 79181
628405313: 6473 97081
630888481: 17761 35521
631006813: 5689 110917
631127953: 1873 336961
631745773: 29 673 32369
631794469: 7949 79481
631881337: 12569 50273
633595201: 14533 43597
634743931: 6299 100769
635291077: 7433 85469
635470891: 11 31 101 18451
636442003: 17839 35677
636909103: 4813 132331
637554529: 10141 62869
638837761: 14593 43777
638874241: 7297 87553
642414893: 15331 41903
647759377: 16097 40241
649919701: 5701 114001
652969351: 271 811 2971
652997269: 43 1429 10627
654143491: 9043 72337
654226673: 17377 37649
657031201: 5881 111721
657161803: 5077 129439
657849613: 10937 60149
661321511: 10499 62989
661883527: 787 841021
665416417: 8599 77383
669027151: 13 23 31 89 811
672184549: 15877 42337
674194207: 12983 51929
676160521: 10333 65437
676348003: 1019 663737
677661661: 17551 38611
677842981: 5011 135271
678396901: 7 13 31 101 2381
682442227: 271 2518237
685085959: 47 3727 3911
685903681: 15121 45361
686003401: 8731 78571
688131361: 71 73 103 1289
689352929: 3677 187477
689443273: 11743 58711
690466921: 1721 401201
691756251: 3 167 251 5501
693573787: 7039 98533
694389361: 17 593 68881
697791403: 18679 37357
698612041: 12601 55441
700398847: 2647 264601
700705171: 5003 140057
701256601: 211 251 13241
703917481: 5657 124433
704790067: 7829 90023
705245041: 2357 299213
705803071: 31 103 221047
708438277: 6553 108109
708670621: 9721 72901
709278289: 8353 84913
719148433: 17 42302849
720860431: 16981 42451
725508241: 10181 71261
727459921: 7481 97241
727845593: 1993 365201
729094843: 9547 76369
731859481: 5113 143137
732090511: 271 811 3331
737366401: 9601 76801
737369641: 1471 501271
738782777: 22193 33289
739460701: 7 31 859 3967
739643491: 19231 38461
742730551: 18169 40879
742792843: 13 23 89 103 271
745745461: 11149 66889
745891261: 7951 93811
748691591: 11171 67021
750631033: 12253 61261
752514793: 5849 128657
754192501: 251 751 4001
759778879: 3559 213481
764701631: 23 33247897
764706259: 359 2130101
767769449: 6047 126967
770963293: 73 271 38971
774027781: 16063 48187
774109627: 17597 43991
775135201: 13921 55681
776728661: 16091 48271
779566211: 11399 68389
784966297: 137 409 14009
785190451: 14011 56041
787348831: 1231 639601
789375511: 19867 39733
790603177: 7 13 103 84349
794937601: 97 769 10657
796066571: 11519 69109
796385701: 181 601 7321
796784773: 29 281 97777
797509109: 20857 38237
798836347: 199 661 6073
799621363: 1187 673649
799813529: 14321 55849
800418401: 9431 84871
802098529: 97 769 10753
809982721: 6211 130411
810009637: 25981 31177
811799579: 6131 132409
812093257: 14249 56993
813185311: 239 1429 2381
814878541: 10093 80737
816288353: 10433 78241
816384283: 11 13 43 103 1289
816637501: 25229 32369
817748881: 21841 37441
819235639: 19763 41453
820418611: 2707 303073
827980471: 20347 40693
829239881: 11443 72467
829620397: 18217 45541
830231821: 10891 76231
830427421: 461 1801361
830664451: 14411 57641
832657769: 18541 44909
832905877: 23 67 89 6073
833342177: 9623 86599
833429611: 7 53 691 3251
834711571: 43 71 101 2707
841169341: 4231 198811
843069937: 9679 87103
845569591: 25183 33577
845951767: 14543 58169
846146809: 2293 369013
847745179: 11887 71317
855073301: 16883 50647
856416553: 8117 105509
857451073: 1489 575857
857538991: 20707 41413
859074761: 15307 56123
860524393: 5107 168499
860673661: 617 1394933
861881581: 11 73 101 10627
862484257: 613 919 1531
866008153: 20809 41617
867396193: 8623 100591
867965251: 14731 58921
868576463: 6947 125029
871040821: 7 31 103 38971
874410241: 11177 78233
877532671: 20947 41893
880193917: 3709 237313
883085501: 89 859 11551
884336239: 379 919 2539
884526787: 2861 309167
885631759: 16787 52757
885662611: 11311 78301
887997059: 17449 50891
891311521: 1277 697973
899659729: 16033 56113
899981461: 281 1721 1861
900637921: 9049 99529
901867861: 8821 102241
903514081: 5233 172657
906354463: 7 7477 17317
906471301: 17383 52147
907106401: 1721 527081
907670501: 5501 165001
908349601: 17401 52201
912763231: 1867 488893
914195537: 10079 90703
915330001: 313 937 3121
916992017: 22571 40627
918400033: 17497 52489
919916479: 7583 121313
921705601: 9601 96001
925198081: 11497 80473
925770817: 8641 107137
929781217: 43 73 271 1093
932793401: 10181 91621
938030101: 17683 53047
938788241: 14951 62791
940123801: 109 1801 4789
941548753: 13723 68611
944500519: 12547 75277
945154879: 173 1549 3527
947651963: 11923 79481
948393559: 9739 97381
949376737: 26041 36457
949384549: 18229 52081
951232133: 17807 53419
953543501: 1901 501601
955371871: 12619 75709
955718345: 5 29 1181 5581
961063831: 7 13 271 38971
968767181: 4493 215617
969003001: 1621 597781
970339057: 2657 365201
970370461: 5641 172021
970560533: 17987 53959
972471151: 22051 44101
975539251: 631 1051 1471
975681793: 6571 148483
976129603: 4397 221999
979363153: 22129 44257
980292347: 12541 78167
980957071: 22147 44293
982526491: 73 1999 6733
985075681: 18121 54361
985089271: 13591 72481
985435609: 18541 53149
986426131: 9067 108793
986558077: 10711 92107
986719031: 6221 158611
991115371: 11131 89041
998118091: 18691 53401
999112051: 7 31 103 44701
999343981: 263 3799787
1000354213: 26731 37423
1000785013: 27397 36529
1001805001: 19 211 283 883
1007713171: 22447 44893
1009918351: 13 127 151 4051
1011947113: 2089 484417
1015269391: 22531 45061
1015635713: 7489 135617
1015753601: 18401 55201
1017590149: 7417 137197
1018453661: 15331 66431
1018708851: 3 167 251 8101
1022232211: 7 11 13 101 10111
1023459889: 3037 336997
1025218351: 73 811 17317
1025700241: 3559 288199
1026438247: 8563 119869
1028064961: 7 11 101 163 811
1030996051: 1597 645583
1035159049: 14389 71941
1036733653: 5443 190471
1036944001: 251 751 5501
1038124693: 199 859 6073
1039379041: 9721 106921
1039740833: 18617 55849
1040295691: 22807 45613
1041820867: 16139 64553
1042455707: 7949 131143
1043112739: 13241 78779
1048846961: 13721 76441
1053016163: 7349 143287
1055163121: 4093 257797
1057140089: 11743 90023
1059182491: 4799 220709
1059492961: 18793 56377
1061829121: 7681 138241
1062603361: 9829 108109
1066847059: 6229 171271
1066932721: 30241 35281
1068579821: 9437 113233
1069536761: 317 1423 2371
1069683403: 10343 103421
1070063191: 23131 46261
1072581277: 10357 103561
1072839941: 18911 56731
1073250151: 9661 111091
1076826469: 5189 207521
1078191251: 28751 37501
1078501051: 73 811 18217
1082425489: 563 1922603
1082472553: 829 1013 1289
1084444481: 19013 57037
1084952881: 14731 73651
1085509151: 13451 80701
1085843929: 24337 44617
1086764177: 2903 374359
1088569441: 317 3433973
1091709637: 2803 389479
1091948051: 26981 40471
1094248801: 7219 151579
1095183379: 8461 129439
1096362877: 6361 172357
1099085791: 28711 38281
1101453937: 67 2707 6073
1102704571: 23 89 199 2707
1105322653: 23509 47017
1106134861: 13 967 87991
1106580817: 83 739 18041
1108329379: 30391 36469
1114075387: 27253 40879
1117547201: 19301 57901
1121176981: 23677 47353
1123105201: 4561 246241
1123780001: 1151 976351
1129716811: 23767 47533
1131804577: 5569 203233
1132002847: 16823 67289
1137320581: 19471 58411
1141653871: 18061 63211
1142293069: 11593 98533
1144151881: 2281 501601
1145917543: 7477 153259
1148462551: 4051 283501
1149032981: 19571 58711
1151191711: 19139 60149
1151357869: 22153 51973
1152644543: 15377 74959
1152793621: 7 31 271 19603
1153164097: 15187 75931
1155357389: 13877 83257
1155674791: 19 307 198127
1155921553: 8929 129457
1157252041: 11 31 101 33601
1157445451: 17011 68041
1161290461: 11689 99349
1161306721: 24097 48193
1162284553: 23 89 661 859
1162973219: 23 2707 18679
1163621161: 19 2539 24121
1172723449: 2029 577981
1172964811: 21661 54151
1176131971: 7 31 101 103 521
1177300951: 21701 54251
1186460729: 7517 157837
1189576961: 14081 84481
1195753763: 29947 39929
1198880261: 19991 59971
1200387137: 28289 42433
1202142061: 24517 49033
1204176751: 17351 69401
1207252621: 613 919 2143
1208873161: 67 2971 6073
1213347691: 24631 49261
1216623331: 7 11 103 131 1171
1217328223: 139 8757757
1217639941: 7 23 101 103 727
1218710791: 12343 98737
1219607201: 239 1429 3571
1220337343: 523 919 2539
1221157477: 67 2707 6733
1222568707: 17483 69929
1224118081: 101 311 38971
1227362761: 61 2281 8821
1229179561: 409 3005329
1232713511: 32051 38461
1234125721: 24841 49681
1236032227: 17579 70313
1237705085: 5 617 401201
1237771189: 3709 333721
1238721193: 21157 58549
1242693121: 20353 61057
1246605473: 18439 67607
1246960681: 24421 51061
1247819689: 1117 1117117
1247875903: 24979 49957
1248065459: 14423 86533
1248660979: 22349 55871
1248917827: 4937 252971
1257102019: 107 167 70351
1257835141: 431 2918411
1260534601: 12553 100417
1261198753: 97 353 36833
1261858753: 3313 380881
1262742139: 5923 213193
1263112261: 997 1266913
1264887007: 17783 71129
1267463317: 853 1485889
1270906057: 10513 120889
1273011679: 25633 49663
1275037457: 11903 107119
1276094669: 839 1520971
1276166263: 32611 39133
1278337171: 23 89 727 859
1280837381: 20663 61987
1282244857: 409 3135073
1284674899: 22669 56671
1285497577: 7 13 23 67 89 103
1290999529: 16069 80341
1291714849: 2833 455953
1295074171: 25447 50893
1296742621: 5557 233353
1297032643: 18307 70849
1297930987: 139 9337633
1299784141: 13627 95383
1301698927: 9643 134989
1303260751: 13 67 73 103 199
1304480101: 15401 84701
1312775489: 7907 166027
1312944931: 67 73 331 811
1315226611: 5437 241903
1318026961: 2699 488339
1318402691: 17117 77023
1322835151: 11 71 521 3251
1323362041: 5981 221261
1324344341: 21011 63031
1324702801: 13757 96293
1325172421: 25741 51481
1334250127: 7 67 73 38971
1335320197: 10487 127331
1339959713: 1847 725479
1342200211: 11 31 101 38971
1346238237: 3 1787 251117
1347591247: 20107 67021
1348395763: 11 13 43 103 2129
1350041365: 5 673 401201
1354476331: 13 7901 13187
1361702251: 7 13 811 18451
1362962417: 24169 56393
1363582273: 21529 63337
1365662917: 6247 218611
1368392389: 7 13 67 103 2179
1368827833: 25633 53401
1371762001: 30241 45361
1376652971: 23 2707 22111
1377743467: 2389 576703
1378318711: 7 11 229 78167
1381061773: 7 13 829 18307
1381150061: 2671 517091
1385142661: 7 73 103 26317
1390090621: 17911 77611
1392681151: 181 1051 7321
1395075889: 8929 156241
1395980371: 4231 329941
1399369453: 17317 80809
1400081777: 12473 112249
1401547687: 18719 74873
1401605767: 73 271 70849
1403513857: 10453 134269
1404971591: 16231 86561
1406106787: 34231 41077
1409998673: 3821 369013
1410521941: 26557 53113
1412756801: 21701 65101
1414154827: 18803 75209
1414759789: 4421 320009
1419459121: 26641 53281
1420057633: 21757 65269
1420162969: 3769 376801
1422413347: 7699 184753
1423818811: 25111 56701
1430874859: 20719 69061
1435740599: 24107 59557
1436002751: 30941 46411
1437457921: 7297 196993
1438765057: 5581 257797
1440752827: 18979 75913
1444125103: 28183 51241
1446367231: 211 919 7459
1450670521: 19891 72931
1451585521: 9241 157081
1453227967: 163 487 18307
1455845239: 20899 69661
1459372823: 36017 40519
1460269201: 15601 93601
1465217911: 27067 54133
1467817471: 27091 54181
1469279087: 13997 104971
1475680273: 30529 48337
1483873861: 61 421 57781
1484071681: 14561 101921
1485970543: 8219 180797
1492762133: 22307 66919
1500182047: 7 13 73 225829
1501194397: 19373 77489
1504633423: 24533 61331
1507346461: 181 8327881
1509502249: 73 271 76303
1513888157: 31769 47653
1516971301: 15901 95401
1523194609: 8353 182353
1526537377: 8737 174721
1530275671: 13831 110641
1534240009: 2953 519553
1536883357: 26431 58147
1537031893: 661 859 2707
1537330819: 7159 214741
1539647569: 919 1675351
1540208251: 27751 55501
1540454761: 541 811 3511
1541047813: 5987 257399
1543617349: 29017 53197
1544744713: 239 1429 4523
1552494131: 34123 45497
1552668979: 16087 96517
1552778501: 131 521 22751
1558259089: 59 4177 6323
1559857501: 379 1621 2539
1561893301: 28081 55621
1563371713: 17683 88411
1563607081: 27961 55921
1563617989: 11923 131143
1570997431: 28027 56053
1572032879: 16187 97117
1574482141: 659 941 2539
1575789769: 5581 282349
1579079503: 28099 56197
1579818331: 7 13 73 163 1459
1581883603: 4729 334507
1582130441: 22159 71399
1582841401: 1303 1214767
1583406841: 13649 116009
1588247851: 211 1831 4111
1588472341: 23011 69031
1590289597: 13 43 73 38971
1590564601: 28201 56401
1591954291: 12241 130051
1595851009: 257 6209537
1596190801: 15101 105701
1596841921: 12049 132529
1600381441: 35281 45361
1603622047: 283 283 20023
1604187649: 97 449 36833
1607530051: 28351 56701
1610019613: 4013 401201
1611615151: 28387 56773
1614902761: 6607 244423
1616387653: 28429 56857
1618149133: 739 2189647
1623595051: 13 127 331 2971
1625804461: 281 673 8597
1631807731: 43 3571 10627
1637181571: 16519 99109
1638175591: 13 163 541 1429
1638621073: 397 673 6133
1638927473: 16087 101879
1642004101: 4951 331651
1642207051: 31 67 73 10831
1645859251: 28687 57373
1649325889: 6343 260023
1652671081: 18181 90901
1660130011: 31 73 271 2707
1661409289: 18229 91141
1665450221: 16661 99961
1666103041: 29 109 527081
1667690317: 5507 302831
1671983227: 1907 876761
1674851401: 11351 147551
1674889597: 37963 44119
1676995321: 131 521 24571
1682139871: 8461 198811
1682684851: 9901 169951
1684257049: 21937 76777
1690408061: 89 859 22111
1692314587: 33589 50383
1695419041: 23773 71317
1697213407: 20599 82393
1698353381: 6869 247249
1699971637: 7 13 67 103 2707
1712877197: 37781 45337
1713601217: 13799 124183
1722306779: 16943 101653
1725217121: 23981 71941
1728265183: 26293 65731
1729741469: 10739 161071
1729884511: 12007 144073
1738124681: 3371 515611
1738468573: 28111 61843
1739468017: 7 73 103 33049
1739512127: 20147 86341
1740301807: 29917 58171
1742815621: 24103 72307
1747207189: 7 13 271 70849
1747678927: 20903 83609
1752023437: 6703 261379
1755418801: 797 2202533
1757148121: 29641 59281
1763476261: 31 53 101 10627
1763702533: 24247 72739
1769148751: 21031 84121
1777380301: 541 811 4051
1782318451: 26701 66751
1785274163: 23143 77141
1808510311: 21961 82351
1816590007: 199 859 10627
1818121649: 10453 173933
1818514897: 6829 266293
1820402921: 9311 195511
1821953701: 281 421 15401
1822479751: 30187 60373
1825037569: 3733 488893
1827702101: 24683 74047
1836484651: 71 89 163 1783
1837686449: 11069 166021
1839568981: 24763 74287
1841715481: 11903 154727
1842302281: 6329 291089
1842752861: 20021 92041
1857777769: 26731 69499
1859787187: 21563 86249
1861026133: 24907 74719
1862632231: 47 2393 16561
1864629271: 18413 101267
1869875281: 30577 61153
1874326843: 15307 122449
1878691753: 30649 61297
1885021777: 19417 97081
1886205473: 9281 203233
1892876077: 5867 322631
1896689737: 19477 97381
1898446897: 4273 444289
1902303721: 30841 61681
1905344821: 61 3541 8821
1906722439: 17827 106957
1908935617: 28603 66739
1914303841: 25261 75781
1920301951: 21911 87641
1922905837: 33967 56611
1923185287: 27337 70351
1924268183: 41999 45817
1932322789: 23497 82237
1936802869: 6163 314263
1937105941: 25411 76231
1962285799: 27127 72337
1963104001: 11551 169951
1965455857: 8233 238729
1966715537: 14783 133039
1969429531: 367 733 7321
1975888909: 5531 357239
1981290151: 19 59 631 2801
1981658201: 9151 216551
1983405841: 521 1171 3251
1986632407: 9967 199321
1988672533: 25747 77239
1988685541: 6841 290701
1988976601: 19 79 181 7321
1990600081: 26041 76441
1993336291: 163 487 25111
1995401357: 36473 54709
2003569501: 22381 89521
2005662121: 5881 341041
2008585897: 22409 89633
2009621503: 31699 63397
2020051249: 13159 153511
2026819663: 11 43 239 17929
2027144029: 19 79 167 8087
2033258401: 15031 135271
2037328973: 34963 58271
2043493141: 2767 738523
2044309249: 13633 149953
2046526301: 5101 401201
2046528013: 17099 119687
2046582781: 6073 336997
2049191761: 18481 110881
2050620661: 461 1381 3221
2051160643: 7 73 103 38971
2054080729: 20269 101341
2054711381: 26171 78511
2056837781: 107 3181 6043
2057835781: 32077 64153
2057853061: 11 2381 78571
2058163561: 12583 163567
2062074431: 18539 111229
2063228203: 32119 64237
2066326849: 3583 576703
2072934397: 42589 48673
2074776901: 8011 258991
2075853001: 41 1361 37201
2080459151: 9311 223441
2083455001: 13177 158113
2086236181: 26371 79111
2087360551: 199 859 12211
2090066947: 22859 91433
2092276531: 307 6815233
2094560323: 19 1567 70351
2094644557: 37369 56053
2096692033: 26437 79309
2097418669: 853 2458873
2099597111: 36739 57149
2103012721: 1567 1342063
2103632039: 28087 74897
2106122929: 43 1583 30941
2108269601: 8837 238573
2112975919: 38459 54941
2115136697: 7069 299213
2115769633: 26557 79669
2116483027: 23003 92009
2123888617: 5581 380557
2125774759: 11527 184417
2130134533: 26647 79939
2130166949: 14939 142591
2139637831: 67 661 48313
2140082101: 457 2053 2281
2143911641: 24181 88661
2145194047: 12379 173293
2145354139: 5179 414241
2148788881: 20731 103651
2149255487: 37853 56779
2154131299: 4357 494407
2156767003: 32839 65677
2162366251: 23251 93001
2165467081: 21937 98713
2169323861: 26891 80671
2173272347: 2393 908179
2174573441: 7489 290369
2184130349: 26177 83437
2185810171: 3581 610391
2191189051: 12511 175141
2198027581: 9521 230861
2199931651: 379 631 9199
2201642801: 15641 140761
2203663621: 27103 81307
2206345681: 137 1361 11833
2207566201: 12043 183307
2212181731: 31 811 87991
2213357059: 19207 115237
2216099341: 10037 220793
2216123671: 19219 115309
2218540717: 967 2294251
2219008177: 21067 105331
2222805289: 6037 368197
2227609099: 67 33247897
2229468697: 23609 94433
2232747001: 313 2377 3001
2234202049: 21139 105691
2234695231: 33427 66853
2238294811: 191 11718821
2242724851: 33487 66973
2244972547: 41999 53453
2245134403: 7687 292069
2245863937: 26449 84913
2247951841: 241 9327601
2255968331: 19391 116341
2257596251: 26701 84551
2260569001: 251 2251 4001
2263594717: 23789 95153
2264480417: 31153 72689
2264745313: 21283 106411
2266540319: 18439 122921
2267716879: 17389 130411
2270054873: 7103 319591
2270715701: 2351 965851
2274774793: 10169 223697
2274806041: 20021 113621
2276290297: 379 2269 2647
2276774273: 24919 91367
2278091971: 23 89 991 1123
2278829281: 19489 116929
2280038311: 5791 393721
2280388633: 7369 309457
2280656953: 33769 67537
2283430117: 23893 95569
2296543159: 53 127 271 1259
2297067967: 39133 58699
2301316033: 27697 83089
2301694201: 1951 1179751
2302706551: 39181 58771
2304337321: 11 13 101 103 1549
2310391639: 25693 89923
2312542981: 7 23 89 199 811
2318964821: 27803 83407
2319329503: 6679 347257
2319891307: 24083 96329
2323952161: 19681 118081
2325294241: 41761 55681
2325850957: 7723 301159
2328205111: 19699 118189
2328995681: 27361 85121
2333010751: 24151 96601
2338525169: 113 4073 5081
2344054721: 27953 83857
2352371251: 24251 97001
2361232477: 307 613 12547
2361627307: 13 73 229 10867
2362421953: 34369 68737
2368504321: 281 421 20021
2376303301: 35771 66431
2376881533: 13 73 317 7901
2380603501: 34501 69001
2384804129: 19937 119617
2385059041: 21841 109201
2385072379: 10303 231493
2385076987: 24419 97673
2385548881: 18461 129221
2386828117: 9973 239329
2386868441: 44909 53149
2388410749: 12619 189271
2390190001: 5501 434501
2394233351: 22651 105701
2396157781: 20873 114797
2396383603: 47293 50671
2399014567: 79 30367273
2403802133: 28307 84919
2404057993: 7753 310081
2406805201: 1201 2004001
2410653961: 31 53 73 101 199
2411181487: 11 13 103 127 1289
2412172153: 34729 69457
2415680521: 457 5285953
2420057251: 163 811 18307
2421244921: 31121 77801
2423862349: 4007 604907
2425657213: 7 67 73 70849
2428158643: 15583 155821
2435664181: 61 1721 23201
2436927907: 24683 98729
2438771323: 5903 413141
2449056101: 45817 53453
2452221017: 40433 60649
2452528261: 15661 156601
2458231903: 35059 70117
2468708061: 3 167 197 25013
2470869253: 35149 70297
2473854769: 23 89 199 6073
2482625653: 31513 78781
2483253781: 28771 86311
2484548947: 24923 99689
2487604351: 71 151 331 701
2487733333: 15773 157721
2488502881: 4129 602689
2493414691: 15791 157901
2494984321: 317 1423 5531
2498772823: 10141 246403
2500663681: 32089 77929
2508662053: 42331 59263
2510085721: 11 13 2131 8237
2515074337: 577 4358881
2516445121: 241 761 13721
2517696211: 40231 62581
2519967529: 26833 93913
2532630787: 25163 100649
2533915781: 29063 87187
2537328193: 33961 74713
2539895329: 2617 970537
2547406447: 10303 247249
2550625057: 11971 213067
2551837441: 14011 182131
2552569111: 17863 142897
2553573727: 24091 105997
2556832741: 10781 237161
2561760019: 7 13 73 271 1423
2563307293: 18229 140617
2565443323: 53 599 80809
2566256699: 317 1423 5689
2569080037: 32057 80141
2570076811: 17389 147799
2573169661: 271 541 17551
2576351251: 167 919 16787
2578060451: 101 4051 6301
2578735351: 25391 101561
2581040593: 157 16439749
2581236181: 15319 168499
2583464807: 7 11 53 443 1429
2591111773: 10303 251491
2594603437: 25469 101873
2597788951: 10867 239053
2598933481: 443 1327 4421
2600861077: 37423 69499
2605192211: 44203 58937
2605557781: 31 43 127 15391
2617984799: 23873 109663
2626387297: 21529 121993
2639589409: 313 8433193
2649103601: 89 859 34651
2657502001: 7 11 31 73 101 151
2661906001: 19501 136501
2662805599: 21067 126397
2670171059: 18869 141511
2676100141: 11 13 31 43 101 139
2677527841: 42589 62869
2678785621: 139 1289 14951
2680883617: 25889 103553
2686775041: 181 211 70351
2691318761: 41 3049 21529
2692079167: 25943 103769
2699471503: 36739 73477
2712724291: 32941 82351
2715144881: 3761 721921
2716344661: 30091 90271
2718994513: 19709 137957
2724504091: 35461 76831
2728997441: 30161 90481
2731418491: 35797 76303
2737789441: 19777 138433
2739597103: 67 6073 6733
2740193149: 25147 108967
2745144331: 13099 209569
2747483969: 97 769 36833
2761056379: 38971 70849
2761544941: 6469 426889
2761545403: 37159 74317
2763271369: 23509 117541
2766006253: 37189 74377
2776350151: 601 631 7321
2776874941: 31 43 271 7687
2783658193: 41903 66431
2788970881: 19961 139721
2791630801: 8461 329941
2804329249: 113 953 26041
2807780977: 5437 516421
2812179343: 34231 82153
2821586401: 379 919 8101
2826128971: 37591 75181
2832735121: 20117 140813
2840871041: 30773 92317
2841592909: 8429 337121
2842332931: 46171 61561
2847034657: 20929 136033
2859627301: 5701 501601
2866815199: 3259 879661
2869843573: 10993 261061
2870118421: 30931 92791
2871629707: 10939 262513
2871787783: 33893 84731
2872948321: 23971 119851
2876098771: 7 13 811 38971
2879381441: 131 3251 6761
2883582901: 37 109 397 1801
2887601473: 2689 1073857
2888372657: 13877 208141
2891135143: 13 43 73 70849
2894667781: 31063 93187
2898273799: 12517 231547
2900089901: 1741 1665761
2905698209: 42773 67933
2905870309: 13477 215617
2907513751: 15901 182851
2912712013: 20399 142787
2929062533: 31247 93739
2930210401: 21841 134161
2931802849: 13537 216577
2933588503: 38299 76597
2936428741: 16339 179719
2939936347: 53503 54949
2940871141: 13 31 103 70849
2943815753: 16879 174407
2944756811: 12791 230221
2945208001: 31333 93997
2946016891: 22159 132949
2948212031: 27733 106307
2951104333: 25609 115237
2957289539: 1289 2294251
2959062833: 89 33247897
2964222311: 39761 74551
2964816109: 13613 217793
2966474113: 3109 954157
2973097121: 31481 94441
2979582499: 33427 89137
2983771051: 53 3251 17317
2989126601: 40751 73351
2989613507: 89 2707 12409
2989880167: 6917 432251
2992394501: 31583 94747
3004224137: 44753 67129
3009756751: 27431 109721
3014446513: 13 67 103 33601
3020299327: 27479 109913
3021769349: 30109 100361
3033844153: 15277 198589
3038322071: 11621 261451
3039215213: 42703 71171
3039384263: 4799 633337
3054297403: 39079 78157
3056688857: 9049 337793
3056834551: 19 47 1051 3257
3057111721: 39097 78193
3063683503: 39139 78277
3066129211: 439 6984349
3066754241: 31973 95917
3067773013: 8447 363179
3076617637: 45289 67933
3080457829: 37 109 757 1009
3080557351: 5851 526501
3085650751: 31 4051 24571
3087304501: 10501 294001
3103288631: 26261 118171
3108070501: 251 2251 5501
3110830003: 39439 78877
3113847451: 11 13 43 349 1451
3124511041: 45361 68881
3129612877: 163 271 70849
3131076931: 25903 120877
3133971271: 17929 174799
3137756161: 32341 97021
3142656469: 16903 185923
3156883159: 10141 311299
3162579421: 31 1171 87121
3170194651: 13 43 829 6841
3180742577: 46049 69073
3184058957: 46073 69109
3190035223: 269 2011 5897
3190189591: 23059 138349
3191296499: 23063 138373
3192215599: 53 89 676747
3202895821: 21391 149731
3208453687: 15139 211933
3213895051: 40087 80173
3217744531: 40111 80221
3221085691: 6883 467977
3224109701: 32783 98347
3228176641: 769 1249 3361
3229131137: 44017 73361
3237055273: 919 3522367
3240762331: 277 283 41341
3256366051: 40351 80701
3259543813: 8707 374359
3263568901: 32983 98947
3267555281: 3191 1023991
3274264033: 33037 99109
3280479931: 2731 1201201
3281593591: 40507 81013
3282615613: 307 613 17443
3285456491: 16547 198553
3290600431: 31 103 317 3251
3292356943: 20287 162289
3298993651: 167 211 251 373
3302623741: 10861 304081
3306053551: 3931 841021
3308073211: 14951 221261
3322171393: 12289 270337
3326602427: 47093 70639
3331537351: 17021 195731
3336811507: 4259 783473
3347214421: 33403 100207
3350806171: 50131 66841
3351979489: 769 4358881
3352026133: 33427 100279
3374598781: 41077 82153
3380127031: 919 1621 2269
3383585947: 7 103 271 17317
3390418133: 27449 123517
3390540313: 5683 596611
3390807281: 29 8681 13469
3394704331: 19 10243 17443
3398767633: 19 4327 41341
3399205591: 16831 201961
3401510113: 26083 130411
3410609701: 8501 401201
3412433377: 53857 63361
3416417393: 17 200965729
3420244631: 3191 1071841
3423222757: 523 1567 4177
3425559787: 13 269 967 1013
3429702721: 43651 78571
3430848583: 18523 185221
3432881233: 26203 131011
3434453569: 26209 131041
3448243327: 661 859 6073
3452858641: 12253 281797
3453310261: 52561 65701
3453354607: 29383 117529
3461605561: 29 281 421 1009
3462909031: 41611 83221
3463035577: 48049 72073
3465389899: 7867 440497
3465868231: 7 31 73 331 661
3467474803: 13 2707 98533
3479981671: 11971 290701
3481193641: 643 5413987
3481550821: 7 31 73 271 811
3483297121: 4007 869303
3490169161: 4253 820637
3492883081: 26431 132151
3495943153: 41809 83617
3500530111: 13 43 71 89 991
3502970551: 41851 83701
3507977461: 1741 2014921
3508999651: 41887 83773
3512369857: 29633 118529
3514590239: 24203 145213
3521383951: 29671 118681
3531794351: 54251 65101
3539037811: 11243 314777
3542922937: 127 27897031
3544181551: 131 139 151 1289
3548607841: 26641 133201
3549959711: 3631 977681
3554383141: 42157 84313
3557872609: 13831 257239
3559066513: 22549 157837
3562795861: 9103 391387
3564069991: 317 1423 7901
3566014861: 22571 157991
3569494897: 29873 119489
3574087859: 24407 146437
3586944751: 13 151 1827277
3590126777: 19973 179749
3601552249: 26839 134191
3602550451: 30011 120041
3603648043: 12799 281557
3612825221: 34703 104107
3615042833: 46573 77621
3620631169: 613 919 6427
3627622657: 577 6287041
3630596257: 26947 134731
3641403427: 16657 218611
3645846221: 46771 77951
3647792071: 7 11 103 131 3511
3650185837: 36433 100189
3656345347: 919 1567 2539
3662279713: 20593 177841
3662752369: 23 89 661 2707
3669642901: 397 9243433
3672324517: 13903 264139
3673724641: 16811 218531
3673744903: 42859 85717
3679515313: 67 6073 9043
3681548821: 271 541 25111
3685192001: 8501 433501
3696572827: 11953 309259
3697278427: 30403 121609
3697434133: 35107 105319
3704091751: 30431 121721
3706404781: 23011 161071
3721933801: 14797 251533
3723104797: 30509 122033
3728995417: 7 73 103 70849
3730723873: 2833 1316881
3734195287: 7639 488833
3747084769: 18457 203017
3749780509: 38729 96821
3751259087: 33547 111821
3751554581: 35363 106087
3752028589: 883 1667 2549
3753702721: 16993 220897
3759764929: 2713 1385833
3761091937: 27427 137131
3764070841: 26161 143881
3769234921: 199 2707 6997
3770116351: 8863 425377
3771615893: 11213 336361
3776161421: 18691 202031
3779676451: 199 859 22111
3781402969: 37657 100417
3782345761: 919 1621 2539
3795401591: 15091 251501
3801299251: 50341 75511
3813789343: 7 13 67 103 6073
3819120607: 7309 522523
3830030191: 13 31 73 101 1289
3831270913: 58549 65437
3831494767: 23 89 859 2179
3842267401: 7 103 811 6571
3844074781: 37 4933 21061
3851598751: 7 11 13 31 124121
3856717789: 9157 421177
3857376331: 271 811 17551
3857419681: 10211 377771
3857992741: 56701 68041
3867345343: 13259 291677
3867417313: 53857 71809
3870207949: 9173 421913
3881121481: 1181 3286301
3883779361: 7 11 73 101 6841
3887023307: 6803 571369
3889260739: 7 13 23 103 18041
3891209851: 23 89 331 5743
3899962789: 6547 595687
3900013681: 17321 225161
3915911119: 9227 424397
3916460621: 6197 631993
3917450353: 19793 197921
3922632451: 23 67 661 3851
3934185751: 6151 639601
3935312833: 28619 137507
3937526911: 44371 88741
3937994413: 23719 166027
3940007071: 7 11 13 101 38971
3942236227: 499 7900273
3946455761: 48661 81101
3952678489: 46861 84349
3959921521: 44497 88993
3963990977: 26449 149873
3971095301: 36383 109147
3984037421: 7 13 3491 12541
3984737791: 25771 154621
3985621861: 13 23 1789 7451
3997740319: 39989 99971
4005660961: 36541 109621
4007101001: 21101 189901
4008263401: 16921 236881
4016386721: 12197 329293
4021668751: 18701 215051
4022632045: 5 37 673 32309
4023844777: 56737 70921
4026822577: 31729 126913
4028908811: 29383 137117
4028910691: 13 31 71 139 1013
4047480067: 40237 100591
4054039841: 36761 110281
4059776533: 36787 110359
4064513281: 24097 168673
4067887501: 24107 168743
4068100063: 27197 149579
4080552001: 57781 70621
4095171397: 49081 83437
4099261987: 17443 235009
4104383851: 22651 181201
4113586837: 32069 128273
4114803661: 23 89 331 6073
4124825251: 521 1171 6761
4127050621: 293 877 16061
4146322273: 7537 550129
4151351263: 15187 273349
4151597689: 29 281 673 757
4154632201: 15193 273457
4157138317: 317 2371 5531
4172804707: 32299 129193
4175289271: 45691 91381
4177737829: 613 6815233
4178535769: 28909 144541
4194194353: 12953 323801
4201794451: 32411 129641
4206758533: 37447 112339
4211747581: 27673 152197
4219337071: 10271 410801
4220681471: 56263 75017
4222882721: 33937 124433
4225838917: 11149 379033
4229079089: 6173 685093
4231459597: 53113 79669
4231761769: 21529 196561
4234009397: 53129 79693
4235818861: 46021 92041
4239174661: 37591 112771
4239518639: 12197 347587
4240777201: 32561 130241
4242354731: 26591 159541
4246017409: 10177 417217
4251343963: 56467 75289
4251365101: 23053 184417
4265589651: 3 167 1051 8101
4270088341: 37 1033 111721
4275892223: 317 2371 5689
4282863751: 17491 244861
4283445403: 46279 92557
