49: 7 7
85: 5 17
341: 11 31
451: 11 41
505: 5 101
583: 11 53
841: 29 29
949: 13 73
1105: 5 13 17
1167: 3 389
1271: 31 41
1585: 5 317
1717: 17 101
1891: 31 61
2041: 13 157
2701: 37 73
4081: 7 11 53
5149: 19 271
5389: 17 317
5461: 43 127
6119: 29 211
6205: 5 17 73
6565: 5 13 101
8261: 11 751
8585: 5 17 101
10261: 31 331
11461: 73 157
13333: 67 199
13345: 5 17 157
13981: 11 31 41
14981: 71 211
15211: 7 41 53
18685: 5 37 101
20191: 61 331
20591: 59 349
20605: 5 13 317
22321: 13 17 101
23281: 31 751
24727: 79 313
26841: 3 23 389
26945: 5 17 317
27511: 11 41 61
28567: 7 7 11 53
30791: 41 751
31747: 53 599
32017: 101 317
32551: 43 757
36865: 5 73 101
38503: 139 277
45811: 61 751
48929: 113 433
54811: 59 929
55861: 13 4297
58645: 5 37 317
59711: 29 29 71
64681: 71 911
65683: 19 3457
68101: 11 41 151
70057: 13 17 317
71107: 211 337
73393: 23 3191
79003: 199 397
79285: 5 101 157
80665: 5 13 17 73
81631: 11 41 181
83333: 167 499
88357: 149 593
94139: 23 4093
96139: 127 757
110309: 47 2347
113401: 151 751
115705: 5 73 317
125341: 17 73 101
126511: 7 11 31 53
144841: 241 601
146611: 271 541
148993: 13 73 157
149281: 11 41 331
154645: 5 157 197
160085: 5 101 317
173485: 5 13 17 157
177451: 29 29 211
188501: 251 751
192221: 211 911
197633: 257 769
206981: 263 787
220729: 103 2143
222529: 193 1153
238465: 5 37 1289
248581: 331 751
248845: 5 157 317
248941: 7 11 53 61
256091: 11 31 751
261361: 31 8431
269569: 17 101 157
272611: 131 2081
282133: 307 919
282637: 109 2593
283253: 191 1483
283417: 29 29 337
285671: 463 617
293591: 137 2143
294409: 37 73 109
302177: 449 673
302281: 7 7 31 199
313681: 73 4297
324221: 349 929
326233: 139 2347
338701: 11 41 751
341317: 191 1787
342271: 31 61 181
365245: 5 17 4297
393397: 17 73 317
395389: 271 1459
404101: 101 4001
416221: 13 101 317
417589: 409 1021
471541: 7 31 41 53
478109: 179 2671
479245: 5 13 73 101
485357: 569 853
495283: 223 2221
504913: 269 1877
514291: 61 8431
544289: 17 101 317
554041: 181 3061
561601: 433 1297
601549: 13 46273
611701: 151 4051
615851: 227 2713
625921: 31 61 331
627751: 41 61 251
634351: 151 4201
636641: 461 1381
650119: 277 2347
674629: 157 4297
693307: 223 3109
710533: 487 1459
736751: 701 1051
760481: 71 10711
766151: 29 29 911
777889: 7 111127
783901: 157 4993
825877: 13 17 37 101
834769: 13 157 409
846073: 17 157 317
852841: 11 31 41 61
859951: 379 2269
863893: 191 4523
867081: 3 389 743
927871: 7 41 53 61
936847: 271 3457
954521: 31 41 751
974185: 5 17 73 157
1010651: 821 1231
1023121: 11 281 331
1030705: 5 13 101 157
1062389: 941 1129
1279165: 5 17 101 149
1297741: 431 3011
1313659: 613 2143
1333333: 23 29 1999
1350811: 7 11 53 331
1364005: 5 37 73 101
1370477: 907 1511
1380511: 11 41 3061
1408321: 193 7297
1420141: 31 61 751
1491511: 7 7 61 499
1504165: 5 13 73 317
1587893: 149 10657
1600411: 71 22541
1608301: 151 10651
1621913: 233 6961
1629433: 13 17 73 101
1755001: 937 1873
1813519: 277 6547
1827001: 11 41 4051
1830985: 5 13 17 1657
1857241: 31 181 331
1869211: 967 1933
1894651: 11 41 4201
1954129: 433 4513
1966177: 19 103483
2003779: 757 2647
2035153: 1009 2017
2036665: 5 37 101 109
2083861: 13 157 1021
2085301: 41 181 281
2112321: 3 47 71 211
2135873: 1289 1657
2169985: 5 101 4297
2260021: 211 10711
2284453: 1069 2137
2299181: 131 17551
2321341: 11 281 751
2337241: 73 101 317
2362051: 41 53 1087
2403817: 13 17 73 149
2466133: 907 2719
2508013: 53 79 599
2538251: 1301 1951
2592109: 13 17 37 317
2631169: 193 13633
2650121: 1483 1787
2703037: 197 13721
2715031: 11 53 4657
2721445: 5 17 101 317
2753191: 7 41 53 181
2790661: 331 8431
2829457: 953 2969
2886751: 7 31 53 251
2950081: 241 12241
2975611: 727 4093
3042301: 751 4051
3064831: 7 11 53 751
3065311: 31 61 1621
3116107: 883 3529
3154951: 751 4201
3186821: 11 281 1031
3234985: 5 13 157 317
3377929: 73 46273
3422959: 463 7393
3440341: 17 157 1289
3504397: 13 17 101 157
3580039: 83 43133
3723897: 3 389 3191
3730273: 1009 3697
3750439: 7 11 53 919
3802381: 11 41 8431
3822607: 523 7309
3835703: 907 4229
3933205: 5 17 46273
4059859: 823 4933
4074907: 1277 3191
4077853: 13 73 4297
4083333: 3 389 3499
4099439: 827 4957
4108409: 1511 2719
4119301: 829 4969
4133977: 43 127 757
4224533: 1187 3559
4255741: 7 53 11471
4281085: 5 37 73 317
4415251: 1051 4201
4453721: 461 9661
4518457: 709 6373
4552129: 433 10513
4570529: 467 9787
4588033: 1237 3709
4627711: 11 31 41 331
4652561: 881 5281
4748185: 5 13 17 4297
4756151: 211 22541
4776531: 3 389 4093
4803601: 11 41 10651
4931359: 907 5437
4997461: 7 7 79 1291
5026669: 101 157 317
5034841: 7 41 53 331
5043763: 1459 3457
5090905: 5 17 101 593
5114161: 13 17 73 317
5246467: 1811 2897
5256091: 811 6481
5269291: 1063 4957
5322791: 167 31873
5406031: 211 25621
5445223: 7 7 111127
5577899: 223 25013
5787805: 5 73 101 157
5788351: 31 61 3061
5824303: 59 98717
5835331: 829 7039
5859031: 31 331 571
5894461: 17 101 3433
5917073: 29 211 967
5968873: 43 127 1093
6029479: 19 271 1171
6081701: 733 8297
6286453: 1289 4877
6319601: 593 10657
6321187: 2053 3079
6331681: 751 8431
6390019: 1511 4229
6392305: 5 37 109 317
6418945: 5 13 17 37 157
6443113: 547 11779
6658669: 1999 3331
6696967: 1637 4091
6707609: 1483 4523
6719651: 151 44501
6730309: 439 15331
6758641: 631 10711
6810745: 5 317 4297
6905089: 2221 3109
7003693: 37 73 2593
7005445: 5 17 73 1129
7028821: 1531 4591
7038241: 7 53 61 311
7223231: 1597 4523
7262413: 1019 7127
7264861: 157 46273
7356841: 601 12241
7377949: 17 101 4297
7405201: 1361 5441
7456849: 2017 3697
7561159: 1123 6733
7568191: 587 12893
7624501: 1381 5521
7636105: 5 101 15121
7706011: 31 331 751
7717171: 7 11 31 53 61
7998901: 751 10651
8056951: 7 41 67 419
8076421: 2531 3191
8081189: 1657 4877
8082601: 1787 4523
8215307: 1511 5437
8260591: 719 11489
8291791: 61 181 751
8317351: 7 733 1621
8328241: 1291 6451
8373841: 7 53 22571
8413441: 1153 7297
8427445: 5 13 317 409
8572981: 17 101 4993
8769619: 1171 7489
8770177: 13 157 4297
8811781: 11 31 25841
9007951: 29 29 10711
9051449: 11 757 1087
9106141: 11 41 61 331
9146831: 43 281 757
9309101: 509 18289
9326599: 1723 5413
9444943: 1087 8689
9455779: 1459 6481
9533701: 1783 5347
9557227: 1213 7879
9566869: 13 17 73 593
9717247: 23 271 1559
9757721: 911 10711
9772043: 29 211 1597
9808651: 1279 7669
9895217: 1049 9433
9936811: 53 313 599
9974053: 17 37 101 157
10267951: 67 331 463
10303701: 3 23 59 2531
10312099: 7 7 229 919
10326751: 31 43 61 127
10374439: 1019 10181
10432801: 421 24781
10499731: 11 31 41 751
10509751: 7 61 151 163
10672663: 53 79 2549
10770985: 5 157 13721
10998949: 13 17 157 317
11169751: 251 44501
11247661: 1061 10601
11367137: 2753 4129
11415301: 1951 5851
11423461: 7 41 53 751
11443213: 23 389 1279
11498651: 2719 4229
11771551: 11 41 43 607
11840627: 1571 7537
12032021: 2003 6007
12331801: 1171 10531
12397153: 977 12689
12417131: 1439 8629
12425953: 353 35201
12599021: 29 29 71 211
12664405: 5 13 17 73 157
13012651: 2551 5101
13016713: 17 157 4877
13060763: 3191 4093
13341841: 1381 9661
13647691: 71 211 911
13773061: 2143 6427
14179537: 2917 4861
14459761: 761 19001
14555221: 2203 6607
14615017: 2503 5839
14679793: 109 134677
14685893: 443 33151
14783203: 2719 5437
14903461: 73 109 1873
14905261: 7 7 331 919
14925817: 1033 14449
15101893: 829 18217
15163441: 61 331 751
15465241: 11 41 53 647
15479777: 587 26371
15604321: 2281 6841
15718849: 1153 13633
15904627: 499 31873
15943021: 31 61 8431
16046641: 13 37 73 457
16633081: 31 331 1621
16661633: 2357 7069
16710769: 433 38593
16773763: 3547 4729
16834231: 41 53 61 127
17018251: 4051 4201
17491951: 19 631 1459
17800093: 19 271 3457
17868649: 17 941 1117
17913421: 883 20287
17934065: 5 17 101 2089
18165685: 5 73 157 317
18357389: 3319 5531
18790021: 2503 7507
18797819: 443 42433
18956981: 29 29 22541
19117687: 1597 11971
19129039: 59 349 929
19678537: 17 73 101 157
19968059: 3583 5573
20069951: 11 41 44501
20350021: 853 23857
20534851: 911 22541
20552221: 1171 17551
20660761: 11 41 61 751
21037705: 5 13 317 1021
21310201: 11 41 47251
21415297: 1543 13879
21547261: 29 29 25621
21584305: 5 17 197 1289
21645961: 293 73877
21654533: 2687 8059
21681677: 3607 6011
21855187: 19 389 2957
22238173: 4159 5347
22272805: 5 17 157 1669
22605851: 31 751 971
22651597: 1289 17573
22818251: 43 701 757
22993073: 4229 5437
23034565: 5 101 45613
23056001: 1601 14401
23072641: 733 31477
23156533: 17 317 4297
23222993: 3733 6221
23367865: 5 101 46273
23517481: 13 421 4297
23682043: 7 7 11 53 829
23849869: 659 36191
24236461: 1741 13921
24589577: 4049 6073
24791209: 1087 22807
24932557: 13 17 101 1117
25528477: 13 457 4297
25971691: 1087 23893
25981231: 787 33013
26151761: 2671 9791
26332181: 2963 8887
26662885: 5 17 73 4297
26769913: 157 170509
27062101: 11 31 61 1301
27374239: 2797 9787
27531703: 19 271 5347
27676237: 29 211 4523
28043893: 271 103483
28209805: 5 13 101 4297
28244149: 857 32957
28405681: 2273 12497
28569997: 1429 19993
28758601: 3511 8191
28764001: 7 31 41 53 61
29118461: 1657 17573
29369831: 3319 8849
29383021: 17 101 109 157
29718417: 3 29 29 11779
29971811: 2371 12641
30130871: 53 751 757
30384133: 13 73 101 317
30824399: 2267 13597
30929779: 23 389 3457
31118081: 3221 9661
31304701: 17 37 157 317
31384585: 5 317 19801
31408921: 31 331 3061
31760737: 1879 16903
32036317: 79 599 677
33285349: 1999 16651
33298337: 1217 27361
33414833: 1493 22381
33420251: 751 44501
34082701: 2207 15443
34127731: 11 61 181 281
34134349: 373 91513
34211101: 43 757 1051
34391251: 41 61 13751
34406911: 7 11 53 8431
34452233: 349 98717
34456861: 19 277 6547
34976791: 4969 7039
35270647: 1019 34613
35378785: 5 13 17 101 317
36120901: 1901 19001
36255451: 3011 12041
36448387: 3019 12073
36523631: 2081 17551
36862129: 2917 12637
36906629: 1013 36433
36981601: 3041 12161
37985209: 1571 24179
38560861: 19 271 7489
38801479: 4153 9343
39154081: 3613 10837
39676033: 3637 10909
39720331: 7 7 31 79 331
40115881: 13 37 83401
40266731: 2591 15541
40380761: 5801 6961
40403881: 7 7 31 67 397
40621591: 4507 9013
40904389: 739 55351
41069047: 2027 20261
41269913: 101 317 1289
41638913: 449 92737
41672161: 2753 15137
41875141: 7 11 31 53 331
42149971: 4591 9181
42320851: 23 727 2531
42516263: 5647 7529
42956497: 5077 8461
43147201: 4051 10651
43838341: 3823 11467
43893937: 3313 13249
43913077: 13 73 46273
44238481: 7 61 313 331
44482901: 3851 11551
44744851: 4201 10651
44993161: 181 331 751
45058321: 7 11 53 61 181
45786133: 3907 11719
46463761: 31 61 24571
46560871: 7 41 53 3061
46584037: 3413 13649
46633861: 3943 11827
46902337: 17 157 17573
47020177: 3067 15331
47306341: 31 181 8431
48191653: 4909 9817
48450205: 5 37 101 2593
48539737: 19 739 3457
48943819: 5531 8849
49247917: 73 157 4297
49322387: 3847 12821
49559611: 41 53 22807
50136901: 331 151471
50759141: 2909 17449
51131665: 5 13 17 46273
51143851: 11 41 151 751
51941869: 7 587 12641
52411153: 17 73 157 269
52510141: 37 73 19441
52525501: 7 7 31 151 229
52565059: 547 96097
52784029: 1571 33599
53052169: 101 317 1657
53338381: 5521 9661
53356711: 23 727 3191
53405821: 7 41 53 3511
53638903: 5179 10357
53941647: 3 23 191 4093
54396721: 29 29 71 911
54637831: 5227 10453
54746693: 23 29 211 389
55427221: 37 73 20521
55464481: 3331 16651
55553873: 2221 25013
55638871: 3181 17491
56312185: 5 2621 4297
56420033: 4337 13009
56670181: 2381 23801
57254279: 6067 9437
57343465: 5 17 157 4297
57370273: 887 64679
57833861: 4391 13171
58397809: 1373 42533
58603843: 2707 21649
59800987: 29 29 211 337
59840537: 2579 23203
59953741: 2927 20483
60229121: 4481 13441
60289021: 13 17 37 73 101
61171951: 3911 15641
61363541: 4523 13567
61428457: 4861 12637
61553941: 31 43 61 757
61663321: 1571 39251
61763329: 17 73 157 317
62412001: 673 92737
62500673: 4129 15137
63318169: 3559 17791
63682081: 89 241 2969
63995251: 67 955153
64534103: 1087 59369
64787041: 11 53 111127
65346697: 13 101 157 317
66007061: 4691 14071
66096253: 5749 11497
66883513: 101 317 2089
67934571: 3 23 389 2531
68190851: 3823 17837
69023771: 191 389 929
70986277: 6661 10657
71345633: 4877 14629
71347381: 7 7 53 83 331
71592823: 3529 20287
71710459: 823 87133
72286501: 7 67 79 1951
72559987: 7127 10181
72809863: 7 53 229 857
72856081: 661 110221
73077313: 727 100519
73289861: 4943 14827
73342705: 5 317 46273
73522051: 151 331 1471
73856707: 29 389 6547
74217487: 1759 42193
74293337: 149 498613
74525401: 1481 50321
74927161: 6121 12241
75241465: 5 13 73 101 157
75297637: 5233 14389
75550993: 7 7 229 6733
76997845: 5 17 73 12409
77090413: 3319 23227
77240077: 2503 30859
77439521: 5081 15241
77765417: 3109 25013
78304549: 3613 21673
78418081: 7 7 313 5113
79398901: 6301 12601
79442239: 2819 28181
79450741: 17 101 46273
79494101: 151 701 751
80918281: 6361 12721
81005081: 677 119653
81533821: 367 222163
82136671: 29 911 3109
82274317: 5737 14341
82399471: 7 11 53 61 331
82452061: 6421 12841
83570347: 7 53 225257
84503413: 17 73 149 457
85649631: 3 23 389 3191
85703521: 4877 17573
86510491: 31 331 8431
86538299: 4093 21143
86927677: 5897 14741
87650413: 3539 24767
88539685: 5 13 317 4297
88658641: 1471 60271
89421931: 5981 14951
89532271: 6691 13381
89896717: 37 937 2593
89946001: 37 73 33301
90014653: 6709 13417
90020593: 13 17 37 101 109
90366541: 139 277 2347
90520273: 4969 18217
91490345: 5 17 101 10657
91708093: 929 98717
91924093: 1399 65707
92221957: 17 109 157 317
92267341: 3631 25411
92746807: 3517 26371
94160161: 17 1289 4297
94443193: 13 157 46273
94502701: 4861 19441
94775927: 7949 11923
95009761: 7 11 31 53 751
95212057: 3253 29269
95594617: 4889 19553
95913337: 13 17 101 4297
96142927: 4903 19609
97065697: 29 29 211 547
98241499: 6269 15671
99320803: 2591 38333
99480001: 7297 13633
99809051: 4079 24469
100003249: 109 917461
100055011: 7 7 31 199 331
100342621: 41 53 61 757
102678031: 3583 28657
103253333: 5867 17599
103983907: 5099 20393
104569501: 47 1151 1933
105506081: 1361 77521
105919633: 4603 23011
106743073: 1699 62827
106768501: 7 7 919 2371
106860391: 11 41 313 757
107520533: 5987 17959
107949601: 401 269201
108145741: 11 41 61 3931
109231229: 2699 40471
109838431: 7411 14821
109860213: 3 23 389 4093
111090151: 5113 21727
111297001: 41 61 44501
111357349: 1669 66721
111654401: 6101 18301
111661133: 4093 27281
112110031: 11 41 331 751
112939831: 4339 26029
113197061: 6143 18427
113492101: 6151 18451
113639527: 23 277 17837
113657347: 683 166409
114046381: 127 331 2713
116090081: 6221 18661
116463007: 23 947 5347
116925133: 13 17 317 1669
116938561: 10333 11317
117637741: 13 457 19801
117873811: 11 31 41 8431
118216981: 31 41 281 331
118638841: 9433 12577
118846151: 4451 26701
118901521: 271 541 811
119184451: 151 751 1051
119212865: 5 1657 14389
119693267: 8933 13399
119707561: 421 284341
120460033: 6337 19009
120621229: 79 599 2549
121020421: 1069 113209
122505571: 4519 27109
123759329: 353 350593
124038337: 5569 22273
124593301: 7 41 53 8191
124745921: 9281 13441
126132553: 5023 25111
126440731: 4591 27541
126619741: 73 109 15913
127458409: 13 157 197 317
127758529: 2467 51787
128229463: 7039 18217
128243941: 7 41 53 8431
128536561: 8017 16033
130685761: 9281 14081
130876751: 9341 14011
131256451: 4051 32401
134582017: 8513 15809
135518701: 31 751 5821
136746751: 43 757 4201
137577049: 101 317 4297
137583181: 4789 28729
138901937: 3929 35353
139295701: 3559 39139
139549393: 4177 33409
139592101: 11 31 151 2711
139810133: 6827 20479
140227471: 61 751 3061
140228443: 6569 21347
140243923: 1093 128311
140877991: 2531 55661
141949423: 7 7 11 53 4969
148468927: 9949 14923
149002057: 1009 147673
149477791: 71 911 2311
149852431: 271 379 1459
150024253: 3163 47431
150237571: 11 41 43 61 127
150330841: 3301 45541
150415987: 7757 19391
151659619: 7789 19471
151963393: 29 5240117
152066485: 5 37 317 2593
152797927: 10093 15139
152968241: 1283 119227
154364221: 11 31 41 61 181
154944533: 7187 21559
155762083: 883 176401
156080071: 7 31 41 53 331
156146909: 101 317 4877
157542533: 7247 21739
158147047: 4933 32059
158408905: 5 73 101 4297
158496911: 10903 14537
159006047: 6907 23021
159236281: 3061 52021
159476677: 17 101 293 317
160086781: 2053 77977
160461491: 71 211 10711
161005573: 53 757 4013
161216021: 7331 21991
161657861: 29 29 211 911
162771337: 337 547 883
162905761: 4513 36097
163340941: 4831 33811
163394857: 2557 63901
163954561: 67 331 7393
164436553: 3557 46229
164656171: 29 71 211 379
166258891: 1303 127597
166260781: 31 41 130811
167579497: 6473 25889
169133851: 2551 66301
169234003: 9199 18397
169608067: 59 349 8237
170048111: 5647 30113
170122357: 2917 58321
170189417: 4349 39133
170221441: 13 157 83401
170230321: 61 331 8431
171275959: 4139 41381
172116181: 9277 18553
172202101: 3011 57191
172295761: 11 79 331 599
172612051: 1231 140221
172895141: 2531 68311
173401621: 7603 22807
174074867: 863 201709
174167407: 6599 26393
174604759: 7 1627 15331
175229041: 13 101 317 421
175682845: 5 13 17 37 4297
176275457: 953 184969
177730279: 5443 32653
177979381: 1399 127219
178077361: 7 11 31 61 1223
178482151: 151 331 3571
178814945: 5 101 317 1117
180185701: 5839 30859
181670539: 5503 33013
181934759: 5507 33037
182237123: 7537 24179
182565073: 6043 30211
184353001: 7 31 653 1301
184746889: 6079 30391
184758127: 8597 21491
184829581: 10531 17551
185040703: 9619 19237
186633721: 1009 184969
186917401: 11 41 414451
186954691: 7 11 53 61 751
187790131: 199 397 2377
188821951: 6871 27481
189223957: 13 17 37 73 317
189262721: 13441 14081
189686503: 9739 19477
190075447: 199 955153
191413801: 4051 47251
193133557: 6949 27793
193400191: 1609 120199
194339081: 12073 16097
194770837: 103 547 3457
196187779: 11719 16741
196282111: 31 751 8431
196287391: 9907 19813
197537401: 1399 141199
198170023: 8689 22807
198665485: 5 17 73 101 317
198835081: 4297 46273
198957011: 11 757 23893
199789441: 8161 24481
200031283: 3163 63241
200083333: 8167 24499
200089927: 829 241363
201083113: 7 7 11 53 7039
201182957: 10987 18311
204709351: 7 11 41 61 1063
205364251: 11701 17551
207606277: 8689 23893
207915361: 2371 87691
208794433: 11777 17729
208895933: 1637 127609
210713131: 59 389 9181
210812311: 10267 20533
210913077: 3 389 180731
211559021: 6857 30853
212181257: 1283 165379
216227103: 3 29 211 11779
217396481: 8513 25537
218649649: 953 229433
219547633: 2089 105097
219756967: 2707 81181
220531501: 10501 21001
220990345: 5 73 593 1021
223502701: 5651 39551
224582221: 10597 21193
224597881: 37 2341 2593
226720777: 7529 30113
226978051: 6151 36901
227864599: 6163 36973
228061871: 1187 192133
228276077: 6959 32803
230290261: 691 333271
230697073: 6793 33961
231945241: 11 41 61 8431
234183251: 251 933001
234870301: 10837 21673
236025721: 6871 34351
236153905: 5 13 73 157 317
237560051: 9157 25943
237592879: 9749 24371
238172971: 6581 36191
238568749: 9769 24421
239142133: 139 277 6211
239307199: 1327 180337
239806561: 8941 26821
240091183: 3079 77977
240349901: 11 491 44501
240784637: 4007 60091
240798637: 1423 169219
240840433: 293 317 2593
241436651: 10711 22541
241478971: 41 53 111127
241927633: 2137 113209
242107433: 1439 168247
242589491: 6359 38149
242650717: 7789 31153
243677089: 829 293941
244496791: 7 11 53 181 331
245309461: 9043 27127
245324557: 2477 99041
246686851: 7127 34613
247748131: 29 379 22541
247920661: 9091 27271
248994871: 13457 18503
249365197: 17 317 46273
249872491: 11 41 181 3061
250313701: 11 1301 17491
251056111: 5011 50101
252586153: 17 101 157 937
252722557: 7949 31793
252853921: 9181 27541
253235663: 7537 33599
253446799: 10069 25171
254781451: 11287 22573
255820981: 13 17 73 101 157
257460851: 6551 39301
258911941: 11471 22571
259765747: 8059 32233
261164669: 8297 31477
261428221: 457 572053
261713219: 9907 26417
264015553: 4507 58579
264733351: 41 61 151 701
265731931: 11527 23053
266687297: 4217 63241
267127411: 2267 117833
268220401: 31 41 281 751
268278991: 31 83 127 821
268626181: 9463 28387
268903811: 11 43 751 757
270493273: 17 37 457 941
270984001: 13441 20161
272615201: 9533 28597
272984113: 17 37 101 4297
274426531: 10711 25621
274937851: 8291 33161
275877151: 11 41 151 4051
275923261: 157 409 4297
276542401: 4801 57601
277477903: 11779 23557
280215001: 11 331 76961
282065827: 587 480521
282290371: 11 31 41 61 331
282539881: 13 17 37 109 317
283229491: 6871 41221
283402241: 1871 151471
285049201: 1361 209441
286023403: 11959 23917
286092301: 11 41 151 4201
287123965: 5 17 73 46273
288151109: 1733 166273
289759051: 281 701 1471
292393801: 7 61 163 4201
292433321: 4937 59233
292763953: 17 101 170509
294911401: 31 41 331 701
295677509: 593 498613
296509357: 79 1579 2377
297856441: 2017 147673
297992369: 8293 35933
298362241: 9973 29917
300397549: 23 3191 4093
301034929: 13 17 317 4297
302204033: 10037 30109
302495047: 467 647741
302818001: 5801 52201
303782245: 5 13 101 46273
304929613: 19 2143 7489
306785051: 7151 42901
307125301: 7 41 53 61 331
308148751: 29 3011 3529
308538661: 17 73 248621
309419623: 5563 55621
309918029: 5419 57191
310087489: 5569 55681
310392883: 2719 114157
310855091: 2939 105769
311213701: 8821 35281
311264911: 23 2531 5347
311967433: 3533 88301
312223213: 6679 46747
313338061: 12517 25033
313802443: 3079 101917
315993601: 7 7 11 41 79 181
318986557: 4817 66221
319227481: 131 1171 2081
319971421: 7 7 11 41 14479
323698327: 857 377711
324496549: 13 37 157 4297
326405713: 6829 47797
326503217: 113 433 6673
326695141: 12781 25561
327074671: 7 11 41 313 331
328704601: 101 3254501
330115589: 12113 27253
331868197: 9109 36433
332162521: 11161 29761
333226999: 7 7 313 21727
334291981: 6911 48371
335794601: 5701 58901
336100213: 15877 21169
337686721: 71 211 22541
337739293: 37 9128089
338070053: 3539 95527
338201401: 5101 66301
338757929: 17 317 62861
339033221: 10631 31891
340001303: 12893 26371
340687645: 5 101 157 4297
341493271: 7 439 111127
341548471: 11 31049861
344141981: 4373 78697
344662319: 12377 27847
345388829: 4799 71971
345674071: 13147 26293
345753097: 2239 154423
346080391: 16111 21481
346617505: 5 13 17 73 4297
348829633: 8353 41761
349217461: 2593 134677
350652077: 2999 116923
352394953: 10181 34613
354127291: 7 31 41 53 751
356259973: 17 4297 4877
357740731: 3457 103483
363371161: 6961 52201
363762577: 37 73 134677
364282381: 331 463 2377
365709049: 17 73 157 1877
366194863: 5413 67651
366487201: 13537 27073
366946837: 73 101 157 317
368482771: 31 331 35911
370573517: 3083 120199
370882483: 1523 243521
372383857: 9649 38593
372603001: 211 1765891
372671041: 3361 110881
372810719: 7883 47293
373082473: 2017 184969
373299841: 8641 43201
376686337: 3329 113153
376957153: 13729 27457
379067939: 11923 31793
379195741: 397 955153
379363267: 9739 38953
379846063: 137 613 4523
380388961: 71 911 5881
382652509: 211 277 6547
386232541: 61 751 8431
386240041: 11 3061 11471
388102103: 839 462577
390609941: 11411 34231
391930003: 13999 27997
393256961: 15361 25601
394440301: 7507 52543
395102789: 569 694381
395136505: 5 37 1289 1657
396080551: 907 436693
398948761: 19441 20521
400374253: 14149 28297
400557109: 2803 142903
402863221: 10729 37549
403533361: 7 11 53 61 1621
404414737: 223 277 6547
405728209: 10513 38593
406303561: 5591 72671
406457563: 8597 47279
409105711: 7 61 313 3061
410465273: 5849 70177
411424267: 4093 100519
411840833: 11717 35149
413712127: 367 1127281
415444051: 11 31 53 127 181
416953153: 9521 43793
417027451: 10211 40841
417193873: 317 1021 1289
418607581: 7 41 173 8431
419415121: 7741 54181
421458391: 4591 91801
421791761: 5441 77521
423195323: 5939 71257
423666181: 31 1621 8431
427266865: 5 17 101 157 317
428315639: 3779 113341
429827089: 4933 87133
432525607: 10399 41593
434177551: 181 571 4201
434345761: 1567 277183
434377081: 17 157 162749
434541817: 6949 62533
434644033: 12037 36109
438247427: 17093 25639
439714133: 12107 36319
449487821: 137 1531 2143
451698589: 8677 52057
453509287: 7 11 53 111127
454691453: 2687 169219
458049241: 13 17 101 20521
458869951: 10711 42841
459387451: 151 751 4051
460629451: 919 501229
461322181: 3631 127051
461498047: 7537 61231
462640151: 4391 105361
463761409: 1753 264553
464580301: 17 317 86209
464912839: 8803 52813
465335459: 8807 52837
468500033: 12497 37489
468582985: 5 13 17 37 73 157
468669811: 31 41 491 751
468950021: 12503 37507
469328203: 15319 30637
470063791: 15331 30661
470066671: 31 61 331 751
470752133: 12527 37579
471441001: 41 61 251 751
471697799: 8867 53197
473617513: 9733 48661
474970501: 12583 37747
476397601: 151 751 4201
477676751: 5381 88771
477873761: 5153 92737
478470931: 971 492761
481593997: 10973 43889
481637381: 12671 38011
483175351: 29 379 43961
484481089: 6637 72997
484618681: 29 29 211 2731
487890703: 15619 31237
487920187: 21061 23167
488412433: 4177 116929
488640577: 18049 27073
490632661: 6679 73459
490803461: 12791 38371
491267573: 20897 23509
491323951: 41 61 151 1301
491463649: 271 277 6547
494365663: 11 757 59369
497184385: 5 73 317 4297
497187271: 7 7 61 181 919
497270503: 9181 54163
500561839: 43 53 239 919
504902737: 17 101 157 1873
506173111: 191 1483 1787
506455093: 73 109 63649
510209561: 6521 78241
511806001: 7 31 53 44501
514759393: 14071 36583
515676251: 13751 37501
515767351: 11 281 166861
516775361: 9281 55681
517060111: 29 191 277 337
517555711: 3691 140221
518548801: 7591 68311
518810491: 4027 128833
520405039: 7 7 11 53 18217
520978291: 9733 53527
522048419: 4091 127609
522655801: 7621 68581
526256963: 19867 26489
527972527: 9013 58579
528043753: 16249 32497
530334853: 73 157 46273
530714887: 11519 46073
532758241: 97 673 8161
532833967: 19 271 103483
534293761: 8737 61153
534880429: 3119 171491
538590277: 17 73 101 4297
538618741: 5743 93787
539537941: 13411 40231
539746111: 4391 122921
540621181: 8221 65761
544679941: 13 2381 17597
544927651: 22807 23893
549172961: 2969 184969
549724033: 13537 40609
550311523: 439 1253557
550980971: 6389 86239
551672221: 229 571 4219
552317431: 5011 110221
554408011: 19 29179369
558987997: 7477 74761
560931701: 11 31 41 53 757
561637861: 3319 169219
562634741: 101 317 17573
563771137: 59 9555443
564770081: 13721 41161
565753151: 19421 29131
569123911: 41 53 181 1447
569332177: 239 1429 1667
569784403: 16879 33757
571594771: 11 31 53 31627
576802183: 21143 27281
577254679: 6007 96097
578185301: 13883 41647
579038491: 31 331 56431
580378871: 15551 37321
580686881: 13913 41737
581147701: 5531 105071
582353041: 4561 127681
582617521: 433 1345537
584610049: 2113 276673
585261637: 19753 29629
587159497: 10837 54181
590039911: 4591 128521
592306993: 853 694381
599135767: 12239 48953
600507277: 12253 49009
605472103: 11731 51613
606580063: 19471 31153
606829369: 14479 41911
611155903: 277 337 6547
611467901: 11 31 1793161
611888311: 10099 60589
612816751: 251 751 3251
615416341: 14323 42967
616238407: 20269 30403
617513185: 5 17 157 46273
617645531: 21523 28697
620169113: 3299 187987
620348177: 14071 44087
620671609: 5437 114157
621377089: 10177 61057
621900553: 6917 89909
622519129: 3529 176401
624134953: 13 4297 11173
625536071: 10211 61261
626057041: 53 127 281 331
628280173: 5227 120199
628665073: 277 967 2347
630888481: 17761 35521
631410679: 19 3457 9613
632377769: 3499 180731
635165701: 14551 43651
636194329: 23 211 337 389
637786561: 5953 107137
639564521: 29 29 71 10711
640177777: 15121 42337
640222921: 13 73 157 4297
640483591: 11 31 41 61 751
647638463: 9293 69691
647679397: 5839 110923
652969351: 271 811 2971
654288031: 67 163 181 331
655185019: 16189 40471
658781483: 8719 75557
659406541: 19891 33151
660046549: 15733 41953
660237299: 4283 154153
661246049: 359 1841911
665498107: 12899 51593
665743429: 13 73 317 2213
666350497: 73 9128089
666434791: 11 163 491 757
670688077: 11821 56737
671793541: 3167 212123
672184549: 15877 42337
675994873: 43 15720811
676273027: 13003 52009
676801951: 7 31 751 4153
677334683: 12269 55207
679975003: 18439 36877
680064001: 9857 68993
680860351: 18451 36901
682528687: 13063 52249
683801347: 3559 192133
683830393: 3697 184969
684634133: 15107 45319
687323701: 277 379 6547
688636831: 12041 57191
688796209: 157 1021 4297
689537441: 15161 45481
689714173: 15121 45613
692484311: 6203 111637
692798191: 71 911 10711
696042901: 281 971 2551
696321949: 17791 39139
696831121: 7 41 53 61 751
697423429: 7963 87583
698239765: 5 37 101 37369
698777017: 6679 104623
698992417: 17 101 157 2593
700322923: 1327 527749
700683751: 751 933001
700706371: 43 127 128311
711304903: 18859 37717
711752251: 7 41 683 3631
717421531: 5711 125621
717547039: 11 587 111127
717653333: 15467 46399
717831211: 23203 30937
719818321: 10141 70981
720440033: 15497 46489
723748591: 61 181 65551
725343751: 11 41 151 10651
726243031: 10009 72559
728105869: 17 37 73 101 157
731030257: 3863 189239
733019431: 3037 241363
734001181: 12343 59467
734515237: 157 937 4993
736559479: 5323 138373
736668013: 10259 71807
737157581: 21031 35051
740051281: 3229 229189
741181547: 22229 33343
745465045: 5 13 17 157 4297
757158533: 15887 47659
757221977: 9173 82549
758544845: 5 17 101 149 593
758687581: 19477 38953
760605829: 4597 165457
760644077: 1229 618913
760906441: 331 751 3061
761932033: 15937 47809
762008401: 7 11 53 61 3061
763402537: 37 73 109 2593
763509001: 61 151 82891
764320285: 5 37 317 13033
765311081: 6521 117361
771635971: 17011 45361
773014451: 11 41 151 11351
774027781: 16063 48187
774413641: 3823 202567
775334057: 18229 42533
775988033: 7193 107881
776081503: 19699 39397
778907161: 7741 100621
781810517: 18757 41681
783326377: 12517 62581
785008069: 53 79 313 599
786672251: 22901 34351
787838833: 12553 62761
788940833: 16217 48649
793880371: 15061 52711
794042701: 10651 74551
796610261: 6653 119737
800026021: 31 3061 8431
802229321: 4931 162691
802490131: 1231 651901
802923277: 13 17 73 157 317
807822745: 5 17 73 101 1289
807866851: 11 31 281 8431
808914881: 16421 49261
812390221: 24179 33599
818055589: 13 17 317 11677
819373171: 1291 634681
820066933: 7 53 1427 1549
821376533: 16547 49639
822420019: 29 883 32117
824109761: 1091 755371
825053041: 6967 118423
825931331: 11131 74201
836592571: 1987 421033
837615691: 11 31 41 181 331
838008991: 3511 238681
839875583: 29 29 211 4733
841217653: 20509 41017
842824981: 9181 91801
844788757: 14533 58129
845376533: 16787 50359
847509433: 1019 831707
848855791: 7 53 181 12641
849059587: 5557 152791
851351437: 4993 170509
852299149: 13 157 409 1021
852790249: 6373 133813
856791721: 17 37 317 4297
857100421: 16903 50707
857448467: 23909 35863
858395071: 59 929 15661
858687103: 79 1327 8191
858920921: 20021 42901
866371241: 9157 94613
867152053: 2389 362977
867323521: 13171 65851
868088341: 17011 51031
869902729: 1033 842113
875827291: 4567 191773
876004361: 7841 111721
880344823: 127 757 9157
882828073: 2539 347707
884584891: 21031 42061
886571761: 241 601 6121
890391745: 5 17 157 66721
891706861: 199 397 11287
892313971: 2777 321323
893377633: 17257 51769
895510561: 11 41 43 61 757
896231953: 21169 42337
897137641: 271 1459 2269
897676501: 71 211 59921
897916207: 14983 59929
898100461: 181 1621 3061
901757341: 19801 45541
907475851: 10651 85201
911484421: 17431 52291
913983071: 71 2143 6007
915743251: 15131 60521
915934711: 31 41 53 13597
919972941: 3 389 743 1061
920834197: 15173 60689
923627233: 3169 291457
925112777: 10139 91243
925625341: 12421 74521
925665301: 11 31 61 44501
928040131: 10771 86161
930032941: 11527 80683
932148253: 21589 43177
935373151: 5407 172993
935950289: 5531 169219
938376181: 21661 43321
941056273: 157 937 6397
941620549: 149 593 10657
943999831: 27481 34351
945154879: 173 1549 3527
949001791: 31 3631 8431
949324951: 21787 43573
950185891: 271 541 6481
950327197: 11257 84421
950371003: 21799 43597
951823441: 3217 295873
953370133: 17827 53479
953455165: 5 13 317 46273
955858861: 73 157 83401
957095551: 61 1861 8431
958830853: 1499 639647
962545691: 31 31049861
970776649: 5689 170641
972471151: 22051 44101
972766147: 4027 241561
972777211: 7 53 311 8431
972946489: 13049 74561
975765787: 15619 62473
977022551: 71 13760881
977668891: 67 199 73327
979377433: 19793 49481
980880317: 8087 121291
982566001: 20521 47881
982748929: 10753 91393
983120869: 1549 634681
984324121: 11 31 61 79 599
984640651: 25621 38431
988100611: 24851 39761
988693297: 5393 183329
991358353: 37 2593 10333
994205731: 10711 92821
1000648919: 12641 79159
1004752181: 12941 77641
1007539501: 61 67 246523
1007713171: 22447 44893
1008777001: 15881 63521
1012846537: 15913 63649
1014459061: 7 11 53 331 751
1015269391: 22531 45061
1016072989: 21491 47279
1017883117: 17929 56773
1018568521: 7741 131581
1024605121: 18481 55441
1025101463: 7547 135829
1029225529: 2917 352837
1031961379: 10159 101581
1032859633: 13 17 101 46273
1034973743: 21649 47807
1035988087: 20357 50891
1039740833: 18617 55849
1044351001: 3001 348001
1047691531: 31 61 181 3061
1048366711: 7 7 31 751 919
1048478413: 12239 85667
1049137351: 59 929 19141
1049144801: 18701 56101
1050535501: 12251 85751
1050915043: 191 1787 3079
1051810549: 1087 967627
1054740191: 13259 79549
1057979399: 5939 178141
1058816533: 18787 56359
1059331897: 13 17 317 15121
1060646653: 11 53 79 23029
1063349491: 5881 180811
1066614241: 7 11 31 53 8431
1066972301: 5231 203971
1069286965: 5 157 317 4297
1069979689: 14629 73141
1072440847: 11719 91513
1072534417: 4679 229223
1073707391: 11131 96461
1078837817: 10949 98533
1089946045: 5 101 109 19801
1091476801: 37 73 101 4001
1098404941: 12527 87683
1099407457: 27073 40609
1101376711: 31 757 46933
1102320643: 7079 155717
1102645249: 3547 310867
1104214681: 4441 248641
1105613191: 1871 590921
1105664687: 211 5240117
1108501931: 12641 87691
1108706857: 16649 66593
1111494469: 5557 200017
1113770491: 29 1499 25621
1114277221: 631 1765891
1114279759: 6547 170197
1119214465: 5 17 73 317 569
1119895393: 11593 96601
1123225423: 1723 651901
1124921029: 13693 82153
1126587151: 31 4051 8971
1132794301: 27481 41221
1133192971: 17681 64091
1135755271: 7 7 79 181 1621
1138722901: 211 277 19483
1139568481: 5441 209441
1141123699: 67 397 42901
1142300503: 23899 47797
1144852337: 11279 101503
1146034261: 181 751 8431
1146420433: 3673 312121
1149709601: 5903 194767
1152146171: 11 43 53 45959
1153506733: 3347 344639
1154960731: 9811 117721
1158337993: 17 101 157 4297
1160844821: 6221 186601
1162215181: 101 761 15121
1166468239: 20411 57149
1168256953: 24169 48337
1174264813: 21673 54181
1175583241: 7 313 331 1621
1179951301: 9181 128521
1186538497: 16061 73877
1187368267: 2719 436693
1191216133: 19927 59779
1199332747: 4969 241363
1202142061: 24517 49033
1204634677: 7963 151279
1207834051: 151 751 10651
1212639017: 28433 42649
1212858979: 8707 139297
1213347691: 24631 49261
1215251533: 19 271 236017
1216506373: 10069 120817
1219383961: 61 2371 8431
1219858921: 24697 49393
1222200267: 3 47 389 22283
1227176791: 5839 210169
1229956003: 24799 49597
1231494001: 113 433 25169
1233001771: 8779 140449
1234125721: 24841 49681
1234141511: 6581 187531
1234190161: 241 601 8521
1238018797: 28729 43093
1238349661: 5189 238649
1240182913: 22273 55681
1242841693: 9103 136531
1243623727: 3527 352601
1255964557: 6217 202021
1256440147: 10453 120199
1256652013: 13399 93787
1256680027: 277 1933 2347
1256780071: 131 911 10531
1258588111: 11 41 331 8431
1261982899: 5347 236017
1262075651: 35381 35671
1268323001: 11 2591 44501
1273044301: 41 31049861
1274240101: 4999 254899
1274259673: 5869 217117
1277660929: 14593 87553
1281153319: 191 1483 4523
1283690077: 17 4297 17573
1284045977: 2039 629743
1284918053: 6899 186247
1286298133: 20707 62119
1288963117: 13 37 73 36709
1290384001: 9601 134401
1291412431: 25411 50821
1291773451: 17971 71881
1291820251: 31 41 53 127 151
1292407117: 27847 46411
1296018197: 7349 176353
1298258413: 13619 95327
1304442301: 29 29 211 7351
1304882911: 19309 67579
1305602587: 14173 92119
1305832289: 14753 88513
1307520469: 10903 119923
1307968741: 5581 234361
1308758533: 20887 62659
1309015045: 5 13 17 37 101 317
1311255661: 13687 95803
1313022881: 20921 62761
1313396221: 22921 57301
1317157217: 29633 44449
1317828601: 41 181 311 571
1321286131: 11 41 53 167 331
1326426319: 22303 59473
1328233451: 14879 89269
1330260439: 1327 1002457
1333842607: 8167 163321
1338568741: 1823 734267
1338605713: 13829 96797
1345945651: 29 29 71 22541
1345958017: 17 101 157 4993
1353440233: 16453 82261
1361978047: 53 599 42901
1363200833: 21317 63949
1363735921: 8059 169219
1366621057: 3307 413251
1366859773: 271 1459 3457
1371720013: 13999 97987
1372077751: 11 41 751 4051
1380420145: 5 13 17 73 109 157
1381243709: 15173 91033
1384291441: 13 4297 24781
1385920693: 223 1999 3109
1386250651: 31151 44501
1387709731: 13171 105361
1391397001: 421 3304981
1391427181: 2887 481963
1394632891: 26407 52813
1397678699: 15263 91573
1399200601: 2371 590131
1400645539: 349 613 6547
1403871533: 29023 48371
1404758437: 8599 163363
1405668223: 239 5881457
1406696383: 33151 42433
1407953971: 15319 91909
1414154827: 18803 75209
1414987003: 67 397 53197
1415982571: 34351 41221
1417173841: 1619 875339
1418458273: 67 757 27967
1418503517: 23893 59369
1419459121: 26641 53281
1420449661: 53 127 281 751
1422882901: 11 41 751 4201
1425881377: 26317 54181
1431357751: 3181 449971
1431637351: 7151 200201
1437866561: 21893 65677
1440231941: 21911 65731
1444441861: 21943 65827
1445043601: 19501 74101
1446298309: 11467 126127
1446601051: 7 181 373 3061
1448814061: 14387 100703
1451803363: 8629 168247
1453672481: 22013 66037
1457974421: 71 911 22541
1460592829: 4969 293941
1461354497: 12743 114679
1463178817: 17107 85531
1464568381: 27061 54121
1465217911: 27067 54133
1465378561: 3271 447991
1466943097: 6569 223313
1468246573: 157 1873 4993
1468592539: 12119 121181
1468716101: 4517 325153
1469471881: 4273 343897
1469956003: 4583 320741
1470090043: 4729 310867
1472461693: 1319 1116347
1472650999: 15667 93997
1480849831: 27211 54421
1481522641: 101 317 46273
1485114331: 29 29 1765891
1494595801: 27337 54673
1494714493: 37 73 109 5077
1497221281: 27361 54721
1497418931: 8849 169219
1498080871: 7 7 79 173 2237
1498134037: 127 757 15583
1499705065: 5 17 73 101 2393
1500759751: 12251 122501
1503341365: 5 17 1289 13721
1505010991: 11 281 331 1471
1508905369: 6067 248707
1508953447: 19423 77689
1510474841: 9161 164881
1519061263: 9187 165349
1522600681: 7 31 751 9343
1523652509: 10079 151171
1524493201: 7 11 41 643 751
1524708013: 14759 103307
1525169479: 29 29 277 6547
1528469251: 11971 127681
1528632271: 11287 135433
1531703863: 1303 1175521
1532524307: 4127 371341
1533555271: 27691 55381
1537508311: 29641 51871
1538071061: 22643 67927
1539834847: 223 2221 3109
1540208251: 27751 55501
1542629131: 3181 484951
1543009609: 9311 165719
1543776791: 191 1787 4523
1553769863: 389 3994267
1556329633: 22777 68329
1556916929: 449 3467521
1563371713: 17683 88411
1563431743: 12829 121867
1565060131: 7759 201709
1566173281: 34273 45697
1566439381: 13 17 1013 6997
1566590173: 25033 62581
1569769223: 11 43 827 4013
1572032879: 16187 97117
1572777551: 32381 48571
1572934897: 17737 88681
1579364047: 8191 192817
1583230241: 22973 68917
1588247851: 211 1831 4111
1590564601: 28201 56401
1592595703: 28219 56437
1593192677: 11491 138647
1600865761: 11 31 61 76961
1602175301: 13597 117833
1606749061: 23143 69427
1613964301: 26573 60737
1617303643: 27967 57829
1618992491: 13171 122921
1623794113: 193 1153 7297
1628740387: 613 1171 2269
1630161541: 23311 69931
1634861971: 211 271 28591
1637436457: 20233 80929
1637847553: 7789 210277
1642593805: 5 17 73 101 2621
1642736519: 16547 99277
1643251751: 31 41 43 107 281
1644637051: 10139 162209
1648633471: 19141 86131
1650490129: 18169 90841
1651200013: 15359 107507
1655014411: 53 281 111127
1656450511: 38611 42901
1656917377: 20353 81409
1657191901: 71 911 25621
1658831077: 379 4376863
1663451551: 16651 99901
1663672249: 277 967 6211
1667268541: 43 53 239 3061
1668357013: 17417 95789
1668468485: 5 17 1117 17573
1671568403: 15737 106219
1672832593: 3547 471619
1673533513: 5419 308827
1673606401: 4289 390209
1674091141: 23623 70867
1678941001: 4051 414451
1684418401: 13681 123121
1690426909: 17 73 317 4297
1690914781: 29077 58153
1693287217: 5879 288023
1698954157: 7039 241363
1701248677: 9463 179779
1703130133: 23827 71479
1705854145: 5 73 101 46273
1709765713: 15629 109397
1712893549: 7753 220933
1713349457: 4759 360023
1726007797: 20773 83089
1731931879: 34819 49741
1734813329: 1663 1043183
1735068791: 31 41 43 53 599
1737014923: 7 10993 22573
1737979669: 27793 62533
1741877539: 1427 1220657
1742382601: 8521 204481
1742416831: 19 29 991 3191
1743657931: 29527 59053
1746753601: 27361 63841
1752049531: 67 199 331 397
1754576617: 13963 125659
1757487469: 21649 81181
1770574961: 29 29 911 2311
1772998681: 241 601 12241
1773572329: 191 2053 4523
1783334719: 199 397 22573
1788501637: 13 101 317 4297
1790092009: 34687 51607
1794136627: 21179 84713
1796170351: 21191 84761
1798218661: 349 787 6547
1803278401: 31 43 61 67 331
1814245819: 23 389 202777
1815396013: 3709 489457
1815706517: 26573 68329
1821346001: 1361 1338241
1823024773: 13177 138349
1827260641: 12889 141769
1827702101: 24683 74047
1828036729: 2647 690607
1828182427: 21379 85513
1828955351: 13999 130649
1833328621: 103 3877 4591
1834383349: 4789 383041
1835112241: 157 2341 4993
1835114401: 24733 74197
1838312401: 4651 395251
1838745541: 22921 80221
1839521971: 7 199 313 4219
1839895201: 28081 65521
1841598271: 41 331 135701
1848005699: 463 617 6469
1851118501: 9871 187531
1856689453: 30469 60937
1859985199: 23053 80683
1861593721: 13 17 101 83401
1864009153: 30529 61057
1865296919: 28793 64783
1867906721: 24953 74857
1868574631: 7 11 31 41 61 313
1868747113: 19333 96661
1876195231: 131 547 26183
1880504033: 25037 75109
1880544907: 21683 86729
1882534921: 13721 137201
1891871605: 5 13 17 37 46273
1900677661: 29 29 211 10711
1905050161: 7 31 79 111127
1905733457: 28579 66683
1914031351: 43 127 463 757
1916523181: 16547 115823
1920178051: 11 41 1051 4051
1921271809: 7873 244033
1922029381: 13219 145399
1923448993: 15193 126601
1926523229: 1709 1127281
1927637353: 6089 316577
1934488243: 271 2143 3331
1934721811: 11 31 61 281 331
1938945289: 17977 107857
1939872989: 10789 179801
1945350259: 11027 176417
1946870641: 1171 1662571
1948291201: 13309 146389
1950575551: 36061 54091
1951469101: 31237 62473
1959969199: 9133 214603
1963181081: 18089 108529
1966878871: 661 727 4093
1968949621: 4159 473419
1969124593: 14033 140321
1970256151: 31387 62773
1978514785: 5 13 157 193877
1983371881: 4831 410551
1983900367: 3907 507781
1989459557: 15971 124567
1989665497: 14869 133813
1989900931: 9511 209221
1989947527: 14107 141061
1992162481: 73 101 157 1721
1993252169: 9743 204583
1994087761: 9521 209441
1995784961: 25793 77377
1996542997: 127 15720811
2000083537: 11953 167329
2000400949: 79 1093 23167
2000436751: 487 1531 2683
2003905201: 9769 205129
2003954851: 5351 374501
2004299641: 31657 63313
2005360351: 22391 89561
2008184641: 25873 77617
2008398271: 11 31 53 111127
2021564473: 6703 301591
2026233163: 139 2347 6211
2026493641: 35911 56431
2032461451: 39043 52057
2032528321: 7621 266701
2032681747: 59 349 98717
2034039871: 31891 63781
2034815185: 5 13 37 101 8377
2035592183: 21269 95707
2042467741: 31957 63913
2043173273: 13049 156577
2047861171: 28621 71551
2050601449: 13 4297 36709
2053875601: 7451 275651
2058879131: 211 911 10711
2059315765: 5 13 73 101 4297
2064051511: 1831 1127281
2068700041: 20341 101701
2069050699: 7039 293941
2069946181: 6211 333271
2074941877: 41203 50359
2075486827: 14407 144061
2076518281: 7933 261757
2079463049: 18617 111697
2080679261: 4517 460633
2087028067: 14447 144461
2088768533: 26387 79159
2090700001: 13 17 461 20521
2094177403: 32359 64717
2095786411: 331 751 8431
2096692033: 26437 79309
2096864017: 7333 285949
2098821571: 7 11 53 61 8431
2099422781: 29 29 211 11831
2101003969: 8233 255193
2101170097: 13 17 37 293 877
2102522657: 2609 805873
2102653471: 41 53 967627
2103632039: 28087 74897
2105502571: 29021 72551
2106975817: 191 3191 3457
2107145041: 7547 279203
2107359851: 9371 224881
2108568827: 37493 56239
2108764481: 26513 79537
2112013531: 13267 159193
2117702071: 19927 106273
2121708205: 5 17 37 157 4297
2121747811: 61 313 111127
2123792551: 32587 65173
2125774759: 11527 184417
2126184337: 8563 248299
2126839177: 15373 138349
2129568337: 13 37 73 60649
2137158889: 101 157 134777
2137495361: 26693 80077
2140439083: 5717 374399
2141499061: 13 17 37 101 2593
2142302741: 26723 80167
2143585621: 26731 80191
2144961253: 32749 65497
2151933701: 26783 80347
2165052529: 11633 186113
2165494501: 16453 131617
2167950001: 7 31 53 251 751
2173540951: 23311 93241
2177645557: 23333 93329
2187544531: 29581 73951
2189515541: 21661 101081
2189664631: 7 11 53 331 1621
2189700833: 27017 81049
2193867289: 17 157 317 2593
2198142871: 28711 76561
2199558083: 22109 99487
2199931651: 379 631 9199
2203856497: 23473 93889
2213057893: 29753 74381
2213839753: 27967 79159
2216344861: 33811 65551
2217879901: 33301 66601
2224278253: 33349 66697
2226364141: 36709 60649
2231198401: 15193 146857
2237808331: 11 41 1621 3061
2238449851: 11 491 414451
2239520401: 6761 331241
2247857071: 13687 164233
2253804853: 7753 290701
2260494553: 59 38313467
2260550797: 23773 95089
2264745313: 21283 106411
2268809017: 13597 166861
2270398681: 2377 955153
2276920241: 4019 566539
2285243173: 17 37 73 157 317
2286714781: 13 2381 73877
2290316377: 23929 95713
2295209281: 313 1093 6709
2295556033: 42571 53923
2297149453: 30313 75781
2300319061: 27691 83071
2303343733: 907 2539519
2309405617: 223 3109 3331
2311710253: 37243 62071
2312991601: 6871 336631
2314817191: 45361 51031
2320500379: 7103 326693
2322835789: 11467 202567
2325965713: 18229 127597
2327034583: 1931 1205093
2331181621: 34141 68281
2333641633: 673 3467521
2336667071: 41863 55817
2348084887: 36343 64609
2351602801: 73 1657 19441
2355105601: 7873 299137
2365917209: 24767 95527
2366141093: 4649 508957
2367009767: 8669 273043
2369012651: 14051 168601
2374299841: 5437 436693
2378976373: 2593 917461
2379610351: 24391 97561
2385059041: 21841 109201
2387675861: 19949 119689
2391028399: 19963 119773
2398148551: 43801 54751
2399127433: 9257 259169
2405460877: 3821 629537
2414422849: 10723 225163
2417408533: 28387 85159
2417827789: 13 37 101 157 317
2419702583: 23189 104347
2421480601: 6301 384301
2421633761: 10739 225499
2421822301: 37201 65101
2423027953: 19 2143 59509
2428387327: 36877 65851
2428701091: 27337 88843
2435512421: 6911 352411
2437634431: 19 271 473419
2442042109: 13 457 411049
2444736533: 28547 85639
2444950561: 349 929 7541
2449191841: 28573 85717
2452627945: 5 101 1873 2593
2454545059: 25943 94613
2459390149: 7993 307693
2462440753: 35089 70177
2467464091: 41 61 281 3511
2470214251: 24851 99401
2470818541: 3271 755371
2470869253: 35149 70297
2472431959: 11119 222361
2476250053: 16231 152563
2476308241: 11 31 53 181 757
2478062161: 37 73 917461
2483253781: 28771 86311
2484392023: 883 2813581
2487417221: 10111 246011
2493261233: 12893 193381
2494128451: 24971 99881
2501960501: 40841 61261
2514936079: 15859 158581
2516439745: 5 37 101 134677
2518175089: 19 271 489061
2518941157: 17971 140167
2519271847: 29 29 211 14197
2528291341: 27541 91801
2528833711: 31 41 331 6011
2531371393: 5347 473419
2536737361: 19037 133253
2538947809: 15193 167113
2539269601: 11 239 919 1051
2541417341: 13721 185221
2544967621: 7 41 53 167311
2550584671: 15971 159701
2551142539: 11 2087 111127
2553133441: 29173 87517
2554383601: 7 11 31 53 61 331
2564159821: 73 101 457 761
2566804501: 29251 87751
2569191961: 7 7 61 167 5147
2569755901: 151 4051 4201
2582651305: 5 13 17 73 101 317
2583322381: 19211 134471
2584856053: 13 4297 46273
2587770907: 16087 160861
2593416341: 6269 413689
2596248013: 19259 134807
2598539509: 17659 147151
2600611861: 29443 88327
2600705017: 22807 114031
2602378721: 149 593 29453
2603055799: 7523 346013
2604677347: 48661 53527
2605557781: 31 43 127 15391
2610546301: 11 31 41 61 3061
2619932041: 26731 98011
2626287617: 14593 179969
2631483049: 13 73 2772901
2636245861: 73 317 113921
2636360191: 36307 72613
2649593701: 17 101 157 9829
2656072709: 167 499 31873
2657666311: 9743 272777
2659926547: 191 3079 4523
2668388185: 5 101 5283937
2673898151: 42221 63331
2689519141: 19 1459 97021
2694802051: 10709 251639
2695401143: 29 211 440497
2702011447: 20389 132523
2704546027: 26003 104009
2705647141: 36781 73561
2714404351: 19141 141811
2715365971: 36847 73693
2716344661: 30091 90271
2721637169: 5441 500209
2724595903: 33013 82531
2728558867: 33037 82591
2731355839: 1693 1613323
2732693371: 15091 181081
2743342039: 27997 97987
2743738003: 37039 74077
2746982801: 17471 157231
2747760151: 1451 1893701
2749504577: 20411 134707
2754072001: 1451 1898051
2754823681: 43 757 84631
2761347359: 2399 1151041
2761545403: 37159 74317
2767296511: 7 7 67 181 4657
2771719651: 281 701 14071
2772949789: 2917 950617
2775980593: 23563 117811
2777359177: 47137 58921
2784469609: 23599 117991
2785594705: 5 317 409 4297
2788013321: 28921 96401
2791053541: 37357 74713
2807249551: 43261 64891
2808543151: 43 61 127 8431
2809670221: 37 317 421 569
2815816033: 30637 91909
2821894321: 1471 1918351
2822521411: 37567 75133
2824713481: 6221 454061
2833990849: 45697 62017
2838534337: 23827 119131
2838633137: 13757 206341
2852595517: 43609 65413
2854922113: 953 1009 2969
2855046421: 16111 177211
2855290901: 30851 92551
2855588131: 11 41 751 8431
2855661121: 30853 92557
2860846721: 30881 92641
2870866441: 131 2081 10531
2874680293: 13267 216679
2878823963: 12647 227629
2879813203: 4243 678721
2888216101: 67 5113 8431
2888672221: 28729 100549
2889927041: 41641 69401
2895004927: 26903 107609
2897251729: 13457 215297
2903126857: 15889 182713
2903545891: 211 13760881
2906467801: 17971 161731
2913401611: 38167 76333
2920030301: 59 349 141811
2929892041: 15013 195157
2939677417: 17 37 101 46273
2947441921: 7321 402601
2948772361: 10861 271501
2950447501: 29 29 911 3851
2954462509: 17189 171881
2954487551: 44381 66571
2955922219: 10663 277213
2958105673: 613 4825621
2958586781: 12821 230761
2958757441: 4261 694381
2964513721: 13 73 101 157 197
2964816109: 13613 217793
2965268653: 40867 72559
2968933001: 35671 83231
2982072601: 157 1873 10141
2982714211: 1823 1636157
2984440961: 31541 94621
2988286651: 7 53 181 44501
2989984141: 28051 106591
2991043441: 19 23 29 236017
2993594353: 14369 208337
2994934053: 3 191 1277 4093
2995091689: 2389 1253701
2999583871: 47431 63241
3012404851: 151 331 60271
3025152913: 20789 145517
3030562601: 11 41 151 44501
3033737857: 193 1153 13633
3041084707: 25171 120817
3048698683: 26029 117127
3056440285: 5 17 73 101 4877
3057129109: 22573 135433
3072497671: 29629 103699
3077771497: 18493 166429
3082068013: 43003 71671
3086381341: 503 6135947
3092090149: 3109 994561
3095994541: 21031 147211
3102234751: 7 11 151 251 1063
3102259031: 22739 136429
3120056497: 14929 208993
3128899393: 19777 158209
3135040133: 32327 96979
3139608361: 15541 202021
3146902111: 39667 79333
3150972917: 45833 68749
3152711161: 25111 125551
3163404133: 37 101 197 4297
3174565009: 7 7 11 53 111127
3175526971: 39847 79693
3181824857: 18803 169219
3191296499: 23063 138373
3192209569: 97 32909377
3195509941: 13 17 317 45613
3210672667: 35837 89591
3211699831: 3181 1009651
3214785817: 25357 126781
3215031751: 151 751 28351
3215561251: 7 7 53 251 4933
3217744531: 40111 80221
3217915759: 17939 179381
3224493631: 12107 266333
3228492961: 25411 127051
3232912621: 21491 150431
3234415313: 44053 73421
3239174233: 25453 127261
3241593109: 17167 188827
3241747561: 13 17 317 46273
3252199897: 7129 456193
3253432759: 1307 2489237
3260299771: 23311 139861
3261747799: 59 929 59509
3263360563: 10099 323137
3265122451: 28571 114281
3268841941: 17239 189619
3275671969: 17257 189817
3277104991: 23371 140221
3277452881: 1223 2679847
3281913691: 7 4219 111127
3286184287: 28663 114649
3292900183: 36293 90731
3293992381: 24473 134597
3295039457: 37579 87683
3295217971: 40591 81181
3295296551: 701 4700851
3298453619: 23447 140677
3302851861: 157 3301 6373
3307433263: 36373 90931
3310898779: 30757 107647
3313438801: 21757 152293
3315207197: 14867 222991
3321638893: 599 677 8191
3324006533: 33287 99859
3332303099: 23567 141397
3334593701: 2741 1216561
3334849607: 349 9555443
3338475421: 8761 381061
3353242819: 15859 211441
3357851041: 6361 527881
3362531537: 44917 74861
3362615407: 12967 259321
3363763231: 41011 82021
3364070533: 33487 100459
3364890649: 101 317 105097
3368823121: 13681 246241
3374598781: 41077 82153
3379891321: 2341 1443781
3382698589: 35753 94613
3383270749: 27809 121661
3387913789: 13 4297 60649
3388511149: 349 1483 6547
3393083731: 46051 73681
3399415867: 15583 218149
3404058451: 751 1291 3511
3404168197: 29173 116689
3407015617: 6977 488321
3407609221: 33703 101107
3408200641: 41281 82561
3409946821: 9871 345451
3411205561: 211 631 25621
3414638681: 30517 111893
3418238203: 17791 192133
3422143351: 11 31 41 151 1621
3433987873: 46747 73459
3438861301: 47881 71821
3439497601: 10891 315811
3443102971: 7 11 53 61 13831
3448739269: 17707 194767
3455132941: 13 317 838421
3455258263: 46471 74353
3459730201: 37201 93001
3464369581: 22247 155723
3475410961: 11 31 41 331 751
3480174001: 227 2713 5651
3482161261: 18661 186601
3483834481: 6121 569161
3486805141: 11971 291271
3491763493: 347 2423 4153
3493443361: 54721 63841
3494398141: 13 37 157 46273
3502970551: 41851 83701
3512907133: 3469 1012657
3513489607: 53017 66271
3514590239: 24203 145213
3528544751: 24251 145501
3528740113: 5413 651901
3529344607: 18787 187861
3531859451: 21701 162751
3532758373: 7549 467977
3537280361: 24281 145681
3539596861: 27541 128521
3540876031: 7 11 83 181 3061
3543995071: 127 463 60271
3545311183: 28069 126307
3547199573: 8597 412609
3550378129: 13003 273043
3563420719: 9439 377521
3564209113: 25457 140009
3567852553: 16567 215359
3574087859: 24407 146437
3575334877: 26339 135743
3578647087: 20287 176401
3587236981: 11527 311203
3594110081: 34613 103837
3594968821: 42397 84793
3602997841: 13099 275059
3605024201: 8951 402751
3606377149: 24517 147097
3607504351: 11 41 751 10651
3608005573: 29137 123829
3610247851: 7 61 199 42487
3623793713: 137 2143 12343
3625224481: 277 1999 6547
3632549761: 55441 65521
3632578231: 3391 1071241
3633964027: 53 617 111127
3635575681: 17 157 317 4297
3635619733: 19 3457 55351
3639723979: 15083 241313
3641871481: 79 599 76961
3651150331: 42727 85453
3653266681: 27031 135151
3653313793: 7937 460289
3665407517: 49433 74149
3668754805: 5 101 157 46273
3674305801: 151 751 32401
3684201751: 9151 402601
3691315951: 43 151 751 757
3704116219: 24847 149077
3720392833: 5953 624961
3725016749: 24917 149497
3726326963: 907 1511 2719
3731694331: 53 281 331 757
3732611545: 5 13 17 73 46273
3734035621: 29 71 277 6547
3734239217: 1109 3367213
3734553439: 37423 99793
3735788489: 24953 149713
3739597741: 11 41 61 181 751
3744647719: 16759 223441
3748111489: 73 2593 19801
3758960141: 47491 79151
3760896133: 35407 106219
3771615893: 11213 336361
3781165591: 7 41 53 331 751
3791825423: 11243 337261
3795206827: 30803 123209
3800563921: 7 7 11 41 229 751
3802258571: 55661 68311
3802999861: 149 1289 19801
3803627521: 53 127 281 2011
3821259331: 43711 87421
3821449627: 12619 302833
3832807681: 43777 87553
3837213209: 1511 2539519
3838974301: 19 211 277 3457
3856934245: 5 17 317 143141
3857419681: 10211 377771
3877208413: 13 1129 264169
3883439647: 31159 124633
3889818451: 22051 176401
3890921317: 31189 124753
3891892421: 25469 152809
3892928203: 44119 88237
3895046191: 44131 88261
3900396961: 3217 1212433
3906480961: 33409 116929
3907116571: 13327 293173
3914803621: 3511 1115011
3917814697: 16729 234193
3921405385: 5 17 997 46273
3923437501: 16741 234361
3925728091: 56041 70051
3930449713: 23227 169219
3933756389: 8783 447883
3943304191: 31 41 61 181 281
3944216251: 19 131 547 2897
3952009501: 11 53 61 111127
3955285349: 8807 449107
3962786213: 54517 72689
3963197921: 36097 109793
3963748321: 13 37 2381 3461
3970582153: 17477 227189
3970673947: 19927 199261
3975562171: 7 31 41 53 8431
3978671093: 6733 590921
3981049801: 701 5679101
3983640391: 18503 215297
3984235561: 19961 199601
3987063361: 22051 180811
3999922991: 29 29 211 22541
4001201179: 24499 163321
4002124013: 49003 81671
4002592133: 36527 109579
4005660961: 36541 109621
4009843051: 6151 651901
4027825699: 277 2221 6547
4028908811: 29383 137117
4034115037: 379 3079 3457
4039033153: 17627 229139
4045393441: 389 3191 3259
4047464957: 16427 246391
4048971301: 26731 151471
4059776533: 36787 110359
4072544911: 19 271 337 2347
4072974985: 5 37 101 217981
4075241633: 36857 110569
4075660751: 22541 180811
4076086961: 1721 2368441
4077207553: 12289 331777
4078414661: 15053 270937
4091041501: 31981 127921
4093481081: 30161 135721
4094303467: 19471 210277
4094327131: 6451 634681
4098032849: 32117 127597
4105691393: 49633 82721
4106680447: 13267 309541
4108457341: 937 1873 2341
4109400127: 7 8191 71671
4110147649: 5953 690433
4127050621: 293 877 16061
4128379201: 14741 280061
4131066403: 10163 406481
4134189937: 21433 192889
4134832471: 7 11 53 331 3061
4150098473: 60737 68329
4153003123: 7703 539141
4155649513: 8539 486667
4160203213: 24379 170647
4186072945: 5 17 73 157 4297
4187906581: 37363 112087
4188718171: 11 31 61 79 2549
4193656651: 48953 85667
4214133571: 10993 383347
4217502449: 26513 159073
4219589011: 11 43 53 281 599
4234224601: 29101 145501
4239174661: 37591 112771
4250892751: 7 41 79 313 599
4251365101: 23053 184417
4251659221: 58321 72901
4255766969: 26633 159793
4258081801: 17137 248473
4261352869: 55171 77239
4263014701: 11 491 751 1051
4279056061: 7 41 751 19853
4280592605: 5 17 101 498613
4289204341: 55351 77491
4289470021: 163 2377 11071
4291170643: 389 3191 3457
