57: 3 19
85: 5 17
133: 7 19
403: 13 31
481: 13 37
565: 5 113
865: 5 173
1147: 31 37
1387: 19 73
1541: 23 67
1921: 17 113
1939: 7 277
2059: 29 71
2899: 13 223
2941: 17 173
3097: 19 163
3997: 7 571
5263: 19 277
6913: 31 223
8119: 23 353
8251: 37 223
9605: 5 17 113
10849: 19 571
11899: 73 163
14705: 5 17 173
14911: 13 31 37
15863: 29 547
18019: 37 487
18721: 97 193
19549: 113 173
21667: 47 461
23521: 43 547
23651: 67 353
26419: 29 911
29891: 71 421
31651: 31 1021
32477: 47 691
36841: 7 19 277
38837: 71 547
38963: 47 829
44023: 7 19 331
46069: 23 2003
57205: 5 17 673
58969: 109 541
64681: 71 911
75943: 7 19 571
88537: 29 43 71
89869: 13 31 223
94285: 5 109 173
96049: 139 691
97745: 5 113 173
107263: 13 37 223
115231: 139 829
117181: 17 61 113
124657: 13 43 223
130759: 229 571
134201: 67 2003
145921: 337 433
147109: 157 937
154481: 241 641
157693: 103 1531
158167: 277 571
164305: 5 17 1933
167737: 59 2843
176149: 19 73 127
179401: 17 61 173
188191: 307 613
191741: 11 17431
192865: 5 17 2269
219781: 271 811
226081: 19 73 163
255781: 31 37 223
261289: 7 163 229
286903: 379 757
291781: 7 73 571
318551: 461 691
325837: 163 1999
332333: 17 113 173
382169: 461 829
383531: 421 911
385003: 439 877
402961: 13 139 223
432821: 269 1609
444031: 7 229 277
455533: 13 67 523
467965: 5 173 541
491101: 13 37 1021
496921: 83 5987
498317: 547 911
514447: 359 1433
543973: 23 67 353
552817: 37 67 223
561601: 433 1297
572839: 691 829
579377: 17 173 197
580831: 191 3041
595273: 7 277 307
607609: 349 1741
638941: 31 20611
641173: 13 31 37 43
651511: 7 163 571
707059: 353 2003
709171: 211 3361
712801: 89 8009
749785: 5 17 8821
769567: 439 1753
826421: 17 173 281
836221: 43 19447
873181: 661 1321
878219: 383 2293
912001: 701 1301
930131: 911 1021
943669: 397 2377
972931: 421 2311
972953: 457 2129
1004251: 251 4001
1006127: 59 17053
1040299: 13 43 1861
1056331: 727 1453
1092547: 523 2089
1107169: 7 277 571
1126273: 29 71 547
1136017: 29 43 911
1197761: 191 6271
1245901: 37 151 223
1274551: 523 2437
1287091: 13 181 547
1300909: 673 1933
1388851: 101 13751
1411813: 13 223 487
1463443: 383 3821
1527037: 673 2269
1530787: 619 2473
1537381: 877 1753
1551941: 509 3049
1563151: 1021 1531
1566007: 307 5101
1585753: 13 223 547
1615681: 23 199 353
1661665: 5 17 113 173
1730593: 109 15877
1818097: 29 71 883
1875749: 29 71 911
1892185: 5 17 113 197
1963501: 701 2801
1964621: 211 9311
1979293: 17 173 673
1983901: 601 3301
2003209: 13 223 691
2006161: 337 5953
2064479: 587 3517
2122627: 13 67 2437
2130841: 109 113 173
2139523: 463 4621
2158003: 31 67 1039
2162941: 11 19 79 131
2236789: 109 20521
2337301: 883 2647
2403271: 13 223 829
2487941: 911 2731
2508419: 647 3877
2577649: 433 5953
2627549: 419 6271
2639737: 727 3631
2741311: 1171 2341
2780863: 293 9491
2781283: 43 71 911
2786057: 1093 2549
2863271: 461 6211
2948947: 859 3433
3005173: 19 277 571
3011713: 47 139 461
3046411: 181 16831
3084373: 109 28297
3086623: 23 67 2003
3213409: 359 8951
3301849: 397 8317
3325153: 13 31 37 223
3366631: 31 223 487
3373933: 1423 2371
3375487: 919 3673
3422959: 463 7393
3449251: 13 37 71 101
3451501: 251 13751
3488717: 1447 2411
3490741: 661 5281
3539101: 941 3761
3582619: 599 5981
3585781: 37 199 487
3677941: 211 17431
3730591: 181 20611
3828001: 101 151 251
3863653: 79 48907
3891961: 1801 2161
3957731: 1723 2297
4024297: 373 10789
4077151: 13 31 67 151
4151869: 1289 3221
4291801: 691 6211
4335241: 53 157 521
4384693: 1873 2341
4385977: 1933 2269
4411681: 1213 3637
4543621: 1231 3691
4567837: 1069 4273
4585807: 857 5351
4686391: 1531 3061
4779301: 31 151 1021
4908157: 229 21433
4923997: 13 29 37 353
5016191: 647 7753
5102551: 139 36709
5275843: 1453 3631
5305021: 421 12601
5450173: 29 71 2647
5481451: 31 151 1171
5543839: 7 19 73 571
5684953: 17 173 1933
5745661: 431 13331
5810293: 317 18329
5936533: 673 8821
5960677: 977 6101
5969041: 13 29 71 223
5979247: 1223 4889
6027193: 1553 3881
6255341: 113 197 281
6277531: 13 31 37 421
6314141: 29 239 911
6469789: 1609 4021
6539527: 1279 5113
6605539: 643 10273
6673129: 17 173 2269
6774499: 1063 6373
6976201: 1321 5281
7162429: 1093 6553
7260331: 13 547 1021
7396057: 389 19013
7455559: 67 223 499
7561159: 1123 6733
7689683: 1013 7591
7725901: 1051 7351
7742857: 557 13901
7824337: 53 147629
7879681: 1621 4861
7927651: 151 52501
7951231: 631 12601
7990003: 7 571 1999
8042557: 293 27449
8156317: 13 31 37 547
8222551: 421 19531
8223619: 229 35911
8394031: 1549 5419
8424271: 37 223 1021
8589457: 541 15877
8761553: 2293 3821
8805007: 1877 4691
8864017: 1489 5953
8917969: 1889 4721
8918719: 523 17053
8927101: 31 37 43 181
9046297: 13 43 16183
9080191: 2131 4261
9184183: 1429 6427
9200501: 751 12251
9493903: 2179 4357
9526861: 163 211 277
9728863: 1973 4931
9890839: 7 277 5101
9902341: 43 421 547
9913891: 13 37 20611
9953101: 571 17431
10303151: 2621 3931
10576009: 113 173 541
10635841: 577 18433
10637509: 547 19447
10791883: 1549 6967
10802017: 97 193 577
10990513: 1483 7411
10998583: 31 37 43 223
11101861: 541 20521
11170931: 1831 6101
11206277: 1787 6271
11247661: 1061 10601
11546191: 73 277 571
12032021: 2003 6007
12089347: 367 32941
12238243: 571 21433
12308641: 61 201781
12324061: 631 19531
12378709: 7 19 163 571
12498061: 1021 12241
12527161: 911 13751
12826783: 1433 8951
12840209: 853 15053
13012651: 2551 5101
13187665: 5 17 113 1373
13243651: 1051 12601
13733605: 5 173 15877
13773061: 2143 6427
13865965: 5 17 163129
14039771: 1021 13751
14179537: 2917 4861
14305901: 857 16693
14451193: 29 547 911
14555221: 2203 6607
14632537: 1913 7649
14671801: 79 229 811
14676481: 71 421 491
14971897: 47 461 691
14981653: 113 197 673
15224131: 13 31 37 1021
15308677: 541 28297
15539273: 29 71 7547
15576571: 2791 5581
16210801: 1801 9001
16262357: 23 353 2003
16640641: 97 171553
16679521: 991 16831
17050993: 1933 8821
17170777: 13 223 5923
17174561: 2393 7177
17613649: 17 53 113 173
17653693: 43 410551
17750665: 5 173 20521
17961943: 47 461 829
18211501: 7 11 163 1451
18225001: 487 37423
18740971: 1531 12241
18888799: 1087 17377
19070111: 3041 6271
19212821: 2531 7591
19228639: 439 43801
19385185: 5 17 228061
19769509: 2377 8317
20014849: 2269 8821
20082719: 4091 4909
20273107: 3089 6563
20505181: 571 35911
20769043: 43 547 883
20904799: 1867 11197
21036211: 7 19 277 571
21043831: 1021 20611
21190291: 23 67 13751
21335087: 283 75389
21548701: 47 458483
21578377: 3793 5689
21584305: 5 17 197 1289
22369621: 2731 8191
22397497: 67 353 947
23464033: 2797 8389
23747851: 719 33029
24242261: 2843 8527
24412337: 1447 16871
24444883: 23 29 67 547
24455053: 7 163 21433
24476905: 5 173 28297
24549383: 3433 7151
24639481: 1801 13681
24673373: 1283 19231
24869633: 257 96769
24968503: 7 79 163 277
25222261: 967 26083
25365919: 691 36709
25398073: 829 30637
25514959: 1733 14723
25751809: 433 59473
25768261: 1531 16831
25770893: 113 228061
25781221: 163 277 571
25853269: 13 37 59 911
25873381: 53 521 937
25942561: 17 173 8821
26163931: 19 79 17431
26274151: 151 191 911
26332181: 2963 8887
26923433: 47 691 829
27230701: 71 421 911
27904951: 151 181 1021
28007239: 13 223 9661
28509361: 331 86131
28772641: 1171 24571
28914817: 2689 10753
29013197: 863 33619
29076097: 4177 6961
29120911: 2311 12601
29335909: 883 33223
29564641: 2161 13681
29581501: 4441 6661
29971811: 2371 12641
30058381: 3877 7753
30431761: 829 36709
30437551: 1951 15601
30610609: 31 691 1429
30701749: 13 29 31 37 71
31294231: 1399 22369
31758371: 71 491 911
31773589: 29 547 2003
32091781: 3271 9811
32429431: 4027 8053
32732701: 17 673 2861
33109729: 193 171553
33146717: 1487 22291
33328331: 1667 19993
33567451: 31 71 101 151
33749587: 37 487 1873
33824731: 19 349 5101
34082701: 2207 15443
34163053: 4621 7393
34225661: 1511 22651
34347701: 17 1301 1553
34459321: 13 31 37 2311
34599391: 43 547 1471
34657141: 191 421 431
35166961: 241 337 433
35340769: 2659 13291
35380507: 71 547 911
35661601: 1801 19801
35673553: 1657 21529
36024913: 2269 15877
36053333: 3467 10399
36255451: 3011 12041
36578473: 1913 19121
36909569: 257 143617
36981101: 521 70981
37469701: 3061 12241
37546609: 409 91801
37740277: 2269 16633
37752751: 29 911 1429
37754173: 5419 6967
37769887: 23 239 6871
38263501: 991 38611
38326003: 859 44617
38413477: 877 43801
38654197: 3109 12433
38845297: 29 43 31151
38913601: 1201 32401
39469519: 47 829 1013
39545221: 3631 10891
40041373: 29 71 19447
40583251: 163 307 811
40629601: 2851 14251
40675981: 2411 16871
40866751: 887 46073
41558161: 2437 17053
41558587: 7 277 21433
41710411: 4567 9133
41875121: 3109 13469
42011113: 859 48907
42165271: 1531 27541
42182479: 37 487 2341
42474547: 3259 13033
42702661: 4621 9241
43036003: 4639 9277
43661257: 2203 19819
44122321: 2971 14851
44482901: 3851 11551
44816137: 349 128413
45136141: 2311 19531
45758791: 13 181 19447
46094401: 4801 9601
46296361: 31 37 181 223
46313209: 2917 15877
46672291: 4831 9661
47253781: 4861 9721
47372953: 67 353 2003
47560303: 7 73 163 571
47573611: 1471 32341
47632513: 2609 18257
48060937: 19 73 34651
48184193: 4481 10753
48429739: 29 43 71 547
48481679: 2843 17053
48612527: 5693 8539
49900033: 953 52361
50087467: 3539 14153
50341169: 2897 17377
50356741: 31 37 43 1021
51008185: 5 109 173 541
51519691: 3061 16831
52055851: 31 67 71 353
52237081: 13 37 223 487
52448371: 1811 28961
52493647: 3623 14489
52824127: 4597 11491
53655551: 5981 8971
54070285: 5 17 173 3677
54279881: 1283 42307
54357031: 43 547 2311
54771193: 2617 20929
54777721: 2137 25633
54816059: 3023 18133
55017751: 4001 13751
55178551: 1051 52501
55200283: 277 349 571
55508389: 6869 8081
56160133: 4327 12979
56219851: 1531 36721
56376853: 13 223 19447
56423659: 1861 30319
57113323: 71 883 911
57236791: 103 555697
57280081: 2861 20021
57520711: 2341 24571
58308559: 37 43 67 547
58354201: 1801 32401
58585591: 3361 17431
59410433: 257 231169
60008257: 1009 59473
60011599: 3163 18973
60229121: 4481 13441
60234409: 37 911 1787
60914257: 373 163309
60950501: 131 465271
61019251: 101 151 4001
61840651: 6421 9631
62260087: 43 547 2647
62441749: 2383 26203
62812633: 13 47 223 461
63394921: 17 61 113 541
64085141: 281 228061
64175113: 3583 17911
65054173: 2083 31231
65108641: 13 37 223 607
65516669: 4957 13217
65565457: 4049 16193
65704627: 103 637909
65942479: 1549 42571
66187423: 379 174637
66989869: 23 37 223 353
67103401: 2731 24571
68187379: 13 43 223 547
68406157: 29 71 33223
68621701: 4783 14347
68639201: 29 547 4327
68895301: 6091 11311
69631429: 7 277 35911
71345633: 4877 14629
72498253: 2693 26921
72529081: 1483 48907
73530181: 1621 45361
73725283: 2053 35911
74156251: 13 37 151 1021
75143251: 6553 11467
76588681: 13 29 223 911
76783153: 1753 43801
77136481: 1297 59473
77178097: 4861 15877
77334181: 31 37 191 353
77801221: 181 421 1021
77938039: 2053 37963
78433783: 223 547 643
78671651: 1811 43441
78980671: 7 11 73 14051
79398901: 6301 12601
79514887: 23 37 223 419
79624621: 139 691 829
80176351: 2239 35809
80207381: 5171 15511
80375707: 4483 17929
80711353: 7937 10169
81065359: 4813 16843
81451399: 5527 14737
81481951: 3541 23011
81707849: 1973 41413
81816547: 4523 18089
81980221: 71 1154651
83403041: 5273 15817
84001807: 4583 18329
84303001: 3061 27541
85207669: 5653 15073
85719871: 6547 13093
86027329: 2797 30757
86067367: 4639 18553
86438857: 4649 18593
87056941: 3527 24683
87485833: 2269 38557
87615613: 6311 13883
87726451: 59 523 2843
87941281: 2647 33223
88092901: 13 1021 6637
88099339: 2347 37537
88816663: 13 223 30637
88938781: 17 173 30241
89324243: 5351 16693
89439577: 4729 18913
91092377: 7793 11689
91116439: 3019 30181
91688059: 379 241921
91935947: 7829 11743
92131771: 3919 23509
92629951: 7351 12601
94785769: 13 1231 5923
95066959: 13 29 461 547
95095001: 3251 29251
95145751: 71 911 1471
95200561: 17 53 157 673
96894071: 4019 24109
96903187: 277 349831
97196161: 1381 70381
97219361: 5693 17077
97796953: 4423 22111
98728033: 5737 17209
99673421: 23 67 71 911
99945007: 4999 19993
102731509: 1063 96643
104112601: 31 3358471
104308111: 1549 67339
104652071: 461 227011
105056057: 8369 12553
106419391: 13 223 36709
106726537: 37 487 5923
107112331: 2207 48533
107683801: 31 37 223 421
107820001: 17 61 173 601
108377551: 37 181 16183
108422233: 2083 52051
108510361: 809 134129
109785817: 673 163129
109838431: 7411 14821
110010583: 37 67 199 223
110072131: 13 43 223 883
110577265: 5 17 673 1933
110631841: 6073 18217
110881621: 223 487 1021
110960191: 31 1787 2003
111461981: 9311 11971
112376237: 3019 37223
112402981: 3061 36721
114366313: 4783 23911
114713281: 2971 38611
115016851: 31 151 24571
115228801: 4801 24001
115943881: 911 127271
116682721: 281 617 673
117186037: 5413 21649
117447331: 2311 50821
117815527: 487 241921
117987841: 7681 15361
118277581: 4111 28771
120460033: 6337 19009
121346149: 1543 78643
122354191: 2843 43037
122839417: 4957 24781
123771511: 7867 15733
124542601: 223 547 1021
124565347: 31 37 223 487
124669609: 2437 51157
124671541: 2381 52361
125122099: 4567 27397
125307421: 2011 62311
125997121: 6481 19441
126440731: 4591 27541
126519373: 29 43 71 1429
126816083: 5309 23887
127710563: 9787 13049
129470041: 499 259459
129556043: 71 911 2003
129795751: 379 342469
129798145: 5 17 673 2269
130600597: 1429 91393
130944133: 6607 19819
131334851: 4679 28069
132200209: 757 174637
133773463: 31 37 223 523
133800661: 109 541 2269
134696801: 6701 20101
134868029: 2999 44971
134880901: 23 71 151 547
135969401: 9521 14281
137340451: 8287 16573
138336661: 8317 16633
138828821: 6803 20407
139363927: 5903 23609
139542433: 5569 25057
139792069: 1999 69931
139912207: 31 37 223 547
139952671: 131 571 1871
140051017: 8821 15877
140704741: 199 353 2003
141618181: 6871 20611
142922413: 4519 31627
143429567: 839 170953
143520833: 6917 20749
143632721: 491 292531
144498007: 8929 16183
144848089: 23 31 223 911
145410931: 8527 17053
145820503: 8539 17077
145975021: 4567 31963
146171119: 3023 48353
146256529: 7649 19121
146296261: 23 37 353 487
146806129: 5419 27091
149209957: 13 43 293 911
149477791: 71 911 2311
150255323: 3539 42457
150866423: 2243 67261
151752511: 163 277 3361
152368133: 7127 21379
152797927: 10093 15139
153170161: 3433 44617
153485053: 673 228061
153555341: 761 201781
154148777: 4139 37243
154204471: 883 174637
154780399: 163 571 1663
156864601: 691 227011
157368661: 7243 21727
157393399: 997 157867
157542533: 7247 21739
158068153: 5623 28111
158162887: 3709 42643
158397247: 11257 14071
158568521: 947 167443
159726169: 17 2917 3221
159821429: 9337 17117
159836449: 6529 24481
161216021: 7331 21991
161397811: 31 37 223 631
162243091: 9007 18013
162300041: 9311 17431
163024051: 29 43 239 547
163565377: 97 193 8737
163802209: 929 176321
164246923: 29 911 6217
164944781: 2141 77041
165171049: 907 182107
165326081: 1061 155821
165561551: 29 5709019
165634631: 29 5711539
165679291: 29 757 7547
165954361: 23 37 191 1021
167372437: 6469 25873
167460077: 12433 13469
167692141: 9157 18313
167897731: 3433 48907
168380251: 13 31 151 2767
168389521: 1489 113089
168586111: 4591 36721
169794913: 29 911 6427
170061361: 37 223 20611
170625511: 7 283 86131
170856533: 7547 22639
171210607: 71 911 2647
171356527: 3499 48973
171977779: 4789 35911
172012573: 109 541 2917
172116181: 9277 18553
172841971: 421 410551
173454877: 647 268091
176559481: 7 163 271 571
176694601: 601 294001
177439061: 7691 23071
177550591: 3847 46153
178228801: 9001 19801
180230933: 6329 28477
181039259: 2243 80713
181059937: 5653 32029
182036941: 1447 125803
183134197: 757 241921
183351691: 19 73 163 811
185274289: 8609 21521
185616901: 37 151 33223
186180853: 2003 92951
186313051: 191 487 2003
186928729: 13 31 47 71 139
187248307: 11173 16759
187510219: 13 71 223 911
187893511: 13 31 37 12601
188382487: 6863 27449
189679969: 4153 45673
190212181: 7963 23887
192241901: 11321 16981
194225851: 181 1021 1051
196075949: 5717 34297
196110181: 17 61 281 673
197624891: 6791 29101
199104533: 8147 24439
199738813: 607 329059
200382481: 13 31 487 1021
201261061: 8191 24571
202214123: 6491 31153
202565651: 11621 17431
202990261: 2693 75377
203620207: 7 19 277 5527
204207503: 4931 41413
204454531: 73 277 10111
205049461: 17 113 173 617
205885877: 29 547 12979
206028271: 12241 16831
206094701: 701 294001
206878351: 3067 67453
206894161: 5437 38053
208483777: 3313 62929
209301121: 8353 25057
209657977: 2069 101333
209716501: 101 151 13751
210851785: 5 113 157 2377
211360663: 461 458483
212366197: 197 1078001
213035761: 10321 20641
215150711: 12703 16937
215612401: 4073 52937
216180301: 601 359701
216716809: 12101 17909
217801021: 12781 17041
219377629: 19 73 277 571
220243879: 7933 27763
220499821: 4861 45361
221445197: 11527 19211
222571231: 6091 36541
223502701: 5651 39551
223567033: 1741 128413
224571397: 547 410551
224627551: 4327 51913
224915107: 1613 139439
225854623: 31 37 223 883
226366003: 10639 21277
226401463: 29 31 71 3547
226637371: 5323 42577
227864599: 6163 36973
228183253: 23 9921011
229166173: 223 607 1693
230433601: 9601 24001
230692249: 5419 42571
232338461: 4903 47387
232672133: 29 911 8807
232794253: 10789 21577
232940161: 3331 69931
233165359: 7 19 877 1999
235928071: 5431 43441
236025721: 6871 34351
236634391: 7 73 571 811
238001653: 10909 21817
240371083: 7309 32887
240602363: 2003 120121
240694513: 2833 84961
241161061: 7321 32941
242685959: 14779 16421
244785301: 311 787091
244793333: 3109 78737
245006623: 4519 54217
245487817: 43 5709019
245596177: 43 5711539
246110131: 12601 19531
247752781: 17 61 173 1381
247920661: 9091 27271
248290927: 7879 31513
248302949: 2207 112507
250216801: 9133 27397
251863921: 37 67 101599
253541701: 7 229 277 571
254923813: 2003 127271
256647913: 11941 21493
256668763: 13 29 43 71 223
256830941: 7699 33359
257970221: 4637 55633
258020473: 8389 30757
258120031: 13 1021 19447
259249033: 757 342469
260410837: 59 547 8069
260518459: 9491 27449
261152401: 31 37 223 1021
261727777: 577 453601
263040331: 43 2311 2647
263373521: 3163 83267
263505757: 14389 18313
264078779: 461 691 829
264082141: 15877 16633
266687297: 4217 63241
266755861: 8821 30241
267163201: 241 1108561
270868561: 6221 43541
271565713: 6229 43597
272905931: 1871 145861
274214557: 5237 52361
274844021: 3191 86131
275029345: 5 109 173 2917
275240461: 6271 43891
275368747: 277 571 1741
276868609: 12889 21481
277787141: 9623 28867
278446051: 13 139 223 691
278943061: 9643 28927
279514207: 7 571 69931
280229837: 12967 21611
284491351: 19 859 17431
285111667: 8443 33769
285542711: 6899 41389
286648309: 109 541 4861
289974217: 13 31 37 19447
291226741: 13 31 37 19531
291461633: 9857 29569
291641401: 9001 32401
291918079: 9133 31963
293209531: 6991 41941
294108697: 2557 115021
295768133: 47 829 7591
295977971: 1571 188401
296388121: 43 547 12601
296457191: 8117 36523
296592157: 6967 42571
296792497: 5743 51679
296979161: 11489 25849
297289441: 577 515233
297812677: 8629 34513
299960839: 739 405901
300164287: 8663 34649
304478773: 443 687311
305372383: 1303 234361
307220057: 103 443 6733
307330621: 13 31 37 20611
308568691: 6211 49681
309419623: 5563 55621
310379473: 113 173 15877
310693633: 10177 30529
311176207: 59 67 223 353
311473963: 16111 19333
311671361: 10193 30577
313192657: 8849 35393
314184487: 8863 35449
315328357: 1933 163129
316097843: 7699 41057
316175833: 277 571 1999
316811753: 691 458483
317684413: 11273 28181
318465703: 12619 25237
323901007: 8999 35993
325224901: 67 353 13751
325696681: 37 523 16831
325811917: 15877 20521
326088253: 4663 69931
326469137: 14753 22129
326695141: 12781 25561
327774721: 10453 31357
329788981: 6421 51361
329967079: 13 43 223 2647
331286041: 3881 85361
331745233: 6361 52153
333927049: 15289 21841
334054669: 13 139 223 829
334340917: 37 71 127271
334809091: 23 71 421 487
335167057: 337 994561
337129381: 12241 27541
338458807: 9199 36793
338753227: 9203 36809
340498441: 3691 92251
341564269: 11689 29221
343051117: 14347 23911
343079551: 9901 34651
344066351: 1031 333721
344255551: 4639 74209
344792053: 1069 322537
345084193: 97 193 18433
345388829: 4799 71971
346605391: 11 19 277 5987
346795639: 7603 45613
346903741: 16831 20611
348566401: 7057 49393
349321481: 4079 85639
349466339: 15887 21997
349733957: 7151 48907
349832801: 401 641 1361
350721631: 13 31 37 43 547
350765983: 5923 59221
352049041: 43 421 19447
352351693: 6637 53089
354645649: 9661 36709
355036001: 751 472751
356604421: 10903 32707
357777421: 16381 21841
358416577: 8467 42331
358987231: 4813 74587
359112857: 15473 23209
360591793: 4049 89057
361458505: 5 17 1789 2377
362276251: 15541 23311
362449777: 7411 48907
364192973: 10453 34841
364910041: 5419 67339
365220703: 23 31 223 2297
366429533: 4943 74131
366652201: 461 691 1151
367176707: 4603 79769
368113411: 43 631 13567
368476501: 11083 33247
370139701: 2269 163129
371376631: 13627 27253
371920867: 9643 38569
372808045: 5 17 1933 2269
373585057: 337 1108561
375649481: 9137 41113
376253851: 31 37 223 1471
376421543: 47 829 9661
377434081: 97 193 20161
377806687: 9719 38873
379145801: 6491 58411
379270651: 7951 47701
379363267: 9739 38953
380082407: 829 458483
380115319: 23 37 223 2003
382495301: 1301 294001
382536001: 31 71 151 1151
383425351: 9791 39161
383793541: 11311 33931
385934851: 7351 52501
387621301: 17 113 201781
387767341: 13 181 223 739
388341991: 31 911 13751
388695301: 11383 34147
390420157: 587 665111
391323431: 5711 68521
391431941: 11423 34267
392124151: 4951 79201
392198269: 8713 45013
393933709: 13 29 31 37 911
397847899: 4987 79777
398861651: 1871 213181
399138793: 2029 196717
401165029: 113 173 20521
402244501: 37 223 48751
404465651: 16421 24631
405340349: 71 5709019
405519269: 71 5711539
406005217: 2879 141023
406066151: 3359 120889
406580929: 823 494023
408775069: 59 2437 2843
409453157: 4957 82601
413806511: 6043 68477
418323001: 151 911 3041
418716481: 3121 134161
419184481: 11821 35461
419894021: 11831 35491
420028393: 31 107 139 911
421508071: 3331 126541
423448651: 14551 29101
424581697: 37 487 23563
424778797: 12853 33049
427075111: 181 1021 2311
429167351: 1571 273181
429890581: 11971 35911
430313101: 1471 292531
431489101: 1051 410551
431702209: 2269 190261
433185751: 37 223 52501
433559501: 8501 51001
435585001: 17041 25561
436159777: 8737 49921
436215739: 8527 51157
436916819: 2699 161881
438247427: 17093 25639
438515521: 337 1301233
439714133: 12107 36319
440306461: 7 307 331 619
440841913: 1933 228061
441508231: 31 691 20611
443353633: 12157 36469
449271469: 15877 28297
449501761: 12241 36721
450679791: 3 19 83 95261
451118981: 12263 36787
452040751: 101 421 10631
454784761: 3331 136531
456328991: 1613 282907
457412887: 43 547 19447
458319385: 5 109 173 4861
459248641: 12373 37117
459388651: 43 547 19531
460262461: 2281 201781
461137363: 9157 50359
462264139: 2647 174637
463542571: 16831 27541
469150813: 6967 67339
469328203: 15319 30637
469598221: 8191 57331
469610401: 13 37 71 13751
470000833: 12517 37549
470063791: 15331 30661
470113351: 491 911 1051
471745441: 167 2824823
472897591: 31 67 223 1021
473750371: 15391 30781
474468229: 8893 53353
475969231: 15427 30853
479762389: 17 173 163129
479902541: 6761 70981
480006913: 433 1108561
481734401: 17921 26881
481828177: 9817 49081
482183521: 3823 126127
482773117: 15073 32029
483484801: 241 337 5953
485197021: 37 883 14851
485325977: 797 608941
486108071: 421 1154651
486751277: 23 21163099
489228601: 17 61 673 701
489843199: 19 163 277 571
493287901: 1051 469351
494657791: 9631 51361
495404281: 7561 65521
495573121: 12853 38557
495666601: 3181 155821
497451607: 3527 141041
498708673: 977 510449
499411981: 8447 59123
500824421: 19381 25841
501087331: 439 571 1999
503123981: 1931 260551
504142381: 113 281 15877
504605305: 5 17 673 8821
505065419: 599 843181
505226767: 11239 44953
505877593: 13 353 110237
506272663: 13 223 174637
507441943: 7309 69427
507960001: 15937 31873
512636191: 47 59 223 829
513080129: 5849 87721
513327211: 1759 291829
513761329: 2459 208931
513770293: 29 911 19447
516633023: 857 602839
517432843: 307 1685449
517470409: 2269 228061
517617871: 7481 69191
518504533: 13147 39439
520399381: 13171 39511
524151253: 16189 32377
525033169: 17749 29581
525121741: 31 47 353 1021
525246809: 8369 62761
525849773: 2459 213847
526653079: 29 31 37 71 223
528375421: 7 163 571 811
531580349: 9413 56473
531681281: 13313 39937
533600033: 13337 40009
534326509: 31 37 223 2089
536426317: 7 163 229 2053
537959731: 491 547 2003
540312667: 5557 97231
541298837: 2687 201451
541591087: 6311 85817
542925817: 7 19 277 14737
543730181: 13463 40387
545355163: 461 829 1427
545859217: 4339 125803
546863171: 2879 189949
547118177: 15313 35729
548112601: 601 701 1301
548497501: 11251 48751
549162511: 7411 74101
550368197: 1289 426973
550635373: 12853 42841
551313683: 11069 49807
551878741: 3583 154027
552573793: 10513 52561
553178053: 113 173 28297
555196951: 37 43 151 2311
555321007: 11783 47129
556517611: 13 31 67 20611
557409061: 11 19 131 20359
557794177: 7873 70849
557876479: 9643 57853
558024193: 2399 232607
560298601: 2053 272917
561403921: 13 67 421 1531
561439657: 10597 52981
563188627: 6343 88789
563270401: 17 61 281 1933
563433889: 433 1301233
567815617: 10657 53281
569027299: 29 43 71 6427
569332177: 239 1429 1667
569507579: 9743 58453
569784403: 16879 33757
570423751: 19501 29251
571675087: 523 1093069
573327581: 3109 184409
573411961: 14851 38611
573584761: 10711 53551
574692161: 13841 41521
577352641: 13873 41617
579956653: 17029 34057
580682737: 20521 28297
581354881: 13921 41761
581760331: 18233 31907
582519367: 23 199 127271
583937701: 4651 125551
586677379: 1429 410551
586853023: 2423 242201
587382811: 6427 91393
587870641: 5881 99961
588019201: 7 11 19 277 1451
589812031: 223 487 5431
590688751: 11251 52501
590799763: 15373 38431
590958421: 2789 211889
591109891: 31 37 223 2311
592202701: 17 61 173 3301
593437921: 17 173 201781
593475547: 7 277 349 877
593728489: 5449 108961
593732021: 17 173 201881
595616227: 12203 48809
596995747: 7727 77261
597458413: 9239 64667
599135767: 12239 48953
599166803: 443 1352521
600893921: 14153 42457
601924951: 2531 237821
602553121: 733 822037
605221501: 12301 49201
609360211: 31 181 223 487
609361567: 12343 49369
610514497: 4177 146161
611928901: 7459 82039
612169489: 15877 38557
613045061: 3821 160441
613332721: 6007 102103
614120113: 11083 55411
614237977: 23 67 199 2003
614833031: 29 421 50359
615542299: 6203 99233
615581063: 21487 28649
615760133: 14327 42979
615905839: 6373 96643
616015469: 10133 60793
616568401: 5419 113779
617645531: 21523 28697
617836951: 103 5998417
618051151: 16831 36721
620067961: 17011 36451
620169113: 3299 187987
620169409: 193 577 5569
620928533: 14387 43159
621401299: 29 43 547 911
623338297: 31 37 223 2437
628280173: 5227 120199
628903213: 9479 66347
631881337: 12569 50273
633266051: 11 57569641
633289807: 12583 50329
633528173: 2699 234727
634743007: 277 2291491
635165701: 14551 43651
635689633: 14557 43669
635851921: 6361 99961
636910501: 1861 342241
638485381: 15101 42281
638493901: 9551 66851
639364937: 8429 75853
641318581: 16633 38557
641572201: 19801 32401
642175471: 7 19 277 17431
643552909: 10357 62137
645939577: 6793 95089
647190253: 17989 35977
649861741: 16831 38611
652358761: 31 1021 20611
653487451: 37 223 79201
654101551: 2791 234361
655018327: 1999 327673
655059961: 13681 47881
656793899: 10463 62773
657078493: 1429 459817
657739303: 13 23 1231 1787
659108539: 23 353 81181
660237299: 4283 154153
661565101: 12601 52501
664707737: 67 9921011
669312337: 463 1445599
670208533: 14947 44839
670727401: 17 173 228061
672610261: 4789 140449
673218817: 5953 113089
673778827: 12979 51913
674124199: 7 19 331 15313
674910259: 439 877 1753
675366269: 83 8136943
675841349: 10069 67121
677022251: 4751 142501
677052307: 31 37 223 2647
680860351: 18451 36901
680870191: 71 491 19531
684634133: 15107 45319
686314801: 1867 367603
688436893: 9277 74209
688689109: 307 2243287
689537341: 19 73 613 811
698081437: 1117 624961
708008461: 20611 34351
710587601: 641 1108561
710741953: 11923 59611
711414037: 1543 461059
712650881: 15413 46237
713868013: 10099 70687
715699741: 139 829 6211
717039901: 911 787091
717744341: 1571 456871
718944227: 21893 32839
720048533: 4217 170749
721566847: 6007 120121
721973183: 29 1723 14449
726711361: 61 11913301
727603777: 17659 41203
728207573: 26203 27791
728851507: 13499 53993
730425361: 2803 260587
732496001: 24481 29921
733909961: 17053 43037
734899673: 557 1319389
736668013: 10259 71807
738820351: 13591 54361
739420237: 12853 57529
740956309: 9337 79357
741181547: 22229 33343
743404663: 103 1123 6427
747083891: 11159 66949
749495119: 15443 48533
749496089: 11177 67057
749945821: 4919 152459
752514793: 5849 128657
754611259: 4729 159571
756265033: 17393 43481
757158533: 15887 47659
759431251: 22501 33751
760692661: 43 547 32341
763785751: 2851 267901
764307253: 113 173 39097
764930161: 643 1189627
764942851: 223 547 6271
768615541: 23 37 71 12721
769680463: 21433 35911
771639751: 15121 51031
773471917: 31 43 379 1531
773488801: 73 127 83431
775136251: 19687 39373
776728661: 16091 48271
781438183: 43 547 33223
787838833: 12553 62761
790422643: 26029 30367
795172181: 24421 32561
795373903: 47 461 36709
795636041: 14731 54011
797947201: 6481 123121
800055367: 14143 56569
800393381: 13337 60013
801096193: 4129 194017
801123451: 8951 89501
801211997: 10453 76649
802052857: 2179 368083
802384501: 31 101 251 1021
803619911: 1021 787091
803887531: 21433 37507
809273809: 3529 229321
810377717: 11959 67763
810382453: 353 419 5479
811478533: 16447 49339
811650463: 13 29 31 37 1877
812154421: 13 181 547 631
813138433: 1489 546097
813605917: 19231 42307
815045281: 71 911 12601
819494287: 5227 156781
821694091: 29 31 47 19447
823496801: 2801 294001
824465071: 7541 109331
825338809: 1933 426973
826945621: 16603 49807
829656829: 9109 91081
832048447: 14423 57689
833342177: 9623 86599
836402887: 1307 639941
838280633: 13649 61417
839777581: 6043 138967
844788757: 14533 58129
844835597: 1663 508019
845324509: 29 71 410551
845376533: 16787 50359
845621221: 16561 51061
847480951: 4723 179437
850772107: 1531 555697
852112081: 10321 82561
854172271: 5167 165313
856557241: 3877 220933
857629501: 7001 122501
862716053: 67 947 13597
865325677: 3967 218131
868088341: 17011 51031
868667713: 337 433 5953
869109281: 17021 51061
870987497: 3253 267749
871245587: 2111 412717
872380321: 17053 51157
873471661: 11171 78191
875690311: 27397 31963
876784949: 18133 48353
878404759: 23431 37489
886922851: 14891 59561
890687621: 17231 51691
892171663: 3299 270437
892188221: 1871 476851
896231953: 21169 42337
897756751: 21187 42373
900127561: 5101 176461
903645757: 7 19 73 163 571
904257553: 23293 38821
906687181: 197 1933 2381
906952967: 4723 192029
908243785: 5 17 673 15877
908349601: 17401 52201
912031131: 3 11 3331 8297
914913217: 2017 453601
915648427: 3907 234361
916236217: 13 31 37 43 1429
920834197: 15173 60689
922224367: 18313 50359
926802059: 27791 33349
928235197: 7867 117991
929559403: 21559 43117
931833961: 2791 333871
933673441: 5881 158761
934571041: 97 193 49921
935645827: 283 3306169
936250813: 109 541 15877
938376181: 21661 43321
939648847: 2957 317771
940923457: 20681 45497
944657443: 10867 86929
948783361: 2311 410551
950070529: 3947 240707
950804713: 17 113 173 2861
955050241: 11681 81761
955609903: 21859 43717
956967397: 8681 110237
961504589: 24019 40031
964458391: 13 31 37 71 911
965298769: 2617 368857
970497301: 3301 294001
976638679: 1531 637909
978937121: 12433 78737
980831377: 109 541 16633
987823945: 5 109 173 10477
993625777: 1607 618311
993885751: 25741 38611
998376241: 6737 148193
1003103011: 29 43 883 911
1005402133: 18307 54919
1006068593: 25463 39511
1009333459: 883 1143073
1010624689: 16993 59473
1011333061: 27541 36721
1011377293: 823 1228891
1015483501: 251 911 4441
1015946851: 37 523 52501
1017797923: 317 3210719
1019066597: 11657 87421
1024966801: 12101 84701
1026034703: 29 71 547 911
1032374939: 17599 58661
1032957253: 21101 48953
1033180237: 613 1685449
1033653601: 17 61 113 8821
1034283421: 22741 45481
1034374951: 5923 174637
1035159049: 14389 71941
1036335301: 31 2731 12241
1037565103: 29 43 71 11719
1039388807: 3877 268091
1040234231: 9311 111721
1048921147: 2549 411503
1049045185: 5 173 1212769
1050721561: 22921 45841
1051548961: 29 43 421 2003
1051887061: 911 1154651
1052487437: 26489 39733
1052795563: 19391 54293
1056055717: 19421 54377
1057762681: 3373 313597
1060508653: 13469 78737
1061812585: 5 173 541 2269
1064519011: 23071 46141
1072839941: 18911 56731
1081243213: 43 883 28477
1082755477: 16453 65809
1084521481: 2371 457411
1086330673: 5419 200467
1086797671: 15541 69931
1088063201: 4201 259001
1089092951: 13751 79201
1089577919: 23 67 353 2003
1091327579: 13487 80917
1091737417: 13217 82601
1093526353: 3769 290137
1096690141: 4831 227011
1097402413: 853 1286521
1097580997: 10477 104761
1098250921: 14821 74101
1098253351: 13 37 151 15121
1098433051: 27061 40591
1102513987: 4519 243973
1104194521: 23497 46993
1115685463: 28927 38569
1115910727: 16703 66809
1116084383: 15749 70867
1117547201: 19301 57901
1118451599: 4373 255763
1121176981: 23677 47353
1123942387: 16763 67049
1125915919: 18379 61261
1129537807: 12073 93559
1133192971: 17681 64091
1137320581: 19471 58411
1137427573: 5333 213281
1138722901: 211 277 19483
1139137057: 97 577 20353
1139434453: 23869 47737
1139466481: 5101 223381
1142799521: 10433 109537
1143367273: 17659 64747
1144624031: 9767 117193
1145558173: 2267 505319
1147018787: 27653 41479
1150646633: 2753 417961
1152784981: 109 113 173 541
1153260343: 139 691 12007
1154007109: 10243 112663
1156214687: 25163 45949
1159357301: 13901 83401
1162739761: 16381 70981
1172259917: 5483 213799
1172395153: 9497 123449
1174191481: 8009 146609
1174799011: 223 547 9631
1175151601: 13 29 43 71 1021
1176187393: 2593 453601
1178227027: 461 829 3083
1186373101: 17 113 701 881
1187373001: 3301 359701
1187713339: 25453 46663
1189778497: 3217 369841
1190187349: 13 223 410551
1191397411: 13883 85817
1196893861: 3821 313241
1198880261: 19991 59971
1199993083: 6547 183289
1200417571: 32077 37423
1202142061: 24517 49033
1205045761: 13121 91841
1205404621: 11719 102859
1207338049: 10477 115237
1210102849: 109 541 20521
1212917311: 2287 530353
1213558081: 20113 60337
1215076501: 22501 54001
1217181061: 20143 60427
1219347361: 61 661 30241
1224300421: 113 281 38557
1225326437: 31663 38699
1228420909: 53 157 147629
1229491063: 6199 198337
1229611301: 14731 83471
1231331011: 22651 54361
1232853007: 28669 43003
1235864033: 20297 60889
1242540053: 9803 126751
1245777013: 13 37 911 2843
1246608443: 18233 68371
1247641313: 4679 266647
1251198751: 11 277 283 1451
1252222619: 14447 86677
1256144221: 8861 141761
1256268841: 16843 74587
1256652013: 13399 93787
1257851407: 71 911 19447
1258094801: 28961 43441
1259095501: 1171 1075231
1260534601: 12553 100417
1260723571: 1259 1001369
1263284611: 71 911 19531
1265698549: 1459 867511
1266003461: 20543 61627
1266025351: 17791 71161
1268104993: 8513 148961
1268469781: 20563 61687
1268946253: 25189 50377
1269639361: 9883 128467
1270287751: 29101 43651
1272866167: 17839 71353
1272987721: 41 31048481
1277000803: 13 223 440497
1279938001: 9923 128987
1283161951: 31 2311 17911
1291412431: 25411 50821
1292028139: 19 163 417187
1292748751: 7 73 277 9133
1294425217: 19 163 417961
1296125821: 32771 39551
1297114057: 1063 1220239
1297365301: 23 101 547 1021
1302370489: 7 163 571 1999
1305536791: 13 911 110237
1306999513: 4789 272917
1307968741: 5581 234361
1309708981: 7 571 327673
1313022881: 20921 62761
1313514563: 31387 41849
1314441001: 3001 438001
1317157217: 29633 44449
1320175207: 13 29 31 37 43 71
1327992709: 59 523 43037
1328256247: 18223 72889
1329154961: 3371 394291
1330872913: 13789 96517
1330912001: 12161 109441
1334068961: 3617 368833
1337552083: 7 163 571 2053
1337680891: 491 2724401
1338247681: 21121 63361
1344725839: 23671 56809
1345217227: 23197 57991
1351618369: 337 641 6257
1355767579: 37 67 487 1123
1356779521: 7681 176641
1358472151: 181 1021 7351
1359481589: 15053 90313
1363289293: 35911 37963
1369620463: 33359 41057
1375134931: 613 2243287
1375280033: 3221 426973
1375684831: 26227 52453
1376799577: 18553 74209
1378200601: 4273 322537
1379940323: 33911 40693
1380383821: 6841 201781
1382339333: 2663 519091
1383485713: 2969 465977
1392946787: 35407 39341
1397357851: 18691 74761
1397422133: 3413 409441
1397911789: 7333 190633
1399464301: 563 2485727
1401238441: 16741 83701
1405748959: 15307 91837
1408680001: 24571 57331
1409965321: 6211 227011
1417927633: 67 21163099
1419575167: 18839 75353
1419686789: 1613 880153
1425314521: 9157 155653
1426068821: 21803 65407
1427543041: 14281 99961
1428362911: 37 1873 20611
1431551269: 8821 162289
1432354901: 21851 65551
1432548937: 16927 84631
1434258421: 43 2647 12601
1437457921: 7297 196993
1437849079: 30403 47293
1438960909: 8821 163129
1442100001: 16193 89057
1443742273: 16993 84961
1444095001: 19001 76001
1444441861: 21943 65827
1445084173: 13 37 379 7927
1449334405: 5 17 1933 8821
1452194257: 12703 114319
1453329151: 3571 406981
1453548403: 26959 53917
1453672481: 22013 66037
1454938651: 20389 71359
1456527461: 15581 93481
1458776713: 27809 52457
1459577743: 13 29 31 71 1759
1466077621: 3571 410551
1466828551: 7901 185651
1467566101: 11551 127051
1467817471: 27091 54181
1470083401: 12781 115021
1472650999: 15667 93997
1474177321: 17 113 397 1933
1477422187: 19219 76873
1478932093: 13597 108769
1485920041: 3343 444487
1486078903: 27259 54517
1490005657: 7 163 571 2287
1496962945: 5 109 173 15877
1498180591: 3691 405901
1498456303: 29 37 43 47 691
1498565377: 8317 180181
1501007621: 23017 65213
1501953377: 2087 719671
1502682721: 22381 67141
1505393941: 5381 279761
1505432881: 31 43 883 1279
1511042851: 27487 54973
1513888157: 31769 47653
1514879269: 15569 97301
1514990863: 31 37 223 5923
1515041753: 12109 125117
1518066829: 439 877 3943
1521361801: 43 71 547 911
1524078403: 71 911 23563
1524793051: 37 181 223 1021
1525893121: 6481 235441
1527763333: 22567 67699
1539273737: 8009 192193
1540355903: 27067 56909
1541050013: 33997 45329
1550256481: 193 577 13921
1550296021: 21841 70981
1555645033: 12473 124721
1557016759: 25471 61129
1557962071: 31 37 223 6091
1564278211: 27967 55933
1571111587: 19819 79273
1572032879: 16187 97117
1574404189: 7127 220907
1575064009: 17749 88741
1575536029: 1069 1473841
1587385297: 26083 60859
1587645811: 31 103 487 1021
1588247851: 211 1831 4111
1596190801: 15101 105701
1596250279: 13 223 550621
1601139871: 23 199 353 991
1601916733: 19 79 613 1741
1603737631: 4357 368083
1606097953: 17923 89611
1608973001: 251 6410251
1609138081: 6781 237301
1612149481: 17011 94771
1615424551: 13 37 3358471
1621636699: 25469 63671
1625604781: 31231 52051
1625804461: 281 673 8597
1629453061: 9181 177481
1630161541: 23311 69931
1638294661: 28621 57241
1645020833: 23417 70249
1645253989: 13913 118253
1650287083: 25693 64231
1650294073: 6679 247087
1650647329: 1489 1108561
1651601251: 691 1021 2341
1651858421: 10601 155821
1652671081: 18181 90901
1654537921: 31 71 491 1531
1656002429: 3863 428683
1660660261: 13 223 691 829
1661304377: 3019 550283
1661709151: 31 1021 52501
1661860669: 7 19 79 277 571
1667301217: 8167 204151
1667715017: 13613 122509
1668645793: 109 541 28297
1671276601: 20441 81761
1672399873: 31 223 241921
1673513731: 28927 57853
1674091141: 23623 70867
1678062101: 67 353 70951
1678292281: 8821 190261
1679540591: 11831 141961
1683174533: 23687 71059
1690914781: 29077 58153
1691892007: 13 37 829 4243
1692750373: 5431 311683
1697213407: 20599 82393
1697675869: 10639 159571
1701262165: 5 17 2269 8821
1703466889: 9007 189127
1704141601: 20641 82561
1704354913: 7873 216481
1706302153: 29209 58417
1707662881: 18481 92401
1708549501: 211 1741 4651
1710345323: 11939 143257
1710753001: 20681 82721
1712839123: 1567 1093069
1712893549: 7753 220933
1713498239: 7243 236573
1714322377: 18517 92581
1714721059: 31627 54217
1720090289: 10709 160621
1721779039: 29 43 71 19447
1722306779: 16943 101653
1724126171: 11987 143833
1725547321: 61 1597 17713
1727781571: 307 613 9181
1736122513: 15749 110237
1737445601: 15443 112507
1737569401: 281 701 8821
1738466029: 571 1483 2053
1748479409: 8893 196613
1751097011: 10687 163853
1752710401: 13 43 631 4969
1753593031: 29611 59221
1761940801: 10789 163309
1763702533: 24247 72739
1765744949: 947 1864567
1767603367: 3019 585493
1767803047: 21023 84089
1771447019: 17183 103093
1772877943: 14887 119089
1773685673: 31391 56503
1774925821: 9421 188401
1776399059: 17207 103237
1784481043: 1543 1156501
1785414061: 15971 111791
1786832917: 8629 207073
1787494801: 17 53 601 3301
1791186697: 3079 581743
1793469061: 12853 139537
1797382823: 12239 146857
1799347889: 9257 194377
1805299211: 7591 237821
1812786991: 37 43 547 2083
1813073653: 30109 60217
1816181863: 6389 284267
1821689101: 21341 85361
1823144401: 13 37 43 181 487
1823174413: 16139 112967
1831890677: 14827 123551
1832999941: 5231 350411
1833328621: 103 3877 4591
1837292869: 2917 629857
1841246749: 331 1063 5233
1842012677: 4567 403331
1842249517: 33247 55411
1844459137: 4993 369409
1845397951: 67 2003 13751
1852242919: 5711 324329
1852953919: 34031 54449
1856352403: 15733 117991
1856489923: 5563 333721
1856552017: 433 641 6689
1856689453: 30469 60937
1857606913: 2689 690817
1859252053: 4597 404449
1860770881: 241 1297 5953
1864274917: 21589 86353
1873182851: 67 353 79201
1875510913: 16369 114577
1876485691: 30631 61261
1877266441: 3221 582821
1882029133: 73 163 277 571
1892268887: 3089 612583
1901275921: 33049 57529
1902813121: 11 19 131 69499
1910273863: 18637 102499
1922864123: 12659 151897
1929222901: 6121 315181
1930877293: 2683 719671
1932506731: 43 2311 19447
1934822485: 5 109 173 20521
1936752767: 35933 53899
1938554099: 2887 671477
1940224513: 16649 116537
1948803097: 22073 88289
1952968753: 31249 62497
1954820701: 17 61 673 2801
1955219311: 31267 62533
1978520261: 461 691 6211
1978554121: 12841 154081
1983371881: 4831 410551
1983943201: 6793 292057
1985379631: 28181 70451
1988205781: 1907 1042583
1989947527: 14107 141061
2004250141: 8461 236881
2005045813: 19 73 1445599
2010936509: 11579 173671
2011726081: 8821 228061
2020079353: 3733 541141
2021063941: 13 31 43 223 523
2028416021: 26003 78007
2028477529: 13 29 31 37 4691
2029224217: 26921 75377
2030781751: 14251 142501
2037046159: 29 1877 37423
2044842647: 16699 122453
2050720589: 2339 876751
2050860961: 9181 223381
2054711381: 26171 78511
2055814897: 29683 69259
2058301001: 7001 294001
2058861523: 13099 157177
2059739221: 26203 78607
2064328531: 37 5431 10273
2068700041: 20341 101701
2069521273: 8821 234613
2075486827: 14407 144061
2078091289: 307 1327 5101
2078509523: 7753 268091
2081093683: 47 139 461 691
2090066947: 22859 91433
2091848221: 71 911 32341
2094177403: 32359 64717
2095928479: 5119 409441
2096692033: 26437 79309
2097711601: 401 641 8161
2098247911: 37 67 829 1021
2101401101: 34381 61121
2101724591: 3671 572521
2103632039: 28087 74897
2108764481: 26513 79537
2113339321: 5381 392741
2117031263: 39847 53129
2117648963: 10847 195229
2120217121: 11 127 163 9311
2130134533: 26647 79939
2131822801: 15391 138511
2138269501: 3373 633937
2139488209: 4603 464803
2141033203: 32719 65437
2142302741: 26723 80167
2145072511: 631 1471 2311
2147830829: 15643 137303
2148896863: 71 911 33223
2150186767: 22717 94651
2153076001: 23201 92801
2156767003: 32839 65677
2162366251: 23251 93001
2166216001: 4801 451201
2168719543: 47 829 55661
2168869949: 19013 114073
2169323861: 26891 80671
2169537329: 18131 119659
2170185517: 23293 93169
2170282969: 373 1117 5209
2173406821: 28549 76129
2174777281: 11311 192271
2181044587: 31 37 223 8527
2181513497: 31907 68371
2182083619: 44617 48907
2184744451: 23371 93481
2190104701: 601 1301 2801
2190525905: 5 17 113 228061
2193153271: 9661 227011
2197944451: 33151 66301
2201616451: 103 487 43891
2201642801: 15641 140761
2202060241: 1669 1319389
2223103279: 31 223 353 911
2225084161: 6361 349801
2230092649: 557 4003757
2231332357: 38569 57853
2233191469: 8017 278557
2241880033: 27337 82009
2243718209: 10337 217057
2248354153: 33529 67057
2249828365: 5 17 1933 13693
2251696309: 37 227 268091
2253176951: 19379 116269
2253376133: 27407 82219
2256563273: 6857 329089
2262861901: 33637 67273
2267429599: 25453 89083
2272413529: 21319 106591
2273667733: 109 541 38557
2281419713: 8009 284857
2283245749: 32887 69427
2283421141: 2089 1093069
2286715891: 40639 56269
2291091661: 2861 800801
2291895391: 16421 139571
2292757097: 12433 184409
2293780033: 2917 786349
2295920201: 6521 352081
2297067967: 39133 58699
2297609791: 28477 80683
2297678657: 12377 185641
2298363451: 23971 95881
2298373153: 13297 172849
2298625183: 4999 459817
2300056117: 11003 209039
2311558021: 33997 67993
2314100293: 6317 366329
2319891307: 24083 96329
2320762951: 13 23 31 37 67 101
2327658901: 31 421 178351
2339195387: 3517 665111
2345382451: 6151 381301
2347597981: 34261 68521
2350838141: 13997 167953
2353587307: 29 71 1143073
2361232477: 307 613 12547
2361903571: 181 1873 6967
2362176181: 571 811 5101
2369725849: 7603 311683
2375894809: 21799 108991
2385574201: 34537 69073
2393595361: 19441 123121
2394012619: 487 4915837
2399802877: 13093 183289
2400954461: 23539 101999
2401060117: 40009 60013
2404671301: 17 61 113 20521
2414511667: 29 911 91393
2414673271: 34747 69493
2424204679: 13 43 223 19447
2433791593: 22063 110311
2435792461: 20149 120889
2449977757: 24749 98993
2458169299: 15679 156781
2472907141: 28711 86131
2474175371: 33161 74611
2475016237: 13591 182107
2478845569: 31489 78721
2481403601: 32611 76091
2483804821: 13469 184409
2487733333: 15773 157721
2496710077: 47 139 461 829
2497384943: 599 4169257
2499853333: 28867 86599
2501632537: 15817 158161
2501970711: 3 19 1433 30631
2502790771: 13 139 223 6211
2503686851: 47 461 115553
2503951831: 6571 381061
2505695089: 337 1249 5953
2510577301: 67 101 353 1051
2512966261: 13 29 71 223 421
2513685553: 3769 666937
2514320071: 10691 235181
2516452021: 7741 325081
2517115771: 2341 1075231
2519338771: 10141 248431
2525462083: 19 73 1820809
2531762647: 9187 275581
2532010139: 8387 301897
2532060841: 761 3327281
2536918999: 20563 123373
2537105761: 35617 71233
2539300303: 23 31 71 103 487
2544326929: 20593 123553
2547406447: 10303 247249
2552735639: 20627 123757
2559476251: 48751 52501
2560600351: 239 1667 6427
2561384989: 13649 187661
2562351481: 3607 710383
2563410721: 38273 66977
2564536201: 25321 101281
2566454311: 421 631 9661
2568966469: 1987 1292887
2569327129: 22669 113341
2570036239: 26083 98533
2572014061: 45361 56701
2573638201: 9421 273181
2575080397: 25373 101489
2575558171: 20719 124309
2576662453: 15877 162289
2577139249: 3119 826271
2578088971: 46351 55621
2578132561: 14083 183067
2585281861: 15331 168631
2589538249: 487 5317327
2591643349: 71 1877 19447
2594852101: 151 1021 16831
2600258669: 39499 65831
2608670485: 5 17 1933 15877
2614378849: 3607 724807
2616126019: 13 67 523 5743
2619672161: 71 547 67453
2621080741: 7549 347209
2625047521: 29581 88741
2638611277: 6427 410551
2643585551: 41981 62971
2645888311: 11 811 296591
2647799771: 44563 59417
2648195441: 1831 1446311
2654851387: 25763 103049
2655651421: 487 5453083
2656569241: 5591 475151
2660738771: 14891 178681
2660783591: 21059 126349
2662805599: 21067 126397
2665136233: 37 353 419 487
2667770641: 41203 64747
2667982645: 5 109 173 28297
2670527809: 34841 76649
2674839511: 36571 73141
2680355861: 71 421 89671
2681041843: 18307 146449
2681503301: 42281 63421
2683456777: 23167 115831
2683648111: 24421 109891
2690972131: 5039 534029
2697374737: 23227 116131
2700818017: 42433 63649
2701920341: 30011 90031
2702239861: 12253 220537
2704067497: 47 139 599 691
2705753701: 7 271 983 1451
2705912357: 42473 63709
2713382401: 15361 176641
2720082493: 3943 689851
2721020849: 13469 202021
2725357249: 21313 127873
2728102651: 71 4691 8191
2731255073: 19 1093 131519
2738053141: 30211 90631
2755567711: 13 31 37 181 1021
2758284541: 27791 99251
2758777597: 17911 154027
2761545403: 37159 74317
2765342893: 17 53 113 157 173
2766172501: 31 181 421 1171
2775980593: 23563 117811
2778469129: 11503 241543
2784469609: 23599 117991
2788663801: 7 11 19 977 1951
2791053541: 37357 74713
2791771093: 17 373 397 1109
2791774987: 29 911 105673
2793839051: 19301 144751
2795883479: 21587 129517
2802461509: 17 397 617 673
2802557647: 229 571 21433
2809982809: 39511 71119
2810937713: 12497 224929
2816186143: 29 37 43 67 911
2818941287: 8447 333721
2822383001: 26501 106501
2825372287: 22907 123341
2826128971: 37591 75181
2833476463: 12547 225829
2837626061: 4637 611953
2840871041: 30773 92317
2850473389: 18313 155653
2855061421: 1811 1576511
2860419061: 59 2843 17053
2863075231: 7933 360907
2866688569: 42571 67339
2866872781: 37861 75721
2871465637: 43753 65629
2880052969: 13417 214657
2881106791: 1973 1460267
2887282129: 21937 131617
2893138891: 31 37 223 11311
2894421157: 12343 234499
2895441121: 73 811 48907
2900161727: 547 2003 2647
2908326767: 20887 139241
2912712013: 20399 142787
2915953633: 31177 93529
2916139981: 20411 142871
2921903461: 40639 71899
2925228241: 13 67 3358471
2929087151: 40591 72161
2929762837: 17117 171161
2933563781: 31271 93811
2934896977: 5743 511039
2940051781: 25561 115021
2942653213: 139 691 30637
2943938453: 25117 117209
2944080133: 31327 93979
2945549881: 38377 76753
2949161293: 13 29 71 239 461
2951762521: 673 1933 2269
2955243859: 6427 459817
2957380651: 6301 469351
2958390583: 43 71 969011
2958586781: 12821 230761
2970364459: 45599 65141
2971303849: 29137 101977
2978766341: 31511 94531
2984525281: 34651 86131
2986528151: 44621 66931
2992726465: 5 113 937 5653
2995269439: 47 139 458483
3003289741: 37 181 223 2011
3007036999: 29 43 911 2647
3010415851: 17351 173501
3010515301: 701 1301 3301
3011404447: 8297 362951
3017960401: 7351 410551
3017966323: 18913 159571
3020773897: 15877 190261
3023049727: 44893 67339
3025350343: 19447 155569
3025714231: 2647 1143073
3026119441: 1889 1601969
3036487573: 7 277 307 5101
3038171011: 71 491 87151
3048189691: 83 5741 6397
3056599351: 13 421 547 1021
3057895387: 1873 1632619
3059193391: 17491 174901
3065198093: 4273 717341
3066754241: 31973 95917
3070208261: 31991 95971
3073693153: 15377 199889
3077122133: 32027 96079
3079538533: 21493 143281
3080264881: 43 139 223 2311
3082054697: 45329 67993
3082386889: 27091 113779
3082615201: 50221 61381
3083149609: 23 31 223 19391
3090809369: 22697 136177
3093890581: 10909 283609
3098036789: 547 911 6217
3100485943: 19687 157489
3100742747: 13709 226183
3105241441: 32173 96517
3113926531: 7853 396527
3114249349: 6101 510449
3121608983: 18979 164477
3122833393: 547 5709019
3124211833: 547 5711539
3126067501: 971 3219431
3134453281: 23873 131297
3146784103: 37 487 174637
3151353941: 32411 97231
3158172779: 22943 137653
3160818433: 6869 460157
3170400941: 17 173 1078001
3184139701: 39901 79801
3184588163: 1723 1848281
3192323681: 32621 97861
3199918213: 8627 370919
3205663921: 25321 126601
3211643713: 97 193 171553
3216713681: 1997 1610773
3220483267: 31 199 223 2341
3221811709: 23173 139033
3222693421: 13381 240841
3222762041: 27701 116341
3223096381: 31 37 223 12601
3223539313: 2437 1322749
3225791489: 5351 602839
3247318717: 28493 113969
3250915441: 5953 546097
3256366051: 40351 80701
3257717101: 16477 197713
3260095957: 28549 114193
3262709701: 2791 1169011
3265065427: 13 29 71 223 547
3266092801: 21601 151201
3272024491: 491 883 7547
3273820903: 40459 80917
3274264033: 33037 99109
3277079191: 211 3361 4621
3283643351: 9551 343801
3285269149: 1163 2824823
3287153101: 71 911 50821
3293313283: 13 29 43 223 911
3295510219: 23 353 405901
3310219741: 6781 488161
3318036541: 103 1429 22543
3320669437: 28813 115249
3322327763: 9413 352951
3324133117: 14887 223291
3327002369: 769 4326401
3331300033: 13999 237967
3335261357: 11789 282913
3336877387: 15439 216133
3343649761: 271 12338191
3355674799: 383 2293 3821
3355815553: 11149 300997
3359355457: 13537 248161
3368390231: 2741 1228891
3368981809: 8209 410401
3369251047: 29023 116089
3387014401: 33601 100801
3393689833: 26053 130261
3393802261: 24841 136621
3395192167: 21277 159571
3396699893: 6869 494497
3403953463: 50527 67369
3405378989: 3037 1121297
3406744651: 18013 189127
3407473441: 3209 1061849
3408131561: 10163 335347
3408294331: 13 37 421 16831
3416424001: 67 223 251 911
3418253021: 13781 248041
3420524467: 29243 116969
3428998891: 1021 3358471
3437416501: 13451 255551
3437773301: 24631 139571
3438169771: 883 1471 2647
3445308241: 50833 67777
3450199201: 7351 469351
3450591101: 28219 122279
3454497721: 36451 94771
3462817177: 26317 131581
3466277629: 23 67 1123 2003
3466495957: 48073 72109
3468903571: 7 73 163 41647
3472130719: 12041 288359
3480387041: 34061 102181
3481315003: 24683 141041
3485607139: 7 73 283 24103
3487443709: 10607 328787
3492604337: 25793 135409
3502116883: 353 9921011
3502970551: 41851 83701
3508999651: 41887 83773
3510688091: 5279 665029
3515221921: 29 43 223 12641
3516852961: 17881 196681
3525862741: 139 691 36709
3543670621: 17 61 113 30241
3553508971: 37 199 487 991
3555091601: 18401 193201
3559144321: 6983 509687
3560810959: 653 5453003
3571362757: 3373 1058809
3572343289: 45841 77929
3573618931: 29 43 71 181 223
3573897251: 23 71 547 4001
3578160851: 32561 109891
3583375681: 16603 215827
3586833253: 42349 84697
3591338701: 22651 158551
3592316953: 37171 96643
3600223213: 22679 158747
3611895841: 18121 199321
3618318691: 13 181 631 2437
3618386081: 15889 227729
3619298413: 22739 159167
3620924497: 15877 228061
3625162801: 13 37 71 101 1051
3639736081: 433 1297 6481
3640021381: 14221 255961
3641707777: 37633 96769
3642391201: 191 3041 6271
3654451711: 10687 341953
3658087441: 15121 241921
3671561821: 1741 2108881
3693177601: 17921 206081
3697434133: 35107 105319
3698276741: 35111 105331
3705308951: 24851 149101
3721067351: 23 101 419 3823
3724950601: 15877 234613
3729520969: 13327 279847
3736293461: 35291 105871
3745572601: 40801 91801
3750023593: 31 37 43 139 547
3769946473: 38833 97081
3774112807: 2659 1419373
3775385011: 38861 97151
3776907643: 46457 81299
3783782941: 5839 648019
3786784093: 21757 174049
3794354587: 19 163 277 4423
3799417021: 29611 128311
3800358151: 46601 81551
3807432001: 9001 423001
3809018947: 30859 123433
3817857151: 14251 267901
3818881445: 5 17 197 228061
3821961079: 2341 1632619
3822442489: 4861 786349
3825973369: 17 173 673 1933
3835537861: 727 1453 3631
3841324339: 25303 151813
3853584967: 31039 124153
3854622221: 6829 564449
3860781299: 25367 152197
3874186471: 25411 152461
3881445751: 31151 124601
3887683021: 23567 164963
3892461931: 33349 116719
3895074991: 57781 67411
3908908033: 36097 108289
3911960417: 20849 187633
3919048057: 27997 139981
3929293061: 36191 108571
3932792683: 7933 495751
3940096981: 34381 114601
3940703383: 7757 508019
3942332501: 36251 108751
3945807977: 20939 188443
3952969831: 3583 1103257
3956503601: 11959 330839
3960194393: 67 353 167443
3966333211: 9661 410551
3968462551: 31 6211 20611
3973938541: 23827 166783
3974080889: 13757 288877
3975340051: 37 223 481801
3980435783: 4703 846361
3992560111: 71 223 461 547
4002592133: 36527 109579
4006582537: 9043 443059
4020144133: 36607 109819
4020382229: 6563 612583
4026822577: 31729 126913
4029341947: 51829 77743
4030637771: 25919 155509
4034993269: 25933 155593
4041356801: 21191 190711
4041900691: 16567 243973
4042578403: 44959 89917
4045684831: 56269 71899
4053742219: 12487 324637
4059295393: 461 691 12743
4059776533: 36787 110359
4074007753: 487 8365519
4075267913: 20773 196181
4087714177: 4993 818689
4095989059: 37 547 202381
4100964401: 56477 72613
4103331277: 32029 128113
4103944769: 67 71 911 947
4106260033: 36997 110989
4106741311: 4831 850081
4114971631: 23563 174637
4116050791: 11197 367603
4119911297: 3617 1139041
4120818871: 13 31 37 43 6427
4121286907: 32099 128393
4121492761: 28711 143551
4123803017: 52433 78649
4141479511: 13 43 223 33223
4147919821: 45541 91081
4148269651: 6301 658351
4153505821: 27481 151141
4155641071: 6133 677587
4168807777: 14813 281429
4171722461: 6131 680431
4173748111: 13 37 421 20611
4175362133: 37307 111919
4185519193: 31321 133633
4186561633: 37357 112069
4192137041: 3581 1170661
4202084251: 19 9829 22501
4212060427: 29 31 37 139 911
4223118331: 32887 128413
4225838917: 11149 379033
4230014779: 139 829 36709
4239174661: 37591 112771
4240379641: 18061 234781
4245501457: 2297 1848281
4259463013: 13 223 1469287
4263507091: 30781 138511
4263649699: 22397 190367
4267640833: 37717 113149
4274245793: 23873 179041
4277982241: 13 29 71 181 883
4285995121: 1871 2290751
4286189251: 1051 4078201
4289393281: 37813 113437
