9: 3 3
85: 5 17
87: 3 29
261: 3 3 29
301: 7 43
341: 11 31
451: 11 41
1271: 31 41
1441: 11 131
2701: 37 73
4061: 31 131
5371: 41 131
6349: 7 907
6533: 47 139
6601: 7 23 41
8045: 5 1609
9331: 7 31 43
12403: 79 157
13333: 67 199
13833: 3 3 29 53
13981: 11 31 41
16181: 11 1471
16745: 5 17 197
17711: 89 199
18721: 97 193
21349: 37 577
21907: 19 1153
23885: 5 17 281
26599: 67 397
27353: 17 1609
28009: 37 757
31621: 103 307
35333: 89 397
39001: 43 907
39941: 11 3631
41003: 131 313
42121: 73 577
44671: 11 31 131
45451: 7 43 151
45601: 31 1471
49051: 181 271
55261: 73 757
55357: 197 281
59081: 11 41 131
60311: 41 1471
68101: 11 41 151
79003: 199 397
82389: 3 29 947
83333: 167 499
91351: 13 7027
102565: 5 73 281
104441: 71 1471
112561: 31 3631
122673: 3 103 397
129559: 23 43 131
135751: 7 11 41 43
136765: 5 17 1609
148871: 41 3631
166501: 31 41 131
170431: 131 1301
178267: 89 2003
183401: 241 761
186497: 283 659
188501: 251 751
192701: 131 1471
201361: 61 3301
218791: 331 661
228565: 5 17 2689
248443: 13 29 659
250201: 7 31 1153
256961: 293 877
270481: 197 1373
273007: 7 43 907
288331: 31 71 131
333401: 101 3301
358559: 367 977
362113: 257 1409
398597: 199 2003
432821: 269 1609
433741: 7 11 43 131
436789: 577 757
442771: 7 43 1471
475661: 131 3631
481601: 401 1201
501611: 11 31 1471
514447: 359 1433
529733: 197 2689
565001: 251 2251
569059: 239 2381
662521: 61 10861
663421: 11 41 1471
673467: 3 29 7741
710533: 487 1459
722261: 491 1471
755609: 281 2689
763813: 757 1009
795191: 397 2003
810685: 5 281 577
886411: 211 4201
907441: 191 4751
911151: 3 3 29 3491
935713: 433 2161
951481: 271 3511
997603: 139 7177
1059031: 181 5851
1064363: 283 3761
1092931: 7 43 3631
1112521: 293 3797
1144547: 131 8737
1201861: 331 3631
1207831: 79 15289
1209031: 31 43 907
1238171: 11 31 3631
1293337: 569 2273
1357441: 673 2017
1417897: 13 29 3761
1461241: 37 73 541
1477153: 139 10627
1558477: 37 73 577
1585621: 271 5851
1616671: 7 41 43 131
1637581: 11 41 3631
1690501: 751 2251
1726021: 11 173 907
1755001: 937 1873
1805959: 617 2927
1831511: 11 31 41 131
1869211: 967 1933
1869641: 31 41 1471
1870093: 211 8863
1898999: 563 3373
1904033: 797 2389
1972279: 67 29437
1983901: 601 3301
2044657: 37 73 757
2119711: 11 131 1471
2126497: 613 3469
2184931: 7 23 41 331
2358533: 887 2659
2400091: 661 3631
2400373: 157 15289
2478499: 659 3761
2559929: 239 10711
2650201: 151 17551
2734681: 313 8737
2741311: 1171 2341
2815121: 241 11681
2834173: 19 43 3469
2926381: 647 4523
2948947: 859 3433
2984311: 11 19 109 131
2995705: 5 37 16193
3059101: 1237 2473
3062347: 1429 2143
3171151: 151 21001
3215211: 3 307 3491
3222961: 7 313 1471
3270403: 1279 2557
3289301: 1481 2221
3329969: 877 3797
3336371: 431 7741
3383353: 823 4111
3832457: 653 5869
3906211: 571 6841
4112257: 257 16001
4157781: 3 397 3491
4194751: 11 41 71 131
4208281: 7 11 31 41 43
4360621: 1321 3301
4363261: 7 23 41 661
4367241: 3 3 139 3491
4388561: 23 190807
4415251: 1051 4201
4615001: 31 41 3631
4703293: 7 23 131 223
4705345: 5 17 197 281
4777457: 941 5077
4779139: 547 8737
4869821: 11 31 14281
4907701: 701 7001
4935701: 1283 3847
5044033: 1297 3889
5060305: 5 17 37 1609
5168521: 631 8191
5173601: 929 5569
5174497: 1061 4877
5187133: 7 19 43 907
5194051: 1861 2791
5232271: 11 131 3631
5282851: 7 43 17551
5293201: 67 199 397
5295401: 1993 2657
5341201: 1471 3631
5489641: 1657 3313
5496921: 3 3 29 21061
5504299: 587 9377
5818147: 739 7873
5857963: 199 29437
5889151: 43 151 907
5903497: 1087 5431
5973731: 31 131 1471
5987329: 257 23297
6076951: 509 11939
6305781: 3 53 39659
6321301: 7 43 21001
6384951: 3 3 397 1787
6594901: 1483 4447
6746749: 467 14447
6787327: 1303 5209
6851521: 1171 5851
6885751: 31 151 1471
6955087: 1319 5273
7031267: 89 199 397
7055959: 313 22543
7291393: 97 75169
7330727: 947 7741
7636087: 739 10333
7900741: 41 131 1471
7915501: 11 41 17551
7991831: 31 71 3631
8163167: 2333 3499
8196805: 5 17 73 1321
8231653: 2029 4057
8233633: 1657 4969
8655511: 1861 4651
8709791: 31 191 1471
8889241: 761 11681
9080191: 2131 4261
9131401: 2137 4273
9272233: 739 12547
9471451: 11 41 21001
9493903: 2179 4357
9541351: 631 15121
9564169: 619 15451
9658741: 733 13177
9694351: 19 31 109 151
9745291: 1669 5839
9863461: 2221 4441
9983845: 5 17 73 1609
9993631: 1291 7741
10018807: 1583 6329
10402237: 1613 6449
10403641: 2281 4561
10609237: 293 36209
10738645: 5 17 126337
11389331: 2293 4967
11415301: 1951 5851
11601577: 13 127 7027
11686489: 397 29437
11727649: 1033 11353
11767861: 7 41 131 313
11872441: 7 1153 1471
11943889: 67 89 2003
12169711: 2467 4933
12205405: 5 17 143593
12207313: 43 313 907
12322133: 2027 6079
12659989: 1453 8713
12769243: 283 45121
12980941: 2791 4651
13170601: 2251 5851
13193273: 1049 12577
13271701: 739 17959
13445971: 7 11 31 43 131
13697191: 2341 5851
13725901: 7 31 43 1471
13847047: 1693 8179
14284243: 1061 13463
14507617: 193 75169
14555221: 2203 6607
14575091: 1559 9349
14687681: 2213 6637
14745491: 31 131 3631
14783203: 2719 5437
15283273: 1129 13537
15306019: 1429 10711
15358033: 1753 8761
15720013: 1499 10487
16042027: 2003 8009
16161193: 37 577 757
16462297: 3313 4969
16534531: 13 181 7027
16853077: 2053 8209
16913473: 823 20551
17170171: 2621 6551
17231347: 7 19 23 43 131
17443213: 1579 11047
17471147: 3413 5119
17589451: 11 41 43 907
17941243: 89 199 1013
17948641: 641 28001
18158251: 2131 8521
18302285: 5 17 197 1093
18338953: 457 40129
18679879: 2647 7057
19275061: 13 211 7027
19328653: 3109 6217
19502101: 41 131 3631
19733771: 953 20707
19979521: 29 89 7741
20196013: 1699 11887
20236483: 1423 14221
20306287: 491 41357
20498401: 7 11 41 43 151
20566051: 11 31 41 1471
20576089: 2029 10141
21262817: 3019 7043
21415649: 409 52361
21795439: 1279 17041
22028203: 3319 6637
22215961: 521 42641
22545409: 1409 16001
22781861: 1949 11689
22787461: 73 541 577
22848541: 67 397 859
22953673: 2143 10711
22994371: 3391 6781
23073079: 4019 5741
23731489: 2179 10891
23868781: 1847 12923
23968231: 7 23 41 3631
24435445: 5 229 21341
24662431: 1171 21061
24756121: 13 271 7027
24832823: 1439 17257
25141651: 31 41 131 151
25172033: 2897 8689
25342411: 1259 20129
25502891: 2381 10711
25981957: 2549 10193
26947523: 1499 17977
26972287: 419 64373
28727353: 1487 19319
28822193: 971 29683
28979731: 11 19 313 443
29013197: 863 33619
29097851: 131 151 1471
29202031: 19 31 43 1153
29305801: 7 1153 3631
29896829: 17 1093 1609
29914561: 1327 22543
31251361: 853 36637
31755293: 877 36209
31778587: 2819 11273
31783501: 61 521041
31885597: 73 577 757
32387903: 359 90217
32418901: 31 907 1153
32429431: 4027 8053
32817151: 4051 8101
32825473: 1409 23297
33106387: 607 54541
33533683: 53 79 8009
33583111: 2683 12517
33796531: 4111 8221
33880861: 7 31 43 3631
34063681: 61 558421
34733021: 743 46747
34930309: 953 36653
34978087: 67 522061
35078413: 2239 15667
35333383: 139 254197
35475133: 89 199 2003
35497603: 967 36709
35778331: 631 56701
35809885: 5 757 9461
35852161: 3301 10861
36307981: 4261 8521
36314371: 2131 17041
36448387: 3019 12073
36504199: 2467 14797
36578389: 199 397 463
36887171: 571 64601
36953929: 2719 13591
37233463: 4201 8863
37491301: 101 281 1321
37649503: 4339 8677
38248981: 3571 10711
40062413: 4903 8171
40414901: 2671 15131
40621591: 4507 9013
40675981: 2411 16871
40863061: 3691 11071
40930121: 89 199 2311
40987201: 1601 25601
41027227: 3203 12809
41142037: 4057 10141
41452759: 3943 10513
41798401: 3733 11197
41948479: 5419 7741
42026419: 2647 15877
42149971: 4591 9181
43195387: 4157 10391
43258951: 71 131 4651
43834321: 1381 31741
43911001: 1231 35671
44288485: 5 17 521041
45027305: 5 17 197 2689
46094401: 4801 9601
46100833: 277 166429
46606613: 1093 42641
46633861: 3943 11827
46977421: 2591 18131
47248961: 5953 7937
47452087: 4357 10891
47730985: 5 17 349 1609
48368551: 7 11 173 3631
49303801: 2341 21061
50116801: 7 31 41 43 131
50341169: 2897 17377
50471461: 61 757 1093
50765011: 11 31 41 3631
51664807: 5869 8803
52448309: 2957 17737
52532213: 6277 8369
53283169: 6529 8161
53560189: 373 143593
53638903: 5179 10357
53838553: 3109 17317
53935645: 5 17 197 3221
54847101: 3 3491 5237
55868269: 349 160081
56196901: 6121 9181
56200441: 11 43 131 907
56282101: 1051 53551
56579491: 4021 14071
56780131: 89 397 1607
57370471: 43 907 1471
57385651: 1051 54601
57404689: 5869 9781
57642481: 13 631 7027
58368997: 2647 22051
58449847: 3823 15289
58753211: 11 1471 3631
59059171: 461 128111
59421809: 857 69337
59788931: 1823 32797
60025421: 2237 26833
60033403: 5479 10957
60229121: 4481 13441
61512929: 2833 21713
61663321: 1571 39251
61754941: 5557 11113
61832377: 3517 17581
61863499: 1543 40093
62342911: 239 260849
63606563: 6907 9209
64226765: 5 17 281 2689
64377991: 163 487 811
64597387: 4019 16073
65248697: 2693 24229
65304289: 127 211 2437
65659051: 4877 13463
65711041: 11 31 131 1471
66023141: 2011 32831
66257461: 1567 42283
66715111: 23 991 2927
66716501: 29 659 3491
67680491: 3359 20149
68438261: 1277 53593
68621701: 4783 14347
70309369: 13 29 283 659
70357027: 13 1439 3761
70446641: 3301 21341
70771999: 89 397 2003
70958497: 1933 36709
72020177: 17 269 15749
72027001: 3001 24001
72108421: 7 11 191 4903
72611701: 4261 17041
72993601: 4933 14797
73232017: 1223 59879
73801351: 13 127 44701
73894267: 5437 13591
73945171: 3511 21061
74128861: 19 41 43 2213
74678885: 5 3221 4637
74985607: 5477 13691
75360601: 37 73 27901
75532903: 6871 10993
76269979: 7177 10627
76813697: 1307 58771
77605277: 7193 10789
77641705: 5 73 281 757
78172723: 3391 23053
78913405: 5 17 577 1609
79398901: 6301 12601
79414951: 7 11 131 7873
79734763: 1579 50497
80775685: 5 757 21341
80918281: 6361 12721
81129553: 7121 11393
81183701: 1301 62401
82929001: 281 421 701
84001807: 4583 18329
84485161: 4111 20551
86102143: 8803 9781
86501449: 37 1453 1609
86581951: 211 410341
86854721: 5381 16141
86908151: 11 41 131 1471
87558127: 4679 18713
88738817: 7297 12161
90273751: 4751 19001
91314367: 67 397 3433
92139433: 1753 52561
92625121: 181 631 811
93935687: 9419 9973
94792951: 11 491 17551
95682861: 3 3 29 53 6917
96009901: 13 1051 7027
96681031: 7433 13007
96904081: 6961 13921
97047301: 13 1777 4201
97071211: 6967 13933
97796953: 4423 22111
97917961: 2857 34273
97924217: 3299 29683
98148649: 9907 9907
99627181: 373 267097
100621951: 2251 44701
101079889: 673 150193
101640001: 3361 30241
102337241: 8761 11681
102604233: 3 29 823 1433
102667447: 9661 10627
102758881: 1667 61643
103488085: 5 73 281 1009
103531105: 5 17 757 1609
103890139: 199 522061
104393857: 4481 23297
104399821: 2131 48991
104524421: 5903 17707
104663089: 4177 25057
107185753: 6421 16693
107506981: 421 255361
109332247: 1693 64579
109437751: 5231 20921
109541461: 6043 18127
109620881: 8741 12541
109787101: 101 1087001
109936249: 1049 104801
110413801: 181 271 2251
110788497: 3 3 29 53 8009
112032001: 4001 28001
112043989: 7057 15877
112574197: 127 211 4201
112695269: 1487 75787
112702591: 7507 15013
112840651: 7 11 31 41 1153
113016751: 2267 49853
113703773: 8009 14197
113892589: 919 123931
114895219: 3677 31247
114966041: 4261 26981
116045827: 3407 34061
116198501: 3301 35201
116268251: 11 41 71 3631
116360051: 2543 45757
116870131: 7 41 313 1301
117201197: 4789 24473
117662981: 6263 18787
117727919: 617 190807
117771551: 8861 13291
118172251: 7687 15373
118566533: 6287 18859
119166809: 4457 26737
119693267: 8933 13399
120070081: 541 221941
120453761: 4481 26881
122505571: 4519 27109
123227911: 5851 21061
123771511: 7867 15733
123856111: 8191 15121
124640377: 7309 17053
124719991: 11 41 131 2111
125576731: 7 131 136943
126283273: 5869 21517
127567441: 41 1063 2927
128027201: 47 139 19597
129150451: 23 41 151 907
129280961: 1433 90217
129337333: 7193 17981
129623917: 5693 22769
129648151: 10333 12547
130274011: 7 1153 16141
130693393: 5113 25561
131041747: 1123 116689
131481901: 61 101 21341
131922701: 31 1301 3271
132379921: 2791 47431
133106611: 11 71 131 1301
135013451: 41 1151 2861
135559021: 13 29 103 3491
136716889: 2339 58451
137200981: 6763 20287
137340451: 8287 16573
137485573: 3797 36209
137813129: 4793 28753
137969641: 829 166429
139363927: 5903 23609
139592101: 11 31 151 2711
141391207: 7873 17959
141612631: 43 907 3631
143106133: 6907 20719
143168581: 8461 16921
143240131: 991 144541
144905417: 4013 36109
145206361: 8521 17041
145251091: 2131 68161
145603333: 6967 20899
145820503: 8539 17077
146053267: 6043 24169
146171119: 3023 48353
147354413: 9403 15671
148002037: 1093 135409
148854973: 197 281 2689
149890301: 11 31 41 71 151
150439369: 2677 56197
150988753: 8689 17377
152368133: 7127 21379
153432137: 1847 83071
154010221: 4691 32831
154982683: 5869 26407
155613907: 7057 22051
155923151: 103 307 4931
156322393: 6781 23053
156621533: 563 278191
158068153: 5623 28111
158243009: 199 397 2003
159104129: 2753 57793
159160751: 10301 15451
160204543: 2699 59357
161216021: 7331 21991
162200401: 11 31 131 3631
165577231: 31 1471 3631
165938653: 9109 18217
166318657: 8443 19699
166442251: 6451 25801
167527441: 31 43 109 1153
168009337: 757 221941
168566501: 10601 15901
168949771: 8221 20551
169234003: 9199 18397
169392169: 7129 23761
170782921: 9241 18481
170856533: 7547 22639
172018667: 10709 16063
172035841: 7573 22717
173023705: 5 17 757 2689
173401621: 7603 22807
174125791: 7 31 43 18661
174626113: 1217 143489
175242211: 6007 29173
175890409: 1439 122231
176609441: 7673 23017
178416127: 6679 26713
178927783: 12211 14653
180022597: 6709 26833
180089251: 5479 32869
180497633: 7757 23269
184177451: 2851 64601
184353001: 7 31 653 1301
187176601: 6841 27361
187769737: 1453 129229
188209081: 863 218087
188382487: 6863 27449
188419771: 2927 64373
188524799: 10487 17977
188985961: 9721 19441
189414151: 8803 21517
189629467: 79 157 15289
190906951: 4231 45121
191648161: 7993 23977
191981609: 5657 33937
192287171: 41 131 35801
193352545: 5 73 197 2689
193552141: 103 307 6121
193997009: 10789 17981
194149985: 5 1609 24133
194159881: 5689 34129
195761521: 3881 50441
196387101: 3 3 29 53 14197
196958191: 8737 22543
199689721: 7 11 41 43 1471
200966041: 4951 40591
201576523: 4099 49177
201826201: 1579 127819
203288609: 1997 101797
203485051: 7 11 131 20173
203868107: 1699 119993
203888057: 1987 102611
204141211: 173 907 1301
204744163: 13 1777 8863
205364251: 11701 17551
205631101: 13 2251 7027
206893069: 4549 45481
207049301: 359 576739
207258217: 397 522061
208125901: 5101 40801
208750651: 4261 48991
209141901: 3 3 89 261101
209474371: 41 43 131 907
210457777: 9781 21517
210517709: 11239 18731
211318251: 3 47 461 3251
211834663: 4603 46021
212027401: 53 83 157 307
212652217: 2917 72901
212870201: 179 1189219
214523111: 11 41 131 3631
215310551: 11981 17971
216315457: 4903 44119
216650351: 31 1471 4751
216821881: 331 661 991
217033381: 12451 17431
217057933: 14197 15289
218490193: 13597 16069
218989241: 41 1471 3631
219097927: 2539 86293
219446263: 6317 34739
219581731: 2287 96013
220531501: 10501 21001
222123799: 9127 24337
222270931: 6841 32491
222622387: 13 2437 7027
223839001: 7481 29921
224485399: 19 131 90191
224967751: 4201 53551
226810369: 3889 58321
226965751: 12301 18451
226978051: 6151 36901
228483377: 5039 45343
229378801: 4201 54601
229521183: 3 103 397 1871
229905101: 8521 26981
230323549: 3919 58771
230622085: 5 17 1009 2689
231041137: 1609 143593
232125271: 7 1471 22543
232414417: 937 248041
232460821: 8803 26407
232918561: 337 691153
233065441: 7 907 36709
233322811: 9661 24151
234870301: 10837 21673
235319011: 3271 71941
236007041: 2957 79813
237214931: 131 1231 1471
237321727: 7703 30809
237338089: 1973 120293
237501811: 127 211 8863
239840929: 643 373003
240272077: 12007 20011
240784637: 4007 60091
241714243: 463 522061
242447441: 2711 89431
243576341: 9011 27031
244306151: 3191 76561
244762057: 6997 34981
244922971: 31 41 131 1471
246475711: 3511 70201
247536811: 5563 44497
248717569: 2833 87793
249141421: 5581 44641
249679501: 7901 31601
249850369: 97 2575777
251078231: 1223 205297
252168607: 6229 40483
252552301: 6007 42043
256652677: 10627 24151
257353861: 12541 20521
258503701: 9283 27847
258634741: 131 491 4021
260736341: 9323 27967
261545551: 5851 44701
261572473: 6427 40699
261962317: 8093 32369
262942021: 131 907 2213
262979501: 13241 19861
263128951: 8111 32441
264806701: 6151 43051
267155461: 3853 69337
267559627: 8179 32713
267816401: 2621 102181
268138687: 3343 80209
273480637: 8269 33073
273823507: 4423 61909
275101373: 4283 64231
275619961: 4027 68443
277650839: 6803 40813
277787141: 9623 28867
278464897: 257 769 1409
278943061: 9643 28927
281898167: 13709 20563
282044407: 15331 18397
282697201: 3001 94201
283369571: 7229 39199
285702085: 5 17 1609 2089
286475069: 89 1607 2003
286997401: 181 271 5851
290434021: 4261 68161
291185767: 13933 20899
293035291: 3877 75583
293741537: 353 832129
294987881: 16193 18217
295793965: 5 17 757 4597
296144551: 7177 41263
296457191: 8117 36523
300394381: 7 1471 29173
302818001: 5801 52201
302939281: 2017 150193
303805999: 7 109 439 907
304384117: 4003 76039
305416831: 41 43 191 907
306191621: 10103 30307
307339033: 859 357787
309803209: 1249 248041
310072753: 1657 187129
310631281: 2221 139861
311473963: 16111 19333
312485167: 8839 35353
312773141: 10211 30631
314744117: 587 536191
314777071: 7 43 907 1153
316583041: 10273 30817
319649611: 3541 90271
320454751: 8951 35801
320782991: 15511 20681
321691681: 31 10377151
326655473: 9439 34607
328573477: 199 397 4159
331597993: 389 852437
335385409: 4729 70921
335917583: 11831 28393
335949769: 211 379 4201
337424851: 6301 53551
338458807: 9199 36793
339307669: 3613 93913
339720193: 2689 126337
340751737: 43 907 8737
342614533: 10687 32059
344747201: 5441 63361
346859521: 10753 32257
348749731: 11 19 41 40699
349699283: 7243 48281
349752913: 7069 49477
350103727: 15877 22051
351843049: 8389 41941
352303559: 1979 178021
357273001: 6301 56701
357914701: 7151 50051
358243211: 131 313 8737
359089091: 16411 21881
360145633: 10957 32869
360346813: 281 797 1609
360539641: 7 11 31 131 1153
361307521: 13441 26881
361458505: 5 17 1789 2377
362373701: 647 560083
363767587: 79 139 157 211
367589581: 7247 50723
367678981: 11071 33211
368588551: 17551 21001
369402265: 5 17 37 73 1609
372065521: 19289 19289
372775297: 16001 23297
372810719: 7883 47293
375137029: 239 1569611
376456307: 2749 136943
376608709: 19 1861 10651
377434081: 97 193 20161
377458849: 8689 43441
377806687: 9719 38873
378270571: 7 6607 8179
381116881: 8731 43651
381177721: 2521 151201
382453523: 47 103 199 397
382536001: 31 71 151 1151
383765551: 13 4201 7027
385038721: 7417 51913
385666037: 281 853 1609
386018569: 79 157 31123
386649121: 11353 34057
391431941: 11423 34267
391712641: 7481 52361
391979309: 743 527563
392050351: 7 11 19 173 1549
392099401: 29 139 211 461
392483521: 67 199 29437
393197971: 6271 62701
393883561: 2521 156241
395044651: 199 859 2311
396755713: 7529 52697
398866513: 7549 52837
399123151: 7 41 383 3631
400395997: 5167 77491
401264851: 13 29 283 3761
402279403: 6343 63421
402890161: 5669 71069
404840833: 11617 34849
406629679: 6917 58787
407282851: 10091 40361
407709457: 673 605809
409419811: 5059 80929
410458771: 18121 22651
411094223: 2927 140449
415911481: 61 6818221
416172781: 37 73 154081
416441533: 131 3178943
416818321: 7717 54013
417452311: 8521 48991
418044563: 17707 23609
418616161: 5569 75169
424134901: 31 71 131 1471
424315751: 251 751 2251
427165601: 11933 35797
427801969: 7 43 907 1567
430318279: 4639 92761
434181529: 9319 46591
434644033: 12037 36109
435519257: 3769 115553
437416241: 8311 52631
438111463: 18127 24169
439229701: 37 1093 10861
441935441: 6841 64601
443353633: 12157 36469
445212877: 6421 69337
446715221: 12203 36607
448851889: 5297 84737
451599985: 5 17 37 143593
452607781: 31 3631 4021
453542053: 4099 110647
455712913: 8069 56477
457050361: 6761 67601
459248641: 12373 37117
459952651: 2027 226913
460486921: 8761 52561
464012033: 12437 37309
464437891: 8191 56701
464580793: 1873 248041
465658903: 15259 30517
466850221: 8167 57163
468500033: 12497 37489
470752133: 12527 37579
472708321: 12553 37657
473518753: 2753 172001
474663887: 17789 26683
479059351: 4957 96643
479489557: 10949 43793
483646843: 19 43 109 5431
485712217: 4093 118669
486074033: 5693 85381
488817361: 1063 459847
490057837: 11069 44273
490703617: 9907 49531
492051649: 2069 237821
492911881: 7 11 41 43 3631
494784721: 2161 228961
495832231: 9091 54541
496128001: 4001 124001
497124961: 193 2575777
498442951: 15787 31573
498529081: 9521 52361
501662591: 23 3631 6007
503865727: 14197 35491
507520133: 13007 39019
507525409: 6793 74713
507960001: 15937 31873
511408171: 15991 31981
511714271: 3491 146581
512626201: 11321 45281
513225385: 5 197 521041
513851581: 3307 155383
514825081: 29 2003 8863
515028697: 7177 71761
517620671: 31 173 96517
518820101: 13151 39451
520430761: 3049 170689
522115273: 1753 297841
522758233: 5113 102241
523703179: 9343 56053
526714303: 2447 215249
528191641: 8179 64579
529214311: 16267 32533
530759347: 21031 25237
531675847: 6163 86269
532947451: 18251 29201
534494701: 13 5851 7027
535118101: 7 41 43 131 331
537926899: 14669 36671
542497201: 263 787 2621
542955289: 7369 73681
545272981: 11 31 41 43 907
545430607: 19069 28603
545670533: 13487 40459
546521669: 21341 25609
547502401: 8641 63361
547675861: 2389 229249
548361169: 1439 381071
549333121: 17 61 197 2689
551171479: 8053 68443
552317431: 5011 110221
554614831: 31 41 131 3331
555102871: 9619 57709
556105691: 11117 50023
556418941: 13 6091 7027
557840359: 11047 50497
557876479: 9643 57853
558492089: 2927 190807
558886469: 5783 96643
559325341: 211 631 4201
561078211: 6221 90191
561451153: 10039 55927
561538553: 3533 158941
562310321: 15809 35569
562578661: 61 73 126337
562823431: 43 907 14431
563902777: 4073 138449
564331697: 7919 71263
565397497: 7 19 43 109 907
568902001: 7951 71551
569332177: 239 1429 1667
569491399: 1549 367651
569497813: 1093 521041
569600047: 6379 89293
569784403: 16879 33757
570423751: 19501 29251
571460977: 11953 47809
574525961: 5231 109831
574692161: 13841 41521
574950643: 7583 75821
575602651: 13 6301 7027
580012313: 20857 27809
580799881: 8521 68161
581699449: 8273 70313
582679081: 14281 40801
582799951: 12071 48281
584968639: 6047 96737
585843589: 21649 27061
587102671: 4621 127051
587459857: 3463 169639
587738351: 2251 261101
588883681: 181 463 7027
590488001: 19841 29761
590525473: 1579 373987
596177821: 4789 124489
598206337: 4993 119809
598664089: 2377 251857
599462641: 37 73 221941
599570077: 19993 29989
599763979: 1123 534073
601884091: 5231 115061
604125061: 23 617 42571
604565131: 31 41 131 3631
606807181: 9311 65171
608515849: 3853 157933
610511617: 5669 107693
612816751: 251 751 3251
613688545: 5 281 577 757
615752051: 20261 30391
619958377: 3313 187129
621081469: 2381 260849
621122701: 4441 139861
624902059: 4903 127453
626246657: 23297 26881
626334391: 181 199 17389
627886657: 8353 75169
631637749: 4409 143261
633153781: 13 29 239 7027
634113943: 3307 191749
637626901: 367 1737403
637773249: 3 29 947 7741
638033011: 7 11 43 131 1471
638837761: 14593 43777
639652921: 4657 137353
640974501: 3 3 29 1091 2251
643229863: 947 679229
643767931: 8971 71761
647265907: 20773 31159
647909101: 7 19 41 131 907
648012773: 7349 88177
651514753: 18049 36097
653509351: 11 19 131 23869
654019021: 15661 41761
654352417: 5869 111493
655194541: 67 463 21121
655554817: 449 1460033
658920637: 2069 318473
660859651: 6871 96181
664420219: 43 2927 5279
665195861: 11 31 131 14891
667457011: 13 29 47 139 271
668248561: 181 631 5851
668629697: 449 1489153
669387731: 6551 102181
671932801: 8641 77761
673725469: 10597 63577
674796151: 12601 53551
676880821: 18397 36793
680022883: 16493 41231
682172531: 7109 95959
682528687: 13063 52249
682655999: 10667 63997
684506551: 43 907 17551
687473983: 7 131 613 1223
689443273: 11743 58711
691254631: 661 907 1153
693567337: 199 397 8779
695057329: 12097 57457
695881777: 3769 184633
696865151: 31 41 151 3631
699402283: 10243 68281
699697331: 131 1471 3631
700932961: 97 193 37441
701415217: 283 659 3761
705407671: 331 2131141
705413479: 3697 190807
705883951: 18787 37573
710617861: 15391 46171
711752251: 7 41 683 3631
713775763: 17569 40627
713909041: 7411 96331
714489301: 12601 56701
714490481: 16369 43649
716646661: 3271 219091
718907201: 89 199 40591
721980001: 37 73 267301
724969087: 13463 53849
728458501: 15583 46747
729903529: 1657 440497
731364481: 2311 316471
731467801: 2591 282311
732062605: 5 281 521041
732736621: 19141 38281
735651601: 7523 97787
737263681: 7 11 41 43 5431
742069297: 5059 146683
742799809: 433 1715473
748256041: 13 7027 8191
753886657: 14891 50627
754874257: 17377 43441
755310431: 1877 402403
756715121: 1181 640741
757272707: 22469 33703
757639387: 13763 55049
758973671: 20707 36653
760558501: 43 907 19501
765186581: 15971 47911
773014451: 11 41 151 11351
773131927: 13903 55609
776081503: 19699 39397
776342533: 16087 48259
778260913: 23 43 131 6007
779243851: 4621 168631
780384013: 10559 73907
782994763: 67 397 29437
785966633: 2267 346699
793192201: 3391 233911
794430121: 331 661 3631
794624419: 18793 42283
797710501: 7 43 151 17551
798873521: 18041 44281
800343151: 31 1471 17551
802311193: 2083 385171
803014241: 16361 49081
803744371: 20047 40093
804052271: 11 41 491 3631
804958831: 4603 174877
806521351: 151 1471 3631
809643913: 13 7027 8863
813185311: 239 1429 2381
813200571: 3 3 29 53 58787
813564753: 3 29 89 105071
813773273: 4253 191341
813834127: 23293 34939
814878541: 10093 80737
817076611: 13 139 211 2143
817171471: 311 2627561
817981165: 5 281 577 1009
819060001: 43 907 21001
822004877: 1259 652903
824405041: 19 31 109 12841
826466987: 1433 576739
826576621: 13 5851 10867
827562893: 26261 31513
827980471: 20347 40693
828225301: 281 421 7001
831611017: 9613 86509
832870891: 20407 40813
834066137: 14029 59453
834855631: 17041 48991
835111421: 521 1602901
835935361: 16693 50077
838354969: 1609 521041
842754193: 20707 40699
847549171: 7 41 131 22543
847775671: 5503 154057
850028939: 11903 71413
850402801: 9721 87481
852358249: 23081 36929
857100421: 16903 50707
857322511: 21121 40591
857375821: 15121 56701
857538991: 20707 41413
860135797: 1117 770041
868010321: 389 2231389
868384001: 1601 542401
868691401: 4211 206291
869851009: 8893 97813
871361533: 7 3391 36709
872080151: 1931 451621
879199543: 43 907 22543
880193917: 3709 237313
880554547: 24229 36343
884584891: 21031 42061
886020481: 3637 243613
888986251: 27361 32491
890994565: 5 17 73 143593
892650067: 14939 59753
892749551: 7043 126757
894507853: 17 197 267097
896231953: 21169 42337
902096161: 17341 52021
907475851: 10651 85201
908349601: 17401 52201
908736097: 15073 60289
912356641: 7 41 3178943
913165177: 67 463 29437
914195537: 10079 90703
914628719: 12347 74077
917704661: 4373 209857
918400033: 17497 52489
922026877: 24793 37189
924408181: 41 109 131 1579
925165039: 9619 96181
926335171: 1511 613061
926428933: 3719 249107
929844001: 4969 187129
931614121: 6661 139861
933991741: 21121 44221
934132627: 27337 34171
934277701: 7 41 1471 2213
936584485: 5 17 821 13421
938030101: 17683 53047
938338243: 3373 278191
943159969: 1759 536191
947228129: 9857 96097
954516451: 7 43 151 21001
955371871: 12619 75709
955609903: 21859 43717
955938901: 17851 53551
956215957: 2417 395621
957666601: 31 1471 21001
961117271: 9929 96799
962375941: 17911 53731
962447743: 17209 55927
963336001: 7121 135281
964485677: 3389 284593
968413217: 25409 38113
969528337: 15569 62273
970005781: 9391 103291
970355431: 22027 44053
973906201: 12241 79561
974309617: 113 8622209
975680917: 293 877 3797
976329901: 1093 893257
977046533: 18047 54139
977750801: 17 101 521 1093
977770531: 22111 44221
978340021: 17 61 197 4789
979363153: 22129 44257
980004241: 5147 190403
981472879: 8803 111493
985563217: 25633 38449
987707953: 12097 81649
994775527: 3943 252289
994885141: 18211 54631
995009159: 313 3178943
995213161: 37 73 229 1609
997309621: 7 11 43 301211
999260501: 18251 54751
999775129: 1823 548423
1004752181: 12941 77641
1006374671: 953 1056007
1008581005: 5 12457 16193
1009484821: 41 131 187951
1010758159: 5563 181693
1014407101: 10501 96601
1015339441: 13009 78049
1017579203: 14767 68909
1017921193: 2767 367879
1023210817: 10663 95959
1026583801: 26161 39241
1026639271: 7 131 971 1153
1029705899: 6397 160967
1030241041: 1543 667687
1030460341: 911 1131131
1030808221: 313 907 3631
1037420749: 3823 271363
1040295691: 22807 45613
1042509821: 15511 67211
1043218321: 5623 185527
1057317733: 10993 96181
1059873071: 8861 119611
1061493457: 25237 42061
1063349249: 13313 79873
1064519011: 23071 46141
1065602281: 5683 187507
1068619531: 7 41 43 131 661
1070063191: 23131 46261
1073526533: 12923 83071
1078149073: 1597 675109
1078720529: 20113 53633
1083242581: 18257 59333
1084952881: 14731 73651
1088831389: 5927 183707
1090513033: 9781 111493
1095199951: 17551 62401
1097580997: 10477 104761
1098404941: 12527 87683
1113419953: 14923 74611
1114598413: 12619 88327
1117004257: 14947 74731
1117119661: 7 41 43 131 691
1118688091: 28619 39089
1125972277: 8713 129229
1127377843: 7159 157477
1132788751: 3967 285553
1135428031: 23827 47653
1140818251: 43 907 29251
1143230761: 7561 151201
1144852337: 11279 101503
1149018401: 941 1221061
1151113951: 13 7027 12601
1153294111: 3299 349589
1157442541: 16693 69337
1161306721: 24097 48193
1161531601: 17041 68161
1163446811: 23173 50207
1166359273: 17 1609 42641
1171375649: 4793 244393
1171441961: 29641 39521
1174448129: 8849 132721
1179767089: 37 73 577 757
1182385121: 19853 59557
1184612881: 1277 927653
1187558231: 8123 146197
1188646903: 24379 48757
1190139359: 6299 188941
1191044251: 331 991 3631
1191216133: 19927 59779
1194146801: 2741 435661
1195240651: 11 41 151 17551
1199135677: 7069 169633
1202084011: 5779 208009
1202142061: 24517 49033
1205045761: 13121 91841
1205077651: 271 1051 4231
1206482971: 2311 522061
1207583609: 2927 412567
1209229477: 28393 42589
1213619761: 433 1297 2161
1216611041: 1721 706921
1219493437: 239 2143 2381
1221916753: 2017 605809
1228282771: 3433 357787
1229956003: 24799 49597
1230818359: 14323 85933
1235188597: 17573 70289
1242693121: 20353 61057
1243898273: 4073 305401
1247875903: 24979 49957
1250700907: 17683 70729
1251773353: 15823 79111
1253554147: 9463 132469
1255389031: 13 127 181 4201
1255663267: 28933 43399
1258147771: 23 41 907 1471
1260332137: 163 487 15877
1261099531: 25111 50221
1261949539: 14503 87013
1262106199: 22469 56171
1263064141: 131 1301 7411
1264887007: 17783 71129
1266482017: 11863 106759
1266989701: 20551 61651
1268946253: 25189 50377
1270681231: 30871 41161
1272866167: 17839 71353
1275619753: 15973 79861
1277660929: 14593 87553
1280837381: 20663 61987
1288829917: 37 1609 21649
1290104245: 5 17 1609 9433
1290277663: 8467 152389
1291773451: 17971 71881
1294459831: 7 41 43 104891
1295776441: 8731 148411
1295845669: 17389 74521
1296018197: 7349 176353
1297150331: 21397 60623
1304553251: 10427 125113
1308544903: 25579 51157
1313869901: 19531 67271
1315858381: 13711 95971
1318082177: 12577 104801
1318126321: 281 1009 4649
1318738387: 10709 123143
1323086563: 11503 115021
1325543381: 30941 42841
1325857541: 21023 63067
1329325201: 19489 68209
1335954547: 23117 57791
1339560587: 20047 66821
1341880921: 1993 673297
1342069507: 1759 762973
1342775809: 19 709 99679
1343431699: 29 2143 21617
1348865101: 3637 370873
1352453257: 16447 82231
1353968251: 6311 214541
1355932531: 263 787 6551
1362062059: 9227 147617
1363838587: 23357 58391
1368869899: 22111 61909
1371779641: 67 463 44221
1372776233: 6673 205721
1373720521: 457 3005953
1374215849: 4507 304907
1375119217: 7417 185401
1378203751: 26251 52501
1379404127: 6079 226913
1379940323: 33911 40693
1381318471: 13 7027 15121
1385683471: 19 43 1153 1471
1389990691: 20681 67211
1390738009: 7459 186451
1391735701: 3607 385843
1402248403: 26479 52957
1403323417: 8377 167521
1403607971: 8831 158941
1407238849: 97 193 75169
1408684201: 661 2131141
1410521941: 26557 53113
1410810787: 10039 140533
1412016493: 11047 127819
1412756801: 21701 65101
1414710751: 6451 219301
1414740781: 28433 49757
1414892161: 10433 135617
1415643181: 17737 79813
1421372371: 67 3019 7027
1423246771: 10891 130681
1423857493: 11933 119321
1426104851: 4451 320401
1430189101: 11 41 151 21001
1431718069: 3967 360907
1432354901: 21851 65551
1437849079: 30403 47293
1438197961: 103 13963087
1439124133: 23993 59981
1439602477: 2393 601589
1440231941: 21911 65731
1440752827: 18979 75913
1444239391: 7 23 41 331 661
1446434677: 3547 407791
1452806911: 16253 89387
1453486087: 16111 90217
1453672481: 22013 66037
1456527461: 15581 93481
1459366561: 3313 440497
1463992661: 22091 66271
1464129053: 19319 75787
1464568381: 27061 54121
1465454101: 19141 76561
1467817471: 27091 54181
1467818509: 7177 204517
1474671241: 431 947 3613
1476196129: 199 7418071
1477422187: 19219 76873
1478503261: 21061 70201
1480849831: 27211 54421
1481626513: 14549 101837
1483463623: 11119 133417
1484742533: 22247 66739
1485031993: 877 1693309
1485048601: 2857 519793
1485663041: 13921 106721
1487387611: 27271 54541
1488204217: 19289 77153
1490510057: 19937 74761
1498117697: 25339 59123
1505109329: 5009 300481
1505442901: 7333 205297
1509056411: 2011 750401
1515785041: 331 991 4621
1516071547: 8707 174121
1518875983: 23291 65213
1519443301: 2851 532951
1521221473: 17443 87211
1522132561: 31123 48907
1527888433: 10093 151381
1528279705: 5 197 577 2689
1528507909: 17713 86293
1530655057: 17497 87481
1531245379: 24749 61871
1536694933: 24793 61981
1538329141: 907 1153 1471
1540208251: 27751 55501
1544599061: 22691 68071
1547543161: 27817 55633
1552668979: 16087 96517
1562826457: 7907 197651
1564637101: 14951 104651
1566693481: 29921 52361
1566949801: 151 10377151
1569202181: 22871 68611
1572586423: 3391 463753
1574913571: 7 11 43 131 3631
1580539681: 7 19 31 383347
1581576641: 22961 68881
1581798781: 163 1381 7027
1581943837: 5413 292249
1583205643: 12583 125821
1583845831: 31 3631 14071
1585372837: 6829 232153
1586150491: 6781 233911
1588247851: 211 1831 4111
1588624951: 36901 43051
1589307919: 9967 159457
1589749801: 13291 119611
1589853281: 23021 69061
1592595703: 28219 56437
1594027849: 2789 571541
1597072513: 14593 109441
1599302827: 19 43 109 17959
1602120961: 7 41 43 131 991
1604234413: 15139 105967
1606749061: 23143 69427
1607701501: 7 43 1471 3631
1611064603: 1429 1127407
1618587001: 13411 120691
1619328481: 11617 139393
1620189001: 9001 180001
1623382129: 7237 224317
1627416859: 6379 255121
1634861971: 211 271 28591
1635548221: 28597 57193
1645020833: 23417 70249
1651267291: 11731 140761
1654259461: 6203 266687
1658849089: 97 193 88609
1662650623: 5179 321037
1663266151: 631 1171 2251
1668217027: 33349 50023
1671276601: 20441 81761
1671603667: 20443 81769
1673513731: 28927 57853
1678151707: 20483 81929
1684297777: 10597 158941
1692314587: 33589 50383
1697442731: 977 1737403
1697558501: 33641 50461
1700718121: 19441 87481
1702316617: 29 89 157 4201
1703202733: 36913 46141
1706302123: 13063 130621
1706302153: 29209 58417
1706908751: 11927 143113
1707861919: 9661 176779
1709765713: 15629 109397
1713664939: 7 43 907 6277
1715427451: 29287 58573
1716774481: 15661 109621
1719956341: 3301 521041
1723842541: 4201 410341
1737348049: 19 43 613 3469
1738573517: 9371 185527
1741524949: 12583 138403
1742213671: 11 31 43 131 907
1743657931: 29527 59053
1744165261: 19333 90217
1744262081: 24113 72337
1746592151: 9851 177301
1753593031: 29611 59221
1754576617: 13963 125659
1760746501: 20981 83921
1762671037: 1303 1352779
1763517029: 11831 149059
1770619393: 2203 803731
1772877943: 14887 119089
1773444551: 3821 464131
1776399059: 17207 103237
1778484601: 31 43 907 1471
1784941489: 10909 163621
1786169431: 9011 198221
1789628611: 5867 305033
1790995051: 11311 158341
1794974611: 40591 44221
1816444351: 211 1051 8191
1821349541: 11 31 1471 3631
1824371869: 7177 254197
1827702101: 24683 74047
1828358897: 34913 52369
1828593583: 13523 135221
1831930361: 20177 90793
1833328621: 103 3877 4591
1835019793: 433 4237921
1843347721: 3301 558421
1852317251: 35141 52711
1856069491: 10771 172321
1856114371: 23029 80599
1857238021: 331 5610991
1858098497: 14369 129313
1862829169: 13649 136481
1866409861: 24943 74827
1866990291: 3 89 2003 3491
1869875281: 30577 61153
1874451271: 7 11 191 127453
1876485691: 30631 61261
1876777813: 6607 284059
1878138491: 26539 70769
1878261841: 16381 114661
1878630433: 10627 176779
1880181073: 7129 263737
1893131213: 33703 56171
1894818241: 9281 204161
1894955311: 15391 123121
1896689737: 19477 97381
1913709817: 3929 487073
1915958801: 14591 131311
1919187667: 4519 424693
1928307163: 27773 69431
1931085433: 27793 69481
1937307797: 3517 550841
1940174209: 19699 98491
1942232101: 10111 192091
1944039989: 22769 85381
1947481009: 15137 128657
1954094671: 23629 82699
1954557781: 11 31 41 139801
1957946797: 17 37 73 42641
1966146451: 22171 88681
1969698371: 18119 108709
1973203351: 7 31 41 131 1693
1978046009: 16063 123143
1982826961: 7321 270841
1988191651: 35251 56401
2000502631: 43 1471 31627
2003157809: 3089 648481
2006758961: 11161 179801
2009925289: 9431 213119
2012104249: 18313 109873
2013298101: 3 3 139 461 3491
2014020221: 21559 93419
2016481477: 22453 89809
2018761111: 31771 63541
2020170601: 20101 100501
2021046073: 28433 71081
2024869991: 18371 110221
2025677161: 15913 127297
2027351929: 11257 180097
2027804833: 3109 652237
2028717601: 21001 96601
2030516251: 22531 90121
2032093991: 24691 82301
2033107693: 4789 424537
2037732451: 22571 90281
2039985433: 11821 172573
2046078161: 4691 436171
2046179521: 19 23 31 131 1153
2046935381: 24781 82601
2051000901: 3 3 29 2251 3491
2056228609: 4229 486221
2059739221: 26203 78607
2067896041: 11369 181889
2068899383: 7019 294757
2070171685: 5 17 757 32173
2071874419: 18583 111493
2072611051: 7 31 43 151 1471
2074923013: 6947 298679
2076648811: 41 131 386641
2076750761: 19531 106331
2086888213: 6967 299539
2091888397: 8011 261127
2092225591: 8971 233221
2097947963: 39667 52889
2098908073: 5683 369331
2109340367: 17257 122231
2117713141: 17713 119557
2118621097: 30133 70309
2124076085: 5 137 1093 2837
2127814211: 5381 395431
2130134533: 26647 79939
2131620571: 32647 65293
2131737493: 23629 90217
2132378431: 31 7873 8737
2133347389: 733 2910433
2134020781: 16333 130657
2137495361: 26693 80077
2142302741: 26723 80167
2142307081: 241 761 11681
2143567373: 35863 59771
2146582621: 16381 131041
2152441699: 739 2912641
2153076001: 23201 92801
2162366251: 23251 93001
2165266621: 7 23 41 331 991
2167577527: 23279 93113
2173346267: 8009 271363
2173579801: 15541 139861
2174166881: 26921 80761
2174777281: 11311 192271
2176429009: 3797 573197
2176818337: 89 2003 12211
2183805181: 41 43 1238687
2186981821: 61 3301 10861
2188517663: 11027 198469
2188829593: 4969 440497
2189191633: 3643 600931
2189742601: 271 1381 5851
2196511411: 4111 534301
2197944451: 33151 66301
2202205897: 15643 140779
2215163777: 36457 60761
2216123671: 19219 115309
2226618997: 8093 275129
2228040601: 11801 188801
2228071297: 5683 392059
2239622113: 53 79 157 3407
2242032841: 11161 200881
2242724851: 33487 66973
2253376133: 27407 82219
2257069201: 17957 125693
2258258113: 28513 79201
2260918201: 24001 94201
2262730051: 181 3491 3581
2264745313: 21283 106411
2267423705: 5 17 197 135409
2268863881: 3541 640741
2276606503: 33739 67477
2277272857: 1213 1877389
2277609727: 2749 828523
2278045045: 5 37 577 21341
2295546157: 18793 122149
2297345821: 43 131 617 661
2297774351: 20921 109831
2299124299: 17509 131311
2301828211: 16963 135697
2305011409: 37189 61981
2307480211: 33967 67933
2307893473: 1297 1779409
2308966661: 27743 83227
2317579951: 24071 96281
2325611311: 199 397 29437
2328762817: 19381 120157
2332301401: 37 3061 20593
2335522393: 21613 108061
2335706909: 12479 187171
2337169801: 1447 1615183
2337708601: 271 487 17713
2341421867: 39509 59263
2345428321: 8431 278191
2345875471: 43321 54151
2346329917: 211 2647 4201
2358193447: 12979 181693
2375318109: 3 29 3527 7741
2376833911: 67 89 199 2003
2378123041: 7 41 43 131 1471
2379503947: 39829 59743
2380573891: 18121 131371
2380603501: 34501 69001
2382565801: 7 11 41 43 17551
2382926365: 5 281 1696033
2384396401: 241 761 13001
2384515201: 18457 129193
2392489721: 32609 73369
2392876111: 1811 1321301
2396885251: 5407 443293
2398994881: 21517 111493
2399904641: 641 3744001
2400771337: 16333 146989
2402002927: 13099 183373
2403455503: 4903 490201
2407191181: 20921 115061
2408881651: 11 41 1471 3631
2416033201: 2143 1127407
2418928409: 10733 225373
2428870753: 34849 69697
2433701401: 43 907 62401
2433943891: 17443 139537
2434869949: 8863 274723
2438969941: 19 919 139681
2440937137: 12757 191341
2443347181: 11 31 1471 4871
2445579907: 31277 78191
2448717217: 11353 215689
2449191841: 28573 85717
2452746671: 20219 121309
2455024133: 28607 85819
2456536681: 271 1171 7741
2456905771: 41 191 313741
2459236627: 29 199 239 1783
2459489761: 131 1301 14431
2463905401: 18481 133321
2471849821: 7 19 31 661 907
2480147521: 28753 86257
2483439445: 5 37 829 16193
2484548947: 24923 99689
2485230751: 35251 70501
2485587497: 16619 149563
2494660033: 28837 86509
2496613211: 20399 122389
2500092013: 18899 132287
2505970169: 2237 1120237
2511628969: 1033 2431393
2513290627: 13399 187573
2514936079: 15859 158581
2519186671: 35491 70981
2533255409: 4523 560083
2533838737: 25169 100673
2545934077: 25229 100913
2550780277: 25253 101009
2551223533: 15973 159721
2551837441: 14011 182131
2562814621: 35797 71593
2577400321: 14081 183041
2582189281: 7 19 3631 5347
2582799451: 25411 101641
2583022261: 20749 124489
2583464941: 19 10837 12547
2592112609: 1423 1821583
2600287201: 601 1609 2689
2600611861: 29443 88327
2609385001: 8761 297841
2612146351: 89 2003 14653
2613382201: 25561 102241
2615337211: 5791 451621
2620863523: 14779 177337
2623338001: 61 73 577 1021
2628703213: 19379 135647
2640208609: 15493 170413
2646596857: 33679 78583
2649907201: 19457 136193
2652996691: 18211 145681
2656007101: 11 41 43 151 907
2656494271: 18223 145777
2659835641: 103 4931 5237
2659939453: 36469 72937
2672593561: 11 19 1301 9829
2673502921: 12541 213181
2674839511: 36571 73141
2679054353: 40093 66821
2680438069: 4159 644491
2688831751: 3631 740521
2694152681: 11 31 41 131 1471
2695496077: 757 1009 3529
2696366017: 9643 279619
2699471503: 36739 73477
2701351519: 10627 254197
2708947753: 883 3067891
2712897751: 12511 216841
2717428033: 30097 90289
2720394751: 35311 77041
2721196927: 1303 2088409
2721666817: 11969 227393
2725357249: 21313 127873
2727058951: 71 1471 26111
2733329101: 26141 104561
2733504737: 42689 64033
2737766201: 857 3194593
2745342331: 21391 128341
2748126791: 9013 304907
2754318481: 6143 448367
2754696073: 8629 319237
2755426357: 12043 228799
2766006253: 37189 74377
2772408151: 31 41 131 16651
2779686841: 3613 769357
2780617963: 45667 60889
2791190273: 23297 119809
2792094031: 13877 201203
2792284393: 20929 133417
2793953639: 10711 260849
2795901571: 29 127 379 2003
2797912987: 43189 64783
2798992811: 21599 129589
2811104797: 2243 1253279
2814414331: 11311 248821
2817882607: 16787 167861
2839702961: 25121 113041
2842688159: 19469 146011
2848490761: 52361 54401
2850906751: 7 11 41 43 21001
2857117633: 39841 71713
2861204671: 13 7027 31321
2863451583: 3 3 5669 56123
2863539841: 8161 350881
2864096047: 26759 107033
2864871899: 39089 73291
2872113793: 1087 2642239
2875234051: 181 1039 15289
2877228667: 47977 59971
2900838821: 23 661 190807
2918295451: 27011 108041
2919795985: 5 17 37 577 1609
2922259051: 31 41 131 17551
2923938151: 53551 54601
2930831641: 38281 76561
2939384029: 13999 209971
2940384907: 29 47 307 7027
2944080133: 31327 93979
2944195651: 26407 111493
2944817251: 41 131 151 3631
2944974187: 397 7418071
2945960033: 31337 94009
2955108889: 11863 249103
2961074143: 41263 71761
2966663129: 19889 149161
2967053953: 42193 70321
2967896053: 2377 1248589
2975684521: 22651 131371
2983822003: 11827 252289
2990629879: 37997 78707
2994196591: 631 811 5851
3002848921: 13291 225931
3022853471: 11 71 443 8737
3022959367: 49177 61471
3026226673: 28729 105337
3028586471: 15887 190633
3030393901: 20807 145643
3036395251: 53551 56701
3042763501: 27581 110321
3044239381: 41 71 907 1153
3045092923: 11149 273127
3046619297: 24473 124489
3047241553: 34913 87281
3048189691: 83 5741 6397
3054297403: 39079 78157
3067512207: 3 29 397 88813
3074010031: 17389 176779
3074083651: 19603 156817
3077771497: 18493 166429
3078877609: 3733 824773
3083053387: 27763 111049
3086570341: 421 2221 3301
3092145137: 2617 1181561
3105473701: 11 31 41 151 1471
3106952647: 17627 176261
3107703341: 2711 1146331
3115162123: 3967 785269
3115939861: 16831 185131
3118592377: 36559 85303
3123522451: 7 43 10377151
3128841091: 8293 377287
3135040133: 32327 96979
3136605361: 14461 216901
3144709093: 6781 463753
3146902111: 39667 79333
3149218381: 21211 148471
3162325633: 257 769 16001
3163106953: 39769 79537
3168018869: 30829 102761
3172327849: 25189 125941
3172658653: 39829 79657
3176875651: 46021 69031
3184139701: 39901 79801
3185640379: 5869 542791
3187421077: 28229 112913
3189888001: 39937 79873
3196431829: 17047 187507
3219226891: 331 907 10723
3222170239: 211 1723 8863
3228479101: 5861 550841
3232042357: 13043 247799
3233558021: 32831 98491
3235126501: 46441 69661
3240876101: 11621 278881
3243537751: 23251 139501
3258372097: 5857 556321
3260589697: 25537 127681
3266387827: 29 53 139 15289
3282316753: 1123 2922811
3284228881: 18401 178481
3286184287: 28663 114649
3293723617: 3793 868369
3293769779: 52391 62869
3295039457: 37579 87683
3295217971: 40591 81181
3324980209: 10357 321037
3326803201: 33301 99901
3327587693: 44683 74471
3332340703: 40819 81637
3338056891: 13 7027 36541
3339275551: 48991 68161
3350026921: 4657 719353
3353020409: 4877 687517
3354154159: 36629 91571
3361882501: 9001 373501
3364689851: 8951 375901
3368821639: 36709 91771
3374957881: 25981 129901
3382983521: 33581 100741
3383079353: 45281 74713
3383477191: 41131 82261
3387014401: 33601 100801
3395091311: 3671 924841
3399890413: 22039 154267
3404168197: 29173 116689
3407937457: 7537 452161
3413183671: 27541 123931
3413643481: 3511 972271
3420405631: 19 43 1153 3631
3421241321: 4297 796193
3422622101: 1481 2311021
3424545541: 19 31 41 109 1301
3426615853: 45343 75571
3436070779: 31333 109663
3436450951: 29311 117241
3448620793: 26263 131311
3450488233: 3163 1090891
3450935503: 41539 83077
3453354607: 29383 117529
3460153247: 48029 72043
3472152001: 28001 124001
3479080721: 11681 297841
3479590561: 25153 138337
3480908203: 41719 83437
3483807247: 35593 97879
3494479771: 14779 236449
3496687501: 31 41 131 21001
3502997389: 14797 236737
3504570301: 397 1783 4951
3513489607: 53017 66271
3515815531: 28619 122849
3516281539: 8443 416473
3520131091: 4691 750401
3521433401: 131 151 178021
3528544751: 24251 145501
3530170333: 37 757 126037
3536777317: 49757 71081
3537323063: 13469 262627
3539578501: 15901 222601
3547602901: 17959 197539
3550063477: 48649 72973
3557646401: 15401 231001
3557819981: 313 1301 8737
3560114681: 51673 68897
3561946165: 5 17 197 281 757
3585461071: 1231 2912641
3588190301: 3301 1087001
3592316953: 37171 96643
3592694899: 29 47 103 157 163
3601552249: 26839 134191
3602006101: 34651 103951
3614770573: 19013 190121
3615499261: 11 131 691 3631
3618318691: 13 181 631 2437
3630596257: 26947 134731
3632857763: 14207 255709
3638987857: 433 2161 3889
3645942019: 38189 95471
3647054269: 10847 336227
3648236311: 19597 186163
3650592667: 49333 73999
3656511073: 27043 135211
3664296821: 9341 392281
3667489981: 2311 1586971
3672324517: 13903 264139
3672754633: 27103 135511
3679113199: 24763 148573
3681872419: 44021 83639
3682591753: 8443 436171
3682630327: 49549 74323
3692283211: 42967 85933
3706404781: 23011 161071
3707137153: 2161 1715473
3708865051: 661 5610991
3714026401: 43 71 827 1471
3726541897: 13 3019 94951
3733646491: 43207 86413
3737243791: 2381 1569611
3737509777: 11353 329209
3738170899: 38669 96671
3740141131: 16061 232871
3743072341: 35323 105967
3748638379: 15307 244897
3751125071: 2311 1623161
3751961263: 53047 70729
3753764379: 3 3 29 53 271363
3759781369: 25033 150193
3767166817: 30689 122753
3779624707: 23 43 131 29173
3785056549: 25117 150697
3788699659: 5399 701741
3789860831: 6971 543661
3795206827: 30803 123209
3797194501: 907 1153 3631
3797234443: 21787 174289
3797957857: 38977 97441
3797969297: 20543 184879
3807332813: 53437 71249
3808649233: 14753 258161
3823155001: 20611 185491
3829656403: 43759 87517
3830650885: 5 17 37 757 1609
3832807681: 43777 87553
3840849781: 5581 688201
3843146341: 25309 151849
3848262053: 11939 322327
3852540511: 14197 271363
3853584967: 31039 124153
3859609573: 313 547 22543
3862788707: 47951 80557
3867915943: 5023 770041
3880249927: 39397 98491
3882346903: 44059 88117
3887635753: 44089 88177
3889818451: 22051 176401
3894053311: 22063 176497
3895046191: 44131 88261
3908131991: 18047 216553
3908883421: 181 3691 5851
3925583551: 25579 153469
3928038913: 23689 165817
3929142281: 13679 287239
3934531603: 8699 452297
3936227041: 15217 258673
3942175969: 113 1361 25633
3954403153: 28123 140611
3957323527: 487 8125921
3970673947: 19927 199261
3982017601: 36433 109297
3986664571: 44647 89293
3987960913: 23869 167077
4005432371: 8171 490201
4010015281: 29 359 385171
4015815481: 39301 102181
4018933249: 16369 245521
4029341947: 51829 77743
4034208301: 24007 168043
4038871117: 12973 311329
4044096053: 12239 330427
4044281701: 4651 869551
4045853557: 10909 370873
4050202501: 22501 180001
4068671881: 26041 156241
4069045261: 49411 82351
4070065921: 15361 264961
4070475137: 23297 174721
4075241633: 36857 110569
4079665633: 36877 110629
4083481051: 13 7027 44701
4086437587: 31963 127849
4103745689: 26153 156913
4116314539: 12583 327133
4120954579: 7 43 1567 8737
4121286907: 32099 128393
4121946553: 17807 231479
4123803017: 52433 78649
4128550471: 1871 2206601
4131434389: 11047 373987
4139069521: 24317 170213
4147628851: 25261 164191
4148868907: 15289 271363
4160339587: 17239 241333
4167010789: 39659 105071
4167355501: 25321 164581
4169145583: 5419 769357
4169525681: 55921 74561
4173476887: 13933 299539
4174506381: 3 199 2003 3491
4177630531: 34549 120919
4179969613: 1709 2445857
4186561633: 37357 112069
4195864261: 19531 214831
4207971763: 7867 534889
4212528139: 29 53 79 34693
4216379857: 5233 805729
4217739181: 24547 171823
4232232187: 28393 149059
4234217191: 11981 353411
4234842631: 103 5851 7027
4239640961: 16001 264961
4250924371: 29 199 211 3491
4252445011: 41 173 661 907
4259686345: 5 17 349 143593
4269389629: 24151 176779
4271333837: 35797 119321
4275230917: 32693 130769
4275941587: 41357 103391
4282671721: 16361 261761
4283445403: 46279 92557
4286667709: 307 13963087
