15: 3 5
33: 3 11
55: 5 11
91: 7 13
165: 3 5 11
329: 7 47
529: 23 23
703: 19 37
901: 17 53
1045: 5 11 19
2035: 5 11 37
2413: 19 127
2821: 7 13 31
3439: 19 181
4097: 17 241
4699: 37 127
5713: 29 197
6643: 7 13 73
6697: 37 181
6985: 5 11 127
9955: 5 11 181
12403: 79 157
12773: 53 241
13333: 67 199
15841: 7 31 73
17161: 131 131
19909: 43 463
22987: 127 181
24013: 11 37 59
24727: 79 313
27307: 7 47 83
30857: 59 523
32477: 47 691
34455: 3 5 2297
38665: 5 11 19 37
49051: 181 271
49141: 157 313
50293: 19 2647
52633: 7 73 103
58969: 109 541
68251: 131 521
73841: 41 1801
80137: 127 631
80477: 23 3499
89281: 19 37 127
91001: 17 53 101
97939: 37 2647
104833: 79 1327
119341: 131 911
121153: 97 1249
124073: 53 2341
127243: 19 37 181
128627: 293 439
132715: 5 11 19 127
133141: 211 631
141373: 109 1297
145585: 5 11 2647
147187: 103 1429
153401: 131 1171
159031: 109 1459
188191: 307 613
189145: 5 11 19 181
190061: 31 6131
194221: 167 1163
197209: 199 991
197633: 257 769
208339: 157 1327
217141: 17 53 241
234199: 7 33457
246061: 241 1021
258445: 5 11 37 127
264773: 149 1777
317683: 107 2969
318551: 461 691
336169: 127 2647
343001: 71 4831
360533: 347 1039
368335: 5 11 37 181
396271: 223 1777
415351: 313 1327
434941: 13 33457
436753: 19 127 181
438751: 541 811
474631: 521 911
479107: 181 2647
485357: 569 853
490831: 11 44621
514447: 359 1433
533513: 29 18397
546535: 5 11 19 523
610091: 521 1171
627203: 367 1709
677615: 5 59 2297
694153: 373 1861
701677: 541 1297
724087: 7 13 73 109
736291: 607 1213
748661: 167 4483
765937: 37 127 163
776383: 167 4649
787081: 281 2801
789319: 541 1459
810701: 89 9109
850519: 37 127 181
853469: 239 3571
873181: 661 1321
919921: 17 53 1021
929633: 557 1669
935713: 433 2161
985249: 199 4951
1032533: 587 1759
1033853: 263 3931
1040299: 13 43 1861
1044199: 13 47 1709
1056331: 727 1453
1066781: 911 1171
1082401: 601 1801
1093471: 71 15401
1151809: 113 10193
1197373: 283 4231
1200601: 151 7951
1264285: 5 11 127 181
1277371: 109 11719
1348327: 59 22853
1452811: 317 4583
1621777: 691 2347
1670257: 631 2647
1684621: 47 73 491
1690501: 751 2251
1717223: 79 21737
1717903: 11 59 2647
1843873: 97 19009
1850971: 23 23 3499
1860841: 19 37 2647
1892323: 1297 1459
1904033: 797 2389
1934227: 239 8093
2008007: 1063 1889
2030341: 823 2467
2156883: 3 313 2297
2162473: 233 9281
2237017: 499 4483
2337301: 883 2647
2367307: 487 4861
2457577: 37 127 523
2746279: 19 144541
2766115: 5 11 19 2647
3003589: 523 5743
3044587: 7 13 33457
3076481: 1013 3037
3093697: 787 3931
3294187: 13 43 71 83
3375487: 919 3673
3387781: 1063 3187
3446071: 103 33457
3568661: 1091 3271
3593863: 7 13 73 541
3616273: 397 9109
3624209: 197 18397
3632581: 127 28603
3746041: 13 47 6131
3882139: 79 157 313
3888165: 3 5 259211
4024297: 373 10789
4077151: 13 31 67 151
4181815: 5 11 139 547
4181921: 1181 3541
4184041: 673 6217
4209461: 47 89563
4219129: 919 4591
4225453: 89 197 241
4238191: 1783 2377
4253971: 211 20161
4293181: 733 5857
4378769: 233 18793
4384693: 1873 2341
4441501: 379 11719
4448221: 31 43 47 71
4518457: 709 6373
4710763: 47 73 1373
4720927: 43 109789
4846337: 353 13729
4865911: 941 5171
4906441: 991 4951
4910455: 5 11 19 37 127
4932841: 2221 2221
4986661: 17 197 1489
5213729: 1163 4483
5346601: 13 31 13267
5348017: 37 144541
5386645: 5 11 37 2647
5406787: 1163 4649
5481451: 31 151 1171
5892511: 31 131 1451
5979247: 1223 4889
6001435: 5 11 19 5743
6281605: 5 11 181 631
6297089: 17 29 53 241
6339979: 541 11719
6387211: 19 127 2647
6398197: 13 463 1063
6803681: 313 21737
6851521: 1171 5851
6998365: 5 11 19 37 181
7162305: 3 5 59 8093
7163083: 1693 4231
7306913: 97 75329
7480549: 37 181 1117
7652653: 2143 3571
7673441: 1447 5303
7704061: 499 15439
7795019: 71 109789
7820201: 1831 4271
7848853: 389 20177
7949755: 5 11 144541
7961761: 31 256831
7995169: 7 13 103 853
8036033: 1637 4909
8073955: 5 19 37 2297
8191769: 1753 4673
8259761: 1381 5981
8269057: 769 10753
8279707: 1063 7789
8398987: 269 31223
8615971: 7 13 73 1297
8650951: 1471 5881
8719309: 19 37 79 157
8817001: 61 144541
8838041: 1451 6091
8856193: 1153 7681
8865539: 317 27967
8940881: 131 131 521
9006401: 1733 5197
9103033: 19 181 2647
9227417: 1013 9109
9284671: 11 844061
9439201: 61 271 571
9493579: 1949 4871
9591661: 1171 8191
9692137: 7 13 73 1459
9891211: 11 61 14741
10247357: 827 12391
10267951: 67 331 463
10320047: 587 17581
10416649: 89 117041
10561153: 193 54721
10606681: 31 43 73 109
10796101: 701 15401
11135263: 787 14149
11216483: 373 30071
11219671: 19 271 2179
11795281: 953 12377
11935651: 7 13 31 4231
11952119: 523 22853
12126997: 19 638263
12169711: 2467 4933
12181181: 1123 10847
12202795: 5 11 127 1747
12438253: 37 127 2647
12529183: 1669 7507
12558799: 11 37 59 523
12721591: 631 20161
12982201: 601 21601
13073941: 2557 5113
13104811: 523 25057
13131721: 1621 8101
13483171: 13 31 33457
13701871: 1171 11701
13704367: 79 173473
13870001: 3041 4561
13909559: 1523 9133
13926529: 757 18397
14433553: 2801 5153
14671207: 2179 6733
14725099: 1567 9397
14783203: 2719 5437
14800391: 1571 9421
14910481: 937 15913
15056497: 47 109 2939
15199543: 1297 11719
15346273: 97 158209
15517321: 1093 14197
15560651: 3221 4831
15633671: 131 131 911
15684841: 619 25339
15698431: 7 31 73 991
15800201: 53 241 1237
16159861: 19 37 127 181
16322041: 29 197 2857
16458781: 79 157 1327
16666651: 23 251 2887
16862743: 3673 4591
17096527: 7 73 33457
17098021: 1459 11719
17413817: 2801 6217
17449417: 2089 8353
17620451: 251 70201
17726959: 37 181 2647
18048493: 631 28603
18355789: 67 273967
18356707: 127 144541
18489295: 5 11 127 2647
18607601: 881 21121
18790021: 2503 7507
18793567: 13 67 21577
18856489: 43 438523
19325549: 17 53 89 241
19618691: 31 131 4831
19715151: 3 2297 2861
20030341: 683 29327
20078329: 1861 10789
20095531: 131 131 1171
20841467: 4483 4649
20862623: 1319 15817
21575357: 23 938059
21654401: 401 54001
21897811: 13 31 67 811
22112911: 1663 13297
22148983: 563 39341
22349251: 109 379 541
22752577: 193 117889
22884131: 509 44959
23017429: 1447 15907
23346509: 1973 11833
23371621: 7 13 256831
23458843: 439 53437
23615731: 37 638263
23711837: 4021 5897
23731489: 2179 10891
23742241: 1249 19009
24021415: 5 11 19 127 181
24035689: 439 54751
24195151: 19 37 127 271
24869633: 257 96769
24897991: 31 131 6131
25171537: 677 37181
25527691: 7 109 33457
26161921: 181 144541
26184565: 5 11 19 25057
26291977: 733 35869
26350885: 5 11 181 2647
26470501: 4201 6301
26824547: 4229 6343
26880127: 157 313 547
26986357: 37 127 5743
27129887: 4253 6379
27138889: 2801 9689
27235261: 157 173473
27259093: 883 30871
27509653: 3709 7417
27664033: 3037 9109
27701101: 151 183451
28184857: 509 55373
28324441: 607 46663
28646437: 1093 26209
28900103: 3571 8093
28979731: 11 19 313 443
29033717: 1867 15551
29141047: 13 67 33457
29581501: 4441 6661
29940691: 11 61 44621
30017293: 1733 17321
30513349: 2953 10333
30542131: 37 739 1117
30677941: 7 31 109 1297
30808451: 31 993821
30924979: 1759 17581
31083347: 1373 22639
31120561: 2161 14401
31423303: 163 192781
31574017: 577 54721
32036201: 5153 6217
32322067: 2843 11369
32812729: 79 313 1327
32902957: 919 35803
33073111: 271 122041
33600533: 3347 10039
33796531: 4111 8221
33931423: 1303 26041
34035271: 59 523 1103
34060219: 2383 14293
34546123: 19 37 157 313
35104465: 5 11 638263
35243011: 389 90599
35569045: 5 19 163 2297
36142849: 2689 13441
37714379: 3719 10141
38419001: 2239 17159
38810689: 1609 24121
38903401: 1801 21601
38971661: 2549 15289
39170611: 271 144541
39258577: 2089 18793
39316681: 19 37 55927
39340391: 2131 18461
39465091: 1571 25121
40190095: 5 11 163 4483
40485961: 761 53201
40629601: 2851 14251
41075921: 641 64081
41935951: 1051 39901
42563333: 3767 11299
42776777: 17 53 197 241
43029043: 1399 30757
43036003: 4639 9277
43658371: 19 61 139 271
43918351: 31 43 47 701
43938731: 3631 12101
44877709: 1117 40177
45411241: 1471 30871
45879941: 3911 11731
45931117: 3389 13553
46260517: 6029 7673
46584037: 3413 13649
46763809: 1249 37441
46778545: 5 11 37 127 181
47603371: 853 55807
47632513: 2609 18257
47810053: 1429 33457
47895961: 31 47 71 463
47925541: 5851 8191
47987941: 211 227431
48071761: 2621 18341
48400753: 229 241 877
49598117: 383 129499
49927417: 5153 9689
50341169: 2897 17377
50832307: 463 109789
51325327: 19 37 73009
51648045: 3 5 1499 2297
52154579: 1319 39541
52157791: 7 1459 5107
52936801: 4201 12601
53580367: 109 379 1297
54218977: 2017 26881
54297049: 313 173473
54519433: 199 273967
55619719: 3931 14149
55712521: 4721 11801
56380561: 2083 27067
56602219: 1213 46663
56614801: 601 94201
57343651: 79 547 1327
58725703: 5419 10837
59119849: 19 181 17191
60236513: 6217 9689
60239521: 3169 19009
60259681: 2341 25741
60280651: 971 62081
60846589: 127 181 2647
61092481: 4513 13537
61422187: 4957 12391
61754941: 5557 11113
61888033: 691 89563
62176661: 131 521 911
62712721: 31 2022991
63065281: 2203 28627
64259011: 47 223 6131
64384867: 7177 8971
64535327: 149 433123
64605041: 6961 9281
64855201: 1201 54001
65199443: 4423 14741
65210107: 157 313 1327
65359477: 2557 25561
65429569: 2089 31321
65866291: 3461 19031
65908987: 4447 14821
65958355: 5 2297 5743
66077971: 43 463 3319
66309757: 2371 27967
66957031: 1447 46273
67065571: 37 313 5791
67147621: 8093 8297
67194401: 4733 14197
67528319: 2237 30187
68448451: 151 453301
68462551: 5851 11701
68770777: 1129 60913
68922869: 1163 59263
69213037: 4483 15439
69485281: 4813 14437
69885649: 3739 18691
70410271: 1399 50329
70688857: 2803 25219
71190739: 19 127 163 181
71723579: 4639 15461
71932001: 7057 10193
71936899: 3463 20773
72536663: 1447 50129
72884701: 6037 12073
73697599: 19 37 79 1327
73920049: 7 47 83 2707
74106059: 1613 45943
74328013: 3259 22807
74402231: 4831 15401
74415361: 769 96769
75712141: 2647 28603
76462189: 23 23 144541
76482793: 109 541 1297
77009419: 3583 21493
77648941: 3331 23311
77849317: 7 13 73 11719
78234133: 5107 15319
78428791: 7 31 73 4951
78430801: 2801 28001
78560701: 787 99823
78644611: 6271 12541
78813727: 1523 51749
79398901: 6301 12601
79921921: 131 521 1171
80258851: 4789 16759
81059401: 127 638263
81376903: 6379 12757
81455137: 4513 18049
81715537: 2647 30871
81729379: 1279 63901
81916291: 31 431 6131
81950257: 1553 52769
82271557: 1291 63727
83923921: 9161 9161
84001807: 4583 18329
84354821: 5303 15907
85296251: 7541 11311
86035771: 109 541 1459
86553259: 13 199 33457
86776801: 401 216401
87056941: 3527 24683
87155713: 3529 24697
88099339: 2347 37537
89273881: 2621 34061
90017237: 5197 17321
90178901: 5483 16447
90347041: 3361 26881
90363001: 911 99191
90568099: 2707 33457
91120261: 7841 11621
91416361: 17 53 241 421
91441897: 563 162419
91919209: 1549 59341
92131771: 3919 23509
92150633: 359 256687
92227591: 631 146161
92267341: 3631 25411
92303857: 4297 21481
92448749: 107 864007
92779831: 19 37 271 487
95842891: 8191 11701
95958073: 1063 90271
96142927: 4903 19609
96586429: 223 433123
96742771: 6221 15551
96904081: 6961 13921
96916279: 167 499 1163
97253539: 3119 31181
97912921: 1723 56827
99021781: 31 521 6131
99726877: 19 37 127 1117
99751747: 6317 15791
100011721: 523 191227
100025377: 2371 42187
100409011: 131 131 5851
101498497: 7393 13729
101612323: 19 37 144541
102346255: 5 11 19 37 2647
102560407: 79 157 8269
102622937: 6449 15913
102868321: 641 160481
102886811: 2131 48281
102921197: 5557 18521
103253333: 5867 17599
104170921: 857 121553
104411143: 2179 47917
105102061: 29 197 18397
106273651: 11 61 251 631
106583023: 1117 95419
106873831: 379 281989
108596953: 7369 14737
109521457: 5233 20929
109588447: 19 2179 2647
109838431: 7411 14821
110413333: 6067 18199
111540001: 5281 21121
112787263: 47 71 73 463
113197061: 6143 18427
113323123: 6733 16831
114516751: 5351 21401
115020091: 19 2287 2647
115525603: 181 638263
115805593: 4813 24061
116127271: 13 31 47 6131
116682721: 281 617 673
116925931: 163 271 2647
117186037: 5413 21649
117662981: 6263 18787
117742843: 37 127 25057
118331077: 389 304193
118392301: 17 53 101 1301
118566533: 6287 18859
119576777: 7159 16703
119710951: 5471 21881
119965033: 23 23 226777
120755183: 4013 30091
124028519: 4547 27277
124246841: 1031 120511
125151589: 1567 79867
125387737: 3733 33589
125686241: 6473 19417
125762113: 7561 16633
126132553: 5023 25111
126428851: 7951 15901
126689347: 71 1223 1459
126701659: 7 541 33457
126816083: 5309 23887
126846721: 463 273967
127836913: 3637 35149
127885127: 3463 36929
128172761: 4583 27967
128536561: 8017 16033
128974141: 109 811 1459
128987429: 4637 27817
129623917: 5693 22769
130072027: 3607 36061
130693393: 5113 25561
130920397: 733 178609
130944133: 6607 19819
131334851: 4679 28069
131504419: 3673 35803
133467517: 9433 14149
133597577: 17 29 53 5113
134204071: 157 313 2731
135632423: 4253 31891
135721783: 1303 104161
135969401: 9521 14281
136043641: 997 136453
136315873: 1367 99719
136783967: 23 1453 4093
136962151: 1951 70201
137906659: 11 37 59 5743
138450113: 1559 88807
138479041: 2161 64081
138736153: 8329 16657
139748311: 131 911 1171
143106133: 6907 20719
143168581: 8461 16921
143271941: 6911 20731
143431697: 9277 15461
143508961: 631 227431
143530201: 17 53 241 661
143902351: 5743 25057
143965471: 13 331 33457
144202931: 3467 41593
145377277: 6029 24113
145400837: 2969 48973
145453427: 7 691 30071
147039751: 9901 14851
147258541: 131 131 8581
147550859: 827 178417
147887749: 1063 139123
148416391: 19 127 61507
149531635: 5 11 883 3079
150260893: 7753 19381
150988753: 8689 17377
151045345: 5 11 19 144541
151487417: 3769 40193
153170161: 3433 44617
153550339: 3919 39181
153589801: 151 701 1451
153622411: 571 269041
154536013: 37 127 32887
154895833: 3019 51307
154948513: 7873 19681
156977929: 8353 18793
158415337: 4021 39397
160008721: 1481 108041
161184013: 4799 33587
161216021: 7331 21991
161304001: 7333 21997
161542361: 2213 72997
162243091: 9007 18013
163759753: 9049 18097
164273887: 3079 53353
164371573: 4591 35803
164762515: 5 59 211 2647
167472451: 9151 18301
167952421: 7 13 1297 1423
168380251: 13 31 151 2767
168413491: 71 491 4831
168456889: 8209 20521
168659569: 13 67 83 2333
169086341: 5309 31849
169656001: 1801 94201
170557921: 641 266081
170828701: 1471 116131
170856533: 7547 22639
171515719: 5347 32077
172947529: 307 613 919
172964741: 3797 45553
173145571: 31 911 6131
173496289: 2017 86017
173678203: 9319 18637
174307897: 3529 49393
174417833: 9281 18793
174512731: 3911 44621
175816387: 127 523 2647
176036249: 5417 32497
176274287: 7 467 53923
176442961: 5021 35141
178918741: 7723 23167
178937851: 2731 65521
180115489: 163 487 2269
181198081: 857 211433
181552351: 5881 30871
184092181: 7 13 2022991
184259623: 3919 47017
185405609: 821 225829
186291301: 7 131 223 911
186385063: 5653 32971
188043913: 6133 30661
188610241: 1249 151009
188821951: 6871 27481
189337601: 173 1094437
190145035: 5 37 127 8093
190212181: 7963 23887
190430561: 7207 26423
192800833: 8017 24049
193133557: 6949 27793
193374451: 12043 16057
195589483: 4423 44221
196035001: 7001 28001
197603041: 1249 158209
198687817: 37 127 42283
200083333: 8167 24499
200754361: 19 127 271 307
200800861: 131 131 11701
201261061: 8191 24571
201318833: 6689 30097
201809071: 5023 40177
203036149: 463 438523
203071903: 9013 22531
203432689: 6379 31891
205823873: 11113 18521
206263207: 109 1297 1459
206304961: 8293 24877
206455369: 1597 129277
207889153: 769 270337
209990881: 6481 32401
210084733: 5857 35869
210204361: 2347 89563
210636707: 2963 71089
212122639: 127 631 2647
212652217: 2917 72901
213228121: 5009 42569
213875251: 11941 17911
214677401: 29 53 197 709
215161459: 4639 46381
215781889: 7057 30577
217219969: 7561 28729
217815193: 1499 145307
218112133: 8527 25579
218414641: 1361 160481
219802589: 6053 36313
220827553: 11617 19009
221368153: 4127 53639
221700961: 17 53 241 1021
221884001: 131 521 3251
222561431: 31 1171 6131
223018489: 6679 33391
223051141: 8623 25867
223671631: 2731 81901
224136013: 5659 39607
225277321: 823 273727
227132641: 10657 21313
227597569: 2113 107713
227965753: 349 653197
228663793: 6763 33811
230198671: 1327 173473
230794013: 3923 58831
232794253: 10789 21577
234086641: 3313 70657
236326807: 19 37 127 2647
236664941: 9421 25121
237540023: 7 1579 21491
238627297: 4129 57793
240443701: 71 701 4831
241715053: 12043 20071
242424197: 12713 19069
243346153: 4327 56239
243576341: 9011 27031
244159273: 71 1459 2357
244329313: 13537 18049
245006623: 4519 54217
245152189: 17 53 241 1129
245159911: 127 523 3691
245385719: 5303 46273
246035089: 37 1327 5011
246864889: 4969 49681
247316827: 5821 42487
247587367: 2699 91733
247647673: 7 13 109 24967
249183037: 12889 19333
249679501: 7901 31601
250958401: 5281 47521
251709487: 43 47 269 463
252068059: 109 1297 1783
253613587: 7963 31849
255563857: 4273 59809
256161601: 1601 160001
256192861: 4621 55441
258623707: 23 727 15467
260822521: 1163 224267
261624313: 8353 31321
261870841: 29 89 241 421
262256905: 5 19 127 21737
262621313: 12553 20921
263115763: 6917 38039
263131849: 307 857107
264350521: 11497 22993
265576081: 7057 37633
265834087: 5303 50129
266153203: 2647 100549
266177273: 1753 151841
266769611: 10889 24499
268505551: 11587 23173
269065369: 37 181 40177
269834017: 3769 71593
270117901: 1951 138451
271565713: 6229 43597
272875591: 271 313 3217
273586531: 5231 52301
273930931: 61 157 28603
274810241: 12841 21401
274840021: 4999 54979
274937851: 8291 33161
275064989: 11057 24877
275283401: 71 701 5531
275513687: 4649 59263
275721445: 5 19 127 22853
275789305: 5 11 37 59 2297
276811419: 3 1039 88807
277164227: 7573 36599
277599631: 2311 120121
280277971: 4397 63743
280312003: 11839 23677
281068019: 11177 25147
282391201: 3121 90481
282721297: 13729 20593
283229491: 6871 41221
284497813: 4021 70753
284742865: 5 11 181 28603
285278501: 3251 87751
286843261: 17 53 241 1321
287621557: 2909 98873
287689195: 5 2647 21737
287693677: 3187 90271
288086041: 7591 37951
288629251: 31 1171 7951
290913085: 5 19 23 211 631
291991753: 19 37 313 1327
292290181: 9871 29611
292538819: 6983 41893
293625109: 5167 56827
294140935: 5 11 37 144541
294836917: 67 4400551
295594391: 3221 91771
295826581: 37 163 181 271
296941207: 2293 129499
297245477: 7243 41039
298387171: 4987 59833
300131833: 3907 76819
301265101: 3701 81401
303756103: 7 1297 33457
306310891: 47 1063 6131
306788257: 12853 23869
306798577: 5839 52543
307061371: 12391 24781
307219097: 5843 52579
307498511: 12101 25411
308550061: 12421 24841
309255301: 5077 60913
311671361: 10193 30577
313401089: 41 2729 2801
313630721: 257 1220353
313912321: 1153 272257
314679973: 13267 23719
314954839: 2179 144541
315960707: 5443 58049
317089477: 23 23 599413
318465703: 12619 25237
319649611: 3541 90271
321768001: 2617 122953
322280047: 16057 20071
322762007: 14669 22003
326490643: 109 1459 2053
328402181: 10463 31387
328652501: 3701 88801
329392361: 23 3499 4093
332370011: 1181 281431
335244001: 4201 79801
336043621: 109 1297 2377
336812221: 19 37 181 2647
338201401: 5101 66301
338622769: 19 2647 6733
339033221: 10631 31891
341518241: 3557 96013
341696341: 7 1459 33457
342829261: 127 163 16561
343306351: 7901 43451
344064109: 7573 45433
344133901: 2971 115831
345674071: 13147 26293
345701731: 7591 45541
346150561: 337 1027153
347368657: 14437 24061
347690089: 1549 224461
348777433: 19 127 144541
349832801: 401 641 1361
351296605: 5 11 19 127 2647
351623647: 199 991 1783
352735351: 9391 37561
352857493: 19 37 501931
356296121: 1831 194591
358416577: 8467 42331
358899607: 11 19 79 21737
359053003: 127 211 13399
359696431: 13411 26821
359768821: 6571 54751
361961933: 8969 40357
363767587: 79 139 157 211
363881057: 6359 57223
364143551: 15581 23371
364282381: 331 463 2377
365921363: 59 6202057
366652201: 461 691 1151
367832471: 1433 256687
369463387: 12157 30391
371920867: 9643 38569
372089173: 14197 26209
373011319: 37 127 163 487
375923341: 19 271 73009
377366053: 3739 100927
379145801: 6491 58411
380182331: 5479 69389
381299381: 1471 259211
381767797: 4483 85159
382295201: 17 53 101 4201
382536001: 31 71 151 1151
382600027: 2647 144541
383221033: 13 47 367 1709
384472481: 11321 33961
385577617: 16033 24049
385991191: 2383 161977
386407477: 9829 39313
386649121: 11353 34057
387415117: 167 499 4649
388082683: 2203 176161
388159633: 113 337 10193
389064589: 8053 48313
389733401: 6581 59221
391731067: 7 13 73 109 541
392124151: 4951 79201
392404213: 3931 99823
393950797: 6277 62761
394585211: 17203 22937
394686073: 1013 389621
395044651: 199 859 2311
396512659: 163 919 2647
398553121: 8513 46817
398599489: 8929 44641
399077701: 11 251 144541
399336601: 131 521 5851
400749841: 1973 203117
402563617: 3529 114073
403095421: 14197 28393
403151603: 2969 135787
404864701: 10061 40241
406629679: 6917 58787
406833487: 12757 31891
410634091: 7 31 1297 1459
411374329: 1307 314747
412260463: 1567 263089
413352689: 29 197 72353
413670661: 11743 35227
415098161: 5261 78901
415476343: 7207 57649
415800703: 14419 28837
417767201: 11801 35401
419006251: 131 911 3511
419784979: 12547 33457
421508071: 3331 126541
422736049: 2633 160553
423432307: 12409 34123
423580991: 13721 30871
423933241: 5711 74231
428059237: 9109 46993
430276537: 9277 46381
431085553: 4153 103801
435150913: 337 1291249
437420089: 2269 192781
440604833: 8171 53923
443345701: 4831 91771
443385001: 3187 139123
443633497: 13789 32173
443717821: 757 586153
446715221: 12203 36607
448698889: 19 37 638263
454828637: 5507 82591
455461471: 15091 30181
457778977: 4909 93253
457864409: 3793 120713
457997723: 20177 22699
459140951: 5051 90901
459358681: 7741 59341
460486921: 8761 52561
460585861: 12391 37171
461329601: 12401 37201
463125937: 5557 83341
464012033: 12437 37309
465047753: 6709 69317
466758181: 15277 30553
468511229: 8837 53017
468765793: 199 991 2377
469020553: 6007 78079
469935181: 1171 401311
470000833: 12517 37549
470063791: 15331 30661
470273959: 19 37 307 2179
470491561: 19801 23761
472623617: 9133 51749
474915949: 2939 161591
475468927: 10903 43609
475760449: 6577 72337
475992397: 10909 43633
477163051: 2731 174721
477849457: 16633 28729
478927901: 5651 84751
479289637: 5023 95419
480480433: 3637 132109
481062793: 15583 30871
481239361: 181 271 9811
481846429: 3943 122203
483029821: 15541 31081
489507929: 6217 78737
489644453: 4259 114967
489745171: 2539 192889
489959029: 7 1291 54217
490451869: 11719 41851
495159757: 18169 27253
496233211: 23 23 938059
497076499: 19 181 144541
497238851: 2351 211501
498662561: 12893 38677
499004273: 6449 77377
500666815: 5 11 19 181 2647
502826101: 6301 79801
503410753: 3793 132721
504287911: 19 37 271 2647
505748959: 3499 144541
507726901: 11 181 271 941
507877147: 7127 71261
509299577: 7523 67699
509551201: 13033 39097
510766741: 15467 33023
511203551: 18461 27691
512013331: 13267 38593
512826217: 7549 67933
513167311: 12109 42379
513431101: 5851 87751
514286491: 6547 78553
516690329: 3389 152461
518471941: 13 43 491 1889
520207297: 5233 99409
521864047: 10891 47917
525406591: 613 857107
527466241: 8681 60761
527626639: 5743 91873
528013333: 13267 39799
528043753: 16249 32497
531681281: 13313 39937
535004573: 20399 26227
535235023: 127 631 6679
537242899: 9463 56773
537490799: 79 313 21737
538726901: 20101 26801
540846461: 4621 117041
542196931: 6271 86461
543341149: 13 463 90271
549162511: 7411 74101
549765163: 5527 99469
551034541: 5869 93889
552317431: 5011 110221
555465601: 401 641 2161
555792901: 521 911 1171
560907271: 16747 33493
565808281: 3911 144671
566364931: 11 61 844061
566820013: 8999 62987
567737633: 13757 41269
568528957: 6373 89209
568712593: 673 845041
569026127: 1867 304781
572881123: 11821 48463
573397301: 17 53 101 6301
574870753: 10723 53611
576052651: 307 613 3061
580087873: 113 337 15233
580186133: 13907 41719
582129481: 3967 146743
582799951: 12071 48281
584868181: 13963 41887
586875049: 2473 237313
587970307: 109 1297 4159
588604873: 3989 147557
588615553: 18793 31321
588956479: 15349 38371
593513131: 6091 97441
595407667: 2297 259211
595996699: 9967 59797
600911611: 10453 57487
601693741: 11 37 59 25057
603274349: 7691 78439
604398029: 10037 60217
604636033: 14197 42589
607224631: 13 47 993821
608016599: 10067 60397
608658277: 4793 126989
611705641: 2341 261301
616280897: 10429 59093
622157779: 67 199 46663
622931815: 5 11 19 37 16111
624712801: 18341 34061
625419997: 15817 39541
626741501: 20441 30661
628903213: 9479 66347
629272043: 139 4527137
630022069: 13417 46957
630296717: 19447 32411
631384489: 307 2056627
631767943: 8887 71089
633289807: 12583 50329
633595201: 14533 43597
634022023: 7963 79621
639021043: 37 181 95419
641298461: 3191 200971
641490697: 8443 75979
644514001: 3251 198251
651861761: 14741 44221
653786113: 769 850177
654649789: 6397 102337
658233413: 2963 222151
659664721: 13729 48049
661221055: 5 11 127 181 523
661956517: 5903 112139
664149383: 12149 54667
666873037: 2953 225829
666984835: 5 11 19 638263
670402693: 5563 120511
671874803: 2207 304429
675284509: 2467 273727
679198159: 37 127 144541
679389721: 41 16570481
681303241: 18457 36913
682577281: 6337 107713
682966411: 5881 116131
684103915: 5 11 37 127 2647
684210061: 9887 69203
684609817: 2617 261601
691057711: 109 541 11719
691225543: 307 613 3673
693662581: 79 157 55927
695116411: 11 61 311 3331
696372769: 73 109 87517
698264191: 131 911 5851
700208137: 16411 42667
703120819: 7789 90271
704171869: 17891 39359
704311189: 20981 33569
705175021: 59 523 22853
709552993: 4673 151841
709879301: 15383 46147
710382401: 137 953 5441
712650881: 15413 46237
714279061: 1621 440641
715234231: 557 1284083
717096641: 15461 46381
718141711: 7 67 521 2939
719818321: 10141 70981
720385903: 18979 37957
720452701: 13421 53681
724503833: 12689 57097
724520251: 7 13 31 256831
726650551: 11 941 70201
729090001: 9001 81001
730364137: 13513 54049
730704133: 15607 46819
734793467: 22133 33199
736064611: 15907 46273
738224771: 5381 137191
738782777: 22193 33289
739444021: 277 1381 1933
739644193: 12163 60811
743404663: 103 1123 6427
744683833: 6619 112507
746692057: 9109 81973
747870779: 16747 44657
748990201: 2801 267401
750510199: 9397 79867
752367169: 13177 57097
752565331: 7 31 1459 2377
752867179: 3907 192697
753908567: 17123 44029
754188737: 12161 62017
756318751: 13751 55001
756647719: 8699 86981
758081801: 22481 33721
760777063: 23887 31849
762133751: 22541 33811
762428071: 20873 36527
763450435: 5 11 163 85159
764113451: 31 47 367 1429
764923477: 13829 55313
767126117: 20773 36929
769305659: 4423 173933
769659571: 1777 433123
770909107: 13883 55529
773854817: 10273 75329
777668401: 14401 54001
786814333: 7243 108631
792145729: 223 1777 1999
793492723: 3499 226777
793963451: 251 3163201
795341431: 1327 599353
797402003: 15907 50129
797763835: 5 11 127 181 631
798301643: 16979 47017
798604951: 131 521 11701
798618421: 461 1732361
801123451: 8951 89501
801866647: 14159 56633
802770277: 17 53 241 3697
805700461: 47 269 63727
806491123: 179 4505537
807205169: 17 29 89 18397
807857389: 15193 53173
809068321: 12721 63601
810349801: 313 1327 1951
816315683: 13469 60607
816667301: 17 53 241 3761
825708841: 6271 131671
829303081: 3371 246011
829656829: 9109 91081
830401651: 4447 186733
831098161: 4271 194591
834373801: 1171 712531
834451129: 12919 64591
837520345: 5 37 4527137
839208439: 11827 70957
842163967: 2339 360053
845622287: 15017 56311
850545671: 9907 85853
851026261: 16843 50527
854094781: 10333 82657
854868257: 23873 35809
855050701: 14621 58481
857185489: 11953 71713
857793169: 2467 347707
859889917: 4637 185441
861379345: 5 19 317 28603
863145427: 5039 171293
863984881: 307 613 4591
866008153: 20809 41617
866393041: 3271 264871
867323521: 13171 65851
867886727: 7253 119659
870692743: 167 1163 4483
873003181: 691 1263391
873953869: 9349 93481
875709649: 199 4400551
880117891: 223 1777 2221
881214067: 14843 59369
884413069: 4957 178417
886469953: 6133 144541
888792355: 5 11 19 37 127 181
890654053: 22133 40241
891315541: 18461 48281
896901461: 17291 51871
897806747: 2447 366901
898463269: 11 59 523 2647
899451229: 5387 166967
899577031: 7877 114203
901540657: 10009 90073
902933429: 167 1163 4649
903136901: 17351 52051
904612913: 29303 30871
905530627: 79 157 73009
905877919: 37 127 192781
906416611: 6271 144541
907514561: 17393 52177
908604271: 109 1297 6427
910020833: 17417 52249
910873861: 4603 197887
911126665: 5 19 37 259211
911305033: 18041 50513
913610299: 7 47 83 33457
914706919: 7 1459 89563
915000133: 5717 160049
915387367: 23719 38593
921106129: 23509 39181
921134551: 24781 37171
922830481: 14401 64081
926168533: 11113 83341
929912617: 73 1459 8731
932098133: 17627 52879
936250813: 109 541 15877
938451457: 769 1220353
939140839: 7 13 73 109 1297
942757001: 20101 46901
943157989: 10639 88651
943685959: 19429 48571
946323841: 17761 53281
946869661: 47 67 199 1511
947485351: 15391 61561
961473523: 25943 37061
964888051: 31 43 47 15401
967991077: 37 181 144541
971029831: 467 2079293
973194553: 6733 144541
974982745: 5 11 37 181 2647
975073373: 27539 35407
976381759: 199 991 4951
977522131: 131 911 8191
977737321: 11 19 37 59 2143
979736941: 11831 82811
979804009: 13999 69991
981484561: 14011 70051
989473057: 20593 48049
989810251: 15731 62921
990763733: 29303 33811
993154891: 911 1090181
994876579: 19949 49871
995605885: 5 181 239 4603
996196741: 18223 54667
996547171: 3541 281431
1001897731: 47 83 256831
1003408561: 17 53 241 4621
1003691041: 21121 47521
1005572401: 12601 79801
1006471621: 17 197 397 757
1007713171: 22447 44893
1008884647: 25111 40177
1009618885: 5 11 127 144541
1010549623: 107 2969 3181
1010909821: 5711 177011
1012465873: 2719 372367
1012505551: 25981 38971
1014119947: 15923 63689
1015626151: 73 151 199 463
1022386513: 7537 135649
1023746743: 541 1297 1459
1024516693: 11317 90529
1025335001: 19609 52289
1025392285: 5 19 37 127 2297
1025831893: 6829 150217
1026774451: 11701 87751
1033128251: 1667 619753
1034252929: 9697 106657
1035947881: 109 811 11719
1035988087: 20357 50891
1037420749: 3823 271363
1037560681: 22777 45553
1040557057: 10753 96769
1042617283: 4649 224267
1045980001: 11 19 127 157 251
1046112913: 5857 178609
1050535501: 12251 85751
1052851957: 27509 38273
1054395497: 26513 39769
1054841971: 10271 102701
1056442933: 7 13 73 109 1459
1056831139: 7 13 991 11719
1059492961: 18793 56377
1062631051: 31 5591 6131
1064519011: 23071 46141
1065839321: 41 2801 9281
1066126469: 9109 117041
1068155261: 3011 354751
1072679659: 5179 207121
1073002361: 17107 62723
1082302993: 14713 73561
1084952881: 14731 73651
1091327579: 13487 80917
1091823493: 1549 704857
1093637491: 9547 114553
1093916341: 7 103 991 1531
1095292409: 41 4297 6217
1095479479: 163 2539 2647
1098250921: 14821 74101
1099085791: 28711 38281
1100203441: 3067 358723
1100647801: 11 251 271 1471
1101623381: 19163 57487
1104254197: 21017 52541
1104314641: 25741 42901
1105322653: 23509 47017
1108973251: 16651 66601
1110891601: 19 79 271 2731
1111114663: 103 1429 7549
1111692301: 4813 230977
1112525731: 37 181 271 613
1113419953: 14923 74611
1114598413: 12619 88327
1116826471: 3691 302581
1117605889: 2557 437077
1119550381: 12647 88523
1124145397: 9199 122203
1128675409: 7057 159937
1132794301: 27481 41221
1134103465: 5 11 37 181 3079
1135791691: 13759 82549
1135984177: 7537 150721
1137320581: 19471 58411
1145170153: 23929 47857
1147710211: 13831 82981
1149135751: 19 37 61 127 211
1150704241: 30577 37633
1150828561: 1459 788779
1152088033: 19597 58789
1152779041: 6791 169751
1153443553: 823 1401511
1153510151: 131 521 16901
1156085191: 19 127 181 2647
1156993373: 8783 131731
1159030693: 12037 96289
1159421509: 10267 112927
1162163215: 5 19 619 19763
1164347521: 4481 259841
1166208247: 5653 206299
1167644917: 9133 127849
1171166959: 73 103 109 1429
1172737147: 17123 68489
1174448129: 8849 132721
1177054763: 8087 145549
1177778671: 14011 84061
1179843829: 27967 42187
1183278977: 3037 389621
1186252939: 4603 257713
1192796351: 6451 184901
1197061451: 691 1732361
1201773689: 14153 84913
1204176751: 17351 69401
1206786421: 7673 157277
1207252621: 613 919 2143
1209229477: 28393 42589
1211108221: 3571 339151
1212974891: 1091 1111801
1214998867: 31177 38971
1215848047: 11027 110261
1217181061: 20143 60427
1219858921: 24697 49393
1221044653: 24709 49417
1224610207: 28573 42859
1226271961: 15661 78301
1226628001: 2861 428741
1229053853: 6029 203857
1232097751: 17551 70201
1232226451: 5851 210601
1234646533: 20287 60859
1236032227: 17579 70313
1239927193: 7043 176051
1240526533: 17 29 53 197 241
1240750561: 4831 256831
1240879879: 8807 140897
1241423119: 7879 157561
1242227647: 17623 70489
1242460649: 3917 317197
1246270409: 107 2969 3923
1249815907: 3727 335341
1254022963: 5309 236207
1256711359: 8863 141793
1256993701: 26801 46901
1257776251: 14479 86869
1258120433: 12049 104417
1258324481: 41 1801 17041
1259775301: 3011 418391
1260712351: 613 2056627
1261018529: 4973 253573
1264507291: 3391 372901
1264887007: 17783 71129
1270249073: 10289 123457
1274270293: 33049 38557
1282875397: 17909 71633
1284927733: 1423 902971
1286407711: 19 61 631 1759
1291047121: 7 13 73 109 1783
1294893739: 10729 120691
1298865205: 5 11 37 638263
1302702157: 43 30295399
1303241903: 12569 103687
1307004641: 20873 62617
1311284801: 12071 108631
1312845661: 25621 51241
1312944931: 67 73 331 811
1319076091: 811 1626481
1325172421: 25741 51481
1332633277: 18253 73009
1332804013: 13799 96587
1334349901: 13807 96643
1336245721: 5641 236881
1344420013: 13859 97007
1346509801: 7 13 1861 7951
1346624533: 21187 63559
1350295291: 4933 273727
1355480663: 32173 42131
1355509597: 13 43 1303 1861
1356241321: 26041 52081
1357916071: 20441 66431
1358425741: 13931 97511
1360010017: 2683 506899
1361407951: 7867 173053
1363200833: 21317 63949
1364378203: 26119 52237
1373095051: 31601 43451
1380792701: 17851 77351
1382453333: 21467 64399
1385142661: 7 73 103 26317
1390561021: 32887 42283
1394894801: 5981 233221
1396409041: 131 911 11701
1397117191: 12821 108971
1399144291: 15271 91621
1400529001: 2341 598261
1404286141: 6091 230551
1406826241: 14177 99233
1408572493: 34261 41113
1409001715: 5 11 19 59 22853
1409429881: 2791 504991
1411211051: 16267 86753
1411598401: 2551 553351
1412395627: 14149 99823
1412918167: 1291 1094437
1419459121: 26641 53281
1421087233: 24889 57097
1421969329: 11 19 313 21737
1426068821: 21803 65407
1427725927: 109 1297 10099
1429004921: 17 53 241 6581
1435146077: 6917 207481
1437717847: 18959 75833
1438905655: 5 11 181 144541
1442067433: 7177 200929
1447385545: 5 317 913177
1448260171: 367 3946213
1451095201: 5233 277297
1451398117: 13 47 71 33457
1454180899: 5623 258613
1456012303: 24631 59113
1456449889: 7873 184993
1456582381: 331 4400551
1457879573: 797 1829209
1458618901: 7951 183451
1461392659: 15607 93637
1463178817: 17107 85531
1465217911: 27067 54133
1467638839: 25261 58099
1467817471: 27091 54181
1468511353: 6217 236209
1470481831: 7 13 109 148249
1472958895: 5 59 523 9547
1474227217: 12799 115183
1475522413: 14519 101627
1476648901: 7 13 2551 6361
1477422187: 19219 76873
1479250741: 16921 87421
1479714109: 24329 60821
1483079651: 16901 87751
1494595801: 27337 54673
1497192269: 15797 94777
1501194397: 19373 77489
1502124427: 19379 77513
1502124859: 15823 94933
1507121801: 12941 116461
1508850841: 5791 260551
1511042851: 27487 54973
1513092481: 7853 192677
1521221473: 17443 87211
1524701713: 5113 298201
1530159247: 19559 78233
1530275671: 13831 110641
1530639697: 457 3349321
1530917693: 10103 151531
1532919473: 6217 246569
1533555271: 27691 55381
1536694933: 24793 61981
1540128619: 19 127 638263
1540454761: 541 811 3511
1542299513: 9257 166609
1544599061: 22691 68071
1547969053: 30757 50329
1548686081: 22721 68161
1557305371: 16111 96661
1557490147: 3947 394601
1558913203: 27919 55837
1560564839: 1993 783023
1562507371: 29881 52291
1564194761: 7673 203857
1573689151: 28051 56101
1579079503: 28099 56197
1579431181: 3541 446041
1581576641: 22961 68881
1584756253: 163 2647 3673
1588247851: 211 1831 4111
1591410361: 2281 697681
1594058857: 13309 119773
1599352267: 12647 126461
1600425773: 11549 138577
1604932963: 21943 73141
1607530051: 28351 56701
1609284581: 8521 188861
1610790427: 463 1667 2087
1613763923: 25931 62233
1616340961: 31 73 714247
1618070737: 20113 80449
1618435171: 28447 56893
1620611693: 31183 51971
1629131677: 3253 500809
1631569171: 18217 89563
1640095597: 7 47 149 33457
1640576939: 2339 701401
1651286011: 12541 131671
1651672751: 5531 298621
1656750187: 109 1297 11719
1657245409: 22441 73849
1662802367: 36599 45433
1665293101: 17401 95701
1665597781: 23563 70687
1667090797: 31627 52711
1671276601: 20441 81761
1673390513: 19961 83833
1676995321: 131 521 24571
1680525451: 11 181 844061
1687224797: 1637 1030681
1689482161: 2647 638263
1689625111: 4111 411001
1694724721: 2897 584993
1697135501: 11731 144671
1702123201: 18451 92251
1702602581: 17 53 241 7841
1705316449: 683 2496803
1706302153: 29209 58417
1707662881: 18481 92401
1709740049: 32029 53381
1715238631: 4933 347707
1715427451: 29287 58573
1718259671: 19541 87931
1721154799: 7 13 73 109 2377
1722463471: 29347 58693
1725217121: 23981 71941
1727194153: 11527 149839
1728326491: 37951 45541
1730934181: 19 127 271 2647
1737552601: 7741 224461
1738190981: 24071 72211
1738201541: 17021 102121
1739864449: 12577 138337
1741080661: 24091 72271
1742199439: 3613 482203
1743770953: 617 1009 2801
1745705293: 2659 656527
1746721681: 15797 110573
1753677881: 16301 107581
1753755259: 9547 183697
1761855143: 2357 747499
1768126559: 7877 224467
1768698341: 1399 1264259
1769148751: 21031 84121
1771249111: 10061 176051
1776450565: 5 317 523 2143
1777059019: 4789 371071
1779981337: 2617 680161
1782335071: 11 19 59 144541
1784045383: 12547 142189
1784859679: 27271 65449
1787934881: 24413 73237
1792013491: 293 461 13267
1792442737: 21169 84673
1795910887: 73 4951 4969
1796407493: 17 53 241 8273
1796734241: 24473 73417
1800812477: 34649 51973
1801830421: 12799 140779
1802534059: 8971 200929
1803991571: 6131 294241
1805346223: 3083 585581
1805555201: 24533 73597
1807922491: 17359 104149
1809669373: 15583 116131
1812144517: 599 1289 2347
1813968841: 11813 153557
1818827141: 24623 73867
1821718837: 2269 802873
1822873651: 6163 295777
1825037569: 3733 488893
1828016023: 20177 90599
1828580401: 17 53 2029501
1828624519: 463 1459 2707
1836380719: 38329 47911
1842173077: 39181 47017
1843051687: 35053 52579
1847811673: 223 1777 4663
1849983521: 15401 120121
1856009377: 19267 96331
1858098497: 14369 129313
1863684289: 109 1459 11719
1864009153: 30529 61057
1865344291: 9781 190711
1867906721: 24953 74857
1871003401: 43 47 151 6131
1871052697: 14419 129763
1875510913: 16369 114577
1875794415: 3 5 11 523 21737
1876447927: 27397 68491
1876485691: 30631 61261
1876987681: 22441 83641
1882558147: 173 1291 8429
1886426557: 18691 100927
1891418311: 1879 1006609
1896042601: 6221 304781
1896548563: 7 13 2707 7699
1900687381: 25171 75511
1901906827: 23887 79621
1904524903: 30859 61717
1904558701: 21821 87281
1907368277: 2039 935443
1907907041: 3911 487831
1912453201: 1051 1819651
1914824297: 35729 53593
1915608241: 13841 138401
1917399521: 12641 151681
1921158553: 12157 158029
1922297851: 8599 223549
1923726949: 30187 63727
1926126721: 197 1877 5209
1930618567: 127 2647 5743
1931192011: 7 103 541 4951
1935039991: 13417 144223
1940561521: 47 461 89563
1944125633: 25457 76369
1945042181: 25463 76387
1947245323: 12739 152857
1950483601: 11 37 61 251 313
1957192471: 13 31 47 191 541
1960287001: 7001 280001
1962730531: 31327 62653
1963712713: 38377 51169
1966874353: 1033 1904041
1974255937: 8887 222151
1976700511: 19 163 638263
1977937369: 17 53 241 9109
1989812683: 2179 913177
1997844157: 22349 89393
2008512241: 43 47 993821
2009539561: 6217 323233
2015015551: 6619 304429
2017076923: 23671 85213
2018921653: 7 67 73 109 541
2019977905: 5 11 211 174061
2024559379: 5437 372367
2024971763: 10607 190909
2027176651: 181 251 44621
2032500121: 2671 760951
2033065273: 41161 49393
2034835801: 21601 94201
2035106245: 5 19 2647 8093
2036840891: 30661 66431
2037455113: 463 4400551
2037732451: 22571 90281
2041552241: 14533 140477
2042030651: 59 4931 7019
2044202227: 67 199 153319
2048406407: 9239 221713
2060301615: 3 5 137353441
2063815751: 39343 52457
2066303933: 13553 152461
2067673151: 13127 157513
2072488771: 32191 64381
2074941877: 41203 50359
2076192007: 22783 91129
2080425073: 7499 277427
2080530961: 20929 99409
2081808611: 16661 124951
2082802951: 6211 335341
2088768533: 26387 79159
2091206017: 7681 272257
2094177403: 32359 64717
2097346087: 3499 599413
2097711601: 401 641 8161
2098159097: 15269 137413
2102939941: 47 431 103813
2106618803: 21247 99149
2109399833: 10357 203669
2114352901: 23 37 307 8093
2117031263: 39847 53129
2122553387: 1997 1062871
2125204831: 2647 802873
2125774759: 11527 184417
2126184337: 8563 248299
2131620571: 32647 65293
2133753161: 4271 499591
2136400813: 35803 59671
2143134527: 1669 1284083
2145194047: 12379 173293
2148892903: 32779 65557
2150076017: 3499 614483
2151585619: 79 157 173473
2153279353: 3613 595981
2160125047: 9029 239243
2160666307: 307 7038001
2169646561: 26893 80677
2172857611: 31 47 463 3221
2173540951: 23311 93241
2177085241: 11317 192373
2180509987: 14767 147661
2185789201: 43 463 109789
2186527523: 13499 161977
2188728341: 27011 81031
2194986457: 19 181 638263
2198061901: 7 73 541 7951
2198142871: 28711 76561
2201924341: 33181 66361
2203663621: 27103 81307
2204314003: 67 991 33199
2207276441: 2221 993821
2208586381: 42901 51481
2210765047: 12391 178417
2213357059: 19207 115237
2214761251: 23531 94121
2218908253: 12163 182431
2219517901: 17807 124643
2229108499: 25237 88327
2234202049: 21139 105691
2234774701: 5113 437077
2236198693: 38039 58787
2236418803: 11719 190837
2238215071: 1327 1686673
2238280147: 38629 57943
2239048921: 733 3054637
2240179349: 15493 144593
2242032841: 11161 200881
2248354153: 33529 67057
2250015221: 17321 129901
2251323793: 37 127 181 2647
2257572013: 17959 125707
2260874701: 127 883 20161
2263420459: 19423 116533
2266916569: 22961 98729
2277977843: 21617 105379
2279149363: 20357 111959
2287211159: 36527 62617
2292158611: 127 631 28603
2294455411: 33871 67741
2301745249: 727 1453 2179
2302462691: 37511 61381
2302997377: 97 1249 19009
2304880751: 21001 109751
2307480211: 33967 67933
2312222977: 26881 86017
2315137261: 14293 161977
2315367991: 3691 627301
2319619217: 46273 50129
2319891307: 24083 96329
2326319101: 17053 136417
2331504361: 1801 1294561
2331679123: 1039 2244157
2333074153: 13397 174149
2333491057: 10333 225829
2336184913: 18269 127877
2336667071: 41863 55817
2337096301: 17 89 197 7841
2338449049: 109 21453661
2340771431: 13967 167593
2345152609: 5077 461917
2348070661: 5851 401311
2352378601: 19801 118801
2355320101: 101 3701 6301
2356718657: 10273 229409
2374259595: 3 5 2297 68909
2375491567: 17341 136987
2375711911: 19 127 157 6271
2382555737: 10091 236107
2387525141: 28211 84631
2396066509: 25111 95419
2398220329: 19993 119953
2399027513: 5393 444841
2403483461: 11833 203117
2406947071: 1579 1524349
2425249601: 28433 85297
2426303809: 433 2161 2593
2428158643: 15583 155821
2428930033: 7793 311681
2432761633: 28477 85429
2435554207: 1949 1249643
2441402143: 25237 96739
2441432503: 34939 69877
2446893703: 15643 156421
2447090797: 1019 2401463
2449064269: 43 103 379 1459
2449462247: 10103 242449
2451476161: 14929 164209
2451830179: 13477 181927
2457059221: 127 2647 7309
2461696901: 30941 79561
2462440753: 35089 70177
2464242301: 11701 210601
2464387729: 9929 248201
2464976167: 34261 71947
2470869253: 35149 70297
2472247333: 9397 263089
2472741391: 2293 1078387
2474967637: 44497 55621
2475405571: 9403 263257
2476956607: 31477 78691
2487604351: 71 151 331 701
2489514707: 44959 55373
2490831487: 13339 186733
2493698131: 35311 70621
2501696341: 3511 712531
2503267981: 18911 132371
2503327549: 12919 193771
2506874021: 30661 81761
2509878961: 17713 141697
2510553601: 6883 364747
2515992013: 18959 132707
2516145841: 11 271 844061
2523395561: 17 53 241 11621
2525693987: 10259 246193
2529410281: 223 2221 5107
2531087681: 10979 230539
2535849229: 31849 79621
2537105761: 35617 71233
2540970721: 8521 298201
2544326929: 20593 123553
2544804811: 35671 71341
2554061777: 8093 315589
2555176501: 7621 335281
2560176001: 16001 160001
2563946353: 14741 173933
2564536201: 25321 101281
2565236783: 2969 864007
2568167965: 5 11 19 37 127 523
2568560051: 41381 62071
2574130561: 47041 54721
2574499441: 2671 963871
2575060949: 20717 124297
2577345541: 29311 87931
2579163931: 35911 71821
2589659873: 3617 715969
2592630301: 131 1171 16901
2596248013: 19259 134807
2598649381: 9811 264871
2601881911: 32261 80651
2602510633: 24049 108217
2607584401: 19301 135101
2607804013: 12037 216649
2616180821: 29531 88591
2622442663: 109 2053 11719
2622519355: 5 389 587 2297
2623457647: 5023 522289
2624397139: 7 13 47 613607
2625543071: 7907 332053
2640142871: 14221 185651
2646313951: 1051 2517901
2648671957: 25733 102929
2658635981: 31 47 911 2003
2664677761: 6961 382801
2675854567: 127 631 33391
2684255701: 211 631 20161
2685739897: 45319 59263
2687705281: 8641 311041
2697986713: 499 1163 4649
2704546027: 26003 104009
2706253801: 17341 156061
2709376001: 17351 156151
2712456601: 26041 104161
2713382401: 15361 176641
2717428033: 30097 90289
2722576501: 11971 227431
2723932801: 30133 90397
2724552907: 26099 104393
2728997441: 30161 90481
2731189577: 34213 79829
2734370293: 11149 245257
2743738003: 37039 74077
2744578081: 7 11719 33457
2745892351: 5701 481651
2747112481: 281 1009 9689
2748308707: 157 313 55927
2748406267: 3181 864007
2761545403: 37159 74317
2763277801: 17 53 3066901
2766712411: 541 1297 3943
2766983551: 13151 210401
2767569793: 14821 186733
2777065981: 521 911 5851
2787455941: 39397 70753
2787689473: 13633 204481
2790069931: 11 181 271 5171
2791053541: 37357 74713
2797012369: 6277 445597
2797520377: 8609 324953
2810613877: 12163 231079
2812672981: 15991 175891
2813512591: 37507 75013
2832384133: 30727 92179
2838633137: 13757 206341
2840441713: 1489 1907617
2840871041: 30773 92317
2848786987: 33757 84391
2854281673: 67 1783 23893
2859019663: 12109 236107
2869652281: 4027 712603
2869934491: 21871 131221
2889151021: 463 1303 4789
2893417201: 2593 1115857
2895004927: 26903 107609
2900875037: 13907 208591
2904676633: 24103 120511
2906933761: 10753 270337
2908737551: 47 691 89563
2916391501: 47 83 151 4951
2922769711: 15607 187273
2925729187: 53437 54751
2927565887: 2789 1049683
2930133601: 8161 359041
2930831641: 38281 76561
2934096647: 167 1163 15107
2935002857: 18059 162523
2943765631: 19183 153457
2945464273: 11317 260269
2946751921: 20161 146161
2949797251: 23311 126541
2950800343: 3767 783329
2954454231: 3 2297 428741
2957957011: 41113 71947
2961189169: 3019 980851
2962735691: 13159 225149
2965178677: 2347 1263391
2970761347: 15877 187111
2973097121: 31481 94441
2973363135: 3 5 2297 86297
2978650819: 29173 102103
2982232321: 20641 144481
2983823993: 4253 701581
2991449779: 223 1777 7549
2992143241: 127 163 144541
2992394501: 31583 94747
2998578019: 167 1163 15439
2999197837: 37 127 638263
3007394881: 19009 158209
3008333333: 31667 94999
3009217771: 7 31 1693 8191
3016392961: 15233 198017
3019916461: 20771 145391
3023160493: 3499 864007
3024242731: 34781 86951
3024677311: 33679 89809
3029512243: 12157 249199
3048323041: 30241 100801
3049355401: 2731 1116571
3051542971: 19531 156241
3057023737: 79 313 123631
3066754241: 31973 95917
3070208261: 31991 95971
3071080489: 3529 870241
3076638781: 35081 87701
3093102377: 18539 166843
3102954401: 44201 70201
3116834401: 32233 96697
3118266127: 12487 249721
3118411501: 21107 147743
3123578849: 22817 136897
3138750505: 5 11 19 523 5743
3149813767: 2707 1163581
3151562437: 6277 502081
3151811533: 13 2707 89563
3151837571: 6911 456061
3154599113: 4373 721381
3155584213: 73 4951 8731
3157888951: 7 223 2022991
3158172779: 22943 137653
3167445581: 26053 121577
3168181273: 16249 194977
3199236937: 13 43 47 263 463
3204544951: 37 523 165601
3219767461: 157 313 65521
3226864033: 32797 98389
3243675811: 523 6202057
3247318717: 28493 113969
3250670491: 7907 411113
3251835001: 15241 213361
3255266629: 23293 139753
3258193681: 7561 430921
3259543813: 8707 374359
3259595539: 36109 90271
3260299771: 23311 139861
3261636821: 31 131 131 6131
3273820903: 40459 80917
3274264033: 33037 99109
3282268441: 3499 938059
3285456491: 16547 198553
3287138401: 8191 401311
3298300831: 7 31 1297 11719
3299892877: 9199 358723
3302403001: 4421 746981
3303436681: 2141 1542941
3304629091: 11719 281989
3311236741: 33223 99667
3316160251: 15391 215461
3322563967: 127 181 144541
3327304501: 131 521 48751
3328600577: 14897 223441
3330853793: 19993 166601
3334614949: 14437 230977
3337201121: 33353 100057
3337776883: 7 73 1279 5107
3340178987: 47189 70783
3340984501: 28901 115601
3342005633: 33377 100129
3346562395: 5 11 127 181 2647
3346622381: 647 5172523
3349275151: 9151 366001
3351943513: 7669 437077
3355382857: 19309 173773
3357390451: 43801 76651
3364689851: 8951 375901
3364809085: 5 11 19 157 20509
3371634991: 4591 734401
3374564051: 7151 471901
3376513897: 43 2347 33457
3377265607: 11863 284689
3378839221: 8221 411001
3382316421: 3 11 2297 44621
3383477191: 41131 82261
3384791761: 13 31 269 31223
3390418133: 27449 123517
3392528621: 17123 198127
3393632257: 54721 62017
3407433121: 1249 2728129
3407609221: 33703 101107
3407952169: 23833 142993
3408200641: 41281 82561
3409799851: 47 73 993821
3415379701: 29221 116881
3428106301: 127 163 165601
3430066501: 17659 194239
3434575327: 29303 117209
3435991313: 43691 78643
3436351021: 53923 63727
3440195713: 10369 331777
3441666181: 33871 101611
3442964671: 41491 82981
3443429251: 181 271 70201
3444614881: 317 2371 4583
3450410261: 23981 143881
3455307997: 39631 87187
3457527637: 2467 1401511
3457896259: 24007 144037
3461078251: 71 6131 7951
3462909031: 41611 83221
3464236901: 24029 144169
3466495957: 48073 72109
3470716657: 26347 131731
3471848461: 22271 155891
3473220287: 1367 2540761
3480524989: 167 4483 4649
3483871969: 24097 144577
3484736677: 49891 69847
3485027911: 14759 236129
3485607139: 7 73 283 24103
3485894371: 18671 186701
3499181895: 3 5 11 167 126989
3505206301: 31 7951 14221
3507623351: 24179 145069
3512369857: 29633 118529
3521383951: 29671 118681
3535358863: 18803 188021
3536852221: 7 569 887987
3542682529: 5923 598123
3543203333: 34367 103099
3543941941: 17 197 229 4621
3548639779: 34183 103813
3549057689: 9109 389621
3552776081: 9281 382801
3556373647: 37717 94291
3559367501: 16901 210601
3563551991: 24371 146221
3567162901: 31 47 71 34483
3569632741: 8101 440641
3578583889: 9343 383023
3585080101: 30871 116131
3585107791: 3631 987361
3587042737: 19 37 127 40177
3587735269: 157 313 73009
3588321481: 11981 299501
3593444009: 24473 146833
3597988303: 7 13 73 109 4969
3603190371: 3 11 2447 44621
3604196251: 7951 453301
3605151241: 42457 84913
3607403801: 20021 180181
3609445051: 4051 891001
3612391451: 52051 69401
3612825221: 34703 104107
3621618331: 19031 190301
3631252511: 5393 673327
3634084871: 24611 147661
3636701071: 3271 1111801
3638653201: 30161 120641
3640847233: 19681 184993
3642034261: 34843 104527
3645453937: 2389 1525933
3652802011: 67 199 273967
3659422357: 10639 343963
3672550969: 22129 165961
3674242861: 17 53 241 16921
3674468299: 1259 2918561
3679512751: 36251 101501
3681160561: 13 73 331 11719
3688515685: 5 59 499 25057
3689127773: 15683 235231
3692529881: 131 911 30941
3693682207: 16879 218833
3694411001: 20261 182341
3706333003: 47 2357 33457
3715970161: 10949 339389
3722561363: 139 26781017
3723219757: 37 127 163 4861
3724065391: 12589 295819
3725164411: 15259 244129
3729201293: 8369 445597
3732641731: 7 13 41018041
3741975631: 28837 129763
3755202181: 7487 501563
3758679091: 17341 216751
3760896133: 35407 106219
3766963201: 14081 267521
3770116351: 8863 425377
3773061337: 30713 122849
3776907643: 46457 81299
3777563593: 4027 938059
3789787501: 30781 123121
3789843461: 35543 106627
3798130753: 15913 238681
3807044251: 30851 123401
3808924201: 55201 69001
3822308461: 43717 87433
3824339819: 25247 151477
3829656403: 43759 87517
3833649163: 40177 95419
3837485797: 37021 103657
3841061281: 29 197 421 1597
3841997281: 47 67 199 6131
3872902051: 22003 176017
3874186471: 25411 152461
3890736481: 36013 108037
3896103559: 19739 197381
3896536783: 22133 176051
3899144971: 26041 149731
3901625891: 6011 649081
3908908033: 36097 108289
3909342139: 3719 1051181
3917319841: 44257 88513
3919048057: 27997 139981
3933826951: 5927 663713
3935179579: 21517 182887
3951106469: 34429 114761
3954200881: 3613 1094437
3955054027: 51349 77023
3964119001: 31481 125921
3979234351: 22303 178417
3994742977: 17 53 241 18397
3995826847: 51613 77419
4001047109: 11549 346441
4007690413: 21341 187793
4014995419: 9343 429733
4019042303: 29347 136949
4020957379: 50131 80209
4023311231: 18311 219721
4024697041: 157 313 81901
4026394351: 7 73 991 7951
4030165651: 1051 3834601
4032550661: 55793 72277
4034969401: 661 1321 4621
4035028861: 44917 89833
4035498409: 20089 200881
4039781749: 23209 174061
4042578403: 44959 89917
4045525021: 9181 440641
4047464957: 16427 246391
4070491489: 19237 211597
4071676471: 2767 1471513
4073703841: 6481 628561
4079583199: 23899 170701
4079877037: 52153 78229
4083174343: 55927 73009
4085074909: 6067 673327
4086437587: 31963 127849
4089168877: 9491 430847
4091041501: 31981 127921
4091862377: 21323 191899
4095652933: 30169 135757
4098208297: 32009 128033
4098318481: 24197 169373
4100037769: 20249 202481
4100313301: 7 31 103 183451
4101913619: 167 4483 5479
4104383851: 22651 181201
4106680447: 13267 309541
4108235773: 13513 304021
4124825251: 521 1171 6761
4132839637: 10867 380311
4135847101: 11551 358051
4136118629: 22279 185651
4141560361: 13721 301841
4142622061: 7639 542299
4145048461: 239 2143 8093
4149986891: 6791 611101
4156580741: 37223 111667
4166630119: 51031 81649
4167453271: 5011 831661
4169018881: 5851 712531
4174073731: 20431 204301
4175362133: 37307 111919
4178535769: 28909 144541
4179339529: 157 631 42187
4187360341: 45757 91513
4192060699: 16187 258977
4201877791: 18521 226871
4210095667: 32443 129769
4218234211: 22963 183697
4248771337: 13037 325901
4252197331: 21157 200983
4256352907: 53269 79903
4256411399: 63029 67531
4262925031: 13469 316499
4274245793: 23873 179041
4274447311: 37 181 638263
4275230917: 32693 130769
4277949001: 48751 87751
4287612127: 20707 207061
4289466871: 79 313 173473
4292146561: 10771 398491
