205: 5 41
341: 11 31
361: 19 19
411: 3 137
703: 19 37
1435: 5 7 41
1603: 7 229
2509: 13 193
2947: 7 421
4371: 3 31 47
4521: 3 11 137
4681: 31 151
4859: 43 113
5713: 29 197
6601: 7 23 41
6889: 83 83
7633: 17 449
8651: 41 211
8911: 7 19 67
9271: 73 127
9881: 41 241
12741: 3 31 137
13333: 67 199
13357: 19 19 37
14981: 71 211
18103: 43 421
18299: 29 631
21115: 5 41 103
26335: 5 23 229
30457: 7 19 229
34113: 3 83 137
38503: 139 277
46945: 5 41 229
48133: 127 379
48583: 19 2557
50851: 211 241
54289: 233 233
59311: 7 37 229
80137: 127 631
83333: 167 499
85849: 293 293
86305: 5 41 421
88831: 211 421
94609: 37 2557
96139: 127 757
96409: 229 421
97831: 19 19 271
101461: 241 421
114589: 19 37 163
124307: 197 631
127141: 7 41 443
136681: 103 1327
140151: 3 11 31 137
170545: 5 23 1483
201531: 3 11 31 197
224407: 349 643
226801: 337 673
239149: 379 631
254759: 373 683
260965: 5 19 41 67
272035: 5 41 1327
286903: 379 757
296321: 257 1153
328615: 5 7 41 229
339607: 229 1483
342259: 59 5801
382123: 7 79 691
387001: 173 2237
412933: 79 5227
417589: 409 1021
442267: 7 23 41 67
442331: 631 701
477667: 631 757
507235: 5 229 443
561601: 433 1297
578683: 7 19 19 229
587861: 443 1327
604135: 5 7 41 421
651353: 313 2081
653333: 467 1399
656601: 3 11 101 197
658711: 19 37 937
663181: 631 1051
674863: 7 229 421
708401: 281 2521
710533: 487 1459
748681: 31 24151
758021: 11 137 503
821059: 227 3617
850513: 349 2437
873181: 661 1321
891955: 5 19 41 229
922609: 173 5333
923077: 19 19 2557
954271: 691 1381
969001: 11 137 643
994507: 499 1993
1024651: 19 199 271
1038331: 7 19 37 211
1043659: 37 67 421
1048591: 19 229 241
1084201: 521 2081
1126909: 7 19 37 229
1294411: 41 131 241
1313599: 7 23 41 199
1365407: 29 197 239
1368541: 181 7561
1507963: 971 1553
1510441: 1229 1229
1584133: 727 2179
1621777: 691 2347
1690501: 751 2251
1713607: 7 229 1069
1736965: 5 37 41 229
1764445: 5 23 67 229
1773289: 7 19 67 199
1797571: 19 37 2557
1803601: 601 3001
1811573: 389 4657
1831771: 19 229 421
1834837: 857 2141
2084891: 41 211 241
2134277: 1193 1789
2162469: 3 197 3659
2203321: 281 7841
2205967: 743 2969
2274161: 263 8647
2480879: 263 9433
2510587: 157 15991
2544871: 7 211 1723
2727649: 739 3691
2741311: 1171 2341
2756213: 107 25759
2781505: 5 19 19 23 67
2831379: 3 83 83 137
2848217: 563 5059
2948947: 859 3433
2976487: 863 3449
2983627: 19 373 421
3077441: 641 4801
3079859: 59 52201
3305089: 17 433 449
3309073: 79 41887
3314389: 13 193 1321
3567133: 37 229 421
3604903: 29 197 631
3646801: 151 24151
3767233: 577 6529
3785099: 269 14071
3850001: 401 9601
3889517: 1063 3659
3913003: 1399 2797
4090501: 541 7561
4098871: 7 229 2557
4111381: 1171 3511
4119301: 829 4969
4140277: 47 137 643
4224533: 1187 3559
4381273: 13 337021
4686391: 1531 3061
4787245: 5 37 113 229
4788421: 11 643 677
4797253: 19 163 1549
4903921: 11 31 73 197
4964491: 7 19 163 229
5240665: 5 23 199 229
5427091: 127 151 283
5481451: 31 151 1171
5489641: 1657 3313
5514931: 31 73 2437
5575013: 557 10009
5960677: 977 6101
6058249: 337 17977
6121291: 11 29 31 619
6157601: 1433 4297
6255831: 3 31 137 491
6278533: 1447 4339
6279661: 523 12007
6300929: 907 6947
6374215: 5 19 229 293
6469789: 1609 4021
6539527: 1279 5113
6688081: 281 23801
6805189: 787 8647
6909321: 3 137 16811
6922441: 19 37 43 229
6938611: 659 10529
6955541: 1523 4567
6969511: 1867 3733
7216501: 251 28751
7423771: 787 9433
7483673: 1429 5237
7616311: 79 229 421
7686401: 1601 4801
7719001: 61 126541
7724305: 5 37 43 971
7840087: 373 21019
7913401: 31 397 643
8034293: 173 46441
8039571: 3 31 137 631
8056951: 7 41 67 419
8219251: 2341 3511
8362241: 557 15013
8417251: 1451 5801
8478883: 7 19 37 1723
8830801: 7 19 67 991
8880449: 1217 7297
8931441: 3 31 137 701
9080191: 2131 4261
9131401: 2137 4273
9132631: 31 151 1951
9158959: 479 19121
9483629: 463 20483
9493903: 2179 4357
9495181: 643 14767
9725369: 347 28027
9834781: 11 31 151 191
9993631: 1291 7741
10044139: 7 41 79 443
10598173: 1723 6151
10666613: 1193 8941
10755499: 677 15887
10856341: 73 127 1171
10875151: 7 37 199 211
10880137: 613 17749
10958221: 31 151 2341
11351341: 19 37 67 241
11478565: 5 7 19 41 421
11607051: 3 31 137 911
11644333: 1609 7237
11900401: 601 19801
11929921: 2237 5333
12015631: 31 331 1171
12098521: 673 17977
12193105: 5 23 229 463
12330811: 127 151 643
12975691: 1471 8821
13012501: 2083 6247
13137083: 1709 7687
13315339: 1999 6661
13324411: 1291 10321
13448593: 1297 10369
13780621: 211 241 271
13960981: 661 21121
13996951: 1871 7481
14019391: 883 15877
14078991: 3 31 47 3221
14155251: 3 11 31 101 137
14166871: 1087 13033
14303809: 13 193 5701
14405965: 5 7 41 10039
14469841: 73 379 523
14551057: 313 46489
14608133: 2207 6619
14731363: 1637 8999
14783203: 2719 5437
15187789: 463 32803
15239281: 631 24151
15421267: 37 163 2557
15556417: 3329 4673
15576571: 2791 5581
15654043: 19 19 103 421
15691843: 47 137 2437
15888313: 7 19 67 1783
15995449: 1789 8941
16073281: 7 37 229 271
16282381: 1721 9461
16381711: 73 349 643
16434991: 31 151 3511
16611661: 11 73 137 151
16621697: 3329 4993
16660001: 1361 12241
16661633: 2357 7069
16705021: 1669 10009
16872061: 311 54251
16945633: 2377 7129
16947145: 5 19 19 41 229
17122051: 23 41 67 271
17327773: 2633 6581
17449417: 2089 8353
17528941: 541 32401
18079231: 31 643 907
18218149: 349 52201
18318211: 311 58901
18357211: 19 19 211 241
18692227: 883 21169
19212821: 2531 7591
19258867: 139 349 397
19336591: 29 31 137 157
19763845: 5 41 229 421
19767161: 2521 7841
20081953: 3169 6337
20117467: 2243 8969
20179603: 139 145177
20558281: 61 337021
20593189: 829 24841
21089755: 5 113 163 229
21322153: 1033 20641
21408271: 211 241 421
21411271: 7 19 19 37 229
21511573: 229 93937
21953593: 1657 13249
22017205: 5 7 41 67 229
22112911: 1663 13297
22117177: 127 349 499
22352995: 5 7 37 41 421
22781861: 1949 11689
22806811: 607 37573
22828651: 1951 11701
22903921: 181 126541
22947181: 1811 12671
23316751: 1291 18061
23898767: 269 88843
24073201: 211 271 421
24227971: 229 241 439
24450611: 3221 7591
24452201: 101 242101
24725977: 293 84389
25056697: 1669 15013
25382701: 1051 24151
25696133: 2927 8779
25960585: 5 7 41 79 229
26280073: 73 157 2293
26694361: 2311 11551
26719701: 3 29 197 1559
27301123: 523 52201
27441577: 1657 16561
27799721: 313 88817
27900841: 1321 21121
27956503: 3739 7477
28019605: 5 41 103 1327
28296781: 2011 14071
28499689: 127 349 643
28647253: 1693 16921
29099977: 4021 7237
29120053: 1039 28027
29369831: 3319 8849
29446561: 19 37 41887
30017293: 1733 17321
30039031: 11 31 137 643
30141469: 29 757 1373
30269071: 7 19 37 6151
30371923: 127 379 631
30759899: 4447 6917
30809941: 61 193 2617
30987809: 2273 13633
31165417: 1117 27901
31198441: 1951 15991
31436123: 1619 19417
31465369: 13 193 12541
31513861: 1621 19441
31564303: 23 67 20483
31767121: 2521 12601
32067991: 19 19 211 421
32191765: 5 41 373 421
32322067: 2843 11369
32429431: 4027 8053
32692519: 1279 25561
32984641: 17 433 4481
33002335: 5 19 37 41 229
33180261: 3 31 47 7591
34153849: 19 19 37 2557
34225661: 1511 22651
34376755: 5 7 421 2333
34745047: 4813 7219
34803649: 19 19 229 421
35231899: 157 349 643
35433883: 919 38557
35798491: 4231 8461
35820937: 2677 13381
36436681: 127 379 757
36466795: 5 19 43 79 113
36557251: 151 242101
37108243: 3853 9631
37675771: 7 23 241 971
37687711: 293 293 439
38143891: 691 55201
38439523: 6043 6361
38654197: 3109 12433
39214771: 1933 20287
39248119: 937 41887
39555055: 5 19 23 43 421
39638017: 353 112289
39662393: 3217 12329
40071565: 5 79 229 443
40173187: 5011 8017
40214029: 277 145177
41070781: 3079 13339
41343751: 631 65521
41538751: 1901 21851
41725631: 1523 27397
42025201: 401 104801
42149971: 4591 9181
42495049: 1423 29863
42606661: 5653 7537
42652429: 5059 8431
42764453: 1259 33967
43036003: 4639 9277
43397551: 31 73 127 151
43838341: 3823 11467
43893937: 3313 13249
44304619: 647 68477
44796161: 887 50503
45219329: 5209 8681
45537901: 2551 17851
45583201: 1873 24337
45585181: 271 168211
46342369: 2053 22573
46483633: 7 19 373 937
46728533: 3947 11839
47248961: 5953 7937
47335135: 5 113 199 421
47392057: 409 115873
48075821: 41 131 8951
48908521: 2473 19777
48960409: 2857 17137
49556905: 5 41 103 2347
49735351: 4987 9973
49832441: 5701 8741
50087467: 3539 14153
50111059: 2239 22381
50249761: 4093 12277
50309227: 6221 8087
51563701: 7 19 229 1693
51574573: 73 127 5563
51627817: 3593 14369
51733921: 4153 12457
51932035: 5 19 41 67 199
52017001: 4001 13001
52487293: 1321 39733
52522021: 1621 32401
53267329: 3329 16001
53373497: 4783 11159
53687561: 971 55291
53949011: 2999 17989
54300629: 509 106681
54376921: 131 443 937
54778501: 19 19 41 3701
54866593: 3313 16561
55901509: 4729 11821
56420033: 4337 13009
57530419: 2399 23981
58448449: 3673 15913
58725703: 5419 10837
59422801: 3001 19801
59953741: 2927 20483
60002321: 2521 23801
60033403: 5479 10957
60155929: 3469 17341
60518641: 911 66431
60663709: 127 631 757
61072051: 211 241 1201
61171951: 3911 15641
61491187: 4729 13003
61754941: 5557 11113
62373137: 2633 23689
62749369: 3169 19801
63012541: 653 96497
63065281: 2203 28627
64928443: 653 99431
65045053: 193 337021
65255273: 4219 15467
65394385: 5 7 41 199 229
66029521: 3673 17977
66345221: 4703 14107
66794761: 11 127 137 349
66922309: 2467 27127
67539301: 1801 37501
67680491: 3359 20149
67706501: 4751 14251
67775527: 19 37 229 421
67902031: 43 271 5827
68057371: 2677 25423
68182003: 5839 11677
68514601: 601 114001
68768569: 3709 18541
69600833: 4817 14449
71458355: 5 23 419 1483
71757091: 7 19 211 2557
72614959: 1019 71261
72729073: 3673 19801
73153381: 7 103 241 421
73352731: 41 1789091
74329399: 23 937 3449
74772673: 4673 16001
74853871: 31 151 15991
74985607: 5477 13691
75743651: 1451 52201
76164013: 3299 23087
76192117: 2003 38039
76232581: 1381 55201
77146831: 6211 12421
77330323: 7 19 229 2539
77418841: 1447 53503
77878549: 7 19 229 2557
79420151: 1151 69001
79894861: 7741 10321
79924961: 1721 46441
81567151: 8647 9433
81587353: 29 197 14281
82006159: 499 164341
82139471: 1511 54361
82155481: 2617 31393
82630369: 2273 36353
82941409: 163 199 2557
85050253: 349 379 643
85181401: 7993 10657
85719871: 6547 13093
85866923: 1553 55291
86026313: 1229 69997
86682571: 1223 70877
86911111: 7 19 19 163 211
87051229: 2333 37313
87155713: 3529 24697
87430253: 7243 12071
87466843: 3307 26449
87594497: 2417 36241
87676681: 53 1117 1481
88011133: 7 23 41 67 199
88132169: 3833 22993
88335739: 127 349 1993
88741171: 3331 26641
88749043: 907 97849
89918713: 3673 24481
90178901: 5483 16447
90335233: 229 421 937
91258651: 11 101 82141
91700311: 599 153089
91798991: 4517 20323
92181079: 23 41 67 1459
92779831: 19 37 271 487
92794477: 1543 60139
94424947: 43 113 19433
94502701: 4861 19441
94835341: 109 870049
95987161: 1117 85933
96743609: 2081 46489
96878101: 5683 17047
96904081: 6961 13921
97113451: 1051 92401
97796953: 4423 22111
98680909: 229 430921
99050617: 827 119771
99690097: 13 193 39733
99898801: 8161 12241
100227781: 3019 33199
100424041: 2137 46993
101049089: 1499 67411
101146261: 6361 15901
102035251: 5051 20201
102294427: 6397 15991
102690901: 5851 17551
102823777: 7 23 37 41 421
103448809: 4549 22741
103888517: 2237 46441
104360887: 883 118189
104488201: 19 19 241 1201
104569081: 5281 19801
107182117: 7 163 93937
107586361: 7841 13721
109175711: 137 499 1597
109635037: 509 215393
109891783: 1483 74101
110413333: 6067 18199
110513971: 631 175141
110631841: 6073 18217
110876197: 3797 29201
111187751: 1151 96601
113050831: 31 151 24151
113409721: 233 233 2089
113953501: 691 164911
114329881: 7561 15121
114910489: 127 659 1373
115789339: 2269 51031
116151661: 7621 15241
116811829: 19 41 113 1327
117445987: 5419 21673
118277581: 4111 28771
118306333: 1021 115873
119257933: 229 421 1237
119448391: 59 349 5801
120038365: 5 41 229 2557
121099829: 4493 26953
121135711: 2347 51613
121188061: 19 19 37 43 211
122750629: 349 547 643
123434929: 4969 24841
125122099: 4567 27397
125176021: 439 285139
125478937: 6337 19801
126233581: 31 137 29723
126386261: 6491 19471
127166061: 3 11 31 197 631
127213837: 2437 52201
127664461: 71 421 4271
128706931: 19 229 29581
129543805: 5 19 41 79 421
130388567: 5897 22111
130693393: 5113 25561
130944133: 6607 19819
131467051: 991 132661
131765299: 29 47 277 349
132051151: 43 1201 2557
132122911: 1319 100169
132215071: 1087 121633
132338881: 3469 38149
132806171: 197 491 1373
133441001: 3851 34651
133623361: 31 73 137 431
134392091: 3347 40153
136346761: 1013 134597
136373603: 59 2311417
136545067: 5843 23369
137200981: 6763 20287
137589251: 10321 13331
138346915: 5 7 41 229 421
139308571: 1483 93937
139810201: 7741 18061
141273231: 3 11 31 197 701
141600817: 349 631 643
141605707: 683 207329
142623937: 19 37 202879
142922413: 4519 31627
144052021: 43 211 15877
144980749: 997 145417
145863911: 4931 29581
146319151: 11 137 151 643
147028001: 7001 21001
147124193: 9041 16273
147567617: 3137 47041
148359509: 4973 29833
148910653: 8629 17257
149848201: 6121 24481
150024253: 3163 47431
150192667: 79 937 2029
150265117: 10009 15013
150461551: 19 19 163 2557
150634681: 61 2469421
150988753: 8689 17377
151285891: 953 158747
151658227: 7 37 229 2557
151833561: 3 11 167 27551
152144731: 151 643 1567
152525251: 73 101 137 151
152748877: 1667 91631
152797927: 10093 15139
153589801: 151 701 1451
153691807: 6199 24793
153708463: 11821 13003
154586881: 2593 59617
155661637: 6043 25759
155897309: 6581 23689
156970353: 3 137 617 619
157542533: 7247 21739
158001721: 263 421 1427
160177069: 13 193 63841
160317821: 61 461 5701
161184013: 4799 33587
162395521: 4817 33713
163340941: 4831 33811
163759753: 9049 18097
163852999: 6361 25759
164391041: 97 353 4801
164411911: 9067 18133
167013001: 29 127 137 331
167070385: 5 79 229 1847
167514871: 2719 61609
168082741: 3529 47629
168130981: 19 421 21019
169234003: 9199 18397
169819081: 1669 101749
169876099: 349 643 757
170173741: 4931 34511
170446249: 5839 29191
170546851: 571 298681
171356527: 3499 48973
173068309: 3967 43627
174785131: 5531 31601
175536991: 7 19 37 35671
175883041: 3217 54673
176030977: 4423 39799
176036249: 5417 32497
176592883: 1237 142759
177550591: 3847 46153
179820257: 8779 20483
181035793: 379 631 757
181812541: 10193 17837
183330241: 7591 24151
183656509: 1429 128521
183692323: 19 19 199 2557
183799027: 19 1427 6779
184073191: 1051 175141
184531051: 3631 50821
184686961: 349 643 823
184828177: 2081 88817
186125633: 7877 23629
186407581: 10321 18061
186623641: 7841 23801
187407221: 1481 126541
188382487: 6863 27449
189679969: 4153 45673
190166789: 2389 79601
190761731: 5639 33829
191661881: 12301 15581
191834567: 43 263 16963
194907511: 4789 40699
195909931: 7 19 37 41 971
197239591: 9931 19861
197322401: 2551 77351
200083333: 8167 24499
200100781: 5347 37423
200722777: 4723 42499
200801089: 4273 46993
201678787: 19 19 421 1327
202531501: 9001 22501
207132481: 10177 20353
207688141: 37 67 199 421
208051201: 6451 32251
209213929: 6469 32341
209558935: 5 37 443 2557
209802581: 8363 25087
211356599: 41 971 5309
212069089: 19 19 37 15877
213969001: 461 464141
216315457: 4903 44119
216542327: 2003 108109
216762671: 6011 36061
217331731: 31 73 137 701
218092735: 5 7 19 19 41 421
218112133: 8527 25579
218220861: 3 83 137 6397
218943349: 5227 41887
218973241: 3673 59617
219412321: 6151 35671
219416689: 13249 16561
220402981: 883 249607
220591051: 3167 69653
221983871: 1571 141301
222252221: 3221 69001
222416981: 977 227653
224294533: 8647 25939
224316577: 727 308551
224502101: 41 211 25951
224824321: 19 37 241 1327
225197887: 12253 18379
225306901: 1801 125101
225550051: 11353 19867
225724523: 4637 48679
227444101: 7541 30161
227742091: 1381 164911
228053701: 31 107 197 349
228995791: 31 7386961
231194965: 5 23 229 8779
231432541: 241 421 2281
231779659: 9629 24071
232149517: 4339 53503
233988721: 4243 55147
234610291: 10831 21661
234671185: 5 7 19 23 67 229
234870301: 10837 21673
236615641: 151 643 2437
237687851: 4451 53401
238496833: 433 550801
240327481: 5531 43451
240646099: 733 328303
240876161: 13441 17921
242095981: 12301 19681
243347347: 2467 98641
243576341: 9011 27031
244883981: 6389 38329
244983961: 7561 32401
245112351: 3 11 1597 4651
245159911: 127 523 3691
246517813: 229 421 2557
247043791: 9941 24851
247426261: 1061 233201
247669853: 5333 46441
248290927: 7879 31513
248644705: 5 41 43 67 421
248724901: 41 211 28751
250514551: 7 23 41 37951
250612831: 7 19 937 2011
251056111: 5011 50101
252321401: 4651 54251
254558461: 79 229 14071
255159521: 281 908041
255866131: 11311 22621
256435345: 5 37 229 6053
257618089: 6553 39313
258676741: 31 73 151 757
258877721: 6569 39409
259249355: 5 41 953 1327
260265911: 3803 68437
260583529: 3229 80701
261125747: 3299 79153
261703417: 8089 32353
262480501: 8101 32401
262872481: 2473 106297
264350521: 11497 22993
264633601: 12601 21001
266252647: 41 199 32633
267122395: 5 113 421 1123
267180817: 5449 49033
268505551: 11587 23173
268621021: 8761 30661
269235793: 2213 121661
269547739: 6703 40213
269731841: 4241 63601
270868561: 6221 43541
273611671: 3331 82141
273948551: 4651 58901
274810241: 12841 21401
275444419: 5693 48383
275520205: 5 41 229 5869
276738881: 929 297889
278943061: 9643 28927
280312003: 11839 23677
281047561: 2221 126541
281387701: 7 19 37 211 271
282044407: 15331 18397
283125295: 5 37 41 163 229
283741111: 137 643 3221
284168161: 19 229 241 271
284803213: 6379 44647
286412881: 6397 44773
287359001: 211 241 5651
288422339: 2153 133963
288496391: 911 316681
292016323: 2467 118369
292961183: 8069 36307
294830531: 11597 25423
295201861: 571 516991
298772209: 7057 42337
299060161: 12583 23767
299587201: 4801 62401
300055009: 1193 251513
301603371: 3 31 47 69001
302818001: 5801 52201
302877931: 223 1358197
303338491: 131 443 5227
303639337: 8713 34849
306009817: 337 908041
307119151: 41 131 211 271
307219097: 5843 52579
307484143: 3739 82237
311403061: 11161 27901
313338061: 12517 25033
315551419: 1303 242173
315689977: 5923 53299
321021037: 4789 67033
324771067: 7069 45943
325938251: 14741 22111
327531613: 1993 164341
328652501: 3701 88801
330073381: 11 127 349 677
330837445: 5 113 229 2557
333067151: 7451 44701
333619357: 9133 36529
334356023: 5279 63337
334963333: 10567 31699
335027023: 2719 123217
335469421: 7 23 41 50821
336100213: 15877 21169
336270017: 6113 55009
336293579: 7487 44917
338455153: 13009 26017
340185163: 13381 25423
340863307: 11677 29191
342117001: 3001 114001
342859843: 6547 52369
343666181: 2861 120121
344064109: 7573 45433
344966599: 3643 94693
346827889: 8329 41641
348668321: 10781 32341
348693193: 2953 118081
349138567: 9343 37369
350170013: 1973 177481
351124555: 5 23 67 199 229
352233883: 379 397 2341
353162107: 5023 70309
353795401: 431 701 1171
353932801: 15361 23041
355962577: 17977 19801
356786887: 7283 48989
363957541: 5701 63841
366395977: 2089 175393
366487201: 13537 27073
367307461: 5779 63559
367589581: 7247 50723
371500921: 11 151 191 1171
372383857: 9649 38593
374325841: 13681 27361
375441247: 5179 72493
377498201: 211 1789091
379732501: 11251 33751
383005477: 19 19 41 113 229
383362849: 2053 186733
383443201: 7681 49921
383763169: 1237 310237
383793541: 11311 33931
384365827: 9803 39209
386952421: 6221 62201
387154801: 11 127 431 643
387503957: 16073 24109
388268689: 997 389437
388313297: 6569 59113
389566153: 15913 24481
390536309: 7283 53623
391222657: 7 163 199 1723
393611653: 14029 28057
394181011: 7 19 41 72287
396036877: 16249 24373
396106261: 11491 34471
398599489: 8929 44641
399954673: 83 83 58057
400374253: 14149 28297
402997651: 7 23 41 61051
403043257: 19 37 43 67 199
403095967: 10039 40153
405513151: 4111 98641
407945737: 6733 60589
408113479: 15319 26641
409450091: 3323 123217
410884921: 6577 62473
413058601: 31 73 349 523
413670661: 11743 35227
414832969: 9109 45541
415039087: 4159 99793
417767201: 11801 35401
420383251: 16741 25111
424706905: 5 7 19 37 41 421
429360361: 3407 126023
431105621: 3461 124561
431170931: 241 1789091
433099159: 1487 291257
433984123: 397 1093159
434181529: 9319 46591
434482057: 73 307 19387
434959939: 41 113 223 421
435860497: 9337 46681
437029477: 10453 41809
437597101: 7907 55343
439349401: 281 521 3001
439378301: 9461 46441
440159627: 4283 102769
441651841: 4481 98561
443629261: 6661 66601
446965201: 181 2469421
448388449: 1759 254911
448835191: 7 211 229 1327
448904597: 2447 183451
449956757: 1789 251513
450640667: 17333 25999
453457441: 6421 70621
453476017: 233 233 8353
455712913: 8069 56477
456118001: 4001 114001
458869951: 10711 42841
460277301: 3 11 101 197 701
462058231: 2677 172603
463421999: 13183 35153
463885381: 1597 290473
464382361: 5227 88843
465658903: 15259 30517
466290949: 6829 68281
466621373: 1429 326537
466802695: 5 103 421 2153
468513097: 13 193 186733
469636861: 9241 50821
470736631: 47 73 137201
471168253: 15349 30697
471963991: 2281 206911
472928881: 2011 235171
473335201: 19 41 607619
474663887: 17789 26683
474970501: 12583 37747
478396801: 19 43 229 2557
479445613: 9337 51349
481984049: 5669 85021
482164597: 17929 26893
483175351: 29 379 43961
483351217: 10993 43969
487119137: 14449 33713
487141741: 19 37 271 2557
487311445: 5 41 373 6373
487890703: 15619 31237
488087851: 103 1327 3571
491261161: 233 233 9049
491646403: 15679 31357
495600449: 13633 36353
495729811: 37 41 229 1427
496409941: 19 229 271 421
497521741: 8431 59011
498528911: 2011 247901
498662561: 12893 38677
499289581: 7 19 37 241 421
499844801: 21001 23801
499994335: 5 269 421 883
501823081: 3499 143419
503929843: 229 421 5227
504577585: 5 19 1999 2657
505239737: 18353 27529
505314829: 7109 71081
506568043: 4799 105557
507434383: 379 1338877
507520133: 13007 39019
507683611: 229 241 9199
510968641: 4993 102337
511121161: 10111 50551
513453151: 241 1427 1493
513559981: 11 31 137 10993
514333315: 5 41 1069 2347
514759393: 14071 36583
515362897: 7 19 229 16921
515807893: 7369 69997
516419201: 1361 379441
516465007: 7187 71861
517567051: 16087 32173
517937581: 7 37 1291 1549
518061857: 1697 305281
518810491: 4027 128833
520809451: 11411 45641
521140411: 11 29 31 151 349
523786591: 7591 69001
525336787: 349 643 2341
526745041: 13931 37811
526926553: 6367 82759
532258271: 9419 56509
535235023: 127 631 6679
535517581: 8747 61223
537649601: 16001 33601
539019361: 16417 32833
539327461: 3221 167441
540984949: 3877 139537
542225971: 7 19 19 229 937
545016721: 17401 31321
545738203: 16519 33037
546117301: 19081 28621
547281851: 9551 57301
549162511: 7411 74101
552231661: 2221 248641
552832291: 11 151 167 1993
553299571: 11 137 571 643
553519495: 5 19 19 23 67 199
553997209: 17977 30817
554118661: 13591 40771
560484307: 7487 74861
563156281: 1999 281719
564271381: 3623 155747
564894541: 349 701 2309
566689927: 11903 47609
567737633: 13757 41269
568598941: 7541 75401
568948561: 12457 45673
570423751: 19501 29251
571765321: 337 673 2521
573181381: 7219 79399
573183451: 11971 47881
574950643: 7583 75821
575498503: 47 137 139 643
578987651: 11 31 101 16811
580351591: 137 701 6043
581442679: 37 163 229 421
582065851: 241 1201 2011
582971005: 5 41 1327 2143
583061411: 6971 83641
584868181: 13963 41887
585281791: 17107 34213
587444287: 12119 48473
591589153: 73 137 149 397
593513131: 6091 97441
595660157: 9013 66089
595996699: 9967 59797
597458413: 9239 64667
604892947: 7253 83399
608668217: 2657 229081
610954777: 7237 84421
611111593: 673 908041
611374453: 4759 128467
613297351: 101 127 137 349
613472257: 15361 39937
613965041: 11681 52561
614886049: 7477 82237
616120231: 107 5758133
616238407: 20269 30403
617016913: 41 229 65717
617718193: 4327 142759
622137601: 14401 43201
625167901: 22051 28351
626516881: 9461 66221
626777407: 12007 52201
627044365: 5 19 19 37 41 229
629907841: 19441 32401
633289807: 12583 50329
636859339: 10303 61813
636936697: 11287 56431
639055843: 1483 430921
640071461: 71 9015091
640730503: 7 2557 35797
643552909: 10357 62137
645073669: 4657 138517
647679397: 5839 110923
649448647: 617 643 1637
650982907: 379 757 2269
653343463: 4519 144577
655185019: 16189 40471
659739307: 2803 235369
660237299: 4283 154153
660966353: 3833 172441
661541809: 17341 38149
662137519: 2207 300017
664566007: 7 41 443 5227
666028721: 173 1721 2237
668115973: 7 163 229 2557
669528667: 139 277 17389
669916099: 10567 63397
670987021: 9791 68531
671235373: 13291 50503
672115501: 41 241 251 271
672332629: 2179 308551
674234201: 10601 63601
675288901: 7 23 41 102301
676094581: 4597 147073
676760761: 3121 216841
678055811: 10631 63781
679757003: 6947 97849
680726381: 3919 173699
681705361: 21649 31489
683032673: 2357 289789
684951763: 6311 108533
685667317: 13093 52369
689327731: 9283 74257
690531301: 829 832969
691259201: 16001 43201
694192921: 16369 42409
696439873: 4339 160507
703307279: 2267 310237
703606393: 7 37 229 11863
704884267: 4003 176089
705180737: 6857 102841
705883951: 18787 37573
706031761: 2833 249217
706562851: 13291 53161
709046269: 4783 148243
711752251: 7 41 683 3631
713151281: 12829 55589
714388897: 1297 550801
715065553: 229 421 7417
715427861: 15443 46327
715435447: 23 67 199 2333
715965043: 15991 44773
717096641: 15461 46381
717446131: 9781 73351
720440033: 15497 46489
720452701: 13421 53681
721410241: 5701 126541
722757569: 4447 162527
724222789: 5653 128113
724969087: 13463 53849
726151861: 19 19 41 71 691
727719751: 11 137 643 751
728962345: 5 23 37 67 2557
731075491: 3187 229393
733013341: 6991 104851
736929631: 20521 35911
743404663: 103 1123 6427
745520569: 13903 53623
747083891: 11159 66949
749478601: 1951 384151
750674611: 37 1327 15289
751449799: 14653 51283
756318751: 13751 55001
756927251: 8629 87719
761932033: 15937 47809
764089201: 22051 34651
764923477: 13829 55313
765406153: 12373 61861
766306135: 5 7 67 229 1427
767553151: 22621 33931
772502095: 5 19 19 37 43 269
772841161: 6553 117937
774693917: 7187 107791
775136251: 19687 39373
775165789: 17609 44021
778020671: 29 31 137 6317
784042309: 8443 92863
785671921: 947 829643
785965889: 4673 168193
788940833: 16217 48649
792952141: 569 1393589
793067251: 101 149 151 349
797584921: 7 241 421 1123
799354891: 73 127 151 571
802052029: 5087 157667
803744371: 20047 40093
804801421: 73 307 35911
804958831: 4603 174877
806684533: 349 2311417
808002511: 2719 297169
808587137: 9479 85303
813015901: 7621 106681
815791901: 23321 34981
816315683: 13469 60607
817100201: 29 31 101 8999
818929621: 19 37 421 2767
821376533: 16547 49639
825210433: 7297 113089
825978521: 8941 92381
829512001: 14401 57601
830664451: 14411 57641
834085183: 59 2437 5801
834669181: 13879 60139
842858693: 1949 432457
845585689: 13 193 337021
845901955: 5 37 41 229 487
846397371: 3 31 137 66431
849606031: 20611 41221
849674731: 6871 123661
851026261: 16843 50527
854706613: 3229 264697
855073301: 16883 50647
857493913: 3037 282349
861243769: 29 127 379 617
863867005: 5 23 229 32803
863946931: 4243 203617
864014581: 89 1321 7349
868088341: 17011 51031
869046401: 4721 184081
873631027: 14779 59113
874837633: 17077 51229
876850801: 211 421 9871
876935935: 5 113 607 2557
877532671: 20947 41893
878406913: 577 1522369
879995689: 22111 39799
880951717: 7933 111049
881214067: 14843 59369
883880329: 7433 118913
885517331: 25771 34361
885960973: 9413 94121
887570599: 12163 72973
890266651: 6091 146161
894281851: 9833 90947
905042755: 5 23 37 212701
907475851: 10651 85201
908736097: 15073 60289
909494299: 7 19 37 421 439
910020833: 17417 52249
914195537: 10079 90703
915641821: 21397 42793
922007815: 5 79 229 10193
922845241: 21481 42961
925461031: 11 151 677 823
927634069: 1789 518521
928261657: 2683 345979
938030101: 17683 53047
939059749: 27409 34261
939950353: 881 1066913
942126481: 1741 541141
947332387: 5279 179453
950515541: 11941 79601
950693251: 19501 48751
951941161: 21817 43633
955609903: 21859 43717
956776501: 7561 126541
960485107: 11317 84871
965587681: 7537 128113
965607301: 1051 918751
966526201: 8623 112087
967287751: 15551 62201
972486469: 9403 103423
973368481: 18013 54037
973802941: 947 1028303
976396961: 18041 54121
977046533: 18047 54139
977668891: 67 199 73327
982390501: 28351 34651
982468033: 233 233 18097
982930801: 2281 430921
983486593: 353 2786081
989283481: 12841 77041
992552581: 829 1197289
994113451: 28201 35251
995586373: 9109 109297
997589881: 1423 701047
1006194401: 9601 104801
1007323357: 10037 100361
1007970583: 1493 675131
1008777001: 15881 63521
1009884191: 71 211 67411
1013529889: 757 1338877
1015269391: 22531 45061
1015429141: 19 199 271 991
1016236967: 6287 161641
1016411329: 9613 105733
1018405741: 10009 101749
1019066597: 11657 87421
1020220661: 9221 110641
1020869891: 29581 34511
1025734681: 461 2225021
1025831893: 6829 150217
1027050499: 20269 50671
1030758301: 8581 120121
1033184629: 5869 176041
1033501877: 26249 39373
1037492149: 8053 128833
1037769461: 3797 273313
1039585249: 6449 161201
1045649953: 229 1483 3079
1051551931: 157 1951 3433
1054999441: 12277 85933
1058216801: 26561 39841
1058843503: 7417 142759
1058982553: 3709 285517
1059618281: 197 701 7673
1061616151: 73 101 137 1051
1064519011: 23071 46141
1064564833: 5701 186733
1067323951: 11551 92401
1068761027: 26693 40039
1069100101: 9859 108439
1073299501: 16381 65521
1073729801: 7151 150151
1075654303: 13931 77213
1076649137: 4129 260753
1079770021: 11 29 31 137 797
1080124657: 16433 65729
1084242361: 9133 118717
1085117101: 12451 87151
1089808495: 5 41 103 51613
1097931409: 4243 258763
1098000091: 23431 46861
1101623381: 19163 57487
1102667297: 21739 50723
1103102191: 11743 93937
1104194521: 23497 46993
1106094881: 8741 126541
1106576857: 16633 66529
1106786911: 2677 413443
1106999731: 349 643 4933
1108973251: 16651 66601
1110148033: 19237 57709
1110794041: 7 229 271 2557
1110891601: 19 79 271 2731
1115431111: 151 7386961
1118940643: 37 2557 11827
1119042497: 21737 51481
1120348681: 3631 308551
1123433977: 11173 100549
1124199259: 6917 162527
1124454421: 10111 111211
1129235647: 10627 106261
1134300511: 15877 71443
1134342151: 10651 106501
1135685633: 19457 58369
1138289041: 23857 47713
1138471951: 16871 67481
1141350211: 37 4159 7417
1143025057: 24809 46073
1144198351: 211 241 22501
1144665703: 17389 65827
1146856729: 47 137 277 643
1147525333: 4139 277247
1153410871: 25673 44927
1156995407: 27773 41659
1159896277: 17029 68113
1165795651: 151 643 12007
1168221121: 7459 156619
1170318337: 12289 95233
1170464849: 1289 908041
1172817151: 11 101 151 6991
1175291353: 47 137 349 523
1175297761: 11 29 31 157 757
1176293413: 24697 47629
1179097411: 1291 913321
1182142171: 7 19 67 132661
1191216133: 19927 59779
1196141857: 547 2186731
1203860981: 43 113 247759
1205045761: 13121 91841
1208871091: 523 2311417
1212297847: 28429 42643
1218768571: 241 271 18661
1218997641: 3 137 701 4231
1221044653: 24709 49417
1221767831: 30271 40361
1228718651: 23369 52579
1228848571: 127 1171 8263
1231331011: 22651 54361
1232516171: 21499 57329
1238018797: 28729 43093
1239269487: 3 631 677 967
1241586921: 3 31 47 284051
1241764105: 5 43 1499 3853
1247486041: 2089 597169
1250109853: 14071 88843
1251773353: 15823 79111
1252222619: 14447 86677
1252569361: 14449 86689
1255983901: 9151 137251
1256652013: 13399 93787
1257776251: 14479 86869
1260332137: 163 487 15877
1264145401: 107 743 15901
1272068351: 13171 96581
1277461693: 12637 101089
1277592061: 7621 167641
1280837381: 20663 61987
1282037191: 29 197 349 643
1286298133: 20707 62119
1287735013: 19 19 37 229 421
1291529221: 4391 294131
1291733431: 4447 290473
1294717321: 1171 1105651
1295247871: 11677 110923
1297538881: 6271 206911
1297712641: 15361 84481
1299736397: 227 1583 3617
1300033141: 11 29 137 151 197
1302145267: 18043 72169
1302594841: 16141 80701
1303644413: 9323 139831
1305573761: 8941 146021
1311255661: 13687 95803
1316151019: 293 293 15331
1317357553: 10067 130859
1318890961: 7573 174157
1321169851: 67 79 249607
1326805759: 3079 430921
1328560801: 29761 44641
1329325201: 19489 68209
1329865759: 13591 97849
1335956761: 541 2469421
1336328371: 7 37 79 241 271
1337641391: 149 8977459
1339712515: 5 19 19 41 43 421
1341620281: 16381 81901
1342481407: 11587 115861
1343856961: 8641 155521
1345377061: 7 19 163 229 271
1354991653: 26029 52057
1356328121: 8681 156241
1358906383: 6967 195049
1368769681: 26161 52321
1373095051: 31601 43451
1376911381: 7013 196337
1379466043: 7919 174197
1382453333: 21467 64399
1385258785: 5 229 443 2731
1388910953: 6101 227653
1389353941: 11239 123619
1389675541: 21523 64567
1394942473: 73 127 379 397
1397917019: 20479 68261
1401238441: 16741 83701
1401429137: 12479 112303
1403929759: 29 197 397 619
1406826241: 14177 99233
1407713899: 3343 421093
1409640571: 19 211 241 1459
1410521941: 26557 53113
1422755293: 1117 1273729
1425109243: 28537 49939
1426015501: 29251 48751
1433928581: 21863 65587
1434212641: 37871 37871
1434818911: 31 631 73351
1436675041: 10513 136657
1437809941: 5783 248627
1440231941: 21911 65731
1440752827: 18979 75913
1445530421: 13171 109751
1445637889: 3457 418177
1451596801: 33601 43201
1452297701: 34471 42131
1453672481: 22013 66037
1457464633: 12073 120721
1460115763: 9007 162109
1460935699: 2543 574493
1462017101: 211 241 28751
1465057729: 8353 175393
1467817471: 27091 54181
1470532457: 5717 257221
1472221921: 22153 66457
1472650999: 15667 93997
1479276223: 12163 121621
1479692431: 7 19 19 229 2557
1481489719: 9623 153953
1482127001: 13001 114001
1482213041: 9941 149101
1484742533: 22247 66739
1486156253: 239 6218227
1494595801: 27337 54673
1497262321: 13681 109441
1501163821: 157 349 27397
1501280273: 30013 50021
1502434501: 19381 77521
1503109351: 211 421 16921
1505109329: 5009 300481
1507121801: 12941 116461
1508392441: 16561 91081
1511558533: 22447 67339
1521620101: 8317 182953
1526664091: 16661 91631
1527557737: 15013 101749
1529817171: 3 31 3221 5107
1532755369: 17509 87541
1533366841: 10861 141181
1540550413: 30403 50671
1542299513: 9257 166609
1542818611: 6211 248401
1544773195: 5 7 41 421 2557
1547543161: 27817 55633
1549196221: 229 421 16069
1549765687: 659 2351693
1552103821: 14891 104231
1559497739: 31663 49253
1560400139: 16127 96757
1562393977: 4759 328303
1563607081: 27961 55921
1569202181: 22871 68611
1570295161: 29 379 142871
1570997431: 28027 56053
1575343771: 29 31 349 5021
1577983489: 14347 109987
1579364053: 293 293 18397
1585242889: 13033 121633
1585646401: 131 421 28751
1585802401: 1051 1508851
1589202247: 14557 109171
1594247143: 25253 63131
1595751041: 3221 495421
1605840053: 14633 109741
1608380401: 421 1201 3181
1610083333: 23167 69499
1610920477: 613 2627929
1613445835: 5 79 229 17837
1613842001: 32801 49201
1614341431: 28411 56821
1614830201: 17401 92801
1617795181: 14221 113761
1618882697: 2777 582961
1625925121: 15241 106681
1630091891: 14057 115963
1630161541: 23311 69931
1633240001: 23333 69997
1634861971: 211 271 28591
1635548221: 28597 57193
1640509561: 8839 185599
1640659051: 4051 405001
1645846291: 19 19 1783 2557
1646590843: 14347 114769
1648754441: 21401 77041
1648919221: 6421 256801
1649461301: 33161 49741
1651880413: 12853 128521
1656280033: 23497 70489
1657258921: 73 1171 19387
1657541719: 29 239 379 631
1658247053: 31543 52571
1659784501: 19 19 67 163 421
1663451551: 16651 99901
1664282335: 5 79 443 9511
1664401289: 1879 885791
1665597781: 23563 70687
1666443151: 24151 69001
1674658133: 23627 70879
1676311151: 19301 86851
1681378363: 7 2557 93937
1683174533: 23687 71059
1688639041: 19 37 241 9967
1691113999: 25183 67153
1694776777: 13723 123499
1697213407: 20599 82393
1699369813: 6287 270299
1702705309: 2203 772903
1703024371: 24517 69463
1703130133: 23827 71479
1704230929: 21649 78721
1709881273: 18493 92461
1710074269: 5237 326537
1714144513: 15649 109537
1717670605: 5 7 41 229 5227
1727194153: 11527 149839
1729741469: 10739 161071
1735749163: 3023 574181
1739057633: 24077 72229
1739544493: 5477 317609
1742288881: 17041 102241
1743446251: 19 19 71 251 271
1744541713: 37649 46337
1745655463: 9343 186841
1750665251: 10301 169951
1751506093: 14797 118369
1756891393: 7297 240769
1760706811: 29671 59341
1766114281: 2521 700561
1770293953: 37633 47041
1772853473: 3797 466909
1779456277: 79 421 53503
1782642601: 16561 107641
1783309555: 5 41 103 84457
1783464391: 7039 253369
1783483297: 9689 184073
1785451519: 5647 316177
1786210597: 2053 870049
1787197843: 14947 119569
1789618153: 1429 1252357
1790023861: 29917 59833
1795125851: 21799 82349
1796170351: 21191 84761
1807512881: 22961 78721
1811173807: 16693 108499
1812472795: 5 7 19 23 163 727
1814044795: 5 41 421 21019
1818955231: 14629 124339
1820116561: 11833 153817
1820306953: 30169 60337
1822479751: 30187 60373
1823766557: 11027 165391
1823915273: 12329 147937
1826422831: 5927 308153
1827405311: 23087 79153
1834306081: 3463 529687
1835882695: 5 19 229 84389
1837494583: 1709 1075187
1838362121: 4721 389401
1839860713: 19183 95911
1840840321: 16217 113513
1842556453: 1637 1125569
1845230923: 19 19 1999 2557
1848998971: 2731 677041
1852869061: 12979 142759
1854804331: 421 1723 2557
1856114371: 23029 80599
1856489923: 5563 333721
1856828647: 13627 136261
1859810371: 6359 292469
1860843997: 37 67 421 1783
1862202985: 5 41 421 21577
1866796933: 5279 353627
1866986893: 15277 122209
1869885073: 7 23 41 229 1237
1871006095: 5 7 19 41 163 421
1875981313: 8663 216551
1876486753: 15877 118189
1880504033: 25037 75109
1882341991: 151 643 19387
1883509633: 25057 75169
1889512561: 5521 342241
1892482661: 3923 482407
1892594401: 35521 53281
1896689737: 19477 97381
1899768763: 37747 50329
1902184201: 211 9015091
1905586801: 7177 265513
1910668033: 25237 75709
1918249165: 5 7 41 79 16921
1923311317: 27737 69341
1926511511: 12671 152041
1931886601: 151 701 18251
1934350351: 21991 87961
1935590473: 13913 139121
1935945229: 59 149 349 631
1935969211: 11 29 757 8017
1938945289: 17977 107857
1940174209: 19699 98491
1940423647: 1723 1126189
1944125633: 25457 76369
1946526721: 23041 84481
1946847233: 11393 170881
1955219311: 31267 62533
1957908877: 7589 257993
1962730531: 31327 62653
1963181081: 18089 108529
1970707051: 73 101 137 1951
1975987001: 29101 67901
1982554177: 11497 172441
1984474507: 36373 54559
1985365243: 25579 77617
1985812523: 6619 300017
1988672533: 25747 77239
1994747833: 13 89 193 8933
1999779355: 5 7 19 19 163 971
2001676991: 11597 172603
2001707569: 21493 93133
2004299641: 31657 63313
2006570791: 19 37 41 43 1619
2009028911: 29 631 109789
2009621503: 31699 63397
2013821191: 19 229 462841
2018260627: 14207 142061
2018761111: 31771 63541
2023215001: 2851 709651
2024149843: 15907 127249
2030076721: 449 1009 4481
2037233839: 18427 110557
2040289987: 3163 645049
2041626773: 30697 66509
2041842541: 39133 52177
2046528013: 17099 119687
2048518441: 7069 289789
2050510439: 36307 56477
2054080729: 20269 101341
2057835781: 32077 64153
2059739221: 26203 78607
2063228203: 32119 64237
2063680669: 4789 430921
2063748283: 2659 776137
2063876333: 173 2237 5333
2066902273: 3457 597889
2072488771: 32191 64381
2073151519: 1399 1481881
2080477297: 73 127 349 643
2080483051: 8861 234791
2088768533: 26387 79159
2093747801: 37361 56041
2096046457: 9157 228901
2096091427: 859 2440153
2096625301: 229 419 21851
2101799071: 41851 50221
2101815811: 25111 83701
2102235769: 19777 106297
2108318851: 23 41 241 9277
2113487293: 6037 350089
2114088923: 31237 67679
2115769633: 26557 79669
2116795591: 883 2397277
2122609061: 8867 239383
2123462881: 397 617 8669
2126773741: 17431 122011
2128527697: 12583 169159
2135567821: 17467 122263
2136164101: 5647 378283
2141598721: 3217 665713
2154060721: 11257 191353
2154486401: 1409 1529089
2156807521: 11 1171 167441
2157125101: 1951 1105651
2163118411: 1399 1546189
2165485191: 3 31 47 495421
2166348241: 2521 859321
2166999751: 7 163 211 9001
2169323861: 26891 80671
2174988817: 20857 104281
2175136133: 26927 80779
2178203117: 2333 933649
2181221251: 11 137 643 2251
2183952457: 6967 313471
2184630481: 11 31 1171 5471
2184744451: 23371 93481
2184865009: 16033 136273
2196839041: 27061 81181
2201924341: 33181 66361
2214761251: 23531 94121
2216149111: 11 31 73 127 701
2218401659: 28843 76913
2219540753: 36493 60821
2224183501: 23581 94321
2226197773: 5059 440047
2227207399: 19267 115597
2228690311: 619 3600469
2230500301: 17851 124951
2231451691: 7 41 443 17551
2231576551: 24151 92401
2233031701: 27283 81847
2234695231: 33427 66853
2238329411: 941 2378671
2242724851: 33487 66973
2248777733: 8941 251513
2252818457: 9689 232513
2253376133: 27407 82219
2257333801: 19801 114001
2260590061: 17971 125791
2262064709: 977 2315317
2262861901: 33637 67273
2271944149: 9833 231053
2274169561: 30161 75401
2278164829: 11933 190913
2278829281: 19489 116929
2280728935: 5 19 41 229 2557
2282268971: 4931 462841
2286489397: 23909 95633
2287447111: 13807 165673
2289171361: 2521 908041
2292223501: 22051 103951
2293014533: 27647 82939
2294455411: 33871 67741
2295578911: 5647 406513
2299904881: 41 1291 43451
2300319061: 27691 83071
2309600743: 13381 172603
2313536191: 26681 86711
2316946501: 37951 61051
2321002001: 2473 938537
2323746127: 229 421 24103
2323866169: 21559 107791
2329584217: 39409 59113
2331181621: 34141 68281
2333010751: 24151 96601
2335522393: 21613 108061
2336209219: 7127 327797
2349498499: 29683 79153
2354044537: 13 181080349
2362478311: 25981 90931
2371547869: 8747 271127
2373627527: 2999 791473
2375073955: 5 23 67 199 1549
2378530433: 24113 98641
2379503947: 39829 59743
2380603501: 34501 69001
2387675861: 19949 119689
2387712493: 1123 2126191
2389350911: 6311 378601
2389419973: 8263 289171
2397022669: 46681 51349
2397616633: 27901 85933
2398237609: 349 643 10687
2401402309: 5659 424351
2403352451: 8951 268501
2404942541: 20021 120121
2408160641: 8543 281887
2417707117: 7 19 163 229 487
2421822301: 37201 65101
2423979919: 26317 92107
2428547131: 41231 58901
2430828271: 131 443 41887
2438450249: 2393 1018993
2439608359: 7283 334973
2445423389: 9029 270841
2445579907: 31277 78191
2446709441: 11 31 83 137 631
2448848981: 28571 85711
2452221017: 40433 60649
2459139481: 127 757 25579
2464848101: 331 859 8669
2478577333: 4643 533831
2478845569: 31489 78721
2481134947: 8543 290429
2482617853: 32957 75329
2483253781: 28771 86311
2483322319: 17093 145283
2486973649: 38629 64381
2488420801: 43201 57601
2501942941: 21169 118189
2502552497: 12917 193741
2510040517: 10957 229081
2514929581: 35461 70921
2520014617: 7793 323369
2521278841: 1021 2469421
2532598591: 9511 266281
2534231935: 5 37 41 229 1459
2534536981: 139 277 65827
2534780029: 9043 280303
2536093591: 223 11372617
2537726491: 157 2797 5779
2538947809: 15193 167113
2548776871: 20611 123661
2548992293: 3389 752137
2555016481: 15241 167641
2556163279: 1999 1278721
2557026451: 7 37 2719 3631
2561857943: 5573 459691
2571917041: 9109 282349
2572505321: 463 5556167
2576121913: 6553 393121
2588328991: 2341 1105651
2597294701: 36037 72073
2597484301: 8741 297161
2598933481: 443 1327 4421
2599301791: 6361 408631
2600483651: 1451 1792201
2607682901: 241 367 29483
2611764047: 3461 754627
2614765721: 11159 234319
2619335731: 31 331 397 643
2621622151: 43 421 144817
2622993661: 9199 285139
2625047521: 29581 88741
2625912901: 15451 169951
2626838281: 18121 144961
2626937147: 48989 53623
2628048655: 5 23 229 99793
2629303993: 337 673 11593
2634352001: 33601 78401
2636360191: 36307 72613
2637513001: 19801 133201
2643585551: 41981 62971
2650169857: 38371 69067
2650180649: 21017 126097
2651317345: 5 229 443 5227
2661906001: 19501 136501
2662572251: 3251 819001
2665209457: 17209 154873
2669001337: 28297 94321
2675834407: 27127 98641
2681050861: 19571 136991
2684846953: 23173 115861
2685320317: 31249 85933
2686776511: 12959 207329
2686816133: 29927 89779
2690411257: 23197 115981
2692810429: 13399 200971
2700878599: 32869 82171
2704678409: 2477 1091917
2708293741: 43541 62201
2713868203: 5197 522199
2715365971: 36847 73693
2720171633: 4217 645049
2728176067: 40699 67033
2733494401: 11 101 1051 2341
2743738003: 37039 74077
2747118271: 79 241 144289
2754547987: 42853 64279
2758172737: 12049 228913
2762384635: 5 19 19 41 163 229
2762621851: 11 137 643 2851
2763982957: 8419 328303
2764709641: 23 67 113 15877
2766006253: 37189 74377
2766403333: 30367 91099
2770343869: 33289 83221
2770649641: 8221 337021
2774083831: 22807 121633
2783042731: 7 41 79 131 937
2793839051: 19301 144751
2808054289: 19 41 79 103 443
2812486501: 11 31 101 127 643
2813512591: 37507 75013
2826128971: 37591 75181
2831354881: 15361 184321
2838000211: 28771 98641
2844272309: 21773 130633
2852167501: 19 19 41 131 1471
2857919401: 337 673 12601
2862352351: 23167 123553
2866005139: 8923 321193
2870118421: 30931 92791
2881506313: 7 19 37 229 2557
2885235893: 113 463 55147
2894667781: 31063 93187
2898886201: 281 521 19801
2913401611: 38167 76333
2915953633: 31177 93529
2923345063: 3923 745181
2927266123: 15619 187417
2929062533: 31247 93739
2944080133: 31327 93979
2946617501: 839 3512059
2947114801: 28351 103951
2947429531: 73 139 290473
2948512981: 2221 1327561
2967053953: 42193 70321
2975728277: 5483 542719
2984225197: 6829 436993
2986528151: 44621 66931
2992394501: 31583 94747
2992473067: 21187 141241
2994415201: 27361 109441
2998970087: 19997 149971
3009756751: 27431 109721
3015502181: 44029 68489
3016023661: 7 37 211 229 241
3024774901: 19 37 271 15877
3028586471: 15887 190633
3030393901: 20807 145643
3039831201: 3 11 31 239 12433
3049400251: 37 163 421 1201
3069522523: 19 23 41 67 2557
3081070423: 30403 101341
3083053387: 27763 111049
3085388821: 12421 248401
3086767657: 24847 124231
3088032001: 3001 1029001
3088989931: 229 3449 3911
3091735853: 7159 431867
3094374151: 11 31 73 197 631
3094792471: 421 463 15877
3096618001: 8161 379441
3099122317: 7507 412831
3100485943: 19687 157489
3123604381: 14431 216451
3125830489: 15217 205417
3127218733: 163 199 229 421
3127692583: 1933 1618051
3130386821: 32303 96907
3136231333: 19 37 4461211
3142863751: 28031 112121
3148795021: 14029 224449
3150110269: 17749 177481
3159316801: 26497 119233
3168181273: 16249 194977
3175391647: 11503 276049
3185730001: 73 2251 19387
3189494879: 28537 111767
3191296499: 23063 138373
3194164513: 30097 106129
3194911963: 53623 59581
3195438151: 54251 58901
3203854321: 11321 283001
3210995863: 27127 118369
3215435455: 5 19 41 463 1783
3223362451: 9241 348811
3229602401: 23201 139201
3233558021: 32831 98491
3237953293: 29191 110923
3248561821: 23269 139609
3249335941: 32911 98731
3254147821: 10781 301841
3254578597: 12757 255121
3258464689: 12457 261577
3260470403: 1499 2175097
3269806957: 19 19 37 229 1069
3280018381: 21647 151523
3284386561: 29 197 547 1051
3286184287: 28663 114649
3299956747: 28723 114889
3304307341: 21727 152083
3309091141: 14071 235171
3309118699: 35227 93937
3312489577: 46993 70489
3317090599: 6607 502057
3319069951: 11299 293749
3320412265: 5 41 79 421 487
3322551403: 40759 81517
3323829169: 30817 107857
3328600577: 14897 223441
3329008381: 30841 107941
3335083753: 8009 416417
3336384031: 50023 66697
3342916609: 14929 223921
3362531537: 44917 74861
3363763231: 41011 82021
3364070533: 33487 100459
3366269281: 11969 281249
3372338953: 11827 285139
3373684081: 35569 94849
3383791321: 521 2081 3121
3394190857: 47569 71353
3402234749: 23813 142873
3430295971: 23911 143461
3439846441: 12799 268759
3457896259: 24007 144037
3469969339: 5197 667687
3472923073: 5569 623617
3488214971: 14071 247901
3490037173: 7 19 19 37 163 229
3496571851: 8719 401029
3497214337: 29569 118273
3502404577: 7 19 199 132331
3504238681: 6011 582971
3505364101: 34183 102547
3507805153: 16427 213539
3512095777: 6113 574529
3527015461: 37561 93901
3540968051: 2153 1644667
3543203333: 34367 103099
3544007419: 2647 1338877
3545342959: 33587 105557
3547080781: 22511 157571
3552562889: 13007 273127
3561427871: 911 3909361
3569741281: 6481 550801
3573430873: 6997 510709
3578189341: 24421 146521
3583121701: 31 137 733 1151
3584669635: 5 79 2731 3323
3586532617: 19963 179659
3588492337: 349 643 15991
3589855999: 13627 263437
3595831207: 29983 119929
3599942113: 26833 134161
3602006101: 34651 103951
3603812869: 1427 2525447
3615042833: 46573 77621
3619001209: 21727 166567
3620475679: 36847 98257
3621990439: 1567 2311417
3633334657: 13829 262733
3643701821: 10061 362161
3659807257: 8233 444529
3659990077: 2557 1431361
3661416461: 173 2237 9461
3672754633: 27103 135511
3673379123: 263 13967221
3682694731: 67 79 241 2887
3688061441: 47041 78401
3697278427: 30403 121609
3697434133: 35107 105319
3698276741: 35111 105331
3702277801: 49681 74521
3705308951: 24851 149101
3711361921: 137 643 42131
3715430413: 23039 161267
3717140599: 4729 786031
3719123423: 33403 111341
3728463481: 43177 86353
3732065677: 6569 568133
3734017561: 14821 251941
3734708071: 9011 414461
3735788489: 24953 149713
3750270721: 26113 143617
3751259087: 33547 111821
3760740811: 7591 495421
3760896133: 35407 106219
3763710721: 47521 79201
3779428481: 8609 439009
3784195633: 37339 101347
3785056549: 25117 150697
3785356387: 30763 123049
3790244389: 19469 194681
3795353311: 421 9015091
3796112473: 12323 308051
3799597411: 6427 591193
3803679181: 23311 163171
3806023441: 11 137 503 5021
3808444993: 12343 308551
3818466901: 241 2551 6211
3819021781: 31 5101 24151
3825067555: 5 19 19 23 199 463
3825368779: 19559 195581
3828029851: 6451 593401
3832807681: 43777 87553
3839077243: 19 19 2557 4159
3843146341: 25309 151849
3851330281: 2857 1348033
3857134103: 35069 109987
3863326897: 199 937 20719
3864129781: 15541 248641
3865604023: 13903 278041
3874135651: 50821 76231
3874523017: 20749 186733
3881940661: 3511 1105651
3882346903: 44059 88117
3882425251: 37951 102301
3888048709: 4969 782461
3892503691: 25471 152821
3892655603: 1493 2607271
3904886917: 29 197 643 1063
3905533721: 18041 216481
3907116571: 13327 293173
3919048057: 27997 139981
3928572681: 3 11 31 137 28031
3929293061: 36191 108571
3937526911: 44371 88741
3939646189: 48619 81031
3942332501: 36251 108751
3944377361: 3697 1066913
3946866061: 3677 1073393
3947434681: 4523 872747
3956561701: 14431 274171
3963010339: 15877 249607
3963221851: 15739 251809
3964935913: 22993 172441
3975750241: 491 701 11551
3978103361: 1871 2126191
3984622963: 54667 72889
3985034023: 19963 199621
3988288279: 33757 118147
3990448081: 3881 1028201
3991544129: 25793 154753
3992486389: 15797 252737
3992790751: 29251 136501
3995070041: 15913 251057
3995487919: 17389 229771
3995826847: 51613 77419
4002054281: 9431 424351
4003647859: 47 137 643 967
4007116621: 22381 179041
4018641667: 20047 200461
4020401953: 23767 169159
4034832621: 3 31 137 316681
4034969401: 661 1321 4621
4034993269: 25933 155593
4038283783: 229 421 41887
4047925591: 6053 668747
4048013773: 13267 305119
4054737941: 8273 490117
4055746861: 24071 168491
4056595993: 109 37216477
4076419609: 13933 292573
4077201577: 337 673 17977
4086816311: 26099 156589
4091862377: 21323 191899
4093466677: 10973 373049
4102530067: 37 103 421 2557
4111256839: 10687 384697
4112358251: 38039 108109
4122190321: 14011 294211
4127655001: 4139 997259
4129013513: 46489 88817
4131865553: 9221 448093
4133928761: 26249 157489
4134189937: 21433 192889
4137865933: 12157 340369
4139022961: 4969 832969
4141055749: 4597 900817
4144821157: 2797 1481881
4144945351: 32191 128761
4145695321: 12301 337021
4160411251: 32251 129001
4163551597: 1117 3727441
4167848221: 18637 223633
4175362133: 37307 111919
4177630531: 34549 120919
4181121563: 44621 93703
4187360341: 45757 91513
4191510311: 4421 948091
4204264033: 17 449 550801
4210095667: 32443 129769
4210641091: 19 229 271 3571
4212827701: 14891 282911
4214737853: 16763 251431
4215124009: 22573 186733
4217270071: 7 443 1359971
4218093773: 18749 224977
4229830291: 24151 175141
4231459597: 53113 79669
4232966251: 32531 130121
4234738201: 101 197 331 643
4242218671: 31051 136621
4246940161: 23041 184321
4247990917: 57773 73529
4250911061: 37643 112927
4252692089: 44549 95461
4255288237: 41257 103141
4263507091: 30781 138511
4267640833: 37717 113149
4270403971: 151 1171 24151
4274783221: 17351 246371
4275227851: 59 1451 49939
4277167753: 21737 196769
4277526901: 26701 160201
4289096761: 17299 247939
4291571233: 15889 270097
4293088801: 21841 196561
