9: 3 3
21: 3 7
25: 5 5
27: 3 3 3
63: 3 3 7
91: 7 13
189: 3 3 3 7
231: 3 7 11
289: 17 17
365: 5 73
785: 5 157
1431: 3 3 3 53
1729: 7 13 19
1825: 5 5 73
2101: 11 191
2133: 3 3 3 79
2701: 37 73
3925: 5 5 157
4011: 3 7 191
4187: 53 79
5041: 71 71
5551: 7 13 61
6533: 47 139
6817: 17 401
9211: 61 151
10585: 5 29 73
11461: 73 157
13021: 29 449
13525: 5 5 541
13741: 7 13 151
14981: 71 211
16297: 43 379
16441: 41 401
19909: 43 463
19951: 71 281
20017: 37 541
20329: 29 701
22765: 5 29 157
27731: 11 2521
28153: 47 599
29891: 71 421
32743: 137 239
39493: 73 541
43825: 5 5 1753
44121: 3 7 11 191
44801: 71 631
47197: 109 433
47611: 47 1013
52941: 3 7 2521
57305: 5 73 157
58969: 109 541
59291: 211 281
61777: 163 379
75241: 67 1123
76049: 113 673
83261: 139 599
84937: 157 541
88831: 211 421
90457: 17 17 313
92453: 59 1567
102719: 59 1741
102991: 7 14713
108841: 31 3511
109061: 191 571
111361: 193 577
113049: 3 3 3 53 79
115889: 17 17 401
118301: 281 421
127969: 73 1753
128161: 11 61 191
132193: 163 811
133141: 211 631
140807: 139 1013
145225: 5 5 37 157
145351: 191 761
146791: 181 811
148417: 193 769
153781: 61 2521
154645: 5 157 197
163885: 5 73 449
175477: 379 463
177311: 281 631
187461: 3 3 3 53 131
191191: 7 11 13 191
191269: 13 14713
194221: 167 1163
200431: 7 11 19 137
218161: 17 41 313
219781: 271 811
222529: 193 1153
226801: 337 673
227767: 239 953
229411: 7 13 2521
234253: 433 541
251251: 7 11 13 251
254185: 5 29 1753
255865: 5 73 701
265651: 421 631
267859: 277 967
275221: 157 1753
282133: 307 919
286525: 5 5 73 157
290629: 163 1783
294409: 37 73 109
307369: 379 811
314749: 449 701
317251: 11 151 191
318551: 461 691
328167: 3 3 7 5209
340171: 13 137 191
352465: 5 157 449
380671: 151 2521
398413: 239 1667
416161: 281 1481
434531: 571 761
443713: 577 769
459709: 233 1973
474631: 521 911
481511: 191 2521
514447: 359 1433
522349: 229 2281
527351: 11 191 251
529453: 29 18257
550285: 5 157 701
572293: 163 3511
582351: 3 7 11 2521
603721: 17 17 2089
606787: 599 1013
611425: 5 5 37 661
626077: 37 16921
635491: 181 3511
636949: 157 4057
661981: 103 6427
665281: 577 1153
682891: 11 62081
718537: 283 2539
764941: 331 2311
765703: 619 1237
769757: 227 3391
795159: 3 3 53 1667
838201: 7 13 61 151
855553: 257 3329
867043: 199 4357
886657: 769 1153
948373: 541 1753
951481: 271 3511
954271: 691 1381
987325: 5 5 73 541
1033853: 263 3931
1053761: 593 1777
1056331: 727 1453
1063651: 71 71 211
1088891: 191 5701
1115631: 3 3 11 59 191
1163051: 71 16381
1166791: 461 2531
1169533: 37 73 433
1231169: 769 1601
1235233: 73 16921
1269621: 3 3 3 59 797
1285579: 359 3581
1303701: 3 7 62081
1330669: 379 3511
1338883: 7 13 14713
1373653: 829 1657
1380751: 251 5501
1416521: 71 71 281
1442167: 331 4357
1446013: 811 1783
1459009: 1021 1429
1461241: 37 73 541
1480805: 5 73 4057
1483945: 5 449 661
1566891: 3 3 3 131 443
1588651: 953 1667
1600411: 71 22541
1745931: 3 11 191 277
1748921: 691 2531
1817641: 7 103 2521
1830277: 29 63113
1831285: 5 541 677
1890433: 97 19489
1987021: 997 1993
2085245: 5 29 73 197
2122261: 71 71 421
2123425: 5 5 157 541
2133721: 17 313 401
2133751: 251 8501
2259583: 709 3187
2284453: 1069 2137
2314657: 283 8179
2387797: 773 3089
2399151: 3 53 79 191
2422297: 137 17681
2552689: 673 3793
2586229: 509 5081
2603381: 11 311 761
2629801: 541 4861
2728147: 1567 1741
2741311: 1171 2341
2746589: 677 4057
2843849: 1033 2753
2847421: 811 3511
2924401: 61 191 251
2943851: 1051 2801
2950081: 241 12241
2976487: 863 3449
3086623: 23 67 2003
3167539: 727 4357
3180871: 71 71 631
3199225: 5 5 73 1753
3240541: 1361 2381
3255271: 571 5701
3257057: 881 3697
3309967: 199 16633
3372529: 103 137 239
3375487: 919 3673
3455101: 13 61 4357
3456391: 211 16381
3613071: 3 7 11 15641
3634111: 13 19 14713
3862207: 983 3929
3878873: 17 401 569
3913003: 1399 2797
3913267: 47 139 599
3935485: 5 449 1753
3939751: 613 6427
4019857: 167 24071
4082653: 1429 2857
4093273: 37 110629
4139059: 67 163 379
4178539: 1093 3823
4209661: 71 211 281
4225759: 239 17681
4330861: 787 5503
4338461: 761 5701
4538431: 31 281 521
4568401: 163 28027
4576513: 809 5657
4603061: 281 16381
4671577: 967 4831
4712269: 661 7129
4752665: 5 29 73 449
4756151: 211 22541
4769251: 251 19001
5090821: 1303 3907
5131573: 1433 3581
5173601: 929 5569
5176153: 1609 3217
5195167: 1117 4651
5245821: 3 3 7 83267
5292631: 1627 3253
5296621: 11 191 2521
5502061: 887 6203
5505523: 331 16633
5506501: 7 11 13 5501
5603333: 1367 4099
5883517: 2269 2593
6027711: 3 797 2521
6081769: 617 9857
6144265: 5 701 1753
6200401: 73 157 541
6282451: 7 61 14713
6307001: 71 211 421
6330721: 1453 4357
6334021: 281 22541
6395821: 1549 4129
6539527: 1279 5113
6569911: 811 8101
6617929: 47 139 1013
6663805: 5 73 18257
6838525: 5 5 37 7393
6880525: 5 5 157 1753
6896401: 421 16381
6955541: 1523 4567
6973063: 2287 3049
7155325: 5 5 433 661
7362959: 317 23227
7398373: 457 16189
7405201: 1361 5441
7420085: 5 29 73 701
7438957: 43 172999
7442389: 823 9043
7462001: 911 8191
7545511: 43 379 463
7644673: 577 13249
7686401: 1601 4801
7757177: 569 13633
7832683: 443 17681
7879681: 1621 4861
7935721: 31 281 911
7937839: 7 13 19 4591
8064163: 317 25439
8075917: 73 110629
8086231: 2011 4021
8140513: 1217 6689
8197393: 449 18257
8231653: 2029 4057
8264461: 1087 7603
8309225: 5 5 29 73 157
8309841: 3 89 31123
8399371: 71 281 421
8509501: 7 11 13 8501
8656525: 5 5 346261
8880449: 1217 7297
8902741: 1723 5167
8968259: 1223 7333
9080191: 2131 4261
9127721: 29 449 701
9154261: 541 16921
9158959: 479 19121
9345541: 59 151 1049
9453011: 71 211 631
9489761: 421 22541
9544201: 401 23801
10024561: 71 271 521
10111731: 3 7 191 2521
10153537: 193 52609
10183177: 37 157 1753
10221485: 5 29 157 449
10288201: 7 11 53 2521
10336411: 631 16381
10601425: 5 5 37 73 157
10620331: 1031 10301
10679131: 2311 4621
10680265: 5 29 73 1009
10912513: 1249 8737
11067631: 491 22541
11328409: 17 313 2129
11557601: 11 191 5501
11662651: 7 11 13 61 191
11712691: 163 181 397
11857471: 191 62081
12207361: 1321 9241
12397153: 977 12689
12433261: 197 63113
12461953: 7 277 6427
12589081: 71 281 631
12798157: 701 18257
12869953: 103 124951
12890503: 2539 5077
12900991: 31 281 1481
12942823: 1039 12457
12955021: 2381 5441
13129561: 37 73 4861
13168819: 223 59053
13188319: 1483 8893
13936981: 1181 11801
13994071: 7 13 61 2521
14005441: 2161 6481
14026897: 1873 7489
14223371: 631 22541
14331745: 5 157 18257
14340711: 3 7 11 62081
14497267: 3109 4663
14627151: 3 3 7 11 21107
14676481: 71 421 491
14783203: 2719 5437
14794081: 2221 6661
14923091: 911 16381
15038121: 3 7 761 941
15101893: 829 18217
15207361: 13 61 127 151
15276097: 1153 13249
15551641: 7 151 14713
15576571: 2791 5581
15613417: 3511 4447
15818557: 373 42409
15958265: 5 29 157 701
16004605: 5 449 7129
16006127: 877 18251
16253551: 2851 5701
16324001: 2333 6997
16719127: 647 25841
16873941: 3 7 59 13619
16921653: 3 7 277 2909
17581081: 7 151 16633
18124177: 2129 8513
18133731: 3 3 7 11 137 191
18225703: 3019 6037
18310883: 877 20879
18674713: 1933 9661
18861221: 71 421 631
18985627: 2179 8713
19020001: 7 11 13 19001
19194181: 1789 10729
19352311: 11 61 151 191
19724893: 277 71209
20010901: 547 36583
20071459: 137 239 613
20091133: 73 157 1753
20310751: 3187 6373
20766481: 2539 8179
20968501: 71 281 1051
21117917: 1187 17791
21681677: 3607 6011
21930173: 1039 21107
21948671: 47 461 1013
22231663: 2699 8237
22250825: 5 5 157 5669
22713181: 1231 18451
22729897: 811 28027
22828651: 1951 11701
23036245: 5 73 63113
23118061: 1901 12161
23220931: 61 151 2521
23709325: 5 5 541 1753
24085753: 17 1416809
24189617: 881 27457
24291163: 13 127 14713
24429271: 31 788041
24525469: 163 379 397
24573851: 1831 13421
24608599: 43 163 3511
24961511: 211 281 421
25042447: 53 79 5981
25276421: 2903 8707
25277053: 73 346261
25292131: 3181 7951
25502891: 2381 10711
25533577: 109 433 541
25696133: 2927 8779
25751981: 3931 6551
25768261: 1531 16831
26094871: 11 941 2521
26143825: 5 5 541 1933
26280073: 73 157 2293
26317291: 7 11 13 61 431
26332181: 2963 8887
26411267: 1877 14071
27012001: 3001 9001
27028117: 523 51679
27532657: 2347 11731
27797801: 1151 24151
27994573: 1163 24071
28337737: 449 63113
28518989: 47 599 1013
28647253: 1693 16921
28785907: 2683 10729
28869841: 7 11 13 151 191
28968325: 5 5 661 1753
29111881: 211 281 491
29506357: 4591 6427
29644561: 1321 22441
29716409: 1129 26321
29870677: 67 397 1123
30058381: 3877 7753
30185569: 1657 18217
30355393: 577 52609
30436771: 1093 27847
30862459: 4969 6211
31027333: 59 525887
31037827: 4549 6823
31129309: 3529 8821
31231225: 5 5 73 109 157
31735621: 1699 18679
32128573: 4999 6427
32355809: 797 40597
32817151: 4051 8101
32899201: 47 691 1013
33120341: 3323 9967
33328331: 1667 19993
34060219: 2383 14293
34084181: 3371 10111
34590403: 4159 8317
34641061: 7 13 151 2521
34811941: 619 56239
34905133: 1117 31249
35078413: 2239 15667
35633153: 769 46337
36014671: 7 11 19 103 239
36356977: 37 982621
36370951: 2069 17579
36504199: 2467 14797
37108243: 3853 9631
37354465: 5 29 73 3529
37412621: 211 281 631
37873201: 1777 21313
37938901: 7 11 13 151 251
38021563: 1117 34039
38062531: 13 199 14713
38383321: 139 461 599
38570689: 1873 20593
38903287: 3119 12473
39371141: 3623 10867
39545221: 3631 10891
39547171: 4447 8893
39981931: 11 151 24071
40456321: 769 52609
40583251: 163 307 811
40825405: 5 109 173 433
40863301: 31 281 4691
41656351: 11 61 62081
42848209: 3121 13729
43184801: 11 251 15641
43331401: 43 631 1597
43623977: 5393 8089
43693525: 5 5 997 1753
44242213: 701 63113
45297673: 17 313 8513
45703621: 37 73 16921
45905659: 619 74161
46191601: 17 313 8681
46456763: 1607 28909
46517857: 5569 8353
46633861: 3943 11827
46764001: 5501 8501
46780169: 1493 31333
46804421: 1613 29017
47085851: 71 631 1051
47732437: 73 373 1753
48071761: 2621 18341
48125437: 3469 13873
48809633: 6689 7297
49388911: 11 13 137 2521
49543705: 5 157 63113
49566961: 541 91621
49972141: 1783 28027
50101147: 163 379 811
50901511: 61 331 2521
51083873: 197 259309
51209567: 1307 39181
51664807: 5869 8803
51941631: 3 7 79 131 239
52344073: 2089 25057
52595713: 1873 28081
52882513: 2749 19237
52981513: 13 277 14713
53066443: 163 379 859
53252917: 2221 23977
53933141: 1987 27143
54362977: 157 346261
54520247: 6029 9043
54904907: 1613 34039
55882751: 71 281 2801
55977601: 113 495377
56029933: 3529 15877
56052361: 211 421 631
56160133: 4327 12979
57329119: 4789 11971
57533351: 139 599 691
58001497: 4817 12041
58595725: 5 5 433 5413
58603843: 2707 21649
59647771: 2731 21841
59850289: 541 110629
60280651: 971 62081
60658177: 1153 52609
61124011: 13 103 191 239
61201009: 3499 17491
61241057: 2609 23473
61770041: 3209 19249
61907461: 7 11 59 13627
62143081: 7 11 13 62081
63253009: 53 79 15107
63310039: 13 331 14713
63745921: 3571 17851
64092151: 61 191 5501
64149181: 1439 44579
64270753: 3121 20593
64556953: 857 75329
64597387: 4019 16073
64951501: 1291 50311
65254393: 3613 18061
65566621: 379 172999
65750791: 47 1013 1381
66007061: 4691 14071
66077971: 43 463 3319
66092149: 6871 9619
66345221: 4703 14107
66414925: 5 5 157 16921
66607097: 983 67759
66783553: 89 331 2267
68182003: 5839 11677
68242393: 37 109 16921
68859103: 967 71209
68943025: 5 5 37 73 1021
69231229: 73 541 1753
69303193: 2633 26321
69375571: 163 379 1123
69567643: 1237 56239
69874741: 1171 59671
70626301: 6353 11117
71731333: 73 982621
72108421: 7 11 191 4903
72469981: 4357 16633
72984817: 877 83221
74185537: 1601 46337
74563831: 67 991 1123
74647931: 281 421 631
75325141: 181 281 1481
75469519: 3547 21277
75621281: 5021 15061
75663451: 6151 12301
76551439: 709 107971
76861093: 4621 16633
77090413: 3319 23227
77871691: 2791 27901
78163571: 4271 18301
78566725: 5 5 37 157 541
78644611: 6271 12541
78795181: 6277 12553
79732153: 2477 32189
80098537: 463 172999
80231033: 7057 11369
80530871: 2591 31081
80927821: 13 19 103 3181
80936929: 2713 29833
81352657: 1289 63113
81466507: 8443 9649
81816547: 4523 18089
82576621: 71 71 16381
82885603: 8311 9973
82995421: 191 571 761
83363941: 1279 65179
84288601: 17 1801 2753
84343393: 139 599 1013
84350561: 107 743 1061
84354821: 5303 15907
84485161: 4111 20551
85318003: 4261 20023
85371859: 103 443 1871
85636609: 193 577 769
85751581: 373 229897
85985611: 3181 27031
86438857: 4649 18593
86654149: 1373 63113
86890861: 31 2802931
87343225: 5 5 1753 1993
88020833: 5417 16249
89433661: 1699 52639
89458721: 11 131 62081
90014653: 6709 13417
90273751: 4751 19001
91116439: 3019 30181
91367431: 23 67 211 281
91737157: 1237 74161
92625121: 181 631 811
92645437: 4813 19249
92893879: 13 727 9829
92936161: 17 401 13633
93196551: 3 7 251 17681
93370285: 5 29 73 8821
94037287: 3067 30661
94414411: 7 13 151 6871
95652481: 3697 25873
96242147: 2003 48049
96896851: 151 641701
96916279: 167 499 1163
97846481: 1061 92221
99125231: 9239 10729
99945007: 4999 19993
99988001: 4201 23801
100889741: 743 135787
101508529: 3697 27457
101519057: 3359 30223
102361381: 991 103291
103116541: 11 151 62081
103983907: 5099 20393
104524501: 5501 19001
105633751: 3571 29581
106066223: 1487 71329
106156931: 8923 11897
106216771: 3181 33391
106362361: 7 19 53 79 191
106459081: 3823 27847
107772211: 281 421 911
108534241: 5569 19489
108725851: 13 61 167 821
108749719: 13 127 199 331
108869707: 67 397 4093
110225329: 997 110557
110413801: 181 271 2251
110925631: 3331 33301
110997389: 773 143593
111229041: 3 7 11 191 2521
111250441: 2161 51481
111624661: 1009 110629
112032001: 4001 28001
112957417: 2377 47521
113438391: 3 11 53 79 821
113492101: 6151 18451
113629181: 71 71 22541
113742751: 23 31 67 2381
114883385: 5 73 449 701
116090081: 6221 18661
116546561: 9521 12241
117445987: 5419 21673
117771553: 2089 56377
118172251: 7687 15373
119153497: 907 131371
119693267: 8933 13399
120503441: 47 1013 2531
120845089: 349 346261
121485367: 163 811 919
121820887: 5519 22073
122089843: 3907 31249
122764349: 5323 23063
122839417: 4957 24781
123842443: 643 192601
124065325: 5 5 73 157 433
124334351: 281 421 1051
125122099: 4567 27397
125487601: 71 631 2801
125686241: 6473 19417
126104761: 1543 81727
126329101: 4793 26357
126428851: 7951 15901
126619741: 73 109 15913
126816083: 5309 23887
127417123: 3259 39097
127479097: 37 73 109 433
127664461: 71 421 4271
128399233: 193 577 1153
128649725: 5 5 73 157 449
130432181: 11 191 62081
130444951: 7 13 251 5711
130665025: 5 5 541 9661
131791991: 10891 12101
131862771: 3 3 79 191 971
132071593: 997 132469
133800661: 109 541 2269
134176771: 8191 16381
135163927: 6577 20551
136201591: 3691 36901
138358837: 2699 51263
139689811: 2341 59671
139926361: 107 883 1481
139952671: 131 571 1871
140051017: 8821 15877
140384161: 6841 20521
140877991: 2531 55661
141959665: 5 661 42953
142480045: 5 29 982621
142635421: 181 788041
142930657: 5347 26731
143895391: 1741 82651
145900819: 1303 111973
146170101: 3 7 11 251 2521
146272901: 6983 20947
147277951: 1451 101501
147579409: 829 178021
148204631: 1499 98869
148894561: 157 541 1753
149389633: 7057 21169
150292297: 29 701 7393
152309917: 3187 47791
152368133: 7127 21379
152906617: 109 541 2593
154220977: 7489 20593
155010025: 5 5 73 157 541
155239979: 5087 30517
155613943: 233 523 1277
155715481: 5581 27901
156463159: 5107 30637
156506201: 2521 62081
157542533: 7247 21739
157748761: 4441 35521
158315389: 4651 34039
158693221: 3637 43633
159275269: 37 73 109 541
160022605: 5 1753 18257
160210441: 3511 45631
160378861: 4787 33503
160960673: 59 1567 1741
161304001: 7333 21997
161326849: 673 239713
161527501: 8501 19001
161784241: 3041 53201
162243091: 9007 18013
162791617: 8353 19489
163660823: 1847 88609
164887273: 5743 28711
166805633: 7457 22369
167472451: 9151 18301
168058045: 5 29 73 15877
170374907: 1223 139309
170640961: 113 337 4481
171124801: 193 769 1153
171314371: 2791 61381
172272187: 6563 26249
173866681: 1747 99523
173915911: 13 19 151 4663
174332537: 1163 149899
175147081: 3671 47711
175512151: 2677 65563
175522999: 719 244121
176109025: 5 5 29 449 541
176597821: 9397 18793
177710413: 5039 35267
177930919: 1783 99793
178482151: 151 331 3571
181696891: 2791 65101
181921081: 157 661 1753
182202697: 6037 30181
183760831: 2659 69109
184957123: 13 967 14713
185158601: 9901 18701
185653333: 7867 23599
186305041: 13 61 239 983
187327201: 541 346261
188821951: 6871 27481
189012799: 1483 127453
189686503: 9739 19477
192726577: 2777 69401
193250345: 5 29 73 18257
194869991: 6581 29611
195043213: 5279 36947
196049701: 9901 19801
196287391: 9907 19813
198223981: 73 1549 1753
199410553: 3917 50909
199789441: 8161 24481
200854025: 5 5 73 157 701
201789127: 7103 28409
201877531: 1061 190271
203528033: 8237 24709
203557565: 5 157 259309
204491041: 3121 65521
204965377: 3697 55441
205039645: 5 149 157 1753
206068409: 2393 86113
206419753: 397 463 1123
207133983: 3 3 3 7 1095947
207377281: 9241 22441
208493401: 151 251 5501
208788989: 2239 93251
208933577: 9463 22079
209616221: 3413 61417
210298609: 7489 28081
210439261: 137 239 6427
210461959: 5923 35533
210733591: 139 599 2531
210812311: 10267 20533
212256301: 5507 38543
214159709: 3779 56671
214923481: 7951 27031
216384091: 7 11 191 14713
216899047: 163 379 3511
217581319: 11827 18397
218099771: 2969 73459
220001797: 3187 69031
220222297: 6637 33181
220340101: 1993 110557
220471841: 8573 25717
221439521: 281 788041
222192559: 3727 59617
222571231: 6091 36541
223127191: 7 53 131 4591
224862309: 3 3 7 947 3769
224902583: 2357 95419
225468277: 9497 23741
225853633: 8677 26029
225875323: 4339 52057
226359547: 7523 30089
226366003: 10639 21277
226720777: 7529 30113
226965751: 12301 18451
227132641: 10657 21313
227444101: 7541 30161
228178861: 3221 70841
228485441: 3299 69259
228988033: 8737 26209
230223011: 8311 27701
230794013: 3923 58831
231021091: 7 61 151 3583
231779659: 9629 24071
232163119: 11953 19423
232486385: 5 73 157 4057
232671457: 2833 82129
232794253: 10789 21577
234610291: 10831 21661
235700119: 163 811 1783
236981377: 17 313 44537
237724397: 29 449 18257
237977281: 12241 19441
239806561: 8941 26821
240427807: 233 523 1973
241237011: 3 167 191 2521
242312977: 673 360049
243346153: 4327 56239
243576341: 9011 27031
244185281: 8161 29921
244203571: 181 911 1481
244329313: 13537 18049
245204737: 73 449 7481
245403761: 71 211 16381
246353509: 1693 145513
247077965: 5 157 449 701
247468321: 37 73 91621
248290927: 7879 31513
248411609: 7691 32299
249006891: 3 7 191 62081
249496591: 103 137 17681
251366009: 6473 38833
251663837: 12953 19429
252722557: 7949 31793
253158751: 11251 22501
253532501: 13001 19501
254781451: 11287 22573
255501793: 911 280463
255866131: 11311 22621
256416883: 7549 33967
256571713: 73 1549 2269
256734941: 29 73 173 701
257618089: 6553 39313
257964445: 5 149 346261
259640311: 7 2521 14713
260107993: 7213 36061
261598213: 19 2467 5581
262773001: 37 389 18257
263128951: 8111 32441
263295143: 2963 88861
263428181: 9371 28111
264010717: 1993 132469
264971659: 163 463 3511
265491841: 7951 33391
266225111: 3929 67759
266781271: 2011 132661
267354101: 7 53 131 5501
269832601: 37 73 99901
271044359: 2027 133717
271091341: 37 433 16921
274722319: 163 379 4447
274937851: 8291 33161
274949725: 5 5 29 541 701
275063149: 3709 74161
275518937: 29 701 13553
277076201: 5449 50849
277311277: 829 334513
277444531: 7 13 61 151 331
279159337: 2089 133633
279199201: 421 631 1051
280312003: 11839 23677
281002861: 3061 91801
281381651: 5501 51151
282721297: 13729 20593
282826111: 12713 22247
282855151: 6211 45541
283346311: 4421 64091
284301751: 8431 33721
284358151: 7 11 251 14713
285111667: 8443 33769
287294551: 2351 122201
287443651: 11 61 443 967
289103725: 5 5 73 157 1009
291861781: 83 239 14713
292831199: 14249 20551
292961183: 8069 36307
293606839: 5419 54181
294207401: 3343 88007
294980797: 1657 178021
296237239: 7027 42157
296739187: 223 379 3511
296792497: 5743 51679
298362241: 9973 29917
298808929: 37 73 110629
298885931: 71 71 211 281
300734851: 571 526681
301567531: 1831 164701
304572043: 6373 47791
306524441: 3821 80221
306763969: 1231 249199
306859861: 7 11 19 137 1531
307035111: 3 2521 40597
307138267: 5209 58963
307629401: 14321 21481
309148153: 4877 63389
312428425: 5 5 1753 7129
314288781: 3 53 79 131 191
314848409: 173 1819933
317581741: 449 701 1009
317870593: 313 1015561
318465703: 12619 25237
318750001: 2551 124951
320291425: 5 5 37 346261
320454751: 8951 35801
320888371: 3271 98101
323093881: 11 61 191 2521
324246997: 4813 67369
325420597: 4139 78623
326695141: 12781 25561
326817331: 71 281 16381
327228951: 3 7 251 62081
328071041: 12241 26801
328232633: 4831 67943
329153653: 12829 25657
331361101: 281 421 2801
331603201: 5051 65651
332522421: 3 7 11 571 2521
333072201: 3 7 11 1441871
333260227: 5113 65179
333388721: 673 495377
333431179: 11549 28871
333648361: 6481 51481
334356023: 5279 63337
337506571: 281 811 1481
337686721: 71 211 22541
337783981: 6947 48623
338414761: 2161 156601
338458807: 9199 36793
338686603: 16141 20983
338707657: 37 541 16921
340375771: 2423 140477
341216053: 3373 101161
342318031: 11 61 191 2671
342567361: 5581 61381
344103577: 3187 107971
345674071: 13147 26293
345808807: 1499 230693
347548081: 5171 67211
348279787: 4483 77689
350454479: 7643 45853
351692771: 17681 19891
355387891: 61 2311 2521
356031257: 1373 259309
361198241: 10973 32917
361307521: 13441 26881
362569201: 113 337 9521
363230365: 5 29 1429 1753
364108061: 1019 357319
364285351: 61 2341 2551
365077373: 5897 61909
365519881: 5303 68927
367328977: 15649 23473
367678981: 11071 33211
368476501: 11083 33247
368952481: 41 401 22441
369244121: 16381 22541
371146553: 29 701 18257
371376631: 13627 27253
372048331: 12451 29881
373906513: 7309 51157
375693121: 3187 117883
376957153: 13729 27457
377187031: 13 19 619 2467
377616421: 7 13 151 27481
378815611: 14713 25747
379687589: 239 953 1667
380069929: 8719 43591
381062629: 18251 20879
381629249: 14561 26209
384472481: 11321 33961
386948503: 1663 232681
389457451: 7741 50311
390178153: 163 1117 2143
390607493: 5413 72161
391391149: 499 784351
391431941: 11423 34267
391539457: 3169 123553
391930003: 13999 27997
393094969: 4327 90847
395136505: 5 37 1289 1657
396231887: 16253 24379
396755713: 7529 52697
397608751: 23 3301 5237
397985911: 2767 143833
399302581: 8521 46861
400253701: 11551 34651
401305057: 4007 100151
402358321: 8971 44851
402752533: 11587 34759
404565961: 6361 63601
405956801: 11633 34897
406833487: 12757 31891
409457801: 17 17 1416809
411840833: 11717 35149
411988207: 16573 24859
412358741: 2141 192601
412402631: 8291 49741
412830391: 127 3250633
413670661: 11743 35227
414051561: 3 3 3 7 11 79 2521
414395701: 191 761 2851
415249297: 6793 61129
415620605: 5 29 157 18257
416609261: 1831 227531
417088981: 3529 118189
417452311: 8521 48991
418226581: 14461 28921
420703081: 3571 117811
422177491: 281 631 2381
422402401: 2251 187651
422560837: 4597 91921
423448651: 14551 29101
425927449: 1627 261787
429423101: 5351 80251
429601927: 3769 113983
430321921: 7841 54881
431834001: 3 137 191 5501
433559501: 8501 51001
433737803: 5209 83267
434218825: 5 5 157 110629
435210311: 14173 30707
435253177: 103 239 17681
435860497: 9337 46681
436915459: 487 897157
437247841: 12073 36217
437478511: 3907 111973
437866087: 10463 41849
440301661: 4271 103091
440663077: 8431 52267
441584551: 61 151 191 251
442279099: 6211 71209
443169111: 3 7 11 761 2521
443558777: 3089 143593
446200021: 3571 124951
446414621: 9781 45641
446636191: 463 859 1123
447797071: 71 71 211 421
449501761: 12241 36721
449715491: 71 281 22541
454013911: 13 19 61 30133
454615069: 10243 44383
454963279: 7789 58411
455461471: 15091 30181
457115909: 13093 34913
459248641: 12373 37117
460585861: 12391 37171
460771873: 727 633799
460900801: 4801 96001
462235633: 2657 173969
462426343: 43 463 23227
464129623: 163 811 3511
465658903: 15259 30517
466758181: 15277 30553
467101777: 1663 280879
468249251: 421 751 1481
469497377: 2609 179953
470063791: 15331 30661
470120257: 9697 48481
470752133: 12527 37579
471445921: 17 41 313 2161
471812701: 10861 43441
472605121: 577 819073
473693639: 3833 123583
474887761: 8237 57653
475163599: 14071 33769
479629351: 6841 70111
480190525: 5 5 1753 10957
481135021: 8291 58031
481593997: 10973 43889
481637381: 12671 38011
481992511: 7 11 13 191 2521
482025251: 5701 84551
482120827: 10979 43913
482348197: 5039 95723
483029821: 15541 31081
483351217: 10993 43969
484921609: 2389 202981
485544889: 163 811 3673
485565697: 3529 137593
486272597: 2383 204059
486596053: 4933 98641
489644471: 71 421 16381
490077001: 7001 70001
490500121: 6143 79847
490632661: 6679 73459
491370139: 13 4591 8233
491635279: 19 25875541
495416503: 15739 31477
498059647: 11159 44633
498442951: 15787 31573
499999501: 4663 107227
501068881: 8461 59221
501460961: 9697 51713
502278325: 5 5 73 157 1753
504860929: 859 587731
505239737: 18353 27529
505314829: 7109 71081
505810297: 139 3638923
507151261: 2311 219451
510827453: 3733 136841
511123441: 4273 119617
511408171: 15991 31981
511601089: 577 769 1153
512303611: 5659 90529
515383201: 181 811 3511
518504533: 13147 39439
520293533: 8311 62603
524151253: 16189 32377
524704069: 6907 75967
525255197: 18713 28069
527178881: 1601 329281
527466241: 8681 60761
528384001: 73 1753 4129
530717833: 10303 51511
531237961: 4657 114073
531520057: 433 541 2269
531597961: 541 982621
532059529: 23 67 379 911
532704187: 463 883 1303
533429881: 4021 132661
533480877: 3 3 3 137 144223
534218077: 29 1009 18257
534997159: 14629 36571
538147793: 17291 31123
540814481: 3041 177841
542065441: 3361 161281
542086691: 2027 267433
544344601: 20681 26321
544960471: 11 761 65101
551856551: 19181 28771
553165003: 1063 520381
553185445: 5 1753 63113
554118661: 13591 40771
554288041: 1657 334513
555390259: 8521 65179
555601411: 1093 508327
556097751: 3 3 3 11 131 14293
556488811: 9631 57781
557795161: 7 11 53 103 1327
558202549: 1627 343087
558356129: 2729 204601
562960007: 19373 29059
563905037: 3803 148279
564770081: 13721 41161
565422001: 20593 27457
565686577: 17 17 937 2089
566389751: 1019 555829
566395121: 281 1361 1481
566630611: 2731 207481
568140409: 401 1416809
568672271: 8461 67211
569682853: 137 647 6427
569784403: 16879 33757
569839007: 23 379 65371
570606131: 11261 50671
577350419: 9949 58031
577815721: 7 137 239 2521
578272033: 20593 28081
578928983: 137 239 17681
579565801: 31 181 103291
580883953: 13 3037 14713
581055623: 6959 83497
581354881: 13921 41761
584596811: 211 421 6581
584968639: 6047 96737
585834481: 29 1009 20021
585914297: 8069 72613
587336401: 17137 34273
587726323: 4253 138191
588525939: 3 3 3 53 89 4621
590083891: 15991 36901
590356357: 12149 48593
590554339: 3917 150767
590871653: 23227 25439
591376231: 47 1013 12421
591698911: 9931 59581
592263761: 89 6654649
592614689: 18593 31873
593128771: 4603 128857
595590841: 17257 34513
595616227: 12203 48809
596355341: 71 71 281 421
600275209: 911 658919
602062051: 5557 108343
606995533: 1753 346261
607148653: 3323 182711
607418029: 433 541 2593
608917753: 17449 34897
610127911: 643 948877
611852671: 17491 34981
615400651: 151 277 14713
615416341: 14323 42967
617087701: 12421 49681
620673571: 7 103 151 5701
621756761: 191 571 5701
624186865: 5 29 73 109 541
624339719: 9973 62603
624630049: 4999 124951
624732421: 14431 43291
626076377: 9137 68521
631656901: 20521 30781
631926325: 5 5 73 346261
632717353: 37 73 433 541
634074351: 3 53 191 20879
635165701: 14551 43651
636596651: 15451 41201
636760751: 11 3701 15641
639101251: 811 788041
640648933: 463 1383691
648898561: 7681 84481
649497967: 12743 50969
649889683: 2887 225109
651186847: 739 881173
651960031: 12037 54163
653085091: 31 163 307 421
658467217: 19681 33457
660107449: 2557 258157
666681351: 3 7 251 126481
666715001: 2659 250739
668051105: 5 29 73 63113
668261053: 73 541 16921
669639169: 193 3469633
671163781: 71 71 211 631
672228649: 7057 95257
673773031: 71 421 22541
674098471: 16421 41051
674194207: 12983 51929
674516911: 7069 95419
675016691: 17321 38971
675444001: 1429 472669
676839529: 8311 81439
677247973: 2347 288559
680479873: 4289 158657
680712499: 1459 466561
682142749: 12547 54367
684350833: 8273 82721
691366909: 4723 146383
693995611: 2311 300301
696447181: 18661 37321
699402283: 10243 68281
706908907: 10429 67783
707847991: 8521 83071
708477997: 13309 53233
709046269: 4783 148243
710583719: 10883 65293
716169301: 15451 46351
720937141: 541 701 1901
721825061: 5171 139591
723305731: 61 191 62081
726206545: 5 29 1753 2857
726361151: 1031 704521
728458501: 15583 46747
728841851: 991 735461
729925981: 12979 56239
732525553: 7507 97579
732736621: 19141 38281
733017409: 3467 211427
733885181: 71 631 16381
736832053: 7129 103357
739973431: 71 71 181 811
740663207: 1019 726853
742344017: 4273 173729
743371921: 37 73 157 1753
744088451: 421 631 2801
744968251: 251 2968001
745170229: 23071 32299
747325237: 13669 54673
748419127: 13679 54713
750632137: 9133 82189
750810001: 10357 72493
751268359: 6373 117883
754020361: 19417 38833
756689693: 7103 106531
758533351: 7951 95401
769877707: 4759 161773
771651091: 271 811 3511
772392259: 9533 81023
773638379: 25391 30469
775136251: 19687 39373
775988033: 7193 107881
776249251: 13931 55721
778804111: 421 811 2281
780948631: 991 788041
784025551: 379 919 2251
785821609: 937 838657
786143929: 1367 575087
789707707: 8887 88861
796066571: 11519 69109
799789771: 11 151 191 2521
800937721: 1621 494101
802278721: 941 852581
802824751: 13001 61751
803060077: 6427 124951
806252581: 461 691 2531
807218413: 10739 75167
808520071: 3541 228331
809670049: 11617 69697
810665171: 12841 63131
811147481: 2399 338119
811864861: 1741 466321
812191147: 9973 81439
812212199: 7757 104707
812593241: 6221 130621
820749131: 5231 156901
821794373: 29 449 63113
824064929: 1567 525887
827217529: 2389 346261
828646051: 191 761 5701
831481651: 7 11 13 151 5501
831547063: 5791 143593
833359033: 13 4357 14713
837799271: 8933 93787
841441753: 37 1753 12973
841966243: 137 443 13873
842166869: 21433 39293
844788757: 14533 58129
845376533: 16787 50359
851026261: 16843 50527
851092009: 3547 239947
851593111: 3253 261787
851830201: 15601 54601
854319269: 11933 71593
855944461: 1423 601507
857100421: 16903 50707
861161861: 7 53 137 16943
861447121: 2389 360589
863796589: 919 939931
867110501: 8501 102001
870692743: 167 1163 4483
877532671: 20947 41893
878115979: 13 4591 14713
878504281: 8221 106861
878603701: 14821 59281
880274953: 73 109 110629
883854049: 13 4621 14713
885068317: 7 19 6654649
886218961: 3697 239713
887795221: 17203 51607
892777577: 22271 40087
893824751: 71 71 281 631
894562813: 7723 115831
902355229: 16057 56197
902592121: 27031 33391
906471301: 17383 52147
907456057: 1613 562589
908540011: 12853 70687
909231409: 3793 239713
909646411: 8707 104473
910287691: 79 131 87959
910471007: 13619 66853
913000273: 12007 76039
915000133: 5717 160049
915101461: 3529 259309
915569267: 1741 525887
915641821: 21397 42793
917588827: 59 1741 8933
918156571: 25841 35531
920375821: 11467 80263
920909947: 1453 633799
924020539: 13 4831 14713
924337657: 157 433 13597
930134869: 19289 48221
933184801: 21601 43201
934641517: 6871 136027
936438247: 8179 114493
941548753: 13723 68611
943561225: 5 5 109 346261
944391169: 1153 819073
947485351: 15391 61561
947504461: 5857 161773
947651963: 11923 79481
948278131: 7699 123169
948393559: 9739 97381
948650101: 7 61 151 14713
950415661: 13 4969 14713
951232133: 17807 53419
951580657: 937 1015561
951715987: 25189 37783
953111017: 13807 69031
953370133: 17827 53479
955609903: 21859 43717
962468911: 9811 98101
967080083: 4799 201517
969003491: 281 421 8191
969528337: 15569 62273
970560533: 17987 53959
971245871: 211 281 16381
973520437: 1021 953497
973529833: 5897 165089
975765787: 15619 62473
977217021: 3 3 3 11 53 62081
977521931: 2381 410551
977755351: 151 2371 2731
981484561: 14011 70051
981664217: 677 1450021
983243881: 18679 52639
984008089: 14029 70141
990879341: 281 1481 2381
994978949: 10181 97729
1005402133: 18307 54919
1008793699: 12967 77797
1009859341: 71 631 22541
1014083071: 4621 219451
1014931081: 6481 156601
1015819381: 271 1481 2531
1020654581: 89 2521 4549
1021552897: 7333 139309
1023022001: 421 631 3851
1024605121: 18481 55441
1026697771: 11 61 191 8011
1027744453: 22669 45337
1030503091: 12841 80251
1030857571: 3119 330509
1031009741: 13109 78649
1033140109: 29 701 50821
1033942661: 8461 122201
1034283421: 22741 45481
1035131857: 19457 53201
1036969627: 26293 39439
1037560681: 22777 45553
1037750617: 14407 72031
1040410333: 7213 144241
1042545169: 8821 118189
1044043801: 10771 96931
1045438291: 4421 236471
1048066591: 11 13 1493 4909
1049244601: 7069 148429
1050261241: 17 2753 22441
1050721561: 22921 45841
1052028001: 23801 44201
1052249761: 9781 107581
1053732751: 16231 64921
1054740191: 13259 79549
1061998253: 25243 42071
1063684711: 31249 34039
1065602609: 8429 126421
1069645697: 7841 136417
1070063191: 23131 46261
1079029861: 7 13 191 62081
1079172559: 379 811 3511
1080708091: 8219 131489
1081269421: 25471 42451
1082976833: 11369 95257
1083110401: 4801 225601
1083395041: 137 443 17851
1084444481: 19013 57037
1086022825: 5 5 73 595081
1086184471: 7027 154573
1086797671: 15541 69931
1088416421: 13469 80809
1088975779: 23 163 290471
1091925361: 6481 168481
1093017619: 613 953 1871
1095205801: 15601 70201
1096421789: 15907 68927
1098000091: 23431 46861
1098250921: 14821 74101
1100927281: 9203 119627
1102923541: 2749 401209
1107200719: 307 811 4447
1114102639: 13 19 331 13627
1116062011: 3253 343087
1117897201: 71 71 211 1051
1123712929: 3121 360049
1124184151: 271 1481 2801
1125038377: 109 1657 6229
1127377843: 7159 157477
1127453041: 11 13 127 62081
1129235647: 10627 106261
1130855767: 47 139 173099
1130893999: 21269 53171
1131035221: 61 18541561
1131248981: 1901 595081
1132632931: 47 24098573
1133140549: 2749 412201
1133345401: 23 67 735461
1133439529: 8893 127453
1134193561: 9341 121421
1134620191: 61 151 199 619
1135791691: 13759 82549
1137320581: 19471 58411
1138607233: 239 953 4999
1142408257: 21377 53441
1142770133: 13093 87281
1143638431: 13 61 331 4357
1147018787: 27653 41479
1152254041: 18257 63113
1155751031: 4007 288433
1159357301: 13901 83401
1163832589: 6229 186841
1167088721: 1481 788041
1168544749: 26479 44131
1169311147: 59 19818833
1171007965: 5 29 73 110629
1174264813: 21673 54181
1179103213: 12979 90847
1180182529: 577 2045377
1181079451: 8461 139591
1184554801: 24337 48673
1186915861: 19891 59671
1187971759: 13 6211 14713
1188221201: 26701 44501
1196364727: 30937 38671
1201002301: 12253 98017
1202485571: 7 53 3241201
1204206251: 19501 61751
1210962059: 14207 85237
1211023213: 263 4604651
1213707853: 8821 137593
1213973671: 31 281 139361
1214513621: 30181 40241
1214750641: 13 137 191 3571
1217719765: 5 37 389 16921
1222366601: 71 1051 16381
1226271961: 15661 78301
1231400941: 31 163 379 643
1238517649: 15739 78691
1246110361: 9791 127271
1248065459: 14423 86533
1251030565: 5 29 73 118189
1256652013: 13399 93787
1257742001: 31277 40213
1261570133: 20507 61519
1263071813: 18353 68821
1268683301: 1451 874351
1270287751: 29101 43651
1273868821: 281 1481 3061
1273899733: 29 541 81197
1276166263: 32611 39133
1276378133: 20627 61879
1278216353: 1877 680989
1279054747: 22303 57349
1281050467: 22637 56591
1283024177: 29 701 63113
1288349851: 11351 113501
1289281621: 20731 62191
1292188531: 31 47 163 5441
1292407117: 27847 46411
1293469519: 14683 88093
1295074171: 25447 50893
1295750893: 27883 46471
1296034249: 22769 56921
1296785881: 19249 67369
1297538881: 6271 206911
1304641081: 17 17 2089 2161
1305749377: 3313 394129
1308443713: 9619 136027
1312769585: 5 73 197 18257
1312845661: 25621 51241
1313172481: 13697 95873
1323600181: 7757 170633
1325168461: 7591 174571
1326448621: 14869 89209
1331561207: 17627 75541
1336210313: 31657 42209
1336287077: 3989 334993
1336478431: 211 281 22541
1339146691: 71 71 421 631
1340187601: 14771 90731
1342288981: 11 151 191 4231
1343093053: 9463 141931
1346299021: 157 661 12973
1346692121: 5471 246151
1347387361: 21193 63577
1347754331: 7 11 53 131 2521
1348213801: 11 191 641701
1350415333: 2857 472669
1350685001: 12251 110251
1355211901: 9613 140977
1355494363: 18149 74687
1359074425: 5 5 157 346261
1359114871: 6277 216523
1361695681: 6067 224443
1362547213: 1429 953497
1365665857: 3793 360049
1374303407: 30269 45403
1376331881: 59 1741 13399
1380237277: 23497 58741
1383728543: 8233 168071
1387690921: 4621 300301
1389253009: 331 4197139
1398669193: 47 599 49681
1404955111: 7 53 61 62081
1405738753: 577 1153 2113
1406371531: 61 1567 14713
1412638489: 25057 56377
1413790603: 14563 97081
1413901441: 17 41 313 6481
1416144133: 21727 65179
1419339691: 7 11 19 103 9419
1424547977: 24709 57653
1429106449: 23 67 463 2003
1429740631: 11 61 103 137 151
1434424993: 25873 55441
1436767445: 5 29 157 63113
1437866561: 21893 65677
1438747831: 20521 70111
1438897447: 13 4591 24109
1440231941: 21911 65731
1440250309: 11443 125863
1440984397: 6079 237043
1444694213: 32917 43889
1445378897: 24889 58073
1446457933: 17929 80677
1451910241: 17041 85201
1453548403: 26959 53917
1453672481: 22013 66037
1455140611: 211 421 16381
1456421905: 5 29 73 137593
1456499341: 11 151 191 4591
1461141271: 281 1481 3511
1461354497: 12743 114679
1463858509: 239 953 6427
1465217911: 27067 54133
1465685527: 12107 121061
1468592539: 12119 121181
1473838741: 20521 71821
1474936871: 11087 133033
1483755769: 28711 51679
1484868061: 137 613 17681
1488302401: 8419 176779
1489022263: 12203 122021
1489949803: 24413 61031
1490375921: 15761 94561
1498310641: 12241 122401
1502124859: 15823 94933
1511220751: 47 1013 31741
1516971301: 15901 95401
1518311521: 31 379 129229
1519061263: 9187 165349
1519129081: 17431 87151
1519236613: 37 41060449
1520336731: 23 67 281 3511
1521835381: 11 19 61 79 1511
1532325679: 7333 208963
1537641691: 7411 207481
1545387481: 11 61 131 17581
1550318941: 16921 91621
1554616519: 17291 89909
1557305371: 16111 96661
1561800833: 22817 68449
1563799981: 14947 104623
1575064009: 17749 88741
1577847211: 9931 158881
1582547851: 19891 79561
1586864761: 30113 52697
1589416225: 5 5 73 853 1021
1592102821: 43 211 379 463
1592266051: 31 1051 48871
1598809441: 6961 229681
1598982533: 23087 69259
1601916733: 19 79 613 1741
1606097953: 17923 89611
1607405587: 25357 63391
1607530051: 28351 56701
1611338371: 461 1381 2531
1613590903: 19 199 426763
1616387653: 28429 56857
1623595051: 13 127 331 2971
1625824751: 8501 191251
1625925121: 15241 106681
1628692201: 28537 57073
1628829541: 23977 67933
1630062253: 28549 57097
1631450331: 3 3 7 311 83267
1632816001: 151 1741 6211
1636917325: 5 5 29 73 157 197
1637436457: 20233 80929
1641767131: 22651 72481
1645859251: 28687 57373
1649253763: 17317 95239
1649461301: 33161 49741
1650490129: 18169 90841
1650682153: 28729 57457
1659062401: 9601 172801
1663672249: 277 967 6211
1666429441: 521 911 3511
1667677831: 8707 191533
1669944911: 30181 55331
1676743807: 5119 327553
1679540591: 11831 141961
1680033391: 61 4831 5701
1686282379: 25147 67057
1686908029: 27691 60919
1687282051: 7 13 18541561
1696969441: 12421 136621
1699279441: 191 571 15581
1699709449: 2749 618301
1704141601: 20641 82561
1709127811: 35803 47737
1712591281: 27901 61381
1712831401: 3391 505111
1720127191: 2281 754111
1720654409: 10957 157037
1721568211: 11 2521 62081
1724126171: 11987 143833
1727408143: 229 2281 3307
1728376105: 5 73 157 30161
1729633751: 16979 101869
1730780725: 5 5 73 541 1753
1731971699: 37991 45589
1731974281: 61 3571 7951
1733623039: 883 1963333
1734443551: 11131 155821
1735390081: 9091 190891
1738851007: 13187 131861
1743186241: 12589 138469
1746543401: 13931 125371
1746721681: 15797 110573
1750803169: 8369 209201
1752172003: 29599 59197
1753593031: 29611 59221
1757000341: 8221 213721
1761060301: 7 11 13 61 151 191
1763981381: 36373 48497
1764313651: 14851 118801
1764795803: 19447 90749
1767803047: 21023 84089
1771044773: 12149 145777
1771649119: 163 919 11827
1772267281: 71 211 281 421
1775471287: 3847 461521
1780142563: 7459 238657
1785451519: 5647 316177
1785463261: 13591 131371
1787934881: 24413 73237
1788432193: 18913 94561
1790478121: 151 191 62081
1791456601: 11 61 151 17681
1794662731: 1031 1740701
1796686221: 3 11 877 62081
1798161037: 29 197 449 701
1802536867: 3511 513397
1809130951: 811 991 2251
1821080537: 9967 182711
1826830441: 5003 365147
1831812841: 19141 95701
1833280081: 1493 1227917
1835776981: 12919 142099
1839548921: 7 89 167 17681
1839860713: 19183 95911
1839895201: 28081 65521
1842173077: 39181 47017
1842234707: 359 1433 3581
1844652001: 2659 693739
1845095701: 6551 281651
1846749493: 29 1009 63113
1850881231: 23 67 811 1481
1851214021: 4691 394631
1853926777: 21529 86113
1854963341: 7 11 1733 13901
1856069491: 10771 172321
1858023617: 28219 65843
1859787187: 21563 86249
1859810371: 6359 292469
1860988501: 109 1009 16921
1864975321: 11 2731 62081
1868076451: 21611 86441
1871052697: 14419 129763
1871953309: 16921 110629
1871987041: 113 3697 4481
1873216507: 13687 136861
1876486753: 15877 118189
1879597693: 24049 78157
1879983001: 13 9829 14713
1884669361: 12041 156521
1884889987: 7927 237781
1886668391: 18301 103091
1888719531: 3 83 821 9239
1894573309: 27529 68821
1896689737: 19477 97381
1899178121: 281 631 10711
1900541245: 5 29 1753 7477
1900687381: 25171 75511
1901099539: 5827 326257
1902303721: 30841 61681
1908678199: 1499 1273301
1909707551: 41201 46351
1911859951: 17851 107101
1912540297: 8747 218651
1916384317: 67 163 379 463
1917530231: 211 281 32341
1924365991: 33161 58031
1932322789: 23497 82237
1937082511: 7 13 61 151 2311
1937888681: 281 421 16381
1940602231: 13931 139301
1942313571: 3 3 11 59 191 1741
1943024581: 13291 146191
1943334121: 3823 508327
1944427817: 14699 132283
1946847233: 11393 170881
1950575551: 36061 54091
1950763063: 7213 270451
1958973067: 2539 771553
1960717477: 10159 193003
1962050509: 157 1753 7129
1970256151: 31387 62773
1970360771: 10463 188317
1982131447: 7933 249859
1985383931: 18191 109141
1987966657: 7537 263761
1991666587: 239 1667 4999
2000241751: 131 2731 5591
2000436751: 487 1531 2683
2001978241: 577 3469633
2002339571: 211 421 22541
2004299641: 31657 63313
2005908643: 167 499 24071
2006394779: 18287 109717
2008184641: 25873 77617
2012815791: 3 3 3 7 277 38447
2014828363: 2683 750961
2016368537: 13147 153371
2016495433: 21169 95257
2017311133: 12113 166541
2017696681: 7 11 13 137 14713
2019805261: 16987 118903
2025677161: 15913 127297
2031166801: 7039 288559
2032461451: 39043 52057
2034348961: 26041 78121
2035351543: 9619 211597
2039986187: 41231 49477
2042467741: 31957 63913
2044454311: 10111 202201
2046408787: 22619 90473
2048443501: 13 61 151 17107
2050839121: 17117 119813
2056344481: 16033 128257
2057835781: 32077 64153
2063228203: 32119 64237
2065040353: 20323 101611
2069182981: 26263 78787
2070730393: 4657 444649
2071612489: 907 2284027
2072488771: 32191 64381
2076924137: 4013 517549
2077766623: 13159 157897
2078657351: 25621 81131
2079776519: 139 599 24979
2083111591: 11 151 1254131
2086236181: 26371 79111
2088768533: 26387 79159
2089682123: 8167 255869
2099131217: 37409 56113
2099489087: 3083 680989
2101500421: 73 157 183361
2103044161: 17851 117811
2103728953: 31333 67141
2108177761: 2621 804341
2113104721: 7 13 61 151 2521
2116483027: 23003 92009
2116586639: 277 7641107
2121511609: 7 14713 20599
2126800747: 23059 92233
2130134533: 26647 79939
2131620571: 32647 65293
2142324367: 23143 92569
2143186319: 33809 63391
2145642761: 30881 69481
2147369299: 4261 503959
2148348121: 151 967 14713
2151613441: 37003 58147
2151933701: 26783 80347
2156100421: 40213 53617
2166446959: 34519 62761
2171470073: 18517 117269
2172684061: 7417 292933
2173525411: 31081 69931
2173540951: 23311 93241
2175406201: 23321 93281
2179821871: 6131 355541
2180982721: 211 631 16381
2184564061: 15877 137593
2184783401: 15581 140221
2186279063: 10589 206467
2188728341: 27011 81031
2189933497: 73 109 157 1753
2195783945: 5 149 157 18773
2202688819: 331 6654649
2203227599: 19163 114973
2203856497: 23473 93889
2205199621: 151 3181 4591
2210452121: 13421 164701
2210722201: 30781 71821
2214460693: 37 541 110629
2226574771: 40241 55331
2230500301: 17851 124951
2234695231: 33427 66853
2240825581: 9871 227011
2241766213: 3109 721057
2260102951: 281 491 16381
2260585651: 38821 58231
2262315823: 227 2939 3391
2264332001: 281 1481 5441
2265014221: 5881 385141
2269009861: 11909 190529
2271837401: 4943 459607
2275834201: 31231 72871
2279149363: 20357 111959
2283076459: 4447 513397
2287364689: 8821 259309
2290316377: 23929 95713
2290361221: 27631 82891
2295767251: 46861 48991
2298727121: 13841 166081
2301980801: 27701 83101
2303998597: 12829 179593
2304120001: 24001 96001
2306623001: 41593 55457
2308266563: 6203 372121
2308966661: 27743 83227
2312963333: 27767 83299
2319724441: 34057 68113
2320500379: 7103 326693
2331181621: 34141 68281
2332745029: 14563 160183
2337953041: 13411 174331
2340112139: 36947 63337
2340679151: 7901 296251
2348618977: 19009 123553
2354400949: 5087 462827
2354674231: 7 13 25875541
2357281613: 4099 575087
2358319681: 1153 2045377
2363934151: 103 3571 6427
2365362091: 47 1013 49681
2368671661: 37 73 541 1621
2369112023: 11923 198701
2372582827: 379 1783 3511
2373815681: 9377 253153
2379503947: 39829 59743
2381017717: 13 127 331 4357
2385574201: 34537 69073
2401824961: 4861 494101
2404583371: 181 811 16381
2408160641: 8543 281887
2408616883: 14969 160907
2408625973: 13 5209 35569
2409954301: 1171 2058031
2411152927: 40093 60139
2411766901: 4051 595351
2414673271: 34747 69493
2419277491: 10487 230693
2420684779: 15559 155581
2421244921: 31121 77801
2421372451: 23197 104383
2424178441: 19 127588339
2424755831: 17981 134851
2428085927: 46747 51941
2428939987: 33809 71843
2430590131: 31181 77951
2433042721: 13681 177841
2437518481: 18661 130621
2438603761: 11 3571 62081
2448717217: 11353 215689
2452359457: 22147 110731
2453671819: 27691 88609
2455024133: 28607 85819
2457352225: 5 5 37 157 16921
2462225473: 16921 145513
2463305161: 10831 227431
2476956607: 31477 78691
2477261231: 571 761 5701
2484361573: 14389 172657
2485230751: 35251 70501
2494660033: 28837 86509
2498145343: 19993 124951
2499853333: 28867 86599
2501557741: 31 181 397 1123
2502552497: 12917 193741
2503743661: 2531 989231
2511924601: 13901 180701
2531205421: 38971 64951
2534878501: 11551 219451
2537105761: 35617 71233
2538947809: 15193 167113
2544804811: 35671 71341
2560600351: 239 1667 6427
2566804501: 29251 87751
2575714525: 5 5 157 541 1213
2577770561: 14657 175873
2593416341: 6269 413689
2594603437: 25469 101873
2594870851: 12541 206911
2597204989: 13159 197371
2608574411: 24077 108343
2616180821: 29531 88591
2618117461: 24121 108541
2624803831: 13 61 199 16633
2626457803: 32413 81031
2628578143: 18127 145009
2629427291: 10771 244121
2630374741: 211 421 29611
2631158993: 39733 66221
2636360191: 36307 72613
2650180649: 21017 126097
2654059321: 37 73 982621
2655514681: 8971 296011
2656296091: 71 211 281 631
2657314351: 36451 72901
2660275171: 32621 81551
2660783591: 21059 126349
2666622841: 281 421 22541
2667521893: 16333 163321
2668095181: 10771 247711
2668147777: 769 3469633
2672378417: 42209 63313
2672605657: 25849 103393
2681050861: 19571 136991
2682356167: 24691 108637
2683456777: 23167 115831
2695064653: 36709 73417
2700029863: 233 523 22157
2704132543: 7 5209 74161
2705647141: 36781 73561
2705912357: 42473 63709
2706294601: 379 2381 2999
2714524481: 45121 60161
2715586237: 7 13 5347 5581
2718013219: 12553 216523
2718158357: 42569 63853
2722003741: 9371 290471
2724130081: 7309 372709
2728102651: 71 4691 8191
2739075801: 3 7 11 191 62081
2739606451: 26171 104681
2740405669: 1093 2507233
2741301751: 45343 60457
2744785765: 5 29 73 259309
2745144331: 13099 209569
2746450331: 8087 339613
2750435651: 42821 64231
2752024381: 43 3907 16381
2754547987: 42853 64279
2755649317: 13931 197807
2761462243: 4357 633799
2764925129: 5843 473203
2766006253: 37189 74377
2766561373: 37 73 109 9397
2766811951: 3511 788041
2770343869: 33289 83221
2771900431: 5981 463451
2782808371: 7 103 1531 2521
2785216321: 271 10277551
2788694749: 10357 269257
2798237807: 31123 89909
2799775711: 151 18541561
2807463751: 131 2521 8501
2813512591: 37507 75013
2814848987: 24133 116639
2816084497: 15649 179953
2819076217: 1549 1819933
2819364703: 43 379 172999
2819680861: 13711 205651
2839992427: 619 1237 3709
2848854499: 16879 168781
2850189949: 28537 99877
2850213169: 20879 136511
2851693501: 26701 106801
2856059501: 2381 1199521
2857838413: 163 2887 6073
2858105251: 26731 106921
2864630851: 15451 185401
2870118421: 30931 92791
2871465637: 43753 65629
2871974561: 30941 92821
2877477571: 13411 214561
2882033281: 12241 235441
2886519971: 49741 58031
2889151021: 463 1303 4789
2895140767: 43933 65899
2896171921: 20341 142381
2897251729: 13457 215297
2900957851: 11 191 251 5501
2904531491: 281 631 16381
2915974151: 31771 91781
2916615287: 14293 204059
2919703183: 9949 293467
2926957393: 40897 71569
2933267371: 22111 132661
2936428741: 16339 179719
2938033337: 49481 59377
2942092609: 2029 1450021
2943765631: 19183 153457
2945549881: 38377 76753
2956467301: 6067 487303
2961672451: 31 3511 27211
2965072177: 2377 1247401
2968944247: 14563 203869
2970804061: 11621 255641
2970969001: 7 11 13 2968001
2975096953: 38569 77137
2979286451: 71 71 211 2801
2988517747: 5639 529973
2988576433: 4133 723101
2992048445: 5 73 449 18257
2992394501: 31583 94747
2994415201: 27361 109441
2997412777: 73 41060449
3001131281: 211 631 22541
3002608381: 5701 526681
3004412993: 14153 212281
3006857251: 163 181 101917
3022921207: 17387 173861
3025152913: 20789 145517
3026259721: 33391 90631
3026439179: 28409 106531
3029961199: 36697 82567
3030515623: 44383 68281
3032646751: 107 1061 26713
3033157921: 3229 939349
3038171011: 71 491 87151
3038880473: 28789 105557
3039274351: 71 71 181 3331
3040889825: 5 5 73 157 10613
3047241553: 34913 87281
3049386451: 27611 110441
3049419337: 401 409 18593
3053693551: 13421 227531
3064267273: 28909 105997
3064380073: 21997 139309
3065493229: 17509 175081
3066667531: 11807 259733
3069196417: 7 89 683 7213
3070208261: 31991 95971
3074239351: 151 3701 5501
3074534299: 35069 87671
3086361541: 9391 328651
3090809369: 22697 136177
3091474387: 33529 92203
3105241441: 32173 96517
3135342031: 13999 223969
3137903701: 8543 367307
3143282221: 21191 148331
3150110269: 17749 177481
3157579861: 32443 97327
3160088641: 241 3457 3793
3163067669: 51341 61609
3166264657: 8039 393863
3167906743: 2003 1581581
3169326917: 20981 151057
3176660131: 43 379 421 463
3180684253: 983 3235691
3181377277: 13 14713 16633
3183867919: 2767 1150657
3184139701: 39901 79801
3190311937: 113 337 83777
3190725553: 15667 203659
3200164147: 22189 144223
3203512851: 3 7 11 2521 5501
3211283947: 9719 330413
3215212153: 15727 204439
3215953163: 13367 240589
3216762067: 46309 69463
3218185301: 6551 491251
3218821007: 20717 155371
3223773499: 39181 82279
3225276937: 11593 278209
3226864033: 32797 98389
3228492961: 25411 127051
3240242513: 49297 65729
3241050541: 53 127 191 2521
3243008557: 18217 178021
3244976741: 49333 65777
3250537291: 16633 195427
3257705851: 71 2801 16381
3258425633: 32957 98869
3267617231: 3119 1047649
3271131991: 43 47 461 3511
3275218171: 47 211 223 1481
3275591617: 2113 1550209
3283109425: 5 5 157 829 1009
3286630221: 3 7 2521 62081
3288686501: 24091 136511
3299956747: 28723 114889
3302816551: 6271 526681
3306393751: 28751 115001
3313196881: 619 1237 4327
3315555829: 37 73 541 2269
3318599989: 9109 364321
3319983051: 3 7 11 2521 5701
3320669437: 28813 115249
3321747937: 4889 679433
3322551403: 40759 81517
3326602427: 47093 70639
3331618165: 5 29 73 449 701
3332340703: 40819 81637
3332800021: 33331 99991
3336384031: 50023 66697
3348442081: 25057 133633
3349701647: 139 24098573
3350806171: 50131 66841
3352026133: 33427 100279
3358551043: 36653 91631
3358939221: 3 3 11 239 141961
3362288791: 4663 721057
3364355791: 24733 136027
3370792681: 16103 209327
3373454161: 7 11 19 137 16831
3375863041: 35267 95723
3383614291: 13711 246781
3385085629: 11731 288559
3387013541: 53881 62861
3397422541: 22031 154211
3407772817: 26107 130531
3413957779: 38953 87643
3422283723: 3 3 3 53 2391533
3427320937: 9257 370241
3428626237: 18517 185161
3437630641: 31 281 394631
3438377689: 20113 170953
3444237091: 43 463 172999
3447533191: 23971 143821
3453354607: 29383 117529
3468776851: 11551 300301
3478777741: 1999 1740259
3480467149: 16057 216757
3483871969: 24097 144577
3485894371: 18671 186701
3493072871: 13931 250741
3493903351: 2851 1225501
3496670201: 4441 787361
3496872061: 73 433 110629
3504570301: 397 1783 4951
3507154225: 5 5 541 259309
3516245533: 4483 784351
3518343973: 50131 70183
3520934177: 48449 72673
3522890281: 4999 704719
3527380819: 24247 145477
3538213381: 42061 84121
3546090721: 34381 103141
3548760223: 883 4018981
3557646401: 15401 231001
3562082251: 7 13 61 641701
3569494897: 29873 119489
3570393981: 3 7 11 2521 6131
3579241097: 12743 280879
3582244307: 48869 73303
3591633281: 10433 344257
3594968821: 42397 84793
3597507607: 48973 73459
3607403801: 20021 180181
3616574081: 34721 104161
3617859043: 2239 1615837
3623693441: 45677 79333
3625296193: 577 6283009
3628336573: 17389 208657
3633334657: 13829 262733
3633898033: 32869 110557
3634084871: 24611 147661
3635993089: 337 3121 3457
3639723979: 15083 241313
3642034261: 34843 104527
3642747313: 4657 782209
3643766897: 3697 985601
3656850451: 991 1051 3511
3658255525: 5 5 197 541 1373
3660449311: 211 811 21391
3661388941: 7 239 947 2311
3663529981: 38281 95701
3677468161: 22921 160441
3679947751: 28597 128683
3683484221: 15671 235051
3696175531: 29581 124951
3696707869: 3877 953497
3697434133: 35107 105319
3698276741: 35111 105331
3700183831: 3319 1114849
3701035561: 31771 116491
3704091751: 30431 121721
3704973211: 163 811 28027
3715677265: 5 541 677 2029
3720728873: 17609 211297
3722364025: 5 5 157 541 1753
3722398417: 10369 358993
3726441001: 73 157 541 601
3727828501: 35251 105751
3730842025: 5 5 29 73 157 449
3733646491: 43207 86413
3743135281: 13681 273601
3743375031: 3 3 11 1811 20879
3748275325: 5 5 433 346261
3751005457: 16369 229153
3756015191: 191 761 25841
3760983029: 25037 150217
3761082697: 20443 183979
3776173361: 9161 412201
3777293521: 109 4861 7129
3780220571: 4127 915973
3788997913: 37 73 541 2593
3789843461: 35543 106627
3790727941: 7 11 13 61 62081
3802571751: 3 11 5501 20947
3802979647: 7577 501911
3803999113: 27583 137911
3807044251: 30851 123401
3807332813: 53437 71249
3813919453: 43669 87337
3821449627: 12619 302833
3823155001: 20611 185491
3825368779: 19559 195581
3833044801: 54601 70201
3835001171: 71 211 281 911
3839070439: 811 1013 4673
3842470817: 20663 185959
3848011873: 39233 98081
3855108511: 67 57538933
3856787425: 5 5 157 982621
3861362551: 39301 98251
3865727593: 7 13 19 487 4591
3868511743: 47017 82279
3870110623: 17959 215497
3881746513: 23549 164837
3884384401: 23557 164893
3886283377: 7793 498689
3886644961: 1741 2232421
3887683021: 23567 164963
3892790131: 46861 83071
3895046191: 44131 88261
3897775361: 593 6572977
3907504141: 23627 165383
3912715801: 17 17 2089 6481
3914246029: 29 7393 18257
3917174581: 5077 771553
3917270701: 31 421 300151
3928653581: 25589 153529
3936931567: 8539 461053
3940835779: 9109 432631
3963736739: 25703 154213
3964139471: 47 139 599 1013
3968497321: 73 157 346261
3970673947: 19927 199261
3970904365: 5 449 1009 1753
3973938541: 23827 166783
3979234351: 22303 178417
3979636585: 5 701 733 1549
3979717631: 71 211 421 631
3982264199: 25763 154573
3983868001: 31 211 751 811
3985950181: 26921 148061
3990546001: 13 137 191 11731
3994826201: 11003 363067
3996767251: 281 631 22541
3996987251: 18251 219001
4000486849: 1153 3469633
4003189207: 5099 785093
4005577525: 5 5 73 541 4057
4007983281: 3 1567 852581
4008790633: 22111 181303
4016386721: 12197 329293
4016724251: 71 71 751 1061
4020144133: 36607 109819
4028995297: 28387 141931
4030637771: 25919 155509
4035028861: 44917 89833
4051585249: 20129 201281
4053249523: 18379 220537
4054903763: 55147 73529
4059776533: 36787 110359
4069731361: 48991 83071
4080054833: 16493 247381
4086437587: 31963 127849
4091153431: 15991 255841
4091270593: 137 239 124951
4100030109: 3 3 3 7 1039 20879
4110516313: 35401 116113
4117048993: 15877 259309
4117280389: 2473 1664893
4122438757: 12473 330509
4122849683: 30269 136207
4128785101: 7 19 331 93787
4134298897: 673 1777 3457
4148337271: 13 127 331 7591
4149101017: 28807 144031
4152898513: 29 2269 63113
4157233571: 51241 81131
4159012439: 23549 176611
4162057579: 457 619 14713
4167331667: 52709 79063
4170740479: 56239 74161
4175362133: 37307 111919
4185707731: 39619 105649
4194653527: 9829 426763
4201794451: 32411 129641
4206758533: 37447 112339
4207156873: 12973 324301
4213610299: 7759 543061
4215376441: 37 6733 16921
4215735553: 7043 598571
4217739181: 24547 171823
4224036769: 23473 179953
4228090903: 45979 91957
4232966251: 32531 130121
4235887891: 23011 184081
4243002619: 20599 205981
4251724627: 32603 130409
4253901947: 59 1741 41413
4256316013: 24659 172607
4256980225: 5 5 449 541 701
4261287941: 56533 75377
4267124497: 4519 944263
4267640833: 37717 113149
4268518297: 23857 178921
4281680021: 821 5215201
4285858523: 18899 226777
