15: 3 5
21: 3 7
33: 3 11
35: 5 7
55: 5 11
77: 7 11
105: 3 5 7
165: 3 5 11
231: 3 7 11
247: 13 19
289: 17 17
385: 5 7 11
435: 3 5 29
529: 23 23
1155: 3 5 7 11
2701: 37 73
3053: 43 71
3757: 13 17 17
4681: 31 151
4795: 5 7 137
5083: 13 17 23
5491: 17 17 19
5611: 31 181
5995: 5 11 109
6181: 7 883
10857: 3 7 11 47
12403: 79 157
13695: 3 5 11 83
13747: 59 233
13755: 3 5 7 131
14119: 7 2017
22933: 17 19 71
27331: 151 181
28501: 11 2591
29755: 5 11 541
30857: 59 523
31621: 103 307
34133: 11 29 107
34861: 71 491
38081: 113 337
44011: 11 4001
48133: 127 379
48565: 5 11 883
54411: 3 7 2591
58969: 109 541
63139: 103 613
69469: 127 547
71383: 13 17 17 19
79381: 163 487
79501: 107 743
84021: 3 7 4001
88507: 67 1321
106491: 3 7 11 461
107689: 113 953
109061: 191 571
110935: 5 11 2017
112141: 127 883
113293: 277 409
121859: 233 523
148417: 193 769
170221: 17 17 19 31
188191: 307 613
197209: 199 991
206981: 263 787
216721: 31 6991
226801: 337 673
234391: 31 7561
249841: 433 577
251089: 257 977
255581: 131 1951
256159: 127 2017
280969: 13 21613
282133: 307 919
283255: 5 7 8093
310381: 211 1471
321161: 337 953
334657: 379 883
339955: 5 7 11 883
410647: 19 21613
481601: 401 1201
483001: 547 883
531931: 211 2521
537473: 53 10141
540193: 97 5569
555397: 373 1489
556421: 431 1291
563347: 613 919
576841: 397 1453
598521: 3 7 11 2591
671977: 367 1831
696389: 229 3041
710533: 487 1459
728071: 281 2591
736291: 607 1213
753667: 709 1063
764443: 379 2017
776545: 5 7 11 2017
829141: 17 17 19 151
847261: 31 151 181
887251: 31 28621
904211: 7 11 11743
924231: 3 7 11 4001
986119: 17 19 43 71
993871: 17 17 19 181
1004251: 251 4001
1053761: 593 1777
1055641: 151 6991
1103299: 547 2017
1108741: 137 8093
1109599: 127 8737
1115401: 7 79 2017
1122769: 433 2593
1141711: 151 7561
1153741: 269 4289
1265371: 181 6991
1302451: 571 2281
1304191: 7 211 883
1311091: 17 233 331
1314631: 811 1621
1368541: 181 7561
1373653: 829 1657
1420579: 487 2917
1590751: 631 2521
1603771: 13 19 43 151
1644411: 3 137 4001
1703677: 653 2609
1718317: 37 46441
1748011: 331 5281
1781011: 883 2017
1808533: 277 6529
1857241: 31 181 331
1873579: 373 5023
1898999: 563 3373
1904033: 797 2389
1934227: 239 8093
2015197: 17 17 19 367
2049031: 271 7561
2133751: 251 8501
2216683: 7 157 2017
2353429: 13 17 23 463
2358511: 31 76081
2487941: 911 2731
2538251: 1301 1951
2575501: 607 4243
2599169: 1249 2081
2670361: 409 6529
2727649: 739 3691
2855533: 167 17099
3059101: 1237 2473
3065957: 607 5051
3105031: 167 18593
3126337: 457 6841
3186821: 11 281 1031
3243295: 5 11 109 541
3270403: 1279 2557
3358417: 367 9151
3390193: 73 46441
3539101: 941 3761
3664585: 5 29 127 199
3695341: 13 17 23 727
3708391: 1471 2521
3749429: 173 21673
3969401: 101 39301
3996991: 1069 3739
4004611: 13 19 31 523
4082653: 1429 2857
4150387: 1019 4073
4191841: 37 277 409
4206833: 257 16369
4224533: 1187 3559
4238191: 1783 2377
4255903: 1459 2917
4321771: 151 28621
4415251: 1051 4201
4505655: 3 5 7 11 47 83
4547081: 7 11 59053
4713361: 821 5741
4779139: 547 8737
4926373: 397 12409
4935701: 1283 3847
5008081: 13 17 17 31 43
5090821: 1303 3907
5122133: 1307 3919
5146501: 211 24391
5146759: 1213 4243
5180401: 181 28621
5206001: 761 6841
5338411: 13 19 21613
5384785: 5 7 137 1123
5481451: 31 151 1171
5728831: 31 181 1021
5766001: 1201 4801
5781055: 5 7 165173
5836861: 37 73 2161
5906413: 919 6427
6013711: 11 211 2591
6055841: 11 550531
6126863: 1213 5051
6186607: 7 787 1123
6246157: 17 17 21613
6252217: 457 13681
6471931: 1039 6229
6642217: 1289 5153
6802517: 2381 2857
6862843: 13 43 12277
6865457: 677 10141
7059403: 13 17 17 1879
7153751: 11 251 2591
7189681: 59 233 523
7295851: 1801 4051
7371047: 17 59 7349
7406311: 11 211 3191
7479247: 1489 5023
7512517: 37 277 733
7645897: 7 883 1237
7656353: 617 12409
7714771: 883 8737
7756291: 271 28621
7758601: 773 10037
7917757: 727 10891
7992913: 1069 7477
8086231: 2011 4021
8097251: 701 11551
8270389: 73 277 409
8417281: 1097 7673
8906821: 7 11 131 883
8917969: 1889 4721
9015985: 5 11 163927
9219901: 877 10513
9286321: 11 211 4001
9353761: 1249 7489
9444913: 577 16369
9493903: 2179 4357
9551179: 11 29 79 379
9821813: 2861 3433
9863569: 313 31513
10054021: 17 17 19 1831
10303151: 2621 3931
10366591: 2591 4001
10386241: 1861 5581
10637551: 181 58771
10813321: 1471 7351
11268251: 2741 4111
11348101: 1801 6301
11452321: 23 23 21649
11488231: 151 76081
11561151: 3 7 550531
11585293: 2153 5381
11720729: 2339 5011
12032021: 2003 6007
12318541: 1327 9283
12467077: 7 883 2017
12711007: 1783 7129
12890647: 7 11 83 2017
13012651: 2551 5101
13770661: 181 76081
13835533: 367 37699
14324473: 1693 8461
14783203: 2719 5437
14794081: 2221 6661
14807701: 3701 4001
15170761: 61 248701
15285613: 7 883 2473
15347353: 7 1087 2017
15584609: 2081 7489
15992513: 977 16369
15995449: 1789 8941
16030117: 919 17443
16559081: 7 11 83 2591
16585099: 1663 9973
16621697: 3329 4993
16705021: 1669 10009
16755481: 1831 9151
16819489: 1237 13597
16902421: 877 19273
17291233: 1009 17137
17449417: 2089 8353
17471147: 3413 5119
17516731: 23 761597
17612893: 67 199 1321
17622529: 2017 8737
17843281: 1597 11173
18030277: 1453 12409
18215671: 3571 5101
18225703: 3019 6037
18541441: 17 31 151 233
18674713: 1933 9661
18736381: 3061 6121
18778591: 13 17 31 2741
19053329: 953 19993
19115581: 331 57751
19383673: 103 307 613
19968601: 19 139 7561
20310751: 3187 6373
20555893: 277 74209
20576089: 2029 10141
20818729: 127 163927
20921951: 17 43 28621
21176989: 29 827 883
21306157: 3769 5653
21431393: 4243 5051
21690241: 241 90001
21788971: 311 70061
22059371: 3469 6359
22093441: 1777 12433
22349251: 109 379 541
22628701: 137 165173
22633381: 37 421 1453
23017429: 1447 15907
23503643: 467 50329
23536589: 2399 9811
23661751: 127 211 883
23734901: 2297 10333
23809951: 11 541 4001
24133633: 983 24551
24242261: 2843 8527
24551341: 61 277 1453
24589577: 4049 6073
24904153: 3529 7057
25150501: 1151 21851
25360819: 11 29 107 743
25525351: 4051 6301
25674221: 2069 12409
25696133: 2927 8779
25703371: 17 17 19 31 151
25709357: 173 148609
26383201: 13 17 31 3851
26886817: 2593 10369
26960851: 3851 7001
27722857: 2633 10529
27901081: 13 307 6991
27956503: 3739 7477
28074617: 3469 8093
28131301: 11 691 3701
28677641: 2797 10253
28850719: 1699 16981
29631691: 31 181 5281
29796901: 1051 28351
29912695: 5 547 10937
30351481: 409 74209
30732077: 1579 19463
30810001: 17 17 19 31 181
31201801: 4561 6841
31302949: 587 53327
31360057: 547 57331
31470211: 3967 7933
31650061: 3121 10141
31762441: 1993 15937
32091781: 3271 9811
32285041: 103 307 1021
32355809: 797 40597
32437021: 1471 22051
32724871: 31 151 6991
32785351: 3571 9181
32960161: 13 17 17 31 283
33571477: 1549 21673
33600533: 3347 10039
33625381: 2473 13597
34012501: 4001 8501
34084181: 3371 10111
34252921: 1171 29251
34748561: 17 23 181 491
35244971: 47 749893
35294029: 23 71 21613
35393041: 31 151 7561
35798491: 4231 8461
36090097: 223 161839
36291193: 113 337 953
36733901: 971 37831
36975023: 1877 19699
37070671: 11 29 79 1471
37192321: 1153 32257
37231117: 7 11 131 3691
37439201: 3533 10597
37500217: 313 119809
37771231: 2621 14411
38387581: 17 17 19 6991
38805935: 5 7 137 8093
39054691: 13 139 21613
39226501: 31 181 6991
39476347: 239 165173
39545221: 3631 10891
39676033: 3637 10909
39949883: 509 78487
40272013: 2399 16787
40621591: 4507 9013
41517451: 17 17 19 7561
41826943: 2287 18289
42149971: 4591 9181
42424771: 31 181 7561
42438871: 271 156601
42501439: 127 379 883
43036003: 4639 9277
43195387: 4157 10391
44260021: 13 487 6991
44409637: 797 55721
44643769: 79 565111
45139843: 7 67 109 883
45931117: 3389 13553
46231279: 17 59 46093
46308673: 97 477409
46728533: 3947 11839
46832281: 5101 9181
47494693: 2437 19489
47925541: 5851 8191
48068917: 13 19 71 2741
49019851: 4951 9901
50087467: 3539 14153
50248141: 17 17 19 9151
50576311: 6361 7951
50683547: 5813 8719
50708809: 1297 39097
50821681: 3361 15121
50830417: 11 29 79 2017
51463387: 6359 8093
51500521: 1741 29581
51664807: 5869 8803
52119289: 3229 16141
52204237: 3613 14449
52649221: 17 443 6991
52858951: 6991 7561
53542147: 3659 14633
54554839: 1847 29537
55358953: 13 17 23 10891
55729957: 3733 14929
56609281: 61 409 2269
56649641: 3931 14411
58157779: 1907 30497
58197547: 6229 9343
58450315: 5 7 11 157 967
58947407: 6269 9403
59594431: 13 19 31 43 181
60552161: 4493 13477
61341127: 127 547 883
61492201: 3697 16633
62128333: 379 163927
62399041: 4561 13681
63002501: 59 233 4583
63024001: 3001 21001
63397751: 3251 19501
63469543: 1699 37357
64049371: 29 239 9241
64377991: 163 487 811
64588129: 97 665857
65706187: 547 120121
66410569: 1289 51521
66444247: 2179 30493
66581527: 23 23 125863
66915721: 37 277 6529
66932851: 4091 16361
67194401: 4733 14197
67991017: 2749 24733
68355145: 5 79 131 1321
68421151: 1051 65101
68482051: 11 1951 3191
68976331: 3391 20341
69026869: 1831 37699
69829813: 7237 9649
70688857: 2803 25219
70760971: 127 631 883
70804291: 6361 11131
71318371: 2671 26701
71937109: 1549 46441
72202177: 5563 12979
72286501: 7 67 79 1951
72474697: 113 673 953
73289861: 4943 14827
73527301: 4951 14851
73580077: 2293 32089
73871249: 2753 26833
73963501: 3251 22751
73981657: 3847 19231
75140137: 3877 19381
76001297: 2203 34499
77281177: 337 229321
77334769: 19 43 103 919
78406251: 3 7 11 131 2591
78644611: 6271 12541
79089553: 2467 32059
81200041: 13 17 17 21613
81256351: 11 2591 2851
81956821: 277 295873
82452061: 6421 12841
82875101: 2351 35251
83498647: 43 197 9857
83699851: 1951 42901
84043057: 7 883 13597
85300381: 2971 28711
85719871: 6547 13093
86067367: 4639 18553
87558127: 4679 18713
87672859: 17 19 71 3823
87710437: 67 991 1321
88502581: 7951 11131
88722427: 157 565111
90471301: 1451 62351
92139433: 1753 52561
92143657: 1783 51679
92500487: 7853 11779
92765017: 1789 51853
93591721: 6841 13681
94083601: 593 158657
94116401: 2801 33601
94392971: 3191 29581
94720393: 937 101089
95451361: 5641 16921
95786401: 1493 64157
95914711: 3463 27697
96142927: 4903 19609
96878101: 5683 17047
96894071: 4019 24109
96986233: 2389 40597
97084261: 127 379 2017
97176397: 1579 61543
97879783: 3613 27091
97955605: 5 11 883 2017
99958013: 2357 42409
100359001: 2161 46441
101547217: 4507 22531
101913211: 211 547 883
103170601: 1301 79301
103409953: 797 129749
103983907: 5099 20393
105040321: 2843 36947
105113413: 2293 45841
105443161: 3709 28429
105482201: 11 2591 3701
105809903: 1019 103837
106485121: 7297 14593
107212433: 257 417169
107374151: 971 110581
108091201: 1201 90001
109179701: 3851 28351
109521457: 5233 20929
110041867: 13 17 23 21649
110043119: 4283 25693
110135821: 3967 27763
111456181: 73 409 3733
112106161: 6427 17443
112261033: 937 119809
112835729: 4337 26017
112939831: 4339 26029
113327281: 2953 38377
114032501: 11 2591 4001
114685741: 1117 102673
114983441: 139 599 1381
115825793: 3313 34961
116162041: 211 550531
116321617: 5393 21569
116807377: 7841 14897
117251641: 13 19 31 15313
117817519: 79 127 11743
117987841: 7681 15361
118623727: 8893 13339
118676983: 17 17 19 21613
118737901: 3853 30817
119067729: 3 11 1327 2719
119093311: 19 829 7561
119102551: 4201 28351
119327737: 67 883 2017
119451949: 23 5193563
120269053: 5077 23689
120460033: 6337 19009
120587851: 17 17 19 21961
121138099: 439 275941
122154671: 3191 38281
122431597: 3529 34693
123804421: 13 17 17 31 1063
124038337: 5569 22273
125437141: 37 73 46441
125997121: 6481 19441
127172661: 3 7 11 550531
128073401: 701 182701
128284901: 2803 45767
128676601: 163 487 1621
129623917: 5693 22769
129627499: 17 43 383 463
129762001: 19 31 151 1459
130207309: 8839 14731
130944133: 6607 19819
131504143: 7253 18131
132022909: 73 277 6529
132211951: 79 1673569
132323101: 10501 12601
132858001: 4357 30493
133117469: 2389 55721
133974901: 31 151 28621
134274017: 3863 34759
134868029: 2999 44971
135408251: 11 2591 4751
136048513: 59 523 4409
136488445: 5 3373 8093
136923931: 31 151 29251
137200981: 6763 20287
137301233: 8929 15377
139902181: 7481 18701
140118973: 127 547 2017
140405827: 1129 124363
141069067: 5939 23753
141555283: 6271 22573
142724629: 733 194713
143994691: 4243 33937
144157651: 11 3541 3701
144531073: 10753 13441
144716671: 11 211 62351
144747541: 883 163927
144878353: 257 577 977
145072351: 109 739 1801
145377277: 6029 24113
145820503: 8539 17077
145863911: 4931 29581
146158801: 8929 16369
147039751: 9901 14851
147269761: 2113 69697
147680969: 479 308311
148436209: 5449 27241
148468927: 9949 14923
148598851: 3701 40151
149048047: 4789 31123
149447761: 4621 32341
149915011: 4999 29989
150074521: 17 17 19 151 181
150760771: 7 883 24391
151254449: 1367 110647
151892857: 853 178069
152279063: 10687 14249
153463753: 37 409 10141
153545729: 5953 25793
153622981: 211 281 2591
153697601: 1601 96001
153752047: 19 43 307 613
154043851: 13 17 181 3851
154333033: 673 229321
154498081: 1741 88741
154712501: 11251 13751
154716251: 1951 79301
157157911: 17 17 19 28621
157368661: 7243 21727
157807981: 67 1321 1783
158496911: 10903 14537
158500327: 367 431881
158731747: 1627 97561
159781981: 7741 20641
160477061: 269 596569
160592431: 31 181 28621
160644151: 4001 40151
162096901: 7351 22051
162892021: 61 409 6529
162960361: 3541 46021
164270233: 3109 52837
164959411: 127 883 1471
165490741: 13 19 31 21613
165949141: 3221 51521
166010791: 67 211 11743
166318657: 8443 19699
166595131: 9127 18253
167472451: 9151 18301
167989681: 8641 19441
168312937: 13 17 761597
169234003: 9199 18397
170189417: 4349 39133
170337179: 1607 105997
170354809: 7993 21313
170584961: 7541 22621
170612251: 31 5503621
170947105: 5 7 647 7549
171379409: 8017 21377
172116181: 9277 18553
172947529: 307 613 919
173225283: 3 7 11 749893
173678203: 9319 18637
174305611: 4451 39161
175117957: 7 79 157 2017
175309651: 11 2591 6151
175724745: 3 5 7 1673569
176164681: 7 11 883 2591
177254533: 7687 23059
177425431: 31 103 181 307
177850037: 10889 16333
179499769: 2287 78487
180634177: 433 417169
180912271: 1321 136951
182058181: 6361 28621
183141001: 8161 22441
183778607: 11069 16603
184238209: 4093 45013
184758127: 8597 21491
185040703: 9619 19237
186285997: 269 692513
186337201: 3361 55441
187054741: 1123 166567
187546133: 7907 23719
188544649: 2833 66553
188821951: 6871 27481
189030481: 5197 36373
189686503: 9739 19477
191071021: 151 181 6991
192143011: 307 613 1021
192746401: 3851 50051
194225851: 181 1021 1051
196905601: 37 73 72901
198485351: 7001 28351
198962041: 3191 62351
200089411: 6991 28621
202130197: 7109 28433
202291993: 17 19 71 8821
202617049: 10513 19273
203071903: 9013 22531
204488231: 3371 60661
204697429: 9049 22621
206649691: 151 181 7561
207005209: 17 17 19 37699
207010981: 991 208891
207132481: 10177 20353
207896063: 12487 16649
208993071: 3 7 1951 5101
209041177: 823 253999
209166961: 5051 41411
209949841: 5477 38333
210023917: 11833 17749
210381139: 67 1321 2377
210546559: 1693 124363
210615553: 2903 72551
211318251: 3 47 461 3251
211782751: 751 282001
213835861: 19 31 43 8443
214038533: 8447 25339
214110541: 5531 38711
214159709: 3779 56671
216403381: 7561 28621
217698411: 3 7 2591 4001
218850311: 4271 51241
219237539: 131 1673569
220243879: 7933 27763
220588111: 487 452953
221171401: 11 3191 6301
222425081: 6089 36529
222571231: 6091 36541
224843137: 4481 50177
225694283: 2179 103577
226188397: 127 883 2017
226359547: 7523 30089
227565571: 7951 28621
227598631: 13 181 197 491
228663793: 6763 33811
228751711: 17 233 57751
228754321: 5717 40013
228883789: 11719 19531
229551673: 13 19 43 21613
229607731: 31 151 181 271
229822253: 11743 19571
230059127: 9791 23497
230195341: 1549 148609
234492301: 1597 146833
234870301: 10837 21673
235476697: 7673 30689
236497213: 1163 203351
237321727: 7703 30809
238625347: 12613 18919
238802935: 5 7 883 7727
240602363: 2003 120121
240689401: 2551 94351
240706513: 577 417169
242287001: 11 2591 8501
242647921: 8641 28081
242650717: 7789 31153
242948581: 17 31 43 71 151
243037979: 9547 25457
243576341: 9011 27031
243755011: 1123 217057
246099317: 12809 19213
247920661: 9091 27271
248478121: 89 881 3169
249144607: 4219 59053
249940495: 5 7 1123 6359
251706113: 15377 16369
253345945: 5 883 57383
255437671: 3821 66851
256979609: 9817 26177
258076393: 2797 92269
260386237: 683 381239
260736341: 9323 27967
261469609: 809 323201
261620141: 15607 16763
262750333: 157 1673569
262972711: 17 19 71 11467
263428181: 9371 28111
263584021: 71 491 7561
265037059: 7 67 565111
265099151: 1451 182701
265105711: 13 2917 6991
265487713: 5153 51521
265731931: 11527 23053
267127411: 2267 117833
267559627: 8179 32713
268584751: 17 17 43 21613
268646107: 2683 100129
269339041: 17 17 19 181 271
271763467: 8243 32969
272031991: 7 11 883 4001
273489301: 4201 65101
273586531: 5231 52301
274012801: 6257 43793
274697263: 3907 70309
274703881: 19 23 23 151 181
274997251: 13009 21139
275107051: 31 151 58771
276194123: 9103 30341
279786811: 31 1291 6991
280937101: 10601 26501
281288801: 5591 50311
281704501: 13 17 331 3851
281933489: 1777 158657
282279119: 683 413293
282707461: 127 883 2521
282804817: 4789 59053
283172531: 3191 88741
283828189: 1933 146833
286854947: 13829 20743
287449091: 14683 19577
288120421: 307 613 1531
289759051: 281 701 1471
292523507: 12959 22573
293938261: 151 331 5881
294046561: 1181 248981
295350001: 11251 26251
295419097: 7687 38431
296509357: 79 1579 2377
297837271: 541 550531
300580237: 8669 34673
304983031: 5281 57751
305464661: 10091 30271
305513371: 3727 81973
306004393: 37 73 277 409
306191621: 10103 30307
306638413: 6619 46327
307663357: 53 2029 2861
309115717: 547 565111
309285073: 1777 174049
309419623: 5563 55621
309592141: 61 409 12409
309805021: 71 4363451
309970361: 2389 129749
310533133: 5573 55721
311008861: 181 1718281
311213701: 8821 35281
313338061: 12517 25033
314782711: 31 181 56101
315047069: 8527 36947
315757657: 2539 124363
316583041: 10273 30817
316804867: 14533 21799
317921707: 17099 18593
318095365: 5 7 1123 8093
318580351: 11131 28621
319109143: 419 761597
321489379: 4483 71713
322711561: 17 17 19 58771
323477501: 11251 28751
324040861: 31 181 57751
326043631: 1481 220151
328135051: 4051 81001
328886201: 7 4001 11743
329044501: 1801 182701
329769721: 61 421 12841
330640759: 2017 163927
331623307: 14869 22303
331868197: 9109 36433
333619357: 9133 36529
334872721: 6917 48413
337046815: 5 7 83 157 739
338737457: 7349 46093
338867537: 13721 24697
339117169: 229 1480861
342265951: 11701 29251
344064109: 7573 45433
344776301: 15161 22741
344983549: 9151 37699
345674071: 13147 26293
346192381: 811 426871
346859521: 10753 32257
346915141: 17 23 31 28621
348668321: 10781 32341
350031973: 11833 29581
351623647: 199 991 1783
352459697: 15329 22993
353051821: 2953 119557
353601633: 3 7 11 47 32569
353878801: 6271 56431
354421189: 199 883 2017
354690823: 4409 80447
355117153: 5227 67939
356135161: 31 151 76081
356604421: 10903 32707
359499781: 7741 46441
361198241: 10973 32917
362636317: 2143 169219
362839891: 17 43 71 6991
363941467: 9539 38153
364108061: 1019 357319
364857751: 9551 38201
366652201: 461 691 1151
367309513: 2539 144667
368084069: 2687 136987
368419591: 7129 51679
370671157: 4177 88741
372432451: 7879 47269
373669453: 13669 27337
374753633: 11177 33529
375793321: 211 883 2017
376957153: 13729 27457
377171681: 11213 33637
377996221: 4861 77761
378386295: 3 5 7 131 27509
378719477: 5857 64661
381291901: 397 661 1453
381871993: 283 1349371
383237401: 211 701 2591
383425351: 9791 39161
384040001: 16001 24001
384364369: 277 1387597
384701953: 15193 25321
385606981: 163 811 2917
386480681: 10267 37643
388695301: 11383 34147
391437859: 14449 27091
394980643: 7027 56209
395355001: 13751 28751
396018911: 4691 84421
396225923: 10903 36341
396588853: 16831 23563
400059403: 3163 126481
400374253: 14149 28297
400855093: 1453 275881
402415651: 11 79 311 1489
402622193: 8689 46337
402884813: 23 23 761597
405221545: 5 47 1724347
405938233: 12041 33713
407574113: 977 417169
408357411: 3 7 11 1767781
410204419: 79 157 33073
412699801: 10501 39301
412995731: 5867 70393
414876013: 7699 53887
415800703: 14419 28837
415953553: 5657 73529
417760771: 17 17 19 76081
418617281: 11813 35437
418838521: 1861 225061
419184481: 11821 35461
422928101: 4073 103837
423413909: 12049 35141
424411501: 10301 41201
425309303: 9547 44549
425875033: 7993 53281
426390067: 8863 48109
426890491: 31 181 76081
432094801: 4801 90001
432501019: 2137 202387
433566337: 13441 32257
434343601: 14737 29473
434932961: 41 881 12041
436933873: 2447 178559
437355689: 17909 24421
437444431: 8539 51229
437581871: 4931 88741
438981643: 19 1069 21613
442601713: 19 619 37633
443667251: 19501 22751
444367531: 7561 58771
444660421: 151 1291 2281
444847729: 4603 96643
444875713: 3217 138289
445735153: 73 409 14929
446562689: 16369 27281
447352393: 20641 21673
447948833: 1193 375481
448563127: 17293 25939
449625331: 4159 108109
451118981: 12263 36787
453542053: 4099 110647
455417587: 109 541 7723
456320801: 7121 64081
457431437: 16567 27611
457623589: 2243 204023
457704901: 6451 70951
457990703: 9907 46229
458680837: 1237 370801
458797087: 7 199 373 883
459248641: 12373 37117
459334801: 8101 56701
460486921: 8761 52561
460585861: 12391 37171
463264003: 13613 34031
463617673: 8941 51853
465153151: 2143 217057
465654151: 271 1718281
467061967: 547 883 967
468500033: 12497 37489
468765793: 199 991 2377
469328203: 15319 30637
469598221: 8191 57331
470120257: 9697 48481
471272299: 8863 53173
473501827: 1423 332749
473822423: 9013 52571
475468927: 10903 43609
477086741: 12611 37831
479244943: 17 17 727 2281
480284989: 5659 84871
481046911: 2239 214849
481284451: 5101 94351
482146171: 13 23 59 151 181
483175351: 29 379 43961
484510561: 6529 74209
485951401: 13 5347 6991
487282771: 9413 51767
487890703: 15619 31237
493977037: 14057 35141
496589101: 281 701 2521
496849669: 5573 89153
498059647: 11159 44633
498083741: 15401 32341
500177809: 17681 28289
500900947: 8737 57331
503024897: 14683 34259
505127893: 7331 68903
506883529: 10069 50341
507256597: 1303 389299
508169161: 1993 254977
510968641: 4993 102337
511338241: 19 43 613 1021
511771393: 7 67 541 2017
512919361: 6829 75109
514139191: 14341 35851
517274389: 367 1409467
519742981: 4861 106921
520050427: 13 1063 37633
521345491: 317 1644623
524030363: 2399 218437
524134981: 5023 104347
524151253: 16189 32377
525033169: 17749 29581
525566935: 5 109 137 7039
526205191: 31 181 191 491
526714303: 2447 215249
526889639: 9739 54101
528289117: 14537 36341
529214311: 16267 32533
529656013: 8699 60887
529782121: 11 29 1129 1471
531329041: 1753 303097
531755569: 2953 180073
531882271: 6991 76081
532028737: 7039 75583
539019361: 16417 32833
540298081: 2689 200929
543834761: 113 337 14281
545430607: 19069 28603
545670533: 13487 40459
545922721: 19441 28081
549162511: 7411 74101
549724033: 13537 40609
550679153: 2957 186229
551140129: 97 2113 2689
551313001: 10501 52501
552163333: 13567 40699
552695599: 14869 37171
553134913: 6073 91081
554494951: 16651 33301
556097291: 9811 56681
559676305: 5 109 883 1163
560321701: 5431 103171
562467361: 13693 41077
564186001: 4751 118751
566102881: 29 127 281 547
567527173: 409 1387597
567737633: 13757 41269
569016679: 7 11 883 8369
569632141: 13 17 19 293 463
569720321: 13781 41341
570298795: 5 11 883 11743
571904173: 4987 114679
575248441: 7561 76081
578185301: 13883 41647
579606301: 109 541 9829
582243341: 18691 31151
584105041: 13 6427 6991
590950721: 2753 214657
592769633: 14057 42169
592842691: 7 199 211 2017
595046071: 11833 50287
596177821: 4789 124489
596881721: 5051 118171
599209969: 4397 136277
600204151: 911 658841
601378905: 3 5 40091927
602771011: 151 571 6991
606950653: 127 547 8737
607662091: 71 491 17431
607755649: 193 3148993
608236021: 281 541 4001
608560661: 14243 42727
608917753: 17449 34897
609343369: 1039 586471
609361567: 12343 49369
612025241: 5399 113359
613343371: 10111 60661
615244481: 14321 42961
615440641: 9377 65633
615760133: 14327 42979
617087701: 12421 49681
620966413: 9419 65927
623662903: 17659 35317
630142231: 3571 176461
631767943: 8887 71089
632202011: 7 4001 22573
633096001: 2251 281251
633944033: 14537 43609
634359217: 16981 37357
634467461: 14543 43627
634837841: 11 1951 29581
636417361: 3313 192097
639020773: 5653 113041
639070309: 13513 47293
639761629: 13 17 23 125863
643110361: 4793 134177
643317361: 18401 34961
644453633: 14657 43969
647062453: 13933 46441
647121121: 1993 324697
650373791: 1607 404713
650867383: 2281 285343
651483841: 43 59 491 523
651830821: 3541 184081
651916981: 151 571 7561
652969351: 271 811 2971
655850137: 3659 179243
656723161: 18121 36241
656969041: 6217 105673
660046549: 15733 41953
660498757: 18859 35023
660858427: 1459 452953
665364461: 11941 55721
666325501: 31 751 28621
667548883: 29 131 199 883
668536721: 1877 356173
670567301: 14951 44851
670688443: 19577 34259
672579671: 7487 89833
675003169: 379 883 2017
676176401: 3701 182701
676273027: 13003 52009
678168401: 8681 78121
679904983: 2719 250057
680860351: 18451 36901
682460501: 15083 45247
684634133: 15107 45319
685689235: 5 7 11 883 2017
685923757: 20287 33811
686059921: 149 1481 3109
687128671: 31 151 181 811
688360333: 20323 33871
691366909: 4723 146383
691957891: 1621 426871
693147617: 4129 167873
693459379: 11743 59053
695167891: 11 2591 24391
703023319: 14173 49603
703638859: 7 11 79 131 883
704450671: 9241 76231
705270737: 4253 165829
707701171: 12541 56431
710494471: 547 883 1471
711675667: 13339 53353
711890065: 5 2017 70589
717987601: 277 397 6529
720192811: 13 17 431 7561
720440033: 15497 46489
720843121: 1279 563599
721566847: 6007 120121
723606391: 9511 76081
725146531: 967 749893
725277463: 1483 489061
729458299: 14437 50527
730704133: 15607 46819
730986701: 4001 182701
732402343: 11719 62497
736822991: 4451 165541
737772673: 11 29 157 14731
739643491: 19231 38461
739689997: 277 409 6529
740121751: 4051 182701
745191253: 109 541 12637
745571035: 5 11 541 25057
749496089: 11177 67057
751546801: 2293 327757
754655257: 4663 161839
757227637: 3583 211339
760568041: 37 277 74209
761353433: 113 337 19993
768780091: 14821 51871
774044641: 8389 92269
777698641: 8641 90001
779818591: 109 2017 3547
780667141: 31 331 76081
782240551: 151 181 28621
782470501: 211 1471 2521
783086131: 223 1741 2017
785486833: 257 577 5297
788940833: 16217 48649
790774111: 1831 431881
792004535: 5 7 137 165173
793062649: 1373 577613
794399041: 16273 48817
798688765: 5 7 137 166567
800418401: 9431 84871
802300661: 6133 130817
803744371: 20047 40093
803786761: 17011 47251
804801313: 12097 66529
806029381: 17 17 19 181 811
806100061: 13 19 151 21613
808087801: 61 2029 6529
808693621: 17 31 71 21613
812927181: 3 11 47 131 4001
813654217: 12757 63781
814441633: 16477 49429
814947041: 461 1767781
817315441: 9041 90401
819153557: 23369 35053
826853743: 21737 38039
826945621: 16603 49807
828521687: 7 47 83 30341
829024813: 22303 37171
831046771: 151 5503621
834445789: 7459 111871
835935361: 16693 50077
838323361: 15121 55441
841064461: 3911 215051
841425337: 7753 108529
842051911: 7621 110491
844779769: 6343 133183
844935859: 6949 121591
845213443: 21977 38459
845951767: 14543 58169
850295473: 577 1473649
851287861: 6221 136841
853375993: 5843 146051
857462833: 15881 53993
857538991: 20707 41413
858711673: 6553 131041
859399633: 2269 378757
863037589: 17 19 71 37633
867022747: 14723 58889
868215823: 17 17 139 21613
869928377: 19309 45053
874837633: 17077 51229
875207869: 7639 114571
877532671: 20947 41893
878113331: 16231 54101
879196897: 9377 93761
880269881: 18169 48449
880337755: 5 11 883 18127
882117271: 7 109 541 2137
882354703: 3167 278609
884584891: 21031 42061
886180429: 23059 38431
892543963: 17749 50287
896056573: 5857 152989
896901461: 17291 51871
900127561: 5101 176461
901844617: 9497 94961
903104371: 13 19 523 6991
905040001: 181 271 18451
906498841: 521 1739921
906655049: 2939 308491
908349601: 17401 52201
915392717: 11173 81929
915567301: 11 137 541 1123
916990873: 2473 370801
918400033: 17497 52489
918661501: 151 751 8101
921705601: 9601 96001
921858631: 7591 121441
925543763: 26347 35129
929254973: 4723 196751
929559403: 21559 43117
930026189: 13417 69317
931525313: 9817 94889
932500801: 31 1051 28621
933184801: 21601 43201
934290251: 12479 74869
934777621: 4663 200467
934968217: 15289 61153
935373151: 5407 172993
938376181: 21661 43321
939097141: 1741 539401
940123801: 109 1801 4789
953370133: 17827 53479
955371871: 12619 75709
955609903: 21859 43717
959879521: 1609 596569
960076627: 19597 48991
960198251: 25301 37951
963732991: 13 19 31 125863
966252391: 13 19 181 21613
967651891: 10567 91573
970224805: 5 11 109 161839
970355431: 22027 44053
974213017: 547 883 2017
974567161: 37 277 95089
975042139: 1447 673837
979421111: 27103 36137
979775917: 127 883 8737
984792997: 1117 881641
991609921: 18181 54541
992982001: 11 3701 24391
995917807: 787 1265461
996155401: 181 5503621
999670027: 19997 49991
1000914605: 5 11743 17047
1004406481: 13 19 23 23 7687
1005402133: 18307 54919
1006515793: 21673 46441
1006639069: 21391 47059
1007546251: 2851 353401
1007713171: 22447 44893
1011014929: 7393 136753
1011127181: 24631 41051
1011284819: 12983 77893
1014119947: 15923 63689
1018870393: 5557 183349
1019201101: 9091 112111
1019477449: 4987 204427
1027050499: 20269 50671
1027744453: 22669 45337
1030857571: 3119 330509
1031723971: 24281 42491
1033994089: 10169 101681
1036812769: 7027 147547
1040449769: 19753 52673
1040788315: 5 7 137 217057
1049497177: 8737 120121
1050072253: 11833 88741
1052235343: 8461 124363
1054221521: 2441 431881
1055437633: 18757 56269
1055939701: 31 181 307 613
1057621547: 5323 198689
1059019831: 2791 379441
1060133317: 397 409 6529
1064519011: 23071 46141
1066424959: 557 1914587
1067896103: 11933 89491
1069100101: 9859 108439
1070992441: 281 1471 2591
1071354013: 13693 78241
1072839941: 18911 56731
1073472301: 11 4001 24391
1076735505: 3 5 131 547957
1084444481: 19013 57037
1085139343: 19 613 93169
1085836897: 14737 73681
1087101181: 37 73 277 1453
1088035363: 3943 275941
1092215521: 19081 57241
1093091081: 11941 91541
1093637491: 9547 114553
1100157823: 3163 347821
1101376711: 31 757 46933
1102531561: 1951 565111
1103978233: 8059 136987
1104254197: 21017 52541
1106061637: 3343 330859
1106957053: 1117 991009
1110818897: 3469 320213
1115416633: 3623 307871
1118604481: 3041 367841
1119550381: 12647 88523
1121091089: 7307 153427
1123763581: 9181 122401
1123793851: 6151 182701
1123817941: 631 883 2017
1124221981: 409 421 6529
1125070759: 1423 790633
1126552601: 8161 138041
1127530979: 20563 54833
1127545637: 59 523 36541
1134083893: 25457 44549
1134679321: 9343 121447
1135577953: 21313 53281
1137320581: 19471 58411
1144285271: 11491 99581
1144343651: 11 2591 40151
1147777423: 13 17 5193563
1151199001: 6301 182701
1154035801: 20161 57241
1154411417: 607 1901831
1155690451: 13879 83269
1155933241: 17 17 23 23 7561
1156155721: 7 83 211 9431
1157839381: 24061 48121
1158225041: 14737 78593
1160381377: 89 953 13681
1162665883: 29 40091927
1162734049: 257 577 7841
1164236249: 11 9013 11743
1167684751: 27901 41851
1167714471: 3 7 11 1951 2591
1168706449: 15289 76441
1169722399: 13963 83773
1173159019: 179 6553961
1177673647: 17159 68633
1183403141: 16217 72973
1184060161: 7561 156601
1184162801: 11471 103231
1184477201: 22531 52571
1184554801: 24337 48673
1187887891: 14071 84421
1188646903: 24379 48757
1189573289: 4273 278393
1190015011: 17 17 19 31 6991
1191216133: 19927 59779
1194711337: 10193 117209
1195753763: 29947 39929
1196470801: 7213 165877
1199266577: 5323 225299
1204176751: 17351 69401
1207527931: 31081 38851
1209503557: 307 613 6427
1210631131: 8699 139169
1212858979: 8707 139297
1213347691: 24631 49261
1217645521: 547 883 2521
1218446251: 11 2591 42751
1219858921: 24697 49393
1220628907: 19531 62497
1221536671: 691 1767781
1225128829: 6287 194867
1226745451: 127 2017 4789
1227740197: 8039 152723
1233926041: 12049 102409
1239141649: 2617 473497
1245116143: 137 1123 8093
1247623813: 5387 231599
1247875903: 24979 49957
1248382081: 151 2053 4027
1250700907: 17683 70729
1250896849: 22369 55921
1251209153: 4457 280729
1252900111: 7547 166013
1256065441: 5581 225061
1261099531: 25111 50221
1264145401: 107 743 15901
1265748751: 11251 112501
1266054193: 15913 79561
1266989701: 20551 61651
1270142561: 4721 269041
1270599877: 3583 354619
1271364709: 14557 87337
1272075421: 23 31 181 9857
1272414991: 29 743 59053
1273213901: 10301 123601
1275108801: 3 29 1811 8093
1277289901: 7039 181459
1277413723: 1879 679837
1283370211: 8011 160201
1287040981: 17 17 19 31 7561
1289728987: 17 19 71 56239
1290307861: 10831 119131
1300021669: 19273 67453
1312286317: 1637 801641
1312845661: 25621 51241
1312938017: 17681 74257
1315858381: 13711 95971
1321263901: 2917 452953
1323646561: 10091 131171
1324996993: 6337 209089
1325857541: 21023 63067
1328357983: 19963 66541
1331413333: 21067 63199
1333215703: 25819 51637
1334349901: 13807 96643
1336423453: 1949 685697
1336745089: 8093 165173
1345702447: 14389 93523
1346538961: 16411 82051
1349467547: 7499 179953
1350050131: 571 2364361
1358023421: 131 2591 4001
1359559909: 5437 250057
1359633637: 733 1854889
1360103401: 23761 57241
1362168817: 5273 258329
1364720899: 5059 269761
1365250321: 28621 47701
1371998071: 8731 157141
1373410081: 31 151 181 1621
1381493611: 6571 210241
1387230401: 11587 119723
1398370897: 7 11 131 157 883
1401243379: 31319 44741
1402977349: 163 8607223
1409792801: 15329 91969
1412235301: 29 127 547 701
1418553613: 9661 146833
1424910967: 167 499 17099
1425860101: 26701 53401
1426319563: 32707 43609
1426425821: 2591 550531
1427543041: 14281 99961
1430684871: 3 7 11 6193441
1432657211: 6911 207301
1435448743: 18289 78487
1435738201: 8269 173629
1437866561: 21893 65677
1441122643: 2557 563599
1442995951: 67 883 24391
1444633681: 7841 184241
1444957753: 7603 190051
1448456509: 6949 208441
1451585521: 9241 157081
1451910241: 17041 85201
1453548403: 26959 53917
1454860691: 17981 80911
1455360287: 4073 357319
1455439523: 5507 264289
1456527461: 15581 93481
1459900801: 23041 63361
1461689331: 3 47 2591 4001
1465217911: 27067 54133
1467279409: 25537 57457
1467817471: 27091 54181
1470991849: 32089 45841
1471463137: 1249 1178113
1472998627: 16831 87517
1475365501: 3529 418069
1480849831: 27211 54421
1481860829: 35141 42169
1484071681: 14561 101921
1485458521: 17 43 71 28621
1487539747: 29581 50287
1488103681: 29881 49801
1491840281: 8429 176989
1496233003: 35311 42373
1497192269: 15797 94777
1497221281: 27361 54721
1500580189: 73 277 74209
1500609043: 5087 294989
1501280273: 30013 50021
1501660393: 16091 93323
1502740513: 6553 229321
1505200261: 21521 69941
1507822723: 11 29 541 8737
1509973627: 7549 200023
1513999243: 17 71 757 1657
1516720129: 3697 410257
1518051133: 37 73 277 2029
1518290707: 19483 77929
1520991193: 3907 389299
1525453441: 17921 85121
1528936501: 131 1301 8971
1532554363: 5869 261127
1533555271: 27691 55381
1534522341: 3 11 131 137 2591
1534673729: 3137 489217
1535409133: 19 3739 21613
1536112001: 16001 96001
1538232463: 79 157 124021
1538507371: 2543 604997
1539620941: 14831 103811
1542800779: 13 17 17 19 21613
1544599061: 22691 68071
1545281191: 19 1069 76081
1548193177: 25759 60103
1549410469: 167 499 18593
1549603213: 14879 104147
1550975791: 9283 167077
1557593881: 20611 75571
1558913203: 27919 55837
1560400139: 16127 96757
1567090867: 25037 62591
1568259001: 19801 79201
1569843451: 11 1801 79241
1573175969: 3823 411503
1575064009: 17749 88741
1575887647: 32413 48619
1580449201: 103 151 307 331
1583099155: 5 11 3727 7723
1584794669: 36341 43609
1591121041: 15077 105533
1591132171: 2203 722257
1592185027: 5309 299903
1593759361: 4673 341057
1599352267: 12647 126461
1601418673: 10333 154981
1605057793: 31033 51721
1606097953: 17923 89611
1606882861: 31 331 156601
1607530051: 28351 56701
1607753629: 21433 75013
1607988901: 71 3851 5881
1610636273: 20959 76847
1611064891: 17 17 19 181 1621
1613495467: 22573 71479
1616225953: 16369 98737
1619599843: 17 19 197 25453
1620088441: 9181 176461
1624486967: 32909 49363
1625689801: 29 211 379 701
1625944717: 2617 621301
1627816681: 211 883 8737
1628692201: 28537 57073
1636294577: 3907 418811
1638627481: 31 6991 7561
1640565109: 11173 146833
1640733901: 1861 881641
1644333517: 17 71 383 3557
1645020833: 23417 70249
1645128391: 907 1813813
1646366257: 10477 157141
1646590843: 14347 114769
1647612737: 409 617 6529
1649510717: 10487 157291
1653897371: 7 4001 59053
1655342737: 3217 514561
1659222577: 18217 91081
1659651481: 3533 469757
1659856969: 16633 99793
1663451551: 16651 99901
1663725919: 12899 128981
1669922983: 12923 129221
1674626147: 33413 50119
1677115441: 8191 204751
1680109201: 17 31 43 151 491
1682084791: 28621 58771
1690914781: 29077 58153
1695419041: 23773 71317
1697732011: 5851 290161
1699611211: 16831 100981
1699935751: 643 2643757
1700250049: 12433 136753
1701691321: 11 281 550531
1706822849: 409 4173161
1707421633: 23857 71569
1707662881: 18481 92401
1714149533: 6389 268297
1719156251: 2711 634141
1720090289: 10709 160621
1724579599: 32831 52529
1731971699: 37991 45589
1733947783: 7603 228061
1735874513: 5519 314527
1738201541: 17021 102121
1739057633: 24077 72229
1742833711: 719 2423969
1744945973: 3767 463219
1749709441: 19441 90001
1751866117: 397 1453 3037
1757148121: 29641 59281
1757565811: 199 8831989
1764981901: 883 991 2017
1765108621: 409 661 6529
1767014041: 13 19 331 21613
1769797201: 15901 111301
1772877943: 14887 119089
1773760921: 28771 61651
1774816831: 28621 62011
1776399059: 17207 103237
1777059019: 4789 371071
1788010003: 13 17 659 12277
1794295735: 5 47 883 8647
1799294771: 2731 658841
1803201751: 13 271 487 1051
1804325563: 37993 47491
1805555201: 24533 73597
1806811777: 6337 285121
1813023229: 2749 659521
1813208311: 6571 275941
1815224017: 6737 269441
1816853581: 16111 112771
1818138421: 11 109 379 4001
1818271153: 11827 153739
1819139533: 13009 139837
1826110081: 9181 198901
1828358897: 34913 52369
1829984531: 23431 78101
1835466991: 281 2521 2591
1838453203: 30319 60637
1838739523: 12379 148537
1839860713: 19183 95911
1842302281: 6329 291089
1844404931: 29581 62351
1845611431: 17539 105229
1845678451: 28351 65101
1849151227: 7 11 883 27197
1851440341: 61 409 74209
1852666901: 24851 74551
1856369269: 269 1609 4289
1856828647: 13627 136261
1859787187: 21563 86249
1863332659: 17623 105733
1866026867: 233 523 15313
1870217701: 11 131 211 6151
1870663411: 19 31 1069 2971
1875289441: 12011 156131
1876066781: 3011 623071
1876447927: 27397 68491
1879201297: 19387 96931
1887446161: 16421 114941
1887518329: 17737 106417
1894573309: 27529 68821
1895812883: 6719 282157
1899525601: 211 2521 3571
1899768763: 37747 50329
1909566073: 19543 97711
1912706137: 11689 163633
1916608129: 7297 262657
1927372351: 20323 94837
1932808963: 13903 139021
1937105941: 25411 76231
1943521771: 6971 278801
1945042181: 25463 76387
1951655351: 30013 65027
1953378337: 97 2689 7489
1955898841: 13 17 31 71 4021
1962730531: 31327 62653
1971363521: 14281 138041
1973414411: 8111 243301
1981122391: 1171 1691821
1984104721: 3511 565111
1986220787: 36389 54583
1991063449: 18217 109297
1994937979: 17299 115321
1995401357: 36473 54709
1996657937: 337 953 6217
1998520273: 19993 99961
2003561051: 21101 94951
2004675751: 13 17 419 21649
2007299549: 21523 93263
2009621503: 31699 63397
2010475081: 20161 99721
2020358201: 6701 301501
2023340401: 211 2591 3701
2028685753: 31849 63697
2028718807: 4219 480853
2029244551: 36781 55171
2030781751: 14251 142501
2032075081: 12503 162527
2032264699: 18859 107761
2036234467: 6359 320213
2037732451: 22571 90281
2038093597: 22573 90289
2057049457: 3767 546071
2059776601: 421 4892581
2062163071: 23563 87517
2062765963: 5563 370801
2063228203: 32119 64237
2068867841: 26261 78781
2070569197: 13933 148609
2072488771: 32191 64381
2072624761: 487 1459 2917
2076192007: 22783 91129
2077579667: 27697 75011
2077766623: 13159 157897
2079090019: 24373 85303
2079369811: 151 181 76081
2080891801: 40801 51001
2086454143: 9739 214237
2087439691: 29 127 281 2017
2088696979: 36131 57809
2088768533: 26387 79159
2089282339: 28909 72271
2090066947: 22859 91433
2094177403: 32359 64717
2096027431: 127 883 18691
2096692033: 26437 79309
2100656273: 28289 74257
2105502571: 29021 72551
2108229287: 983 2144689
2110379251: 11551 182701
2113616641: 17377 121633
2114643217: 22993 91969
2119380587: 37589 56383
2131620571: 32647 65293
2135529017: 30253 70589
2139462991: 32707 65413
2140699681: 127 631 26713
2142162751: 911 2351441
2142454441: 491 4363451
2143085407: 9811 218437
2143186319: 33809 63391
2144961253: 32749 65497
2150969633: 26777 80329
2151915811: 17 23 5503621
2153076001: 23201 92801
2158876081: 433 577 8641
2163951217: 12433 174049
2165523553: 12907 167779
2168834977: 29 8093 9241
2171600113: 29473 73681
2176147351: 7 79 1951 2017
2177514301: 28621 76081
2177645557: 23333 93329
2187350701: 211 2591 4001
2187544531: 29581 73951
2187580487: 38189 57283
2189218319: 31193 70183
2196839041: 27061 81181
2198661313: 4373 502781
2199931651: 379 631 9199
2202674531: 4001 550531
2202677401: 661 3332341
2218240291: 17 19 71 197 491
2224278253: 33349 66697
2224506541: 17827 124783
2236114163: 10709 208807
2236983877: 14957 149561
2238061183: 127 2017 8737
2239021513: 20177 110969
2244621751: 1051 2135701
2248354153: 33529 67057
2249232613: 4423 508531
2260550797: 23773 95089
2262105437: 40597 55721
2263594717: 23789 95153
2274354991: 8431 269761
2277117701: 27551 82651
2277672413: 12323 184831
2285772679: 197 11602907
2286310321: 15121 151201
2286489397: 23909 95633
2287290251: 2351 972901
2291920981: 7 883 370801
2292339619: 17 17 367 21613
2294455411: 33871 67741
2298700981: 8803 261127
2298727121: 13841 166081
2299064901: 3 7 3701 29581
2300503151: 9791 234961
2301624535: 5 7 67 743 1321
2301980801: 27701 83101
2304120001: 24001 96001
2306921003: 1213 1901831
2311558021: 33997 67993
2313732241: 18181 127261
2314455893: 10211 226663
2319329503: 6679 347257
2319891307: 24083 96329
2321484463: 17497 132679
2326446973: 25523 91151
2326958947: 443 5252729
2327748337: 21577 107881
2330338249: 21589 107941
2330431027: 44507 52361
2333377831: 547 883 4831
2334381061: 17 1091 125863
2335902901: 17 17 1069 7561
2338332823: 14033 166631
2350561441: 10337 227393
2352715531: 883 1321 2017
2361232477: 307 613 12547
2363141971: 11621 203351
2371198831: 5059 468709
2371458571: 17 17 19 431881
2372375461: 61 409 95089
2373567701: 71 3851 8681
2376708751: 8191 290161
2376769741: 18427 128983
2376908351: 12451 190901
2379415303: 23563 100981
2379610351: 24391 97561
2384044081: 30881 77201
2394682521: 3 7 11 2591 4001
2399744491: 23 23 859 5281
2401464451: 29 67 107 11551
2404441981: 1279 1879939
2405346901: 13267 181303
2407917121: 151 2281 6991
2418501541: 14197 170353
2421575617: 769 3148993
2422236601: 17401 139201
2423082481: 31 2731 28621
2423202011: 30971 78241
2429365447: 19333 125659
2435308919: 20147 120877
2435792461: 20149 120889
2440461271: 39521 61751
2441264941: 10303 236947
2444736533: 28547 85639
2451653153: 2081 1178113
2456466871: 1321 1859551
2459236627: 29 199 239 1783
2461071691: 13 17 17 19 23 1499
2461871497: 24809 99233
2463389527: 9257 266111
2468696161: 5209 473929
2471684293: 13 19 463 21613
2482353079: 59 523 80447
2483909353: 26177 94889
2485230751: 35251 70501
2487581461: 6917 359633
2490533977: 24953 99809
2493414691: 15791 157901
2499853333: 28867 86599
2503267981: 18911 132371
2507939969: 7013 357613
2509216711: 17 43 491 6991
2513922601: 8161 308041
2517201271: 13 17 17 31 21613
2530245089: 7499 337411
2531923301: 12451 203351
2537738963: 43627 58169
2538381259: 9199 275941
2542196809: 22549 112741
2547406447: 10303 247249
2550780277: 25253 101009
2552735639: 20627 123757
2553104731: 181 2671 5281
2554147609: 13 17 17 679837
2555115409: 7 11 83 541 739
2557434461: 8429 303409
2558684441: 4289 596569
2560910419: 109 1783 13177
2565734851: 33769 75979
2566804501: 29251 87751
2568491641: 37 73 277 3433
2568789301: 13 17 31 71 5281
2579163931: 35911 71821
2580055123: 16063 160621
2580734077: 1831 1409467
2585217601: 7417 348553
2591483809: 8093 320213
2591883145: 5 883 587063
2598183683: 24029 108127
2598712777: 7283 356819
2604242791: 151 2281 7561
2611609201: 10501 248701
2611787281: 8081 323201
2612889469: 17431 149899
2615565271: 11 2591 91771
2616180821: 29531 88591
2619867181: 883 1471 2017
2620392641: 11171 234571
2622862819: 14633 179243
2625047521: 29581 88741
2625564315: 3 5 11 83 191717
2626819777: 6673 393649
2627083051: 19 151 181 5059
2627798449: 277 1453 6529
2646147001: 21001 126001
2656313521: 21401 124121
2658690721: 5569 477409
2660839091: 24317 109423
2660895889: 11257 236377
2662805599: 21067 126397
2667835069: 4903 544123
2668246153: 14327 186239
2676053333: 29867 89599
2693185507: 42373 63559
2693739751: 25951 103801
2700029863: 233 523 22157
2706863833: 12619 214507
2712853837: 8933 303689
2720566549: 15727 172987
2721858781: 29429 92489
2724808087: 21649 125863
2725490689: 9377 290657
2730618871: 7247 376793
2734870753: 2089 1309177
2736066667: 42709 64063
2747093221: 24049 114229
2747394827: 23 23 5193563
2759142641: 32969 83689
2761545403: 37159 74317
2771719651: 281 701 14071
2772819817: 7523 368579
2775980593: 23563 117811
2776874941: 31 43 271 7687
2779539757: 36583 75979
2780158171: 7 223 883 2017
2787072107: 18593 149899
2789759131: 373 1489 5023
2796940301: 5237 534073
2807463751: 131 2521 8501
2819716121: 9041 311881
2822307001: 251 461 24391
2824019419: 13 19 23 23 21613
2824912621: 11083 254887
2827961221: 30703 92107
2828715137: 17729 159553
2836115713: 20129 140897
2841986603: 5279 538357
2842592551: 5179 548869
2843447881: 157 1951 9283
2850473389: 18313 155653
2855046421: 16111 177211
2855176301: 461 6193441
2855661121: 30853 92557
2855736217: 43633 65449
2856854881: 4567 625543
2867266901: 43721 65581
2867908945: 5 11 883 59053
2870377309: 9623 298283
2876464579: 7333 392263
2881429741: 37957 75913
2881524353: 2969 970537
2882759041: 16189 178069
2884465729: 24019 120091
2894421157: 12343 234499
2894983381: 5381 538001
2902844431: 5443 533317
2916122401: 32401 90001
2919551653: 4933 591841
2921822281: 7 109 157 24391
2927963231: 22091 132541
2928545621: 39521 74101
2938558607: 26557 110651
2939384029: 13999 209971
2943765631: 19183 153457
2944812319: 13567 217057
2949221121: 3 7 11 3191 4001
2950312933: 7057 418069
2951544961: 16381 180181
2955108889: 11863 249103
2956014343: 21139 139837
2957986711: 47701 62011
2970188257: 4289 692513
2972420323: 15739 188857
2986155551: 701 1151 3701
3005755237: 14653 205129
3023009809: 42589 70981
3023094619: 22447 134677
3025512793: 6661 454213
3030722131: 44641 67891
3037841551: 14731 206221
3042630533: 31847 95539
3052958601: 3 7 11 3571 3701
3053742061: 20887 146203
3054297403: 39079 78157
3056100623: 15959 191497
3058670677: 27653 110609
3066639817: 27689 110753
3067438369: 20641 148609
3068393681: 36929 83089
3070407619: 19 7477 21613
3076638781: 35081 87701
3081070423: 30403 101341
3087000481: 29537 104513
3103288631: 26261 118171
3105241441: 32173 96517
3105534251: 22751 136501
3105542683: 17623 176221
3107729953: 10729 289657
3107999441: 22153 140297
3113310601: 151 271 76081
3118080505: 5 67 83 127 883
3121936271: 22811 136861
3124082713: 607 1213 4243
3126808259: 11789 265231
3130329931: 54601 57331
3143168449: 26881 116929
3144031801: 18691 168211
3146902111: 39667 79333
3146921633: 8363 376291
3157579861: 32443 97327
3169830751: 28151 112601
3172327849: 25189 125941
3175613563: 15511 204733
3180143761: 15641 203321
3184058957: 46073 69109
3185631619: 7717 412807
3189888001: 39937 79873
3191043073: 22447 142159
3196065601: 19 43 181 21613
3198225733: 283 11301151
3203509327: 35797 89491
3210672667: 35837 89591
3212025391: 10711 299881
3212224027: 33871 94837
3213895051: 40087 80173
3215031751: 151 751 28351
3220802857: 21673 148609
3225095179: 17959 179581
3228488869: 23197 139177
3242286403: 36013 90031
3245080681: 457 7100833
3252715567: 50021 65027
3253417651: 11 211 541 2591
3255203269: 17203 189223
3255231691: 34939 93169
3260986711: 5711 571001
3264820001: 251 3251 4001
3265586809: 4813 678493
3280018381: 21647 151523
3282615613: 307 613 17443
3287687581: 30649 107269
3288043333: 10837 303409
3294114583: 10847 303689
3304861061: 33191 99571
3306464461: 5851 565111
3310960969: 49393 67033
3314605771: 631 1471 3571
3318954607: 2971 1117117
3320669437: 28813 115249
3324133117: 14887 223291
3326803201: 33301 99901
3329008381: 30841 107941
3332800021: 33331 99991
3335166977: 3617 922081
3336595417: 5167 645751
3341131649: 2753 1213633
3349997731: 40927 81853
3352911361: 19 31 151 37699
3353174969: 2861 1172029
3354066841: 16063 208807
3360511981: 21911 153371
3363763231: 41011 82021
3364070533: 33487 100459
3365110981: 17491 192391
3368529517: 397 8484961
3372693281: 11177 301753
3379700083: 10987 307609
3380446213: 8867 381239
3383477191: 41131 82261
3384522251: 11 2591 118751
3388339531: 24821 136511
3396188941: 22027 154183
3397422541: 22031 154211
3402832111: 7 883 550531
3403458631: 2011 1692421
3404103379: 5477 621527
3407380211: 23831 142981
3408200641: 41281 82561
3420524467: 29243 116969
3428626237: 18517 185161
3433439341: 31321 109621
3434425193: 2399 1431607
3436713277: 9649 356173
3441452981: 10771 319511
3441859279: 5227 658477
3448620793: 26263 131311
3453240551: 47981 71971
3457896259: 24007 144037
3458341657: 19603 176419
3466280959: 883 1709 2297
3468448301: 9431 367771
3470716657: 26347 131731
3471848461: 22271 155891
3472765189: 4507 770527
3492883081: 26431 132151
3500177563: 379 883 10459
3506088769: 15289 229321
3506618177: 11689 299993
3512813653: 5869 598537
3515122717: 48409 72613
3518447843: 5669 620647
3522613313: 28961 121633
3541018741: 13 31 307 28621
3550063477: 48649 72973
3555423083: 28109 126487
3560675977: 23 7151 21649
3563551991: 24371 146221
3575776429: 3709 964081
3576294151: 14951 239201
3578189341: 24421 146521
3584800801: 42337 84673
3598754669: 35141 102409
3600278833: 15493 232381
3602006101: 34651 103951
3620549773: 12547 288559
3624431071: 7411 489061
3631950577: 20089 180793
3632478571: 14051 258521
3635611321: 3769 964609
3635698291: 8681 418811
3640127191: 197 491 37633
3640903111: 42667 85333
3643701821: 10061 362161
3647818217: 12329 295873
3650519351: 13291 274661
3651150331: 42727 85453
3653127859: 6229 586471
3661280701: 13 17 331 50051
3663529981: 38281 95701
3672823963: 34421 106703
3673744903: 42859 85717
3679657997: 49529 74293
3684101119: 4799 767681
3687724321: 16843 218947
3689825707: 17 17 19 367 1831
3693874117: 30389 121553
3696015853: 9613 384481
3706404781: 23011 161071
3708157633: 5569 665857
3711225751: 49741 74611
3711249745: 5 7 2017 52571
3719005841: 607 1213 5051
3721220407: 9929 374783
3727341451: 31 4201 28621
3727649927: 20021 186187
3731392939: 9007 414277
3733530617: 12473 299329
3734808481: 151 181 136651
3737728801: 6481 576721
3740127829: 2203 1697743
3740342585: 5 7 647 165173
3741041561: 17657 211873
3758679091: 17341 216751
3760983029: 25037 150217
3774113503: 35023 107761
3775541017: 31513 119809
3775720301: 727 5193563
3784195633: 37339 101347
3785356387: 30763 123049
3785729117: 15887 238291
3790718251: 23 23 331 21649
3793239913: 2239 1694167
3800639501: 7589 500809
3801299251: 50341 75511
3802638689: 13457 282577
3808444993: 12343 308551
3809018947: 30859 123433
3815945869: 409 1429 6529
3825825043: 12073 316891
3832807681: 43777 87553
3832953601: 14593 262657
3834786401: 12641 303361
3835882597: 21673 176989
3845485513: 27733 138661
3848011873: 39233 98081
3853511897: 40639 94823
3869046241: 6521 593321
3869668351: 43987 87973
3871853119: 9839 393521
3872902051: 22003 176017
3874471147: 31123 124489
3880034533: 409 1453 6529
3882346903: 44059 88117
3886660031: 10391 374041
3892928203: 44119 88237
3895046191: 44131 88261
3900970477: 16693 233689
3903711841: 36073 108217
3907224577: 18433 211969
3908908033: 36097 108289
3912174421: 67 127 211 2179
3920955001: 1033 3795697
3924658591: 7 137 311 13159
3926444215: 5 67 2339 5011
3933756389: 8783 447883
3937526911: 44371 88741
3945525853: 27031 145963
3948679981: 17 43 71 76081
3951557249: 2897 1364017
3952143031: 9151 431881
3954731201: 3137 1260673
3956339791: 19891 198901
3959314111: 137 3571 8093
3965813359: 39829 99571
3970677341: 30271 131171
3971677951: 31511 126041
3974572801: 19009 209089
3975103861: 911 4363451
3983863351: 13 17 31 151 3851
4004016721: 23917 167413
4008224221: 20021 200201
4012771271: 18287 219433
4017006233: 24671 162823
4023575557: 3433 1172029
4028771849: 25913 155473
4028995297: 28387 141931
4030637771: 25919 155509
4045858847: 5807 696721
4063568449: 15937 254977
4080622201: 20201 202001
4086058321: 6361 642361
4094208647: 43319 94513
4102265365: 5 11 2017 36979
4104388201: 41941 97861
4108970251: 32051 128201
4110075841: 257 977 16369
4112328991: 3631 1132561
4116631501: 24251 169751
4134125893: 20333 203321
4145048461: 239 2143 8093
4147537771: 13 31 103 163 613
4149101017: 28807 144031
4150829593: 28813 144061
4168649633: 37277 111829
4172694049: 19477 214237
4174848151: 17 23 31 151 2281
4178491201: 32321 129281
4181394001: 17 151 233 6991
4183389811: 37831 110581
4191717601: 487 8607223
4192060699: 16187 258977
4198549111: 19 43 151 34033
4206464623: 14503 290041
4206758533: 37447 112339
4214923411: 4451 946961
4218093773: 18749 224977
4219963603: 20543 205421
4219979737: 547 883 8737
4220265601: 9281 454721
4230954037: 14923 283519
4239382177: 5009 846353
4255288237: 41257 103141
4256262481: 13411 317371
4258854451: 12799 332749
4279667731: 691 6193441
4282136321: 37781 113341
4285434493: 16903 253531
4289393281: 37813 113437
4291402651: 13967 307253
