15: 3 5
69: 3 23
91: 7 13
115: 5 23
345: 3 5 23
805: 5 7 23
1065: 3 5 71
1495: 5 13 23
1891: 31 61
3367: 7 13 37
5329: 73 73
5461: 43 127
6941: 11 631
7601: 11 691
8321: 53 157
8695: 5 37 47
10465: 5 7 13 23
13019: 47 277
16471: 7 13 181
17767: 109 163
19561: 31 631
21421: 31 691
22177: 67 331
31305: 3 5 2087
38491: 61 631
38951: 11 3541
40501: 101 401
42151: 61 691
48937: 7 6991
55315: 5 13 23 37
56033: 137 409
57929: 53 1093
73801: 7 13 811
79003: 199 397
85951: 23 37 101
90883: 13 6991
96049: 139 691
109771: 31 3541
113527: 107 1061
133141: 211 631
146791: 181 811
147109: 157 937
148177: 71 2087
170431: 131 1301
171601: 157 1093
175651: 7 23 1091
194221: 167 1163
216001: 61 3541
218791: 331 661
286903: 379 757
398413: 239 1667
399001: 31 61 211
436021: 631 691
437761: 97 4513
438703: 307 1429
451351: 601 751
464101: 11 31 1361
476269: 173 2753
497377: 353 1409
512461: 31 61 271
550551: 3 23 79 101
561601: 433 1297
576241: 211 2731
636181: 7 13 6991
657901: 307 2143
670033: 7 13 37 199
679583: 389 1747
689323: 263 2621
699983: 691 1013
741751: 431 1721
765703: 619 1237
803965: 5 23 6991
819541: 523 1567
851779: 317 2687
884801: 811 1091
928441: 23 37 1091
935767: 7 37 3613
938503: 613 1531
953581: 17 56093
1024141: 937 1093
1029241: 433 2377
1032533: 587 1759
1033669: 7 13 37 307
1041977: 313 3329
1053761: 593 1777
1056221: 331 3191
1080697: 149 7253
1091611: 37 163 181
1151281: 157 7333
1152271: 43 127 211
1193221: 31 61 631
1265371: 181 6991
1302451: 571 2281
1306681: 31 61 691
1336699: 7 13 37 397
1338289: 43 31123
1357441: 673 2017
1373633: 677 2029
1373653: 829 1657
1451791: 11 191 691
1530787: 619 2473
1551061: 211 7351
1555201: 97 16033
1576261: 379 4159
1590409: 433 3673
1626691: 11 147881
1723261: 631 2731
1752571: 811 2161
1753327: 317 5531
1754191: 293 5987
1777561: 1021 1741
1840609: 89 20681
1907851: 11 251 691
1987021: 997 1993
2064479: 587 3517
2109251: 661 3191
2222655: 3 5 71 2087
2234371: 631 3541
2253751: 751 3001
2261953: 673 3361
2284453: 1069 2137
2323597: 59 39383
2405477: 373 6449
2446831: 691 3541
2722721: 953 2857
2724931: 11 31 61 131
2741311: 1171 2341
2746477: 829 3313
2795251: 601 4651
2944901: 701 4201
2995147: 463 6469
3059101: 1237 2473
3082969: 1297 2377
3148363: 757 4159
3157729: 1777 1777
3158273: 257 12289
3167539: 727 4357
3238013: 373 8681
3338221: 691 4831
3362671: 13 37 6991
3387781: 1063 3187
3407689: 659 5171
3445891: 43 127 631
3449251: 13 37 71 101
3492901: 751 4651
3647621: 1103 3307
3713173: 223 16651
3768451: 971 3881
3815011: 691 5521
3862207: 983 3929
3880433: 929 4177
3913003: 1399 2797
3942271: 811 4861
3944279: 131 30109
3952621: 127 31123
4052233: 277 14629
4242151: 251 16901
4246169: 1129 3761
4330861: 787 5503
4336879: 659 6581
4414117: 883 4999
4425793: 449 9857
4464197: 331 13487
4496371: 11 61 6701
4509767: 1097 4111
4519831: 31 211 691
4638481: 631 7351
4686391: 1531 3061
4763881: 1297 3673
4796231: 11 631 691
4863127: 1103 4409
4865911: 941 5171
4966921: 541 9181
5020801: 769 6529
5039791: 421 11971
5049001: 31 271 601
5122133: 1307 3919
5164321: 31 61 2731
5164705: 5 7 13 11351
5206451: 311 16741
5221051: 11 31 61 251
5292631: 1627 3253
5406787: 1163 4649
5489641: 1657 3313
5627755: 5 7 23 6991
5669701: 811 6991
5906689: 769 7681
5960677: 977 6101
6013235: 5 23 52289
6115651: 101 151 401
6186403: 1759 3517
6594901: 1483 4447
6696031: 31 61 3541
6702085: 5 13 23 4483
6733693: 109 163 379
6779137: 2017 3361
6787327: 1303 5209
6871021: 937 7333
6969511: 1867 3733
6976201: 1321 5281
7215481: 7 13 37 2143
7248151: 23 151 2087
7439641: 11 191 3541
7686401: 1601 4801
7703551: 23 307 1091
7996067: 2309 3463
8014969: 1093 7333
8055419: 2591 3109
8224295: 5 47 79 443
8231653: 2029 4057
8328241: 1291 6451
8357857: 149 56093
8479673: 853 9941
8507731: 61 211 661
8542261: 7 13 93871
8730721: 2377 3673
8818883: 2711 3253
9062851: 7 23 181 311
9080191: 2131 4261
9094853: 53 157 1093
9195073: 499 18427
9439201: 61 271 571
9776701: 11 251 3541
9863461: 2221 4441
9864941: 1481 6661
9906247: 13 109 6991
10141837: 2467 4111
10267951: 67 331 463
10276297: 1069 9613
10326751: 31 43 61 127
10362997: 37 379 739
10423639: 167 62417
10451545: 5 13 23 6991
10703801: 1091 9811
10772323: 307 35089
10813321: 1471 7351
10874161: 241 45121
10948483: 7 13 23 5231
11143951: 7 13 151 811
11268251: 2741 4111
11549451: 3 47 101 811
11578169: 743 15583
11609561: 1231 9431
11738329: 857 13697
12331801: 1171 10531
12407011: 127 211 463
12605057: 569 22153
13012501: 2083 6247
13012651: 2551 5101
13075615: 5 7 23 37 439
13141229: 2417 5437
13163613: 3 23 71 2687
13318651: 613 21727
13357981: 7 13 181 811
13449619: 109 163 757
13475711: 2011 6701
13516651: 31 631 691
13799987: 2699 5113
13879681: 769 18049
13900741: 31 61 7351
13996951: 1871 7481
14020441: 71 181 1091
14486413: 1439 10067
14580563: 3307 4409
14608133: 2207 6619
14652991: 2707 5413
14676481: 71 421 491
14676841: 1063 13807
14756767: 349 42283
14813929: 13 163 6991
14861797: 2687 5531
14913991: 43 127 2731
15047701: 251 59951
15636205: 5 13 23 10459
16042027: 2003 8009
16043413: 463 34651
16684501: 701 23801
16990651: 181 93871
17013289: 2609 6521
17170171: 2621 6551
17552497: 599 29303
18085717: 13 199 6991
18219961: 881 20681
18357389: 3319 5531
18443701: 3037 6073
18699697: 1117 16741
18888799: 1087 17377
18985627: 2179 8713
19048485: 3 5 23 55213
19212821: 2531 7591
19442119: 2789 6971
19609801: 2801 7001
19947271: 659 30269
20075581: 2731 7351
20252977: 2441 8297
20511001: 7 811 3613
20542981: 2137 9613
20964385: 5 13 23 37 379
20983489: 587 35747
21215801: 3761 5641
21306157: 3769 5653
21482479: 2539 8461
21501631: 31 693601
21670451: 11 691 2851
21769721: 2437 8933
21988201: 1301 16901
23261713: 4177 5569
23476447: 2423 9689
24482503: 3499 6997
24550241: 2861 8581
24578081: 11 631 3541
24653071: 2341 10531
24904153: 3529 7057
25276421: 2903 8707
25332751: 61 601 691
25448893: 1303 19531
26280073: 73 157 2293
26522653: 131 293 691
26523301: 7 23 151 1091
26597281: 61 631 691
26671951: 4831 5521
26915141: 11 691 3541
27062101: 11 31 61 1301
27409541: 3023 9067
27529529: 3911 7039
27901081: 13 307 6991
28009253: 1019 27487
28213333: 3067 9199
28248821: 317 89113
28296781: 2011 14071
28748941: 13 1091 2027
28871815: 5 7 307 2687
29599921: 13 1091 2087
30004129: 2971 10099
30131011: 61 211 2341
30200851: 31 601 1621
30542131: 37 739 1117
30932521: 1543 20047
31134209: 137 227257
31655401: 61 691 751
31792831: 7 23 181 1091
31998961: 491 65171
32213903: 2591 12433
32262193: 829 38917
32795551: 31 691 1531
33136153: 1597 20749
33264037: 1531 21727
33564257: 3793 8849
33796531: 4111 8221
33840397: 2909 11633
34516561: 2221 15541
35270647: 1019 34613
35335813: 907 38959
35340769: 2659 13291
35593831: 7 13 181 2161
35798491: 4231 8461
36080551: 13 397 6991
36333551: 683 53197
36919681: 2297 16073
36974341: 3511 10531
37108243: 3853 9631
37576435: 5 13 277 2087
37804969: 3889 9721
37840531: 1163 32537
37964809: 109 379 919
38246281: 31 1233751
38516451: 3 101 317 401
38654197: 3109 12433
39073051: 31 271 4651
39388441: 1093 36037
39458537: 2357 16741
39545221: 3631 10891
39547171: 4447 8893
39655153: 1747 22699
40143811: 43 127 7351
41306761: 1783 23167
41808509: 239 174931
41873455: 5 13 23 37 757
42276401: 1201 35201
42309661: 61 693601
42562765: 5 7 23 37 1429
43586047: 43 1013629
43636363: 67 651289
43661257: 2203 19819
43786289: 1709 25621
44002909: 3187 13807
44260021: 13 487 6991
44760581: 3863 11587
45110413: 109 163 2539
45595201: 211 216091
45786133: 3907 11719
45877861: 31 43 127 271
45890209: 29 53 73 409
45918641: 5051 9091
46094401: 4801 9601
46318651: 6301 7351
46348943: 83 558421
46469809: 3049 15241
46584037: 3413 13649
46887697: 4483 10459
47131657: 3433 13729
47925121: 2617 18313
47948681: 11 1231 3541
49664207: 1439 34513
50027671: 331 151141
50087467: 3539 14153
50142181: 1429 35089
50149249: 6529 7681
50155711: 821 61091
50427421: 11 31 147881
50558399: 6491 7789
50581081: 3181 15901
51401351: 2213 23227
51500521: 1741 29581
52595713: 1873 28081
53542147: 3659 14633
53851207: 1259 42773
54212929: 2689 20161
54255521: 4253 12757
54816059: 3023 18133
55384033: 4297 12889
55435969: 193 287233
55983769: 6449 8681
56159083: 71 379 2087
56372387: 2591 21757
56451151: 211 267541
57013919: 3083 18493
57116161: 1153 49537
57118751: 131 631 691
57427417: 3529 16273
57609397: 2029 28393
58312171: 43 211 6427
58372291: 2621 22271
58500751: 31 691 2731
58536271: 61 271 3541
59079211: 31 1905781
59541791: 127 631 743
59550067: 2281 26107
59788931: 1823 32797
60112885: 5 7 443 3877
60229121: 4481 13441
60308691: 3 23 443 1973
60754049: 2441 24889
61018033: 149 409517
61413481: 181 311 1091
61754941: 5557 11113
61755751: 31 271 7351
61799011: 181 421 811
62289541: 5581 11161
62399041: 4561 13681
62447771: 211 295961
62820871: 71 811 1091
62878973: 1759 35747
63176749: 229 275881
63318169: 3559 17791
64377991: 163 487 811
64485469: 1657 38917
64693135: 5 13 23 109 397
65054173: 2083 31231
65271287: 59 1106293
65349253: 5113 12781
65569681: 31 691 3061
65820265: 5 7 269 6991
66230641: 953 69497
66649601: 821 81181
67161163: 1229 54647
67488721: 1553 43457
67642513: 3109 21757
68133469: 1483 45943
68621701: 4783 14347
68829157: 2971 23167
69017581: 4441 15541
69265501: 31 631 3541
69558855: 3 5 277 16741
69656537: 6221 11197
70124401: 23 101 30187
70593931: 2971 23761
71054941: 797 89153
71318371: 2671 26701
71936899: 3463 20773
72356929: 4513 16033
72590971: 1163 62417
72616861: 1531 47431
73160815: 5 7 13 23 6991
73892953: 109 163 4159
73902403: 6079 12157
74396407: 43 1730149
74775521: 593 126097
74843191: 1621 46171
74943601: 1201 62401
75258811: 61 1233751
75565873: 5861 12893
75600851: 2141 35311
75644251: 5501 13751
75851761: 31 691 3541
75935971: 2179 34849
76129381: 811 93871
76135207: 283 269029
76307617: 3907 19531
76494391: 31 691 3571
77763883: 1667 46649
77914721: 2081 37441
78201667: 3469 22543
78234133: 5107 15319
80223953: 4721 16993
80818201: 709 113989
80918281: 6361 12721
81926461: 19 67 139 463
82606231: 6427 12853
82627651: 2143 38557
83248513: 3449 24137
83521477: 13 919 6991
84269761: 2953 28537
84288601: 17 1801 2753
84350561: 107 743 1061
84488131: 7 13 23 37 1091
85667443: 2213 38711
86081857: 2129 40433
86563277: 7207 12011
86927677: 5897 14741
87051895: 5 7 23 108139
87967753: 6991 12583
88521493: 659 134327
89086213: 1669 53377
89364901: 101 811 1091
89701411: 1579 56809
89863621: 743 120947
90343069: 719 125651
91167751: 101 401 2251
91826785: 5 37 71 6991
92239615: 5 13 47 109 277
92500487: 7853 11779
92948113: 409 227257
93312911: 631 147881
93467021: 4231 22091
93827353: 2687 34919
95444101: 1021 93481
95451361: 5641 16921
96916279: 167 499 1163
96925921: 2731 35491
96958261: 181 491 1091
97983341: 5881 16661
98034751: 4951 19801
99128989: 17 29 201073
99188167: 13 23 199 1667
99228151: 11 61 147881
99732509: 2579 38671
99904201: 661 151141
99925361: 7451 13411
99971821: 73 1129 1213
99988001: 4201 23801
100338941: 1181 84961
101736979: 5209 19531
102061609: 13 1123 6991
102185771: 691 147881
102395203: 3671 27893
102690901: 5851 17551
102769273: 1187 86579
102861751: 31 601 5521
103106251: 2539 40609
103253333: 5867 17599
103797403: 3187 32569
104220703: 7219 14437
105782939: 6857 15427
106273651: 11 61 251 631
107486413: 3919 27427
108203713: 193 560641
108620219: 2837 38287
108906901: 8521 12781
108973411: 3581 30431
109098349: 9161 11909
109427291: 4271 25621
109905511: 79 199 6991
110413333: 6067 18199
110555971: 4957 22303
110912311: 6661 16651
111049301: 11 2851 3541
111654401: 6101 18301
112169989: 71 757 2087
113605201: 7537 15073
113680651: 7 23 101 6991
113846221: 2539 44839
115148761: 7 13 181 6991
115190401: 4057 28393
115699957: 4519 25603
115804501: 5381 21521
116252641: 61 1905781
116853361: 3121 37441
116980081: 31 43 127 691
116990221: 5701 20521
117662981: 6263 18787
117841921: 6529 18049
118655473: 5689 20857
119204809: 2383 50023
120654781: 13 47 181 1091
121374241: 6361 19081
121650821: 1481 82141
122089843: 3907 31249
122448409: 823 148783
122739761: 2861 42901
122764349: 5323 23063
123191441: 761 161881
123346009: 2777 44417
123771511: 7867 15733
124028519: 4547 27277
124721081: 941 132541
125225953: 877 142789
125722199: 3517 35747
128200253: 1427 89839
128464501: 11 691 16901
128730883: 127 1013629
128932021: 3313 38917
129816601: 61 601 3541
129871807: 13 1429 6991
130840291: 71 883 2087
131762413: 4339 30367
132464521: 7 23 822761
133391611: 8167 16333
134866141: 1031 130811
135544501: 61 211 10531
135864691: 4759 28549
136202441: 3631 37511
136296631: 61 631 3541
136353421: 631 216091
136545067: 5843 23369
137340451: 8287 16573
138336661: 8317 16633
138634369: 7681 18049
138828821: 6803 20407
139952671: 131 571 1871
141254677: 739 191143
142452961: 7 23 811 1091
142560757: 709 201073
143236897: 6491 22067
143463013: 67 331 6469
144202321: 3331 43291
145186291: 3061 47431
145410931: 8527 17053
145820503: 8539 17077
145897321: 6551 22271
146210423: 1433 102031
146581121: 281 521641
147114269: 5827 25247
148109473: 5443 27211
148352051: 7459 19889
148547977: 2969 50033
148910653: 8629 17257
149048047: 4789 31123
149256691: 61 691 3541
151197355: 5 37 47 17389
151264513: 4649 32537
152067001: 1039 146359
152279063: 10687 14249
153006323: 2591 59053
153691807: 6199 24793
153697601: 1601 96001
154287451: 6211 24841
154944533: 7187 21559
155203361: 7193 21577
155239979: 5087 30517
155274571: 6661 23311
155715481: 5581 27901
155982413: 3911 39883
156250823: 11411 13693
156520999: 5171 30269
156570961: 2731 57331
157460431: 11311 13921
157465771: 31 691 7351
157542533: 7247 21739
160790137: 157 937 1093
161304001: 7333 21997
161909641: 229 707029
162044389: 13 1783 6991
162216751: 61 751 3541
162243091: 9007 18013
162342781: 739 219679
162750421: 1741 93481
163253371: 5051 32321
163759753: 9049 18097
163968617: 4729 34673
164069551: 101 401 4051
164411911: 9067 18133
166595131: 9127 18253
168047821: 23 37 181 1091
168818371: 631 267541
169234003: 9199 18397
169341901: 547 309583
169608067: 59 349 8237
169649399: 359 472561
169655641: 3613 46957
169962703: 43 127 31123
170048111: 5647 30113
170407421: 3371 50551
170697859: 9767 17477
170947105: 5 7 647 7549
171093913: 8273 20681
171515269: 853 201073
171817201: 1801 95401
171879863: 7789 22067
173218501: 6581 26321
173454373: 11131 15583
174360355: 5 13 23 223 523
175385953: 5923 29611
175775389: 587 299447
176222137: 7 13 277 6991
176977921: 7681 23041
177188311: 4861 36451
177812641: 4021 44221
178455379: 2467 72337
180497633: 7757 23269
183595777: 3109 59053
184259623: 3919 47017
186751391: 631 295961
187248307: 11173 16759
187534901: 211 251 3541
188133085: 5 7 919 5849
188516329: 89 617 3433
189836659: 2179 87121
190761731: 5639 33829
192280951: 4903 39217
193163777: 7489 25793
193816351: 43 127 35491
194389903: 9859 19717
194762269: 13 2143 6991
195100057: 6247 31231
195966061: 3331 58831
196044301: 61 691 4651
196062595: 5 71 79 6991
196948627: 7687 25621
198448351: 4297 46183
198552929: 2857 69497
199104533: 8147 24439
199200289: 6581 30269
199484569: 3613 55213
203231621: 8231 24691
203383091: 11311 17981
204308521: 4447 45943
204909073: 2281 89833
205183031: 4421 46411
206006533: 8287 24859
206504033: 8297 24889
207017161: 13 307 51871
208226935: 5 7 23 37 6991
208686041: 4729 44129
208947217: 11197 18661
209802581: 8363 25087
210312829: 6967 30187
210461959: 5923 35533
210615553: 2903 72551
211286923: 2371 89113
213096521: 11 131 147881
213835861: 19 31 43 8443
213954043: 3119 68597
214305337: 11953 17929
215576659: 331 651289
216821881: 331 661 991
217186537: 7369 29473
218112133: 8527 25579
218160097: 3389 64373
218535643: 5227 41809
218624033: 8537 25609
219728923: 127 1730149
220759883: 7673 28771
221006801: 2381 92821
221751643: 11257 19699
221793391: 10531 21061
222524347: 7459 29833
222857489: 29 137 56093
223322581: 1171 190711
224074369: 1777 126097
224080921: 113 281 7057
224157319: 6469 34651
224246573: 23 9749851
224294533: 8647 25939
224617541: 3533 63577
226366003: 10639 21277
226731931: 6421 35311
227180923: 9533 23831
228458221: 1861 122761
228883789: 11719 19531
229440331: 31 691 10711
230055085: 5 13 23 37 4159
230120489: 167 1377967
232460821: 8803 26407
233107201: 1601 145601
233609491: 2791 83701
233717401: 31 1621 4651
233963533: 10099 23167
234546313: 2029 115597
234717913: 199 397 2971
234870301: 10837 21673
236150461: 6553 36037
239446631: 2687 89113
239962339: 10099 23761
241027153: 1553 155201
242729401: 12721 19081
242934917: 6037 40241
243887617: 12097 20161
244061371: 11047 22093
245239801: 251 751 1301
246817255: 5 23 307 6991
247920661: 9091 27271
249969539: 11677 21407
249976399: 1429 174931
251769631: 31 61 211 631
252168607: 6229 40483
252552301: 6007 42043
253158751: 11251 22501
253613587: 7963 31849
255866131: 11311 22621
255956881: 461 555221
256997903: 2213 116131
257246039: 4507 57077
257586211: 19 43 103 3061
258404999: 6563 39373
260321461: 211 1233751
262833871: 6619 39709
264350521: 11497 22993
264903559: 139 1905781
265554997: 3739 71023
265731931: 11527 23053
266003101: 7 13 37 199 397
267214939: 1097 243587
267559627: 8179 32713
268422881: 6689 40129
269526097: 8209 32833
270013393: 13 2971 6991
270504781: 12433 21757
272399491: 7 13 811 3691
273480637: 8269 33073
273514951: 251 751 1451
274541261: 9281 29581
277477903: 11779 23557
278914105: 5 109 307 1667
278943061: 9643 28927
279377281: 131 911 2341
280736437: 7039 39883
283498381: 4861 58321
291236977: 5689 51193
291609977: 1667 174931
293209531: 6991 41941
293830211: 9091 32321
295594391: 3221 91771
296457191: 8117 36523
297377407: 4111 72337
297589591: 13 647 35381
297812677: 8629 34513
297866929: 409 728281
298468661: 1361 219301
299639071: 3691 81181
300979369: 7759 38791
301541683: 443 680681
302818001: 5801 52201
303639337: 8713 34849
304788013: 6599 46187
308739857: 8093 38149
311213701: 8821 35281
311257441: 11 61 131 3541
311403061: 11161 27901
311967433: 3533 88301
313084591: 43 127 57331
313338061: 12517 25033
313444201: 7 811 55213
314154937: 7927 39631
314841871: 23 1091 12547
316362853: 619 511087
316583041: 10273 30817
316682731: 911 347621
317869861: 1471 216091
319053281: 10313 30937
327962353: 13177 24889
328176745: 5 13 1879 2687
328573477: 199 397 4159
329339389: 1723 191143
330034249: 7417 44497
336385561: 4817 69833
336477041: 8951 37591
338458807: 9199 36793
338757619: 3229 104911
339498055: 5 13 23 227089
341037121: 9601 35521
343592749: 8461 40609
345132481: 5153 66977
345388829: 4799 71971
347442371: 10067 34513
348660481: 13 71 181 2087
348668321: 10781 32341
349470703: 13219 26437
350626459: 11467 30577
351058753: 13249 26497
351557701: 11 31 61 16901
351910021: 10831 32491
352351693: 6637 53089
354805201: 401 811 1091
354994921: 631 562591
355375081: 61 691 8431
355496851: 37 109 181 487
358124449: 11969 29921
359370881: 641 560641
359696431: 13411 26821
360948151: 4051 89101
361307521: 13441 26881
363608071: 211 631 2731
364285351: 61 2341 2551
364652381: 4931 73951
365373011: 3581 102031
365511191: 3491 104701
366207031: 11719 31249
366544609: 13177 27817
367346881: 11 3541 9431
368133481: 8581 42901
368515327: 3919 94033
368700779: 1307 282097
371627029: 3259 114031
372038627: 15749 23623
373906513: 7309 51157
374325841: 13681 27361
375204655: 5 7 307 34919
376096033: 11197 33589
376814981: 941 400441
379382779: 8461 44839
384472481: 11321 33961
385543369: 3067 125707
386096257: 349 1106293
386480681: 10267 37643
388151461: 16651 23311
388337689: 17579 22091
390212929: 12097 32257
392224519: 71 2087 2647
392803861: 11443 34327
393552811: 1471 267541
395044651: 199 859 2311
395604721: 4241 93281
399484021: 3847 103843
399671641: 8941 44701
400194491: 11311 35381
400253701: 11551 34651
401335351: 8179 49069
403095421: 14197 28393
403548913: 6353 63521
406842529: 7253 56093
408263941: 631 647011
408532301: 10891 37511
408628081: 31 61 216091
409357961: 331 661 1871
410210659: 2707 151537
411309823: 11467 35869
411840833: 11717 35149
411988207: 16573 24859
412375393: 3433 120121
413670661: 11743 35227
414917977: 3037 136621
415108891: 14407 28813
416168461: 7213 57697
416854201: 601 693601
418226581: 14461 28921
419209169: 4657 90017
423062641: 41 281 36721
426462031: 3187 133813
429275341: 11 19 131 15679
432123841: 1217 355073
434932961: 41 881 12041
435358631: 1471 295961
435525595: 5 2087 41737
436198687: 17053 25579
437662231: 631 693601
439600841: 17 461 56093
439714133: 12107 36319
441143317: 1693 260569
446454451: 2341 190711
446715221: 12203 36607
447932291: 23 79 246523
448232419: 11317 39607
448500031: 7 199 397 811
449037751: 211 601 3541
451345951: 7 23 401 6991
453949951: 7 13 811 6151
455289361: 823 553207
455687551: 11 691 59951
456969241: 127 211 17053
458050951: 5351 85601
459838867: 17509 26263
459957751: 11 61 251 2731
460900801: 4801 96001
465535513: 2617 177889
465845201: 9941 46861
466850221: 8167 57163
467083399: 13669 34171
468977029: 4057 115597
469150813: 6967 67339
469310227: 463 1013629
469598221: 8191 57331
471697799: 8867 53197
473170801: 17761 26641
475163501: 3491 136111
476621377: 5009 95153
478614067: 10939 43753
479278291: 691 693601
483351217: 10993 43969
488207501: 18041 27061
490803461: 12791 38371
490894111: 15667 31333
490950461: 157 1093 2861
491646403: 15679 31357
491850173: 19559 25147
492663469: 307 1123 1429
492884003: 5531 89113
492985081: 883 558307
493699441: 6163 80107
494419421: 2111 234211
498442951: 15787 31573
498576341: 103 1367 3541
499344331: 6151 81181
501803821: 2659 188719
502460773: 4093 122761
503086453: 139 3619327
504870241: 12973 38917
505920031: 31 61 267541
509302873: 10093 50461
509552641: 13 37 971 1091
510111361: 8537 59753
514831633: 1427 360779
515497841: 2861 180181
515942791: 7 13 811 6991
516465007: 7187 71861
518265749: 6397 81017
520894351: 751 693601
521531947: 5107 102121
522655801: 7621 68581
523540739: 3571 146609
523646621: 3541 147881
525078401: 1201 437201
525255197: 18713 28069
525669377: 6529 80513
526018039: 3823 137593
526727273: 1759 299447
527505859: 12277 42967
532885361: 5741 92821
532935181: 5701 93481
534412171: 14621 36551
536128921: 3181 168541
536484031: 5791 92641
537636097: 3457 155521
539537941: 13411 40231
539881543: 12889 41887
541949227: 131 691 5987
542130601: 15401 35201
542497201: 263 787 2621
542761301: 13451 40351
543266177: 15259 35603
546163381: 2437 224113
547141201: 6661 82141
550471087: 23167 23761
551856551: 19181 28771
551978209: 97 5690497
554526883: 18061 30703
556685191: 10061 55331
557058133: 13627 40879
557548801: 13633 40897
558977761: 89 881 7129
559436851: 2551 219301
560335231: 311 1117 1613
560907271: 16747 33493
562618057: 3389 166013
562903111: 631 691 1291
562967149: 18379 30631
564592601: 2861 197341
565664761: 12421 45541
566136001: 37 163 93871
567263321: 631 691 1301
569332177: 239 1429 1667
569784403: 16879 33757
571024081: 19 631 47629
574319701: 2777 206813
583217311: 10531 55381
586759603: 4423 132661
588615553: 18793 31321
589553053: 1321 446293
590144521: 2731 216091
591043771: 17191 34381
591294001: 1871 316031
593128771: 4603 128857
593964841: 4243 139987
594474229: 13033 45613
595252687: 12889 46183
595590841: 17257 34513
597530893: 1933 309121
603255001: 12281 49121
604398029: 10037 60217
608643451: 13 37 181 6991
610324219: 19531 31249
611852671: 17491 34981
613332721: 6007 102103
614354851: 11 61 631 1451
614768617: 19 67 331 1459
614851957: 4253 144569
616268143: 71 2087 4159
617075551: 6427 96013
617087701: 12421 49681
617279821: 9391 65731
617718193: 4327 142759
618068881: 17 53 73 9397
618599801: 8291 74611
619830469: 7507 82567
620053879: 15749 39371
620947741: 11971 51871
621787951: 151 421 9781
622334057: 20369 30553
623662903: 17659 35317
624988927: 643 971989
626334391: 181 199 17389
626535919: 103 691 8803
626804329: 18661 33589
631656901: 20521 30781
631701557: 8707 72551
631881337: 12569 50273
632214619: 1237 511087
636005239: 6029 105491
636185761: 17981 35381
638493901: 9551 66851
638837761: 14593 43777
639364937: 8429 75853
639536201: 5519 115879
643753831: 7 23 181 22091
644004817: 12689 50753
645986401: 31 61 251 1361
646097957: 5189 124513
648219001: 61 3001 3541
650333377: 20161 32257
650948209: 829 785221
653994343: 3373 193891
654400351: 11 4651 12791
655881073: 3697 177409
658310851: 11 3541 16901
659526601: 12841 51361
663086449: 10513 63073
664692601: 7151 92951
666710353: 241 337 8209
667259171: 811 822761
669592591: 31 631 34231
670917673: 2617 256369
671280361: 3061 219301
673393477: 17 197 201073
674234201: 10601 63601
676880821: 18397 36793
678055811: 10631 63781
678120451: 211 691 4651
679033681: 16481 41201
684634133: 15107 45319
685129141: 5581 122761
685369511: 5171 132541
685903681: 15121 45361
687416251: 1231 558421
687605533: 499 1377967
689327731: 9283 74257
690602851: 2711 254741
692337313: 24889 27817
693708289: 10753 64513
693784153: 5861 118373
694604917: 5171 134327
694947313: 16673 41681
696032791: 10771 64621
696102401: 15233 45697
697423429: 7963 87583
697761283: 787 886609
698162081: 331 661 3191
699030401: 4801 145601
704343901: 31 131 251 691
705883951: 18787 37573
707667617: 3203 220939
709912657: 17443 40699
710538973: 6883 103231
710583719: 10883 65293
710617861: 15391 46171
711304903: 18859 37717
713846429: 6899 103471
713865611: 17579 40609
714978739: 14293 50023
715284541: 2539 281719
715427861: 15443 46327
717272107: 11689 61363
720860431: 16981 42451
721500103: 109 163 40609
724097851: 6343 114157
724296817: 10321 70177
725881817: 23 31560079
727083001: 43 127 211 631
727881103: 3797 191699
728851507: 13499 53993
729406801: 1801 405001
730364137: 13513 54049
730654471: 2731 267541
734205949: 12433 59053
734793467: 22133 33199
736668013: 10259 71807
739644193: 12163 60811
740736823: 71 2087 4999
741484351: 601 1233751
743574901: 1021 728281
743993941: 16301 45641
747325237: 13669 54673
748164721: 5471 136751
748604033: 15797 47389
749496089: 11177 67057
749894041: 13 181 421 757
750966229: 13 6991 8263
752965651: 23 37 811 1091
753532781: 29 1093 23773
753955567: 499 1510933
757272707: 22469 33703
758246833: 107 1061 6679
759085273: 8713 87121
760529921: 7121 106801
761932033: 15937 47809
762293701: 13 71 757 1091
764033999: 16927 45137
765186581: 15971 47911
765378241: 15973 47917
768455227: 67 331 34651
770330669: 21499 35831
773286889: 11353 68113
774857623: 25411 30493
776081503: 19699 39397
776728661: 16091 48271
778264051: 1231 632221
778496881: 631 1233751
780178001: 9311 83791
782130553: 7757 100829
784169101: 9901 79201
784349353: 17713 44281
784966297: 137 409 14009
786241327: 8269 95083
788252221: 19 31 43 31123
790518649: 17 829 56093
790829461: 613 691 1867
792447521: 16253 48757
795172181: 24421 32561
795753631: 1471 540961
797219821: 21871 36451
797851297: 199 397 10099
799692193: 21377 37409
800055367: 14143 56569
807218413: 10739 75167
807895999: 23 37 443 2143
808983319: 17989 44971
809203321: 73 73 151849
809670049: 11617 69697
810097601: 16433 49297
810772885: 5 13 23 542323
810935353: 59 349 39383
811275401: 13001 62401
813848581: 7 13 181 49411
816315683: 13469 60607
818162563: 12197 67079
820269781: 5413 151537
822459529: 3187 258067
824515711: 31 61 631 691
827980471: 20347 40693
828781231: 8311 99721
828972661: 11 191 571 691
829699333: 6073 136621
830664451: 14411 57641
833824181: 11789 70729
834003031: 127 211 31123
834445789: 7459 111871
839280691: 10243 81937
839564881: 199 397 10627
840749761: 16741 50221
841402591: 3571 235621
843069937: 9679 87103
843647377: 3917 215381
845202439: 8803 96013
847650511: 211 1471 2731
849606031: 20611 41221
852521941: 691 1233751
853799059: 239 1667 2143
856124851: 151 811 6991
857100421: 16903 50707
859393891: 18541 46351
860211901: 31 601 46171
860875819: 6053 142223
861925343: 4567 188729
870559777: 14753 59009
872948779: 10789 80911
873471661: 11171 78191
874480069: 4999 174931
883066321: 19069 46309
885296521: 37 163 181 811
885510239: 18223 48593
891706861: 199 397 11287
895082143: 6379 140317
897093419: 22091 40609
897632251: 1091 822761
899140397: 23227 38711
901848301: 11351 79451
902922589: 7759 116371
904505611: 9511 95101
905460329: 6221 145549
909116641: 8363 108707
909954337: 829 1097653
910949177: 19759 46103
911670211: 6229 146359
917827417: 13 6991 10099
918757127: 24749 37123
919078889: 12377 74257
919748131: 19181 47951
920529601: 6961 132241
921705601: 9601 96001
926547001: 751 1233751
927089749: 9629 96281
930061133: 23623 39371
932064739: 19309 48271
933643279: 16333 57163
934968217: 15289 61153
938030101: 17683 53047
941056273: 157 937 6397
942757001: 20101 46901
946052329: 17 7333 7589
948393601: 20161 47041
949324951: 21787 43573
949941811: 7 13 37 307 919
950274361: 73 1741 7477
950371003: 21799 43597
951407531: 27487 34613
951436921: 26713 35617
964200421: 23473 41077
964375987: 283 659 5171
967618369: 2953 327673
971691121: 8209 118369
972471151: 22051 44101
973518001: 15601 62401
973606201: 17 1021 56093
978719491: 211 631 7351
979363153: 22129 44257
980957071: 22147 44293
982585531: 11083 88657
982734985: 5 37 47 113023
984357361: 13 37 421 4861
984996763: 3229 305047
987635881: 5167 191143
996565771: 4219 236209
998002097: 6449 154753
999260501: 18251 54751
1001386157: 4111 243587
1002701521: 12583 79687
1002779201: 20731 48371
1004620651: 61 3541 4651
1005688993: 6343 158551
1012505551: 25981 38971
1013231851: 16901 59951
1014119947: 15923 63689
1016019451: 31 691 47431
1016887397: 11047 92051
1018039987: 4483 227089
1019057761: 19 31 1730149
1023405373: 20233 50581
1025956037: 26153 39229
1026215881: 181 811 6991
1026442021: 11 631 147881
1026794981: 461 2227321
1030607951: 5351 192601
1032898241: 13121 78721
1040234231: 9311 111721
1041820867: 16139 64553
1042079101: 7 23 401 16141
1045125865: 5 7 23 37 35089
1050874111: 7 37 1091 3719
1051380721: 28081 37441
1052167663: 29611 35533
1053155099: 3517 299447
1055346251: 127 211 39383
1055982313: 14533 72661
1058989231: 23011 46021
1059315307: 17053 62119
1063454179: 24907 42697
1063859581: 31 61 562591
1067732401: 20857 51193
1069176961: 193 577 9601
1069785217: 4673 228929
1074125001: 3 23 79 101 1951
1074208501: 1129 951469
1074292561: 9091 118171
1078750297: 157 937 7333
1079035651: 26821 40231
1084444481: 19013 57037
1089671731: 31 61 211 2731
1092902533: 19087 57259
1094189221: 20921 52301
1096826185: 5 7 13 23 163 643
1097560507: 6763 162289
1097580997: 10477 104761
1098306401: 41 761 35201
1098404941: 12527 87683
1101364339: 20323 54193
1101623381: 19163 57487
1104321079: 5113 215983
1105538143: 3919 282097
1105941689: 13577 81457
1109304913: 12589 88117
1112103541: 23581 47161
1118654401: 5101 219301
1119923245: 5 7 23 199 6991
1120657429: 5659 198031
1123729741: 11971 93871
1124043481: 11 691 147881
1124592431: 13691 82141
1128419161: 2897 389513
1129125313: 1597 707029
1132024561: 137 1021 8093
1132571809: 5689 199081
1134696067: 16843 67369
1135655753: 89 617 20681
1135791691: 13759 82549
1137320581: 19471 58411
1146408397: 26227 43711
1146618451: 11 251 601 691
1147547857: 18253 62869
1147710211: 13831 82981
1148032111: 3019 380269
1148578201: 617 881 2113
1148865985: 5 23 1429 6991
1149316771: 43 2731 9787
1151396401: 601 751 2551
1153440499: 1627 708937
1154402401: 1201 961201
1156378693: 9199 125707
1157839381: 24061 48121
1159896277: 17029 68113
1163127439: 479 2428241
1163659861: 7 13 23 307 1811
1170623957: 6203 188719
1180072951: 43 127 216091
1180296521: 5981 197341
1183535809: 3823 309583
1183921651: 11 31 1361 2551
1187089751: 19801 59951
1187558231: 8123 146197
1191216133: 19927 59779
1193229577: 379 757 4159
1193766361: 23473 50857
1194668839: 7 13 37 199 1783
1202547811: 631 1905781
1204176751: 17351 69401
1206475051: 23 151 311 1117
1213729057: 7993 151849
1215354241: 13177 92233
1216043851: 11 31 211 16901
1218159199: 5519 220721
1223497801: 31 61 647011
1225519111: 33211 36901
1226271961: 15661 78301
1226676631: 10111 121321
1227976141: 7 23 1091 6991
1232013421: 13267 92863
1234646533: 20287 60859
1234946719: 14347 86077
1236032227: 17579 70313
1238846407: 17599 70393
1239679549: 23473 52813
1241981833: 3823 324871
1245203501: 5651 220351
1245989471: 14411 86461
1247040751: 11 31 61 59951
1248774871: 127 631 15583
1252569361: 14449 86689
1256508349: 6367 197347
1256780071: 131 911 10531
1257102001: 337 1009 3697
1258350133: 157 1093 7333
1263669037: 107 1061 11131
1263918151: 2473 511087
1265803483: 7 47 263 14629
1266003461: 20543 61627
1275538591: 21871 58321
1276375591: 71 421 42701
1284469691: 33181 38711
1284816121: 21757 59053
1286298133: 20707 62119
1286407711: 19 61 631 1759
1289535259: 27427 47017
1295074171: 25447 50893
1298492911: 37 109 397 811
1301204087: 29453 44179
1305044161: 241 5415121
1307077801: 12401 105401
1307520469: 10903 119923
1308998741: 31333 41777
1311105151: 22901 57251
1311599491: 31 61 693601
1312845661: 25621 51241
1313696371: 13 181 558307
1315056961: 2521 521641
1316894671: 691 1905781
1324344341: 21011 63031
1326974897: 12143 109279
1327026403: 25759 51517
1328560801: 29761 44641
1333215703: 25819 51637
1333449067: 6263 212909
1334349901: 13807 96643
1334925577: 433 1297 2377
1336757731: 12541 106591
1343303827: 5449 246523
1349671681: 37 109 379 883
1351198489: 4217 320417
1352531269: 7213 187513
1353580999: 23269 58171
1355391841: 3037 446293
1355932531: 263 787 6551
1361702251: 7 13 811 18451
1367729791: 16651 82141
1368560719: 11699 116981
1368821521: 17 1321 60953
1370135521: 11161 122761
1375288231: 7907 173933
1376588431: 10711 128521
1378203751: 26251 52501
1379598221: 28771 47951
1380617551: 9931 139021
1381243709: 15173 91033
1384887529: 15193 91153
1388126539: 1423 975493
1390561021: 32887 42283
1395980371: 4231 329941
1396673551: 7 13 23 101 6607
1401547687: 18719 74873
1401906641: 8171 171571
1404228421: 19 31 211 11299
1404909691: 9371 149921
1408138733: 5897 238789
1412651017: 18793 75169
1412756801: 21701 65101
1414823041: 577 2452033
1417248181: 1291 1097791
1419575167: 18839 75353
1420613161: 11 31 1361 3061
1426068821: 21803 65407
1430446951: 18911 75641
1431187759: 163 379 23167
1432796101: 11 251 691 751
1440231941: 21911 65731
1442945689: 9497 151937
1453548403: 26959 53917
1453672481: 22013 66037
1455304003: 2203 660601
1457464633: 12073 120721
1460148269: 29599 49331
1461041401: 43 127 267541
1461829487: 9413 155299
1465320781: 331 1621 2731
1468592539: 12119 121181
1468839571: 1447 1015093
1472508181: 157 1093 8581
1472799151: 17609 83639
1473460777: 17167 85831
1474641601: 10651 138451
1477838629: 2647 558307
1479761377: 12823 115399
1481489719: 9623 153953
1484742533: 22247 66739
1489006091: 17863 83357
1490056501: 19301 77201
1492762133: 22307 66919
1498776101: 7451 201151
1504832033: 22397 67189
1505827261: 109 379 36451
1509198421: 1861 810961
1518788701: 251 1301 4651
1519425331: 8311 182821
1526183089: 12893 118373
1527763333: 22567 67699
1530084817: 34673 44129
1530214577: 25609 59753
1530917693: 10103 151531
1533672031: 9791 156641
1535140231: 11311 135721
1538012449: 17539 87691
1538071061: 22643 67927
1543950361: 631 691 3541
1546133161: 8581 180181
1546149241: 7 13 181 93871
1549251299: 21559 71861
1554616673: 1553 1001041
1555324453: 33331 46663
1557023077: 19 43 1905781
1562230111: 13 71 811 2087
1563607081: 27961 55921
1563799981: 14947 104623
1564391599: 15319 102121
1564637101: 14951 104651
1569936097: 2273 690689
1570866721: 10993 142897
1572797581: 5701 275881
1576187713: 353 1409 3169
1576233541: 11971 131671
1577623921: 25121 62801
1579079503: 28099 56197
1588247851: 211 1831 4111
1588484941: 7351 216091
1602575621: 1163 1377967
1605194197: 32713 49069
1607530051: 28351 56701
1612023817: 12697 126961
1612597249: 10369 155521
1614718261: 13 109 163 6991
1619680147: 20123 80489
1629712153: 11197 145549
1629972101: 7213 225977
1634775391: 16741 97651
1636775471: 331 661 7481
1642074461: 53 157 197341
1642748593: 5233 313921
1642970401: 61 4651 5791
1644147293: 1823 901891
1645859251: 28687 57373
1649141209: 13729 120121
1649863717: 9319 177043
1651286011: 12541 131671
1655842631: 24919 66449
1657286401: 5701 290701
1657304671: 11 31 1361 3571
1660184521: 17 1741 56093
1665450221: 16661 99961
1666442273: 21319 78167
1670744531: 4421 377911
1681306961: 10831 155231
1681609429: 3613 465433
1689059797: 21661 77977
1693368451: 16141 104911
1693383121: 8581 197341
1696804957: 4789 354313
1696936471: 24121 70351
1697213407: 20599 82393
1697688211: 2011 844201
1701129431: 911 1867321
1701294277: 3499 486223
1707704461: 29221 58441
1715720119: 13099 130981
1718281843: 32771 52433
1724579599: 32831 52529
1725217121: 23981 71941
1731275341: 15727 110083
1731541813: 36037 48049
1732329241: 1831 946111
1736188201: 11 31 293 17377
1738687469: 32299 53831
1739057633: 24077 72229
1739974729: 9103 191143
1741524949: 12583 138403
1743166441: 14321 121721
1743657931: 29527 59053
1744099633: 5737 304009
1744605097: 26417 66041
1746543401: 13931 125371
1752172003: 29599 59197
1756288871: 239 7348489
1757235061: 181 811 11971
1759477399: 10487 167777
1760312827: 7 13 2767 6991
1762538581: 22441 78541
1767896527: 4973 355499
1769091241: 107 1061 15583
1769376151: 2551 693601
1771976251: 61 1291 22501
1776450565: 5 317 523 2143
1778559137: 8609 206593
1781374069: 35671 49939
1784491523: 13037 136879
1794136627: 21179 84713
1794808861: 131 1301 10531
1795578601: 2351 763751
1799250571: 31 61 271 3511
1803278401: 31 43 61 67 331
1803308057: 34673 52009
1808205701: 24551 73651
1809980069: 26053 69473
1820866951: 40609 44839
1828182427: 21379 85513
1830262501: 199 397 23167
1837281661: 7699 238639
1837596251: 26251 70001
1838739523: 12379 148537
1839681181: 13 37 109 35089
1844266733: 12757 144569
1846449109: 829 2227321
1846702891: 11 19 31 59 4831
1847449297: 2269 814213
1868231083: 34171 54673
1869043051: 7673 243587
1870396861: 9221 202841
1871185807: 43 43515949
1872533297: 593 1777 1777
1876900481: 25013 75037
1877190283: 199 397 23761
1880504033: 25037 75109
1882991377: 6949 270973
1884717101: 15583 120947
1889372041: 13921 135721
1893583519: 619 1237 2473
1897186141: 5821 325921
1905685741: 9103 209347
1907341801: 7603 250867
1907583841: 6661 286381
1917397637: 35753 53629
1918323601: 20521 93481
1924304141: 17909 107449
1936752767: 35933 53899
1940220349: 199 9749851
1940602231: 13931 139301
1945042181: 25463 76387
1945350259: 11027 176417
1948026361: 71 421 65171
1948898429: 11399 170971
1965356947: 17389 113023
1965948013: 16759 117307
1966693891: 7351 267541
1971531151: 9467 208253
1974474049: 9697 203617
1976327011: 8719 226669
1976381419: 23431 84349
1978167181: 16811 117671
1985348527: 22279 89113
1988672533: 25747 77239
1990668043: 7 13 37 199 2971
1991132311: 7 181 307 5119
1994203213: 16879 118147
2001670477: 9133 219169
2004299641: 31657 63313
2008377541: 10531 190711
2017311133: 12113 166541
2019568009: 317 2371 2687
2020170601: 20101 100501
2027675701: 10331 196271
2028416021: 26003 78007
2030594617: 4297 472561
2031732181: 13591 149491
2032762393: 30187 67339
2033563921: 877 2318773
2034039871: 31891 63781
2034734521: 35491 57331
2037735229: 5557 366697
2042907553: 32887 62119
2050617713: 39217 52289
2057835781: 32077 64153
2058045535: 5 7 13 647 6991
2058234967: 14347 143461
2061135001: 8431 244471
2062760473: 433 1297 3673
2065542821: 8747 236143
2070680411: 5171 400441
2077047961: 6037 344053
2077982089: 937 1093 2029
2084641061: 39541 52721
2086558111: 11 211 691 1301
2094177403: 32359 64717
2094599593: 6823 306991
2095002631: 16183 129457
2095627153: 12697 165049
2099233501: 601 751 4651
2100058081: 11 1291 147881
2101815811: 25111 83701
2103327847: 17989 116923
2105486461: 13 6991 23167
2105502571: 29021 72551
2114953921: 1861 1136461
2116324991: 11 1301 147881
2123112661: 3061 693601
2123112967: 23039 92153
2123792551: 32587 65173
2125774759: 11527 184417
2125858771: 36451 58321
2134596985: 5 79 773 6991
2137489705: 5 13 23 1429759
2141033203: 32719 65437
2142302741: 26723 80167
2147022749: 18917 113497
2150969633: 26777 80329
2151765001: 11251 191251
2151933701: 26783 80347
2154129433: 9283 232051
2156767003: 32839 65677
2158766009: 2213 975493
2159003969: 30977 69697
2159470963: 13 6991 23761
2163652969: 7753 279073
2164546021: 11 61 911 3541
2169399601: 41077 52813
2171631617: 36097 60161
2178944461: 31 43 61 127 211
2179821871: 6131 355541
2183757409: 20899 104491
2195936501: 11 251 691 1151
2196331831: 7603 288877
2196577601: 35201 62401
2197944451: 33151 66301
2200115713: 17729 124097
2201924341: 33181 66361
2208880837: 19861 111217
2215152667: 7 13 37 307 2143
2216386261: 31 61 331 3541
2216800741: 4391 504851
2222279569: 1129 1968361
2224278253: 33349 66697
2227002961: 17837 124853
2231277151: 6551 340601
2232429937: 1607 1389191
2234218735: 5 7 23 397 6991
2238280147: 38629 57943
2239428577: 9041 247697
2240507821: 17891 125231
2242724851: 33487 66973
2243718209: 10337 217057
2248354153: 33529 67057
2253032633: 18353 122761
2257011667: 863 2615309
2260590061: 17971 125791
2262522421: 45541 49681
2264745313: 21283 106411
2271773183: 22469 101107
2272015777: 15889 142993
2272413529: 21319 106591
2278829281: 19489 116929
2280256513: 18049 126337
2280799687: 45307 50341
2284036327: 10687 213721
2285873281: 7681 297601
2288090881: 167 13701143
2290316377: 23929 95713
2291756959: 15139 151381
2294654809: 5323 431083
2298363451: 23971 95881
2302341451: 601 751 5101
2304120001: 24001 96001
2306172061: 3253 708937
2306630701: 907 2543143
2307480211: 33967 67933
2314710019: 25717 90007
2316278221: 18191 127331
2317579951: 24071 96281
2318964821: 27803 83407
2324867399: 29527 78737
2330338249: 21589 107941
2333023141: 31 61 1233751
2333074153: 13397 174149
2335151401: 11 3541 59951
2340456319: 15299 152981
2341421867: 39509 59263
2345270131: 26107 89833
2346190001: 23269 100829
2349989695: 5 23 37 79 6991
2352827089: 4339 542251
2358971371: 37 163 181 2161
2364227911: 7481 316031
2367379201: 11 31 1361 5101
2375123851: 10459 227089
2382563233: 11839 201247
2384804129: 19937 119617
2385383261: 12611 189151
2385574201: 34537 69073
2386968451: 7 23 101 181 811
2396506351: 12239 195809
2400033281: 10691 224491
2401080961: 18521 129641
2403802133: 28307 84919
2411544721: 7321 329401
2413028729: 8969 269041
2414673271: 34747 69493
2431038109: 1789 1358881
2431234009: 4483 542323
2431721251: 19 31 43 96013
2435774881: 20021 121661
2437793411: 631 691 5591
2439621991: 10531 231661
2440399301: 17981 135721
2440613561: 10781 226381
2448039497: 16493 148429
2451130471: 11071 221401
2454641281: 61 211 190711
2455764097: 16519 148663
2456041141: 3541 693601
2456536681: 271 1171 7741
2460175433: 44071 55823
2461671517: 2099 1172783
2464182701: 211 691 16901
2464253701: 7 13 1091 24821
2466958469: 45341 54409
2469366055: 5 13 163 233069
2470278539: 18149 136111
2474676949: 12437 198977
2481403601: 32611 76091
2486176291: 10631 233861
2486831491: 20359 122149
2494103851: 127 631 31123
2494317211: 43 127 661 691
2494621585: 5 37 47 379 757
2499916695: 3 5 2357 70709
2500954957: 691 3619327
2507171801: 16691 150211
2507395279: 20443 122653
2508264229: 13291 188719
2514105301: 31 61 211 6301
2523736531: 10711 235621
2526571621: 7 47 1091 7039
2536737361: 19037 133253
2540469901: 19051 133351
2544326929: 20593 123553
2545660981: 35677 71353
2549110901: 23801 107101
2549532751: 251 601 16901
2551646161: 17 73 1181 1741
2562814621: 35797 71593
2563295621: 29231 87691
2564536201: 25321 101281
2577345541: 29311 87931
2577406379: 32771 78649
2579043091: 27427 94033
2583022261: 20749 124489
2583290491: 23321 110771
2587706563: 13 23 269 32173
2600611861: 29443 88327
2600705017: 22807 114031
2605557781: 31 43 127 15391
2617129913: 5861 446533
2619932041: 26731 98011
2625912901: 15451 169951
2626783921: 36241 72481
2628358913: 7643 343891
2632660759: 71 109 163 2087
2641145473: 26839 98407
2642263141: 7 811 465433
2648553961: 4463 593447
2649744257: 17159 154423
2651800549: 32569 81421
2661906001: 19501 136501
2666292067: 367 7265101
2672750869: 16349 163481
2674839511: 36571 73141
2679970441: 15901 168541
2681041843: 18307 146449
2681050861: 19571 136991
2684846953: 23173 115861
2690408533: 29947 89839
2697374737: 23227 116131
2697636061: 13411 201151
2699190145: 5 37 2087 6991
2699471503: 36739 73477
2700711883: 1783 1514701
2702239861: 12253 220537
2704546027: 26003 104009
2706863833: 12619 214507
2707325839: 18061 149899
2707933741: 35353 76597
2710337389: 6073 446293
2712726073: 23293 116461
2713562867: 42533 63799
2715365971: 36847 73693
2716089889: 18661 145549
2717428033: 30097 90289
2723932801: 30133 90397
2727126181: 13 37 811 6991
2727132509: 25087 108707
2738053141: 30211 90631
2739131151: 3 401 1091 2087
2744163241: 131 20947811
2744682571: 71 2087 18523
2745144331: 13099 209569
2750061103: 41953 65551
2752646177: 17489 157393
2753048341: 31 691 128521
2760478723: 12781 215983
2766347611: 443 6244577
2776874941: 31 43 271 7687
2787058609: 10559 263951
2787993121: 21121 132001
2789430967: 31849 87583
2789751763: 16703 167021
2790976693: 4999 558307
2791630801: 8461 329941
2797709833: 12829 218077
2798282573: 11351 246523
2806402363: 9293 301991
2812771471: 631 691 6451
2815675241: 39551 71191
2843856877: 14461 196657
2847894377: 17789 160093
2849337401: 21997 129533
2852013361: 31 211 631 691
2859019663: 12109 236107
2864096047: 26759 107033
2866657501: 21001 136501
2871974561: 30941 92821
2874183929: 7459 385331
2874386737: 23977 119881
2880052969: 13417 214657
2887282129: 21937 131617
2889413209: 1549 1865341
2895140767: 43933 65899
2899397593: 43 67427851
2901832151: 15551 186601
2915253991: 13 6991 32077
2920247207: 49331 59197
2933056351: 31 61 211 7351
2933588503: 38299 76597
2934791947: 14479 202693
2944080133: 31327 93979
2945549881: 38377 76753
2948657641: 15061 195781
2964012437: 6287 471451
2970226801: 7253 409517
2970804061: 11621 255641
2973097121: 31481 94441
2975096953: 38569 77137
2980892755: 5 71 8396881
2982232321: 20641 144481
2984431339: 22303 133813
2986417981: 9661 309121
2988250711: 23671 126241
2989014301: 7 13 101 401 811
2990157769: 15679 190711
2990734759: 10429 286771
2991834737: 18233 164089
3000688381: 9839 304979
3009290701: 4421 680681
3025350343: 19447 155569
3026259721: 33391 90631
3029349073: 15889 190657
3031533569: 42649 71081
3032913313: 1873 1619281
3036079729: 34849 87121
3050026477: 43661 69857
3051542971: 19531 156241
3059495017: 2027 1509371
3059978881: 3041 1006241
3070144741: 22621 135721
3070380853: 46831 65563
3073659439: 11437 268747
3076072681: 11 31 61 147881
3077482021: 6829 450649
3081777301: 31 83 127 9431
3086216701: 101 181 401 421
3088030417: 307 1429 7039
3091190311: 11 61 1301 3541
3099886111: 7 23 811 23741
3104905361: 30431 102031
3104922473: 32911 94343
3118266127: 12487 249721
3118411501: 21107 147743
3126019271: 26357 118603
3130386821: 32303 96907
3134464831: 14221 220411
3137851651: 11 31 61 251 601
3142863751: 28031 112121
3144680059: 33073 95083
3146852101: 43 127 211 2731
3152711161: 25111 125551
3153458897: 18719 168463
3155608361: 13241 238321
3167979097: 4937 641681
3172327849: 25189 125941
3172658653: 39829 79657
3175526971: 39847 79693
3185855401: 251 751 16901
3188993587: 13 6991 35089
3189732781: 21347 149423
3190894201: 11 31 61 131 1171
3195811903: 607 5264929
3203509327: 35797 89491
3206203003: 40039 80077
3206399921: 14621 219301
3216409099: 35869 89671
3222641341: 27271 118171
3225938251: 4651 693601
3237992101: 40237 80473
3249335941: 32911 98731
3256870657: 13093 248749
3257681257: 18313 177889
3258686551: 31 61 631 2731
3265851427: 3659 892553
3273820903: 40459 80917
3277104991: 23371 140221
3280668301: 211 691 22501
3281417119: 10459 313741
3281593591: 40507 81013
3282145621: 28393 115597
3292356943: 20287 162289
3295217971: 40591 81181
3295491967: 9049 364183
3296558777: 19139 172243
3299956747: 28723 114889
3307433263: 36373 90931
3311535271: 11 191 691 2281
3313304557: 44587 74311
3313728881: 7253 456877
3319323601: 11 61 601 8231
3326803201: 33301 99901
3328354801: 25801 129001
3330531163: 5503 605221
3336576049: 2441 1366889
3337201121: 33353 100057
3337447543: 29833 111871
3349042841: 27281 122761
3349137763: 24677 135719
3349340611: 463 2267 3191
3360022471: 13 421 757 811
3364070533: 33487 100459
3369373981: 2731 1233751
3372738337: 9817 343561
3380947561: 9433 358417
3389409871: 36821 92051
3396188941: 22027 154183
3398362291: 20611 164881
3399487601: 14731 230771
3399831361: 17581 193381
3402102331: 6997 486223
3407185871: 8311 409961
3407609221: 33703 101107
3407937457: 7537 452161
3408200641: 41281 82561
3411516067: 11923 286129
3425154661: 27901 122761
3425212735: 5 7 2789 35089
3426615853: 45343 75571
3437682371: 103 33375557
3442209751: 271 2731 4651
3442964671: 41491 82981
3445213193: 4793 718801
3458954071: 7723 447877
3462909031: 41611 83221
3464236901: 24029 144169
3490261361: 929 3757009
3499030081: 11831 295751
3508999651: 41887 83773
3508999999: 46831 74929
3515906899: 9883 355753
3519988649: 14741 238789
3527380819: 24247 145477
3531599353: 18793 187921
3531927211: 12671 278741
3534530101: 2851 1239751
3536568041: 18353 192697
3537280361: 24281 145681
3538058701: 5101 693601
3539610803: 54311 65173
3539680433: 6737 525409
3541312087: 48589 72883
3547777349: 24317 145897
3555423083: 28109 126487
3555608941: 1291 2754151
3563089111: 25453 139987
3578474909: 3761 951469
3578910367: 167 1163 18427
3584800801: 42337 84673
3599942113: 26833 134161
3603831871: 31 61 1905781
3607403801: 20021 180181
3608679601: 101 401 89101
3614111437: 46567 77611
3616004791: 7 5503 93871
3631418561: 587 1759 3517
3637831753: 42649 85297
3646029419: 1307 2789617
3656511073: 27043 135211
3658519243: 6763 540961
3659527369: 71 2087 24697
3660967981: 11 631 527441
3661339771: 54121 67651
3665915399: 22109 165811
3666019937: 20183 181639
3666378251: 1013 3619327
3669316801: 13219 277579
3673724641: 16811 218531
3675122501: 52501 70001
3679113199: 24763 148573
3684056821: 12941 284681
3689127773: 15683 235231
3690670897: 1657 2227321
3693891043: 56269 65647
3696368141: 24821 148921
3702486751: 3001 1233751
3702691903: 443 1429 5849
3703680289: 45361 81649
3705261361: 16883 219467
3711225751: 49741 74611
3711818881: 8317 446293
3713287801: 571 2281 2851
3713998933: 28729 129277
3714758821: 7741 479881
3718428121: 27271 136351
3722362997: 7877 472561
3733056211: 26053 143287
3733646491: 43207 86413
3735788489: 24953 149713
3754467613: 13 109 379 6991
3755288413: 15823 237331
3761091937: 27427 137131
3769571011: 2099 1795889
3770464513: 23209 162457
3772354483: 167 1163 19423
3780402193: 433 2377 3673
3787390351: 2371 1597381
3788970571: 331 991 11551
3793344469: 263 2621 5503
3796112473: 12323 308051
3803999113: 27583 137911
3810188377: 1549 2459773
3813919453: 43669 87337
3816076951: 1051 3630901
3829656403: 43759 87517
3829704481: 673 5690497
3832807681: 43777 87553
3841653943: 26839 143137
3853342711: 33181 116131
3853584967: 31039 124153
3854830981: 23 347 547 883
3855845401: 7951 484951
3859571851: 4691 822761
3870690847: 397 9749851
3878973379: 4987 777817
3886409377: 32833 118369
3889206817: 89 2113 20681
3892928203: 44119 88237
3895279519: 24671 157889
3921009301: 11 31 61 251 751
3936263631: 3 23 1091 52289
3936990201: 3 23 79 101 7151
3937526911: 44371 88741
3937735777: 15991 246247
3944127601: 7561 521641
3945868309: 33577 117517
3948503543: 6047 652969
3950494201: 26801 147401
3955654081: 193 577 35521
3965270401: 23801 166601
3967486339: 19919 199181
3976604311: 7351 540961
3982771183: 11927 333929
3983221783: 9739 408997
3988288279: 33757 118147
3989454031: 15791 252641
3992604061: 46861 85201
3995220419: 38707 103217
3997020553: 19993 199921
3999921383: 18787 212909
4005122557: 51673 77509
4005483187: 1039 3855133
4011325697: 51713 77569
4011582781: 11197 358273
4012212331: 11971 335161
4027012021: 307 2143 6121
4036638421: 33961 118861
4038105779: 25943 155653
4039299227: 51893 77839
4039584061: 16411 246151
4045222081: 36721 110161
4045853557: 10909 370873
4048969921: 5701 710221
4057348681: 67 331 182953
4059776533: 36787 110359
4061009971: 22531 180241
4062489421: 24091 168631
4065943963: 30269 134327
4068619801: 52081 78121
4070194913: 9041 450193
4075103761: 11113 366697
4079877037: 52153 78229
4080622201: 20201 202001
4086792001: 41851 97651
4086816311: 26099 156589
4105691393: 49633 82721
4108970251: 32051 128201
4119403021: 23549 174929
4123803017: 52433 78649
4127601941: 463 661 13487
4129626049: 6737 612977
4130060383: 20323 203221
4145880961: 24337 170353
4149605851: 1301 3189551
4154940037: 937 1093 4057
4157138317: 317 2371 5531
4160339587: 17239 241333
4168649633: 37277 111829
4168712395: 5 23 397 91309
4170387493: 48817 85429
4172804707: 32299 129193
4174728949: 34537 120877
4175362133: 37307 111919
4179008347: 32323 129289
4183664101: 32341 129361
4189212721: 67 5413 11551
4193770033: 43661 96053
4195348543: 20483 204821
4196632441: 8581 489061
4200230569: 14143 296983
4203530741: 30013 140057
4205703581: 8171 514711
4209181601: 6521 645481
4212827701: 14891 282911
4225195561: 31 61 631 3541
4228090903: 45979 91957
4228989463: 9749 433787
4229893511: 8951 472561
4235947591: 211 2731 7351
4244901007: 19213 220939
4248035011: 11 191 571 3541
4251365101: 23053 184417
4256352907: 53269 79903
4259605789: 619 1237 5563
4263261211: 11 19 1301 15679
4265038499: 1163 3667273
4292716429: 42043 102103
