25: 5 5
91: 7 13
95: 5 19
133: 7 19
175: 5 5 7
247: 13 19
325: 5 5 13
475: 5 5 19
951: 3 317
1729: 7 13 19
2275: 5 5 7 13
2701: 37 73
2821: 7 13 31
3325: 5 5 7 19
5963: 67 89
6175: 5 5 13 19
7613: 23 331
8119: 23 353
8911: 7 19 67
9881: 41 241
10081: 17 593
12403: 79 157
12769: 113 113
16777: 19 883
19561: 31 631
22645: 5 7 647
30857: 59 523
35425: 5 5 13 109
43225: 5 5 7 13 19
57421: 7 13 631
65281: 97 673
72641: 17 4273
80353: 7 13 883
88831: 211 421
94361: 127 743
111055: 5 7 19 167
111361: 193 577
113527: 107 1061
116843: 331 353
126829: 53 2393
127697: 277 461
132193: 163 811
164761: 37 61 73
179857: 37 4861
181641: 3 191 317
188461: 7 13 19 109
191611: 7 31 883
236683: 19 12457
251251: 7 11 13 251
260947: 457 571
264121: 11 13 1847
265525: 5 5 13 19 43
278131: 7 39733
281107: 47 5981
286975: 5 5 13 883
296461: 11 26951
310381: 211 1471
320503: 79 4057
328021: 331 991
334153: 19 43 409
334657: 379 883
336169: 127 2647
341531: 239 1429
354853: 73 4861
371713: 331 1123
373801: 101 3701
387649: 37 10477
445777: 223 1999
488881: 37 73 181
502153: 197 2549
508597: 67 7591
516529: 13 39733
534061: 11 47 1033
544541: 191 2851
590353: 29 20357
619291: 421 1471
619501: 43 14407
620357: 139 4463
636949: 157 4057
657901: 307 2143
672487: 103 6529
675925: 5 5 19 1423
729829: 457 1597
735127: 47 15641
754927: 19 39733
764821: 73 10477
804883: 859 937
841249: 277 3037
854677: 19 44983
867043: 199 4357
876961: 541 1621
879841: 181 4861
898017: 3 127 2357
911887: 571 1597
929633: 557 1669
946561: 7 11 19 647
993325: 5 5 39733
1005889: 859 1171
1009603: 7 19 7591
1069993: 463 2311
1092547: 523 2089
1097227: 937 1171
1133587: 7 13 12457
1139153: 17 113 593
1169533: 37 73 433
1203967: 103 11689
1244161: 271 4591
1258093: 397 3169
1302907: 457 2851
1306801: 19 109 631
1322401: 97 13633
1415501: 191 7411
1420579: 487 2917
1433407: 599 2393
1452811: 317 4583
1455581: 149 9769
1461241: 37 73 541
1526707: 7 13 19 883
1563151: 1021 1531
1615681: 23 199 353
1623301: 37 73 601
1627921: 571 2851
1682221: 277 6073
1701407: 107 15901
1708519: 43 39733
1722817: 97 17761
1735147: 659 2633
1780051: 7 13 31 631
1820477: 197 9241
1925201: 401 4801
2035153: 1009 2017
2094709: 661 3169
2104813: 433 4861
2120791: 631 3361
2178487: 223 9769
2241507: 3 317 2357
2253751: 751 3001
2340325: 5 5 13 19 379
2461321: 107 23003
2483993: 127 19559
2507341: 67 37423
2508013: 53 79 599
2532661: 79 32059
2533889: 593 4273
2536741: 307 8263
2538251: 1301 1951
2595581: 269 9649
2596721: 281 9241
2629801: 541 4861
2662111: 67 39733
2687389: 23 331 353
2711301: 3 317 2851
2803627: 811 3457
2823591: 3 127 7411
2899801: 37 181 433
2927395: 5 47 12457
2972539: 109 27271
2976487: 863 3449
2995147: 463 6469
3285361: 811 4051
3465775: 5 5 157 883
3470921: 761 4561
3570893: 173 20641
3582619: 599 5981
3584491: 547 6553
3615703: 7 13 39733
3730273: 1009 3697
3830971: 283 13537
4048525: 5 5 13 12457
4056151: 11 491 751
4093453: 7 13 44983
4101637: 1013 4049
4157921: 1249 3329
4224533: 1187 3559
4230001: 283 14947
4231681: 571 7411
4255903: 1459 2917
4331111: 491 8821
4378321: 37 73 1621
4504501: 19 79 3001
4536541: 433 10477
4553047: 1597 2851
4587415: 5 7 53 2473
4605697: 257 17921
4615207: 439 10513
4751521: 229 20749
4903147: 109 44983
4977259: 7 19 37423
5033263: 157 32059
5176153: 1609 3217
5284489: 7 19 39733
5396581: 29 379 491
5452525: 5 5 13 19 883
5489641: 1657 3313
5502061: 887 6203
5529475: 5 5 7 19 1663
5647751: 251 22501
5701697: 617 9241
5979247: 1223 4889
6190183: 2351 2633
6304801: 241 26161
6494801: 2081 3121
6539821: 967 6763
6594901: 1483 4447
6683503: 359 18617
6688039: 647 10337
6699631: 71 127 743
6719807: 2357 2851
6737011: 491 13721
6851521: 1171 5851
6953275: 5 5 7 39733
6969511: 1867 3733
7047861: 3 317 7411
7080217: 19 53 79 89
7361201: 701 10501
7390441: 271 27271
7398151: 2221 3331
7456849: 2017 3697
7519441: 41 241 761
7561159: 1123 6733
7593697: 919 8263
7783091: 71 109621
7784291: 431 18061
7788943: 883 8821
7879681: 1621 4861
8036033: 1637 4909
8363083: 547 15289
8386771: 19 29 31 491
8622061: 7 31 39733
8758477: 7 13 109 883
8805007: 1877 4691
8824171: 227 38873
8834995: 5 13 29 43 109
8863075: 5 5 13 27271
8902741: 1723 5167
9040069: 907 9967
9080191: 2131 4261
9117637: 23 353 1123
9175009: 673 13633
9190291: 11 31 26951
9261805: 5 7 409 647
9504191: 1259 7549
9557227: 1213 7879
9648871: 67 144013
9707377: 1039 9343
9761311: 7 31 44983
9814051: 13 19 39733
9917767: 103 96289
9932341: 607 16363
9998821: 7 53 26951
10019491: 53 79 2393
10027711: 1321 7591
10171729: 17 593 1009
10348975: 5 5 7 13 4549
10679131: 2311 4621
10998901: 601 18301
10999531: 883 12457
11229751: 13 43 20089
11348101: 1801 6301
11484961: 41 280121
11771431: 7 19 67 1321
11892289: 1657 7177
11953153: 673 17761
12511913: 127 98519
12559681: 31 379 1069
12854437: 823 15619
12883921: 113 113 1009
12890503: 2539 5077
12913225: 5 5 13 39733
13003981: 2281 5701
13075057: 17 593 1297
13129561: 37 73 4861
13131721: 1621 8101
13164121: 103 127807
13232941: 491 26951
13324411: 1291 10321
13773061: 2143 6427
13881385: 5 7 613 647
13978603: 607 23029
14246389: 557 25577
14312533: 2393 5981
14517049: 953 15233
14532337: 743 19559
14619475: 5 5 13 44983
14632537: 1913 7649
14687681: 2213 6637
14726053: 739 19927
14949859: 2311 6469
15133801: 1201 12601
15247621: 61 181 1381
15253057: 1747 8731
15525241: 1609 9649
15576571: 2791 5581
15604321: 2281 6841
15798113: 593 26641
15888313: 7 19 67 1783
16324001: 2333 6997
16654901: 3061 5441
16688341: 691 24151
16755481: 1831 9151
16831321: 13 19 83 821
16870961: 1061 15901
16898251: 751 22501
17048557: 379 44983
17091229: 743 23003
17326849: 463 37423
17707609: 2143 8263
18253775: 5 5 19 83 463
18396379: 463 39733
18418891: 71 259421
18443701: 3037 6073
18674713: 1933 9661
18873175: 5 5 19 39733
18882955: 5 7 13 47 883
19153729: 7 19 144013
19328653: 3109 6217
19496233: 607 32119
19528231: 1999 9769
19732897: 1987 9931
19781737: 1483 13339
19891811: 2351 8461
19912153: 53 157 2393
20333377: 17 593 2017
20377321: 1129 18049
20885107: 331 63097
20925067: 1447 14461
21128761: 2851 7411
21507043: 83 259121
21538153: 7 13 19 12457
21810359: 1907 11437
21978133: 23 353 2707
22053553: 1213 18181
22187791: 3331 6661
22363741: 19 31 43 883
22439413: 1117 20089
22918141: 1693 13537
23017429: 1447 15907
23107735: 5 7 53 12457
23130031: 211 109621
23316751: 1291 18061
23391691: 3911 5981
23547151: 991 23761
24002651: 4243 5657
24290779: 1559 15581
24406183: 1061 23003
24580541: 823 29867
25042447: 53 79 5981
25385179: 29 43 20357
25442425: 5 5 19 29 1847
25755073: 113 113 2017
25798447: 19 109 12457
26274593: 673 39041
26474581: 7 19 67 2971
26507261: 11 19 53 2393
26694361: 2311 11551
26856103: 1093 24571
26977951: 7 11 13 26951
27185201: 113 113 2129
27392041: 2341 11701
27532657: 2347 11731
27574579: 613 44983
28296781: 2011 14071
28298377: 37 73 10477
28325501: 1051 26951
28406953: 3769 7537
29076097: 4177 6961
29295559: 1117 26227
29694661: 83 357767
31040833: 3217 9649
31150351: 2791 11161
31315033: 2503 12511
31470211: 3967 7933
31777381: 997 31873
31778587: 2819 11273
31996285: 5 19 336803
32068051: 631 50821
32097067: 2473 12979
32585477: 463 70379
32702671: 71 317 1453
32946467: 127 259421
33146717: 1487 22291
33462641: 1861 17981
33522001: 61 101 5441
33600533: 3347 10039
33774001: 19 79 22501
33796531: 4111 8221
33840397: 2909 11633
34391071: 11 13 29 8293
34393153: 1627 21139
34519211: 2399 14389
35295401: 2801 12601
35374483: 23 353 4357
35523161: 1721 20641
35602271: 1321 26951
35798491: 4231 8461
36150205: 5 7 13 79451
37035337: 2029 18253
37269457: 17 593 3697
37469701: 3061 12241
37730969: 683 55243
38248981: 3571 10711
38782481: 67 578843
38968001: 251 155251
39000541: 5701 6841
39378961: 4861 8101
39463807: 1987 19861
39719989: 883 44983
40390327: 1699 23773
40800817: 2857 14281
41044189: 1033 39733
41611039: 2213 18803
42344609: 2657 15937
42623017: 3541 12037
42666037: 1499 28463
42688013: 1669 25577
42700513: 997 42829
43076113: 17 593 4273
43181401: 1823 23687
44323579: 2473 17923
44974825: 5 5 7 233 1103
45025073: 1733 25981
45067241: 41 241 4561
45139843: 7 67 109 883
45173451: 3 317 47501
46150441: 421 109621
46543213: 2579 18047
46657181: 2789 16729
46780169: 1493 31333
47151559: 7 13 19 27271
47206993: 113 113 3697
47780897: 17 2810641
47930023: 1999 23977
48212893: 1873 25741
48398881: 17 593 4801
49019851: 4951 9901
49322387: 3847 12821
49431001: 37 73 18301
50318971: 79 157 4057
50341169: 2897 17377
50928697: 4861 10477
51072931: 7 13 19 109 271
51145277: 1847 27691
51343093: 787 65239
51360211: 7 19 31 12457
51517027: 89 578843
51897601: 7 409 18127
52031263: 6247 8329
52073281: 13 19 210823
52936801: 4201 12601
53377171: 4621 11551
53655551: 5981 8971
54469675: 5 5 13 19 8821
55416445: 5 7 19 167 499
56420033: 4337 13009
56541761: 1409 40129
57013919: 3083 18493
57364021: 11 13 19 43 491
57530419: 2399 23981
57609397: 2029 28393
58003213: 2879 20147
58197547: 6229 9343
58449847: 3823 15289
58724821: 2311 25411
58756057: 3833 15329
58980637: 2053 28729
59318533: 4447 13339
60259681: 2341 25741
60792577: 1249 48673
61171951: 3911 15641
61201009: 3499 17491
61754941: 5557 11113
62001619: 239 259421
62289541: 5581 11161
62310301: 151 412651
62441749: 2383 26203
63315649: 1297 48817
63517127: 1499 42373
63910081: 1249 51169
64409437: 6553 9829
65372959: 2647 24697
66007061: 4691 14071
66342673: 3643 18211
66345221: 4703 14107
66725209: 1783 37423
66781441: 1123 59467
66790057: 6673 10009
66855337: 37 1806901
67509161: 241 280121
67525501: 3001 22501
67643401: 7 19 67 7591
67902031: 43 271 5827
67964551: 1031 65921
68698357: 7 13 19 39733
68870023: 103 571 1171
69061873: 557 123989
69146419: 7591 9109
69197311: 1471 47041
69291349: 6581 10529
69610273: 977 71249
70198759: 379 185221
70736777: 1013 69829
70857931: 1123 63097
71592751: 4231 16921
72952951: 19 29 31 4271
73199617: 743 98519
73517501: 7001 10501
73945171: 3511 21061
74329399: 23 937 3449
75143251: 6553 11467
75171991: 1789 42019
75260929: 193 389953
75346525: 5 5 67 44983
75621281: 5021 15061
75853141: 7 13 631 1321
76157225: 5 5 19 67 2393
76857397: 8317 9241
76921975: 5 5 13 19 12457
77090413: 3319 23227
77421401: 281 275521
77775607: 7 13 19 44983
79730689: 769 103681
79829903: 653 122251
80207381: 5171 15511
80338051: 1301 61751
80340931: 11 271 26951
80530871: 2591 31081
80922521: 4241 19081
81227059: 1453 55903
81369373: 43 1892311
81954133: 5227 15679
83443465: 5 7 53 44983
83518531: 8461 9871
84101203: 2791 30133
84303001: 3061 27541
84350561: 107 743 1061
84568201: 2551 33151
85410271: 4357 19603
85458157: 29 43 68531
85823401: 61 601 2341
85852577: 3089 27793
85907917: 5077 16921
86067367: 4639 18553
86484553: 2311 37423
87107593: 89 409 2393
87414001: 6121 14281
88201543: 1123 78541
88400131: 43 53 79 491
88749043: 907 97849
88963225: 5 5 13 19 14407
89381791: 3343 26737
89754301: 7 13 883 1117
90178901: 5483 16447
90343069: 719 125651
90344281: 59 131 11689
90392575: 5 5 7 13 39733
90970133: 5507 16519
91718953: 439 208927
91822963: 2311 39733
92794477: 1543 60139
93548821: 5981 15641
94634513: 1289 73417
94774699: 3079 30781
94775927: 7949 11923
95877601: 151 317 2003
96142927: 4903 19609
96904081: 6961 13921
96964351: 11 8814941
98464321: 317 383 811
98904361: 4241 23321
99115297: 3319 29863
99366961: 4789 20749
100188817: 6553 15289
100907047: 5023 20089
101401921: 4801 21121
101519057: 3359 30223
101649241: 61 661 2521
102288707: 1847 55381
102475297: 337 304081
102560407: 79 157 8269
103488169: 1303 79423
103788301: 3851 26951
104220703: 7219 14437
104852881: 7 31 271 1783
105098449: 1009 104161
105520213: 1567 67339
105558787: 8389 12583
106485121: 7297 14593
107330887: 2477 43331
108324701: 5701 19001
108699193: 4663 23311
109838431: 7411 14821
110220961: 61 1806901
110782063: 7 883 17923
111274561: 3181 34981
112709143: 9829 11467
112897525: 5 5 13 19 47 389
113264929: 2129 53201
113268349: 647 175067
113421601: 9001 12601
114430291: 691 165601
115264621: 19 487 12457
116593501: 751 155251
116673481: 4831 24151
116701003: 7639 15277
117424231: 4621 25411
117447331: 2311 50821
118277581: 4111 28771
119544193: 1153 103681
119710951: 5471 21881
119780737: 1753 68329
120046709: 1433 83773
120476201: 1951 61751
120906541: 7 31 631 883
121032941: 8821 13721
121374241: 6361 19081
122099509: 7 439 39733
122180449: 4513 27073
122365075: 5 5 7 53 79 167
124027201: 23 317 17011
124028519: 4547 27277
124533131: 5261 23671
124540571: 4621 26951
124795511: 6637 18803
125201161: 4591 27271
125726833: 47 2675039
126384733: 2053 61561
126428851: 7951 15901
127062181: 37 181 18973
127084147: 8821 14407
127660321: 811 157411
127728811: 7 19 727 1321
127844977: 13 19 43 12037
128724289: 17 113 113 593
129623401: 9001 14401
129623917: 5693 22769
130063363: 4057 32059
130103551: 2551 51001
130207309: 8839 14731
130225993: 1987 65539
130670401: 211 421 1471
131012701: 43 751 4057
131035321: 2441 53681
131090433: 3 353 123787
131762413: 4339 30367
131903773: 73 1806901
132112225: 5 5 7 19 39733
132305797: 13 19 43 12457
132598751: 2351 56401
133251313: 13 19 539479
133593133: 5449 24517
135008479: 7349 18371
135244351: 11 31 613 647
135425351: 2851 47501
135518701: 31 751 5821
135600193: 577 235009
136341721: 191 713831
136924057: 2617 52321
137388031: 11 19 53 79 157
137421199: 1567 87697
137813129: 4793 28753
138432601: 73 181 10477
138515213: 1433 96661
138591025: 5 5 53 104597
138943351: 6301 22051
140384161: 6841 20521
141797215: 5 7 1693 2393
141952787: 7691 18457
142164301: 4507 31543
143122069: 223 641803
143168581: 8461 16921
143248099: 7879 18181
143271941: 6911 20731
144107081: 971 148411
144947521: 8161 17761
146053267: 6043 24169
146519041: 257 570113
147654053: 2339 63127
149378881: 17 113 77761
149532571: 8647 17293
150024253: 3163 47431
151745419: 7 19 67 17029
151873877: 1933 78569
152368133: 7127 21379
152491681: 2377 64153
154513633: 7177 21529
155210641: 2341 66301
155474051: 10181 15271
155487169: 193 805633
155642257: 4159 37423
155767561: 1861 83701
155994301: 991 157411
157368661: 7243 21727
157748761: 4441 35521
159461333: 1949 81817
160089307: 7 19 503 2393
160763331: 3 127 131 3221
160906351: 5179 31069
160926137: 4229 38053
161252491: 1471 109621
161423377: 6353 25409
162894103: 59 523 5279
163263169: 3853 42373
163759753: 9049 18097
164411911: 9067 18133
165071791: 19 271 32059
165283471: 9091 18181
166805633: 7457 22369
169086341: 5309 31849
169220461: 191 885971
169234003: 9199 18397
169409917: 8929 18973
169771541: 7523 22567
170189417: 4349 39133
170341601: 3329 51169
170597791: 7 13 631 2971
170690269: 2347 72727
170809381: 3361 50821
171345791: 23 71 317 331
171544825: 5 5 19 409 883
172272187: 6563 26249
174479729: 5393 32353
175500661: 7 631 39733
176442961: 5021 35141
177458401: 37 73 65701
178482151: 151 331 3571
178693901: 1151 155251
178837201: 59 1451 2089
181011169: 4057 44617
181467001: 12601 14401
182497001: 101 1806901
182636203: 1429 127807
184644433: 1867 98899
184978021: 409 452269
185014061: 9241 20021
185040703: 9619 19237
186407581: 10321 18061
187066891: 11 631 26951
188316961: 7 19 79 17923
188382487: 6863 27449
188689501: 7 11 13 251 751
188830601: 1741 108461
188932591: 103 421 4357
191730241: 2341 81901
192513697: 11329 16993
192704513: 10753 17921
192749803: 743 259421
192800833: 8017 24049
195761521: 3881 50441
196075949: 5717 34297
197239591: 9931 19861
197781541: 2707 73063
199574701: 131 1171 1301
200016527: 4217 47431
200100781: 5347 37423
200629619: 5783 34693
200722777: 4723 42499
201569897: 947 212851
202086583: 2687 75209
202337539: 13537 14947
203231621: 8231 24691
206937641: 1669 123989
208991089: 19 883 12457
209802581: 8363 25087
210092737: 2017 104161
210812311: 10267 20533
211260361: 13 409 39733
212070673: 3037 69829
212738341: 821 259121
212920801: 17 593 21121
213835861: 19 31 43 8443
217517653: 10429 20857
218112133: 8527 25579
218535643: 5227 41809
218603617: 7393 29569
218624033: 8537 25609
219447151: 7 11 2849963
219669451: 7411 29641
221793391: 10531 21061
222306197: 1499 148303
222425081: 6089 36529
224582221: 10597 21193
224654401: 101 601 3701
225002881: 577 389953
225197887: 12253 18379
226109599: 4093 55243
227132641: 10657 21313
227253553: 14281 15913
227518271: 13063 17417
228754321: 5717 40013
228856559: 11173 20483
229243361: 4673 49057
229822253: 11743 19571
230031127: 14461 15907
230300857: 5059 45523
230697073: 6793 33961
230794013: 3923 58831
232169767: 1663 139609
232622617: 12979 17923
233037703: 47 829 5981
234556525: 5 5 7 1340323
234843841: 4621 50821
235622983: 2803 84061
236526391: 8221 28771
237126779: 6287 37717
237734771: 8821 26951
238625347: 12613 18919
239741363: 8377 28619
239806183: 2927 81929
241748167: 331 353 2069
242089387: 6469 37423
242135713: 13633 17761
242225551: 5503 44017
243037979: 9547 25457
243754513: 349 698437
244883981: 6389 38329
245351275: 5 5 13 19 39733
246410029: 9613 25633
246504721: 61 73 197 281
247318957: 3517 70321
247977479: 6217 39887
248936341: 6491 38351
248978017: 7057 35281
250436033: 9137 27409
253158751: 11251 22501
253171591: 2207 114713
253447261: 4111 61651
253613587: 7963 31849
255059533: 4057 62869
255371923: 3229 79087
256161601: 1601 160001
256237409: 3739 68531
256643071: 191 1343681
257032777: 6469 39733
260265911: 3803 68437
262034501: 101 701 3701
262979501: 13241 19861
263627981: 5279 49939
264222943: 7039 37537
264487871: 2711 97561
264806701: 6151 43051
265731931: 11527 23053
267431851: 751 356101
267559627: 8179 32713
268912873: 1657 162289
271830469: 47 967 5981
273950909: 1433 191173
275260091: 3911 70381
277240897: 613 452269
277477903: 11779 23557
277770025: 5 5 13 19 44983
278986137: 3 353 263443
279744031: 7 31 109 11827
280984915: 5 29 379 5113
282169201: 941 299861
282462857: 1223 230959
282737621: 4049 69829
282855151: 6211 45541
283229491: 6871 41221
283302541: 229 1237129
284077993: 7591 37423
285147829: 1163 245183
286329457: 113 593 4273
286541329: 1129 253801
286547911: 13 19 31 37423
288086041: 7591 37951
289478971: 13451 21521
289810769: 313 925913
290953921: 2389 121789
292100491: 6043 48337
292290181: 9871 29611
293522461: 11551 25411
293582521: 1123 261427
296218441: 29 379 26951
296237239: 7027 42157
298204831: 12211 24421
299736181: 181 541 3061
300164287: 8663 34649
300979369: 7759 38791
301000363: 10973 27431
301195441: 11701 25741
301413001: 8681 34721
301613203: 7591 39733
301900795: 5 7 157 54941
302563693: 9649 31357
304235581: 13 19 31 39733
304273993: 3037 100189
304859521: 17 593 30241
307521563: 15187 20249
310157515: 5 3461 17923
311128471: 1747 178093
311609059: 7207 43237
312703093: 79 1459 2713
312869311: 853 366787
314049331: 631 497701
315286591: 2011 156781
316632277: 13 613 39733
317532961: 3889 81649
317602433: 113 2810641
318750001: 2551 124951
319044041: 5557 57413
319287151: 5651 56501
320996551: 7547 42533
321768001: 2617 122953
327299701: 103 127 131 191
328402181: 10463 31387
330262843: 47 599 11731
332898799: 13451 24749
333476353: 7 19 67 37423
333619357: 9133 36529
333695539: 3583 93133
335988337: 4513 74449
336488881: 421 853 937
337129381: 12241 27541
338253823: 823 411001
338448641: 641 528001
338591041: 11969 28289
341460601: 2341 145861
341567941: 11 13 47 50821
342031951: 811 421741
343188487: 1063 322849
345062609: 14389 23981
346143041: 3581 96661
348749441: 17 4273 4801
350016481: 2971 117811
350309779: 79 1093 4057
350703373: 1117 313969
351058753: 13249 26497
353828677: 11897 29741
354060763: 7 19 67 39733
354143071: 19 109 271 631
355660921: 7 11 883 5231
356184721: 6673 53377
357491513: 4457 80209
357777421: 16381 21841
359394751: 6703 53617
360145633: 10957 32869
361198241: 10973 32917
362297911: 4759 76129
363881057: 6359 57223
364165165: 5 7 13 47 17029
364550275: 5 5 367 39733
365770703: 15901 23003
368113411: 43 631 13567
369189967: 3733 98899
369794671: 13721 26951
370712609: 1429 259421
371187841: 769 482689
371393689: 6793 54673
372089173: 14197 26209
373330561: 4801 77761
374003953: 2437 153469
374654251: 31 883 13687
376204447: 4637 81131
376823527: 16363 23029
377619775: 5 5 13 19 61153
377806687: 9719 38873
378540193: 17761 21313
384472481: 11321 33961
384701953: 15193 25321
384801601: 1201 320401
384993451: 9811 39241
385083217: 3697 104161
387324869: 7687 50387
388383577: 6361 61057
388695301: 11383 34147
388733791: 10937 35543
390905131: 43 631 14407
392190175: 5 5 13 109 11071
393908725: 5 5 7 1033 2179
394725475: 5 5 19 67 79 157
396231887: 16253 24379
396755713: 7529 52697
396795043: 8821 44983
396864469: 6007 66067
397627777: 79 157 32059
397760761: 18127 21943
399867733: 103 1123 3457
400391311: 6733 59467
402273901: 43 751 12457
402752533: 11587 34759
403095421: 14197 28393
403613119: 7 13 883 5023
404309401: 881 458921
405352663: 233 727 2393
407234425: 5 5 13 1033 1213
408453241: 7 19 31 157 631
408454883: 3119 130957
409809223: 179 2289437
413138881: 617 661 1013
413780329: 229 1806901
415640507: 359 1157773
415800703: 14419 28837
416732359: 457 571 1597
417767201: 11801 35401
417945331: 991 421741
418044563: 17707 23609
418717993: 4093 102301
421752893: 5303 79531
424071517: 6073 69829
425567147: 5381 79087
426947221: 31 271 50821
429797341: 43 491 20357
430321921: 7841 54881
433277391: 3 127 131 8681
434541817: 6949 62533
434932961: 41 881 12041
435408619: 6599 65981
435882811: 7 13 631 7591
435920941: 1621 268921
436369987: 3583 121789
437496259: 13229 33071
438481837: 79 5550403
439064781: 3 71 127 16231
439309261: 14821 29641
442341433: 2053 215461
444988001: 19081 23321
445126159: 7237 61507
450242099: 8663 51973
450531901: 14561 30941
451118981: 12263 36787
451456201: 7 2393 26951
451746307: 4339 104113
452539027: 59 7670153
452661481: 2441 185441
453919201: 12301 36901
455281751: 6469 70379
455461471: 15091 30181
456095107: 13 883 39733
457274161: 15121 30241
459838867: 17509 26263
460108463: 9791 46993
460350031: 19 29 31 26951
460585861: 12391 37171
461063023: 6199 74377
464199925: 5 5 7 19 139609
464594561: 4481 103681
464850241: 577 805633
465335459: 8807 52837
465908251: 3001 155251
466403081: 2861 163021
466492673: 15619 29867
468257281: 457 1024633
469120573: 1279 366787
470000833: 12517 37549
470063791: 15331 30661
471168253: 15349 30697
472308497: 13553 34849
472708321: 12553 37657
473617513: 9733 48661
474970501: 12583 37747
476310353: 953 499801
477004327: 6907 69061
477203959: 11677 40867
477604801: 9181 52021
479334241: 2179 219979
480685151: 331 1452221
481367185: 5 13 19 47 8293
481734401: 17921 26881
484481089: 6637 72997
487278289: 2647 184087
487620241: 5521 88321
487890703: 15619 31237
488393137: 617 791561
488585521: 6131 79691
492124177: 17 593 48817
493108481: 12821 38461
493349533: 677 728729
495416503: 15739 31477
495578929: 79 6273151
497195731: 1319 376949
498442951: 15787 31573
500863771: 3631 137941
503969041: 6481 77761
505691551: 7951 63601
506832871: 8221 61651
508959697: 3613 140869
510703183: 14293 35731
510925609: 4933 103573
511338241: 19 43 613 1021
512284543: 23 353 63097
512626201: 11321 45281
513352891: 8011 64081
514458001: 7561 68041
514545253: 53 2393 4057
517858491: 3 191 317 2851
518257429: 18253 28393
518504533: 13147 39439
520277287: 3607 144241
520399381: 13171 39511
521165713: 8629 60397
522058001: 1741 299861
523083751: 1051 497701
524788975: 5 5 883 23773
525563197: 16363 32119
525957697: 3877 135661
526714303: 2447 215249
526874203: 20089 26227
528816553: 6733 78541
529214311: 16267 32533
529258601: 15061 35141
530084413: 20593 25741
532094413: 8719 61027
532623229: 21521 24749
532758241: 97 673 8161
533876479: 4219 126541
534250393: 10009 53377
537663457: 3313 162289
538576657: 15193 35449
539430613: 8821 61153
539537941: 13411 40231
540098989: 331 1123 1453
541375609: 3469 156061
543730181: 13463 40387
546649741: 11 19 1093 2393
546683539: 3019 181081
547281851: 9551 57301
548124655: 5 13 43 67 2927
549530101: 2521 217981
550497601: 97 5675233
550931041: 13729 40129
552110911: 11 19 53 49843
555321007: 11783 47129
556488811: 9631 57781
556540417: 1153 482689
557165209: 14929 37321
557199959: 15737 35407
560026237: 2663 210299
560353231: 12457 44983
560612167: 11839 47353
560907271: 16747 33493
562841851: 11 13 1847 2131
563947141: 13711 41131
566820013: 8999 62987
568646371: 907 626953
569332177: 239 1429 1667
569365177: 12941 43997
572123521: 9041 63281
572433331: 14407 39733
572475961: 281 2037281
573183451: 11971 47881
575493301: 37 181 85933
575833861: 1973 291857
575933311: 9181 62731
577254679: 6007 96097
577352641: 13873 41617
578185301: 13883 41647
582172597: 19 47 109 5981
585065443: 571 1024633
585168193: 3529 165817
587033371: 11551 50821
587159497: 10837 54181
587336401: 17137 34273
588049001: 21001 28001
590488001: 19841 29761
593198497: 23 353 73063
595616227: 12203 48809
597351691: 1171 510121
599135767: 12239 48953
599760973: 7 19 883 5107
600098689: 3137 191297
600507277: 12253 49009
602723829: 3 317 743 853
602865947: 8387 71881
605221501: 12301 49201
605961049: 15569 38921
607180393: 547 1110019
608447797: 6073 100189
608560661: 14243 42727
611812321: 14281 42841
611852671: 17491 34981
612533767: 20707 29581
612816751: 251 751 3251
615760133: 14327 42979
617681401: 2381 259421
618887449: 3709 166861
620169409: 193 577 5569
621787951: 151 421 9781
623662903: 17659 35317
624348121: 6121 102001
625482001: 241 1201 2161
625647241: 6067 103123
625996801: 631 751 1321
628670881: 6529 96289
630228089: 6833 92233
630496621: 9491 66431
631767943: 8887 71089
633156781: 9511 66571
634467461: 14543 43627
635310391: 19 89 157 2393
636442003: 17839 35677
637276267: 17029 37423
637366157: 1933 329729
643093201: 6151 104551
645681193: 13781 46853
646443337: 12713 50849
647172775: 5 5 19 883 1543
649235341: 9631 67411
650867809: 9931 65539
651095551: 43 1051 14407
653042521: 19 53 271 2393
654143491: 9043 72337
655523311: 15679 41809
659664721: 13729 48049
666353143: 9127 73009
667701511: 6091 109621
670208533: 14947 44839
674988931: 43 109 144013
676936751: 14251 47501
678150901: 811 836191
678218311: 12277 55243
678853281: 3 317 713831
679323569: 113 113 53201
680680171: 4931 138041
680712499: 1459 466561
682460501: 15083 45247
682691473: 1987 343579
683173357: 317 2155121
684634133: 15107 45319
686003401: 8731 78571
686390923: 2647 259309
689456069: 197 1373 2549
689842759: 10723 64333
690404311: 19 2917 12457
690652411: 8311 83101
693407201: 17761 39041
693627901: 23227 29863
697097281: 5281 132001
697791403: 18679 37357
700951681: 5521 126961
706173623: 23 30703201
708066721: 4289 165089
709912657: 17443 40699
710867809: 47 967 15641
711304903: 18859 37717
713723815: 5 7 1637 12457
713946133: 15427 46279
713953441: 6481 110161
715310809: 709 1008901
716193151: 151 4743001
717311431: 89 647 12457
717831211: 23203 30937
719043001: 1951 368551
720385903: 18979 37957
724910047: 5923 122389
726453199: 2503 290233
727988797: 6967 104491
729094843: 9547 76369
731406229: 1487 491867
734205949: 12433 59053
738272333: 12809 57637
739444021: 277 1381 1933
739668451: 23029 32119
740587361: 5939 124699
743184451: 1801 412651
743404663: 103 1123 6427
743959897: 457 571 2851
744478901: 7877 94513
744648301: 991 751411
745493761: 12211 61051
748691591: 11171 67021
748990171: 14629 51199
749670247: 17317 43291
749943643: 5839 128437
750160811: 7907 94873
750799061: 2333 321817
752487217: 6361 118297
753532781: 29 1093 23773
754004251: 7 11 13 251 3001
754679791: 19 883 44983
757158533: 15887 47659
758246833: 107 1061 6679
758654321: 6011 126211
760847041: 2161 352081
767295757: 8929 85933
769035649: 2557 300757
769183589: 7369 104381
771731941: 149 1999 2591
772702531: 17581 43951
774027781: 16063 48187
774109627: 17597 43991
775468121: 11369 68209
777377017: 18253 42589
779786131: 8831 88301
780785113: 14281 54673
783908641: 17 593 77761
789375511: 19867 39733
789445691: 11471 68821
793813333: 16267 48799
798463693: 859 929527
812865643: 6079 133717
813185311: 239 1429 2381
814056001: 11 31 251 9511
814441633: 16477 49429
819494287: 5227 156781
822874537: 1277 644381
824413393: 5743 143551
825639511: 11731 70381
826004467: 6427 128521
830231821: 10891 76231
833514529: 3697 225457
833615297: 4273 195089
834451903: 6529 127807
834611777: 18913 44129
836316481: 7 11 13 31 26951
839208439: 11827 70957
841064461: 3911 215051
842558421: 3 317 885971
843153763: 25147 33529
843161887: 14519 58073
845329601: 1601 528001
849674731: 6871 123661
851947727: 4243 200789
853160437: 11731 72727
854187181: 11047 77323
854256497: 9743 87679
855363841: 193 577 7681
857538991: 20707 41413
860947991: 1877 458683
861657343: 9283 92821
863900431: 5821 148411
864412051: 1031 838421
865224451: 7 13 19 109 4591
867022747: 14723 58889
869109281: 17021 51061
870011449: 15913 54673
870966799: 937 929527
871413271: 157 5550403
876569233: 43 2311 8821
876850801: 211 421 9871
879276289: 103 223 38281
881031271: 14407 61153
881798149: 23563 37423
881927353: 8237 107069
882591901: 8761 100741
883333441: 6337 139393
885048511: 2221 398491
885336481: 37 73 433 757
886230775: 5 5 19 67 27847
888801421: 2029 438049
889975873: 97 673 13633
892848421: 1621 550801
893604013: 11299 79087
895247575: 5 5 1117 32059
896356825: 5 5 7 13 19 89 233
897106871: 4027 222773
897604129: 25321 35449
897756751: 21187 42373
898499491: 43 3361 6217
900736411: 18379 49009
901848301: 11351 79451
902946227: 27431 32917
903136901: 17351 52051
904876361: 12281 73681
906326077: 15053 60209
910359943: 7213 126211
911484421: 17431 52291
912316483: 13 19 47 89 883
914008639: 2347 389437
914631217: 2833 322849
916604581: 5827 157303
918400033: 17497 52489
925198081: 11497 80473
929239109: 8297 111997
929483039: 16699 55661
931551077: 6287 148171
932148253: 21589 43177
932793401: 10181 91621
940724555: 5 67 839 3347
940767115: 5 43 647 6763
942517993: 859 937 1171
944428717: 67 2179 6469
945959365: 5 13 19 43 47 379
949324951: 21787 43573
949962313: 5449 174337
951238261: 10477 90793
951574663: 13 19 883 4363
955609903: 21859 43717
958208833: 7993 119881
958323601: 11701 81901
962375941: 17911 53731
966075175: 5 5 13 109 27271
966438781: 7 11 19 647 1021
970005781: 9391 103291
972595201: 3167 307103
975110657: 20443 47699
975260983: 9967 97849
976396961: 18041 54121
976417237: 103 811 11689
982916257: 7193 136649
984640651: 25621 38431
984756917: 13183 74699
984884707: 157 6273151
985061491: 17191 57301
985335121: 2971 331651
986380801: 7 19 409 18133
988377553: 1297 762049
988978849: 4027 245587
989810251: 15731 62921
996196741: 18223 54667
997006141: 27847 35803
998033401: 10531 94771
998128951: 547 911 2003
1000957321: 7 13 883 12457
1001549221: 6091 164431
1004521337: 20749 48413
1006317691: 19 31 43 39733
1007717257: 14197 70981
1009033675: 5 5 13 409 7591
1009636501: 37 73 101 3701
1009702135: 5 13 29 43 12457
1011319501: 15901 63601
1011819667: 331 3056857
1018640035: 5 7 647 44983
1019091943: 11287 90289
1022239387: 13 19 43 109 883
1022248591: 7 13 31 362371
1027978249: 6997 146917
1028547811: 6211 165601
1031842729: 4789 215461
1033114513: 12149 85037
1034283421: 22741 45481
1043336035: 5 7 2393 12457
1046641531: 13 787 102301
1049813821: 7 19 67 117811
1050047041: 17 593 104161
1050721561: 22921 45841
1058216801: 26561 39841
1061998253: 25243 42071
1064180107: 8719 122053
1064519011: 23071 46141
1065262843: 6959 153077
1069110157: 16349 65393
1070063191: 23131 46261
1071126053: 6299 170047
1073496997: 27691 38767
1073729801: 7151 150151
1081298419: 10399 103981
1082755477: 16453 65809
1084197217: 1889 573953
1085888803: 12763 85081
1085947501: 601 1806901
1088258209: 26641 40849
1088416421: 13469 80809
1088476117: 1171 929527
1091327579: 13487 80917
1092310759: 163 811 8263
1093202683: 7591 144013
1098404941: 12527 87683
1098596581: 7321 150061
1100829221: 15641 70381
1102707541: 13 19 31 144013
1104194521: 23497 46993
1105714675: 5 5 13 883 3853
1106576857: 16633 66529
1107200719: 307 811 4447
1108973251: 16651 66601
1110624191: 14431 76961
1111114663: 103 1429 7549
1111602689: 8609 129121
1112103541: 23581 47161
1118493451: 47 883 26951
1119669121: 9281 120641
1120539701: 1973 567937
1120637971: 5431 206341
1121704921: 7309 153469
1122536101: 26951 41651
1123942387: 16763 67049
1124592431: 13691 82141
1125419581: 11 13 1847 4261
1129158551: 4889 230959
1132314349: 12541 90289
1132671871: 19 271 219979
1133165563: 5323 212881
1134342151: 10651 106501
1135170751: 11 13 19 29 14407
1135685633: 19457 58369
1135863373: 5657 200789
1136008729: 16693 68053
1137523007: 15641 72727
1137992749: 997 1141417
1139284441: 19 31 43 44983
1140750181: 13789 82729
1142890081: 15937 71713
1145170153: 23929 47857
1145690071: 491 2333381
1150308979: 53 677 32059
1154394599: 9547 120917
1157839381: 24061 48121
1159455841: 97 673 17761
1161531601: 17041 68161
1164748153: 7177 162289
1165619911: 7541 154571
1167421333: 13 67 1340323
1168256953: 24169 48337
1175111953: 293 4010621
1175117329: 3697 317857
1175812669: 8573 137153
1176755621: 11681 100741
1177778671: 14011 84061
1178721629: 2297 513157
1189577341: 8761 135781
1193407549: 23291 51239
1194048241: 631 1892311
1195737031: 9781 122251
1198650961: 181 541 12241
1198948879: 109 883 12457
1199154589: 2371 505759
1200456577: 97 2113 5857
1202142061: 24517 49033
1202842513: 13109 91757
1203951311: 21011 57301
1205606533: 20047 60139
1206062699: 28463 42373
1210962059: 14207 85237
1211338963: 487 2487349
1211714197: 3499 346303
1214752729: 4463 272183
1216206181: 103 1429 8263
1219219777: 3929 310313
1222503787: 29 883 47741
1223514475: 5 5 43 79 14407
1226731393: 27271 44983
1228365601: 61 3701 5441
1229956003: 24799 49597
1232469001: 37 73 181 2521
1234125721: 24841 49681
1234646533: 20287 60859
1240424527: 31219 39733
1244166857: 33889 36713
1248065459: 14423 86533
1251633241: 8581 145861
1254462551: 1321 949631
1257574807: 1069 1176403
1263293281: 20521 61561
1264145401: 107 743 15901
1264676113: 1583 798911
1266003461: 20543 61627
1266425101: 13451 94151
1267133311: 25171 50341
1272252731: 4391 289741
1273749539: 31573 40343
1277444281: 4201 304081
1277840631: 3 317 1343681
1279054747: 22303 57349
1279762501: 26251 48751
1280912921: 18691 68531
1281068119: 12277 104347
1282964197: 1999 641803
1283299843: 7 19 67 144013
1286298133: 20707 62119
1289425831: 463 2784937
1290384001: 9601 134401
1291412431: 25411 50821
1291773451: 17971 71881
1295816369: 17293 74933
1297556591: 1637 792643
1297633651: 4651 279001
1301670079: 19861 65539
1303644413: 9323 139831
1307224981: 4861 268921
1308544903: 25579 51157
1308998741: 31333 41777
1312660571: 5591 234781
1321734497: 12119 109063
1321941037: 103 317 40487
1327373521: 3331 398491
1330031809: 113 113 104161
1334349901: 13807 96643
1336100959: 14923 89533
1336210313: 31657 42209
1336818301: 7 13 31 631 751
1341620281: 16381 81901
1346141451: 3 191 317 7411
1346538961: 16411 82051
1360958437: 2917 466561
1361052451: 11 4591 26951
1365088717: 31873 42829
1365287239: 109 379 33049
1368769681: 26161 52321
1371720013: 13999 97987
1372325861: 34297 40013
1372681861: 21391 64171
1373452033: 21397 64189
1376618491: 5471 251621
1378203751: 26251 52501
1378971229: 2371 581599
1379079211: 17191 80221
1379932093: 5419 254647
1380202513: 27691 49843
1392320557: 9973 139609
1394632891: 26407 52813
1395564127: 18679 74713
1398883201: 8581 163021
1399144291: 15271 91621
1401238441: 16741 83701
1403992171: 3907 359353
1406851249: 15313 91873
1409435999: 13709 102811
1410410233: 67 2311 9109
1413622141: 71 127 211 743
1414154827: 18803 75209
1415075663: 8867 159589
1415840941: 15901 89041
1416144133: 21727 65179
1418520181: 13 29 67 89 631
1419459121: 26641 53281
1421409553: 10457 135929
1427931457: 2857 499801
1429469911: 2971 481141
1431691441: 5641 253801
1437684931: 23981 59951
1442692285: 5 409 439 1607
1443388481: 8291 174091
1449184891: 7 11 19 647 1531
1452821221: 6211 233911
1456676281: 14281 102001
1460280259: 5107 285937
1461392659: 15607 93637
1462707305: 5 19 15396919
1464192559: 21391 68449
1464568381: 27061 54121
1466827249: 20771 70619
1468963189: 3079 477091
1470167623: 199 2647 2791
1470707741: 137 1973 5441
1472650999: 15667 93997
1473968701: 6841 215461
1477581811: 36241 40771
1478019985: 5 13 1117 20357
1483954111: 9631 154081
1485991387: 19 7591 10303
1486928059: 37423 39733
1487669411: 33403 44537
1488139291: 17011 87481
1490926471: 24421 61051
1492236487: 7 109 157 12457
1494595801: 27337 54673
1501960637: 10007 150091
1508953447: 19423 77689
1509723775: 5 5 7 157 54949
1513701071: 18341 82531
1513888157: 31769 47653
1521258193: 7 13 613 27271
1522677871: 11 13 31 389 883
1526597353: 10837 140869
1527077791: 43 379 93703
1527888433: 10093 151381
1528102801: 6427 237763
1532569681: 14797 103573
1533512371: 31 79 409 1531
1533555271: 27691 55381
1535194351: 2551 601801
1537692769: 1999 769231
1537788041: 33961 45281
1540967723: 59 523 49939
1546883209: 16057 96337
1553455751: 19 89 491 1871
1554929983: 8731 178093
1555834051: 4931 315521
1562826457: 7907 197651
1564112741: 29209 53549
1566448633: 5437 288109
1567090867: 25037 62591
1568792341: 37 181 433 541
1571723539: 12697 123787
1573060087: 53 79 157 2393
1573497181: 31981 49201
1577847211: 9931 158881
1578199559: 1223 1290433
1581766061: 5741 275521
1586057861: 11681 135781
1586548531: 14083 112657
1587385297: 26083 60859
1587577867: 32533 48799
1588472341: 23011 69031
1590350749: 13 19 29 222023
1590425101: 3301 481801
1591121041: 15077 105533
1593522775: 5 5 13 109 44983
1593706201: 19961 79841
1595225153: 10313 154681
1595622997: 19973 79889
1601139871: 23 199 353 991
1603700929: 7193 222953
1604234413: 15139 105967
1607530051: 28351 56701
1609780573: 10477 153649
1613763923: 25931 62233
1614211417: 7 13 883 20089
1618435171: 28447 56893
1623895153: 11177 145289
1627172929: 8803 184843
1627644961: 23293 69877
1628692201: 28537 57073
1629059977: 24121 67537
1630280275: 5 5 13 19 264013
1630406809: 18973 85933
1631543701: 5441 299861
1635565471: 10111 161761
1636147831: 3413 479387
1636338901: 1597 1024633
1641971701: 20261 81041
1642004101: 4951 331651
1642390081: 21121 77761
1645859251: 28687 57373
1648614331: 7 13 631 28711
1649253763: 17317 95239
1663451551: 16651 99901
1666710113: 593 2810641
1668217027: 33349 50023
1670756177: 24049 69473
1672773061: 3361 497701
1672804321: 21121 79201
1673977681: 31249 53569
1674091141: 23623 70867
1678345921: 7 31 109 70957
1680901381: 23671 71011
1683259819: 23143 72733
1684579933: 7757 217169
1685523431: 21011 80221
1690734151: 33151 51001
1692711961: 32371 52291
1695303821: 21701 78121
1697675869: 10639 159571
1699279441: 191 571 15581
1706302153: 29209 58417
1707699491: 16871 101221
1708750759: 331 5162389
1713319453: 29269 58537
1715427451: 29287 58573
1717458925: 5 5 7 13 19 39733
1722463471: 29347 58693
1724060911: 26261 65651
1739695721: 12041 144481
1743657931: 29527 59053
1744510861: 15787 110503
1745655463: 9343 186841
1747165897: 34129 51193
1751294791: 39901 43891
1754128069: 26489 66221
1760187991: 6733 261427
1762538581: 22441 78541
1763702533: 24247 72739
1766114281: 2521 700561
1768585969: 28729 61561
1773760921: 28771 61651
1774273411: 10531 168481
1777190651: 34421 51631
1777838635: 5 67 89 59629
1796734241: 24473 73417
1800524671: 11 31 1571 3361
1800735301: 103 131 317 421
1800812477: 34649 51973
1803308057: 34673 52009
1805192827: 107 1061 15901
1809667579: 10337 175067
1809786749: 5237 345577
1812273409: 19 95382811
1813073653: 30109 60217
1813968841: 11813 153557
1815566101: 36901 49201
1817959193: 2843 639451
1819203527: 1787 1018021
1822479751: 30187 60373
1834383349: 4789 383041
1836291101: 20201 90901
1842687925: 5 5 13 19 298411
1843051687: 35053 52579
1843528675: 5 5 19 3881113
1845606799: 127 743 19559
1851804991: 379 4886029
1861026133: 24907 74719
1864274917: 21589 86353
1865932921: 11981 155741
1868747113: 19333 96661
1870663411: 19 31 1069 2971
1878719393: 40129 46817
1879111697: 8849 212353
1879201297: 19387 96931
1880544907: 21683 86729
1881416377: 11593 162289
1883796293: 23773 79241
1884361789: 37 4861 10477
1885773751: 191 571 17291
1887093301: 39157 48193
1895918333: 11243 168631
1898758225: 5 5 7 13 67 12457
1900687381: 25171 75511
1901126641: 47 5981 6763
1901154781: 757 2511433
1904916841: 32993 57737
1908192781: 11 19 79 115571
1911990691: 13 19 47 109 1511
1913296951: 21871 87481
1917525961: 13 19 43 180541
1920790367: 3323 578029
1924716223: 47 109 157 2393
1924928011: 9811 196201
1926933121: 19559 98519
1928113741: 73 2521 10477
1932263581: 38767 49843
1933397251: 631 1021 3001
1936752767: 35933 53899
1940044217: 5303 365839
1944125633: 25457 76369
1944777377: 15277 127301
1952102137: 8837 220901
1960232869: 7 19 67 219979
1962955177: 22153 88609
1963181081: 18089 108529
1966146451: 22171 88681
1966182401: 25601 76801
1967776825: 5 5 7 283 39733
1968707989: 11093 177473
1973398141: 11 13 2699 5113
1974255937: 8887 222151
1974450017: 113 1409 12401
1977257441: 25673 77017
1980310141: 24979 79279
1982876941: 16831 117811
1986220787: 36389 54583
1986800737: 4157 477941
1990242841: 2741 726101
1992813551: 16301 122251
1995972031: 21061 94771
2004299641: 31657 63313
2005360351: 22391 89561
2011473829: 811 937 2647
2014362421: 9241 217981
2014815181: 43 631 74257
2014930945: 5 53 79 109 883
2015363533: 28393 70981
2015557777: 27073 74449
2016495433: 21169 95257
2018260627: 14207 142061
2029247359: 9293 218363
2029328941: 17027 119183
2035132181: 2851 713831
2037732451: 22571 90281
2041934941: 3061 667081
2043025357: 8831 231347
2044936897: 41281 49537
2046408787: 22619 90473
2046790513: 20233 101161
2047483231: 47 599 72727
2049419555: 5 5981 68531
2050335001: 11 13 1151 12457
2056220041: 2857 719713
2057703649: 33811 60859
2059707781: 181 2341 4861
2066506975: 5 5 13 19 379 883
2073415133: 2473 838421
2073597373: 10099 205327
2075486827: 14407 144061
2079595381: 33151 62731
2080698817: 2857 728281
2080742479: 457 1597 2851
2080995841: 32257 64513
2082142861: 43 3361 14407
2082273301: 13759 151339
2084035927: 9319 223633
2084523157: 33503 62219
2088943273: 23869 87517
2094177403: 32359 64717
2107418131: 7 13 883 26227
2107449271: 16231 129841
2108213641: 25741 81901
2108764481: 26513 79537
2110588033: 2689 784897
2115046081: 2269 932149
2123792551: 32587 65173
2126916301: 3517 604753
2130134533: 26647 79939
2130198691: 7321 290971
2136253289: 16693 127973
2141286511: 7 13 89 419 631
2142324367: 23143 92569
2142871459: 14639 146381
2145002221: 37 181 320293
2146955227: 38767 55381
2147440681: 12853 167077
2149255487: 37853 56779
2151681953: 4691 458683
2156391901: 5851 368551
2156567291: 18959 113749
2156767003: 32839 65677
2157486049: 24481 88129
2165467081: 21937 98713
2165523553: 12907 167779
2167302161: 36061 60101
2168719543: 47 829 55661
2170185517: 23293 93169
2170186021: 32941 65881
2170390981: 11 7321 26951
2178529021: 8101 268921
2184445531: 811 2693521
2185704553: 12967 168559
2189700833: 27017 81049
2191306663: 7 13 883 27271
2196343601: 12101 181501
2196449551: 10513 208927
2197813333: 27067 81199
2199931651: 379 631 9199
2200734361: 7 31 271 37423
2206065451: 14071 156781
2213057893: 29753 74381
2216093707: 14887 148861
2230097941: 29 491 156619
2230500301: 17851 124951
2234073031: 36709 60859
2234359801: 5011 445891
2234695231: 33427 66853
2239622113: 53 79 157 3407
2245054741: 2141 1048601
2250292687: 23719 94873
2251753549: 6997 321817
2262861901: 33637 67273
2275568011: 20341 111871
2277117701: 27551 82651
2280105367: 29 83 727 1303
2280656953: 33769 67537
2283430117: 23893 95569
2291006381: 19541 117241
2305594513: 18149 127037
2320398881: 1511 1535671
2323147201: 277 1381 6073
2323880191: 14827 156733
2326237391: 8039 289369
2328858673: 8821 264013
2331461207: 10691 218077
2332301401: 37 3061 20593
2332321993: 2647 881119
2336219471: 29599 78929
2343581299: 8839 265141
2349545263: 13 19 9512329
2351206441: 23 103 149 6661
2362421953: 34369 68737
2368671661: 37 73 541 1621
2376429773: 8731 272183
2376450541: 37 73 181 4861
2385973087: 11677 204331
2398148551: 43801 54751
2400220859: 3923 611833
2403767089: 18127 132607
2414013341: 43331 55711
2424995497: 397 661 9241
2425741501: 10501 231001
2426810455: 5 47 829 12457
2433213721: 37 6841 9613
2434306001: 7901 308101
2435308919: 20147 120877
2436927907: 24683 98729
2439323657: 4349 560893
2444237161: 10789 226549
2454268681: 433 541 10477
2454355667: 26111 93997
2458169299: 15679 156781
2475131293: 15733 157321
2478368401: 101 24538301
2487122461: 9781 254281
2490548737: 48673 51169
2493278471: 47807 52153
2496358913: 11777 211969
2501960501: 40841 61261
2504130481: 17 593 248401
2504871869: 24043 104183
2510085721: 11 13 2131 8237
2512672091: 43411 57881
2513746721: 19 4909 26951
2519230141: 757 1621 2053
2520852517: 11519 218843
2525900833: 29017 87049
2525903321: 2851 885971
2525957851: 131 1301 14821
2528867713: 38953 64921
2530351561: 10061 251501
2532648301: 19 53 1051 2393
2534877937: 7193 352409
2543705293: 14827 171559
2546089561: 9241 275521
2550780277: 25253 101009
2555287729: 37489 68161
2557100701: 2311 1106491
2560600351: 239 1667 6427
2560891327: 25303 101209
2561392189: 32009 80021
2562308461: 3331 769231
2567254769: 2897 886177
2570899049: 7559 340111
2572534147: 41413 62119
2573677501: 11251 228751
2575558171: 20719 124309
2579214529: 15313 168433
2594870851: 12541 206911
2597788951: 10867 239053
2599789837: 571 1597 2851
2600113951: 6301 412651
2600705017: 22807 114031
2602230139: 19 109 883 1423
2603055799: 7523 346013
2605659247: 15053 173099
2611461581: 107 1061 23003
2611561313: 44257 59009
2617106857: 17053 153469
2620863523: 14779 177337
2621977627: 25603 102409
2626985113: 1627 1614619
2630374741: 211 421 29611
2637526711: 33151 79561
2642025673: 7 53 67 157 677
2645315281: 7 31 271 44983
2654851387: 25763 103049
2660625361: 2161 1231201
2665458511: 3181 837931
2669967361: 9281 287681
2671318801: 101 4861 5441
2673068693: 1493 1790401
2677147201: 157 1093 15601
2677443661: 4861 550801
2687747119: 32789 81971
2690408533: 29947 89839
2691089077: 2029 1326313
2706048811: 6607 409573
2706253801: 17341 156061
2709957277: 26029 104113
2710143151: 3719 728729
2715365971: 36847 73693
2725918933: 6379 427327
2728624939: 16519 165181
2730075559: 13063 208993
2730352321: 8161 334561
2739341261: 2111 1297651
2740766059: 47791 57349
2742119407: 26183 104729
2754547987: 42853 64279
2754814753: 23473 117361
2760355183: 49843 55381
2767875601: 41 241 280121
2768157631: 1423 1945297
2772198001: 17551 157951
2776874941: 31 43 271 7687
2781512161: 593 977 4801
2782170851: 15227 182713
2791053541: 37357 74713
2794904971: 14389 194239
2797912987: 43189 64783
2805026173: 44617 62869
2805432001: 4201 667801
2806421257: 17659 158923
2806589017: 26489 105953
2813512591: 37507 75013
2815598501: 22291 126311
2820544651: 71 127 421 743
2822521411: 37567 75133
2825682553: 23773 118861
2825998891: 23 317 331 1171
2826825001: 7 11 13 251 11251
2828698133: 30707 92119
2835936769: 1009 2810641
2840927659: 36781 77239
2842924639: 8887 319897
2847110183: 36821 77323
2851693501: 26701 106801
2856401633: 59 523 92569
2859896197: 8929 320293
2863347631: 53 157 344111
2866872781: 37861 75721
2870600371: 1321 2173051
2881897381: 11 9721 26951
2883929401: 9001 320401
2884465729: 24019 120091
2884466161: 6121 471241
2886402487: 26863 107449
2890316801: 17921 161281
2890522441: 20749 139309
2892426029: 41659 69431
2898101221: 15541 186481
2904375811: 12703 228637
2909795401: 21943 132607
2911022239: 22027 132157
2913401611: 38167 76333
2916085597: 17077 170761
2918295451: 27011 108041
2921228683: 2851 1024633
2923991203: 7 10513 39733
2929062533: 31247 93739
2930831641: 38281 76561
2940181009: 11833 248473
2945960033: 31337 94009
2948673901: 643 857 5351
2955342061: 7 19 67 331651
2956724317: 14533 203449
2960134255: 5 13 29 109 14407
2963608561: 3889 762049
2970633301: 41201 72101
2973168031: 33391 89041
2974766173: 14083 211231
2976622849: 1153 2581633
2978011651: 22279 133669
2980872901: 271 883 12457
2983748881: 593 1361 3697
2984717971: 5851 510121
2995097503: 34613 86531
3000271091: 12911 232381
3001200721: 37 349 232417
3005894881: 11 31 8814941
3017937847: 23 331 353 1123
3019916461: 20771 145391
3036561931: 13 19 631 19483
3037042649: 26891 112939
3042365617: 10243 297019
3043728689: 5237 581197
3044754469: 103 307 96289
3054297403: 39079 78157
3069196417: 7 89 683 7213
3077122133: 32027 96079
3078113977: 10303 298759
3078184069: 25457 120917
3078954775: 5 5 13 883 10729
3095299153: 13729 225457
3120784151: 16127 193513
3128171933: 53549 58417
3132519319: 29917 104707
3146387401: 10601 296801
3148712281: 11 13 19 43 26951
3149733107: 10247 307381
3150110269: 17749 177481
3152169439: 35509 88771
3155535541: 19861 158881
3157579861: 32443 97327
3161599471: 30367 104113
3165745861: 9511 332851
3167917873: 14533 217981
3169224787: 53407 59341
3169830751: 28151 112601
3169996121: 173 18323677
3170327689: 30097 105337
3170947001: 9803 323467
3171266653: 25577 123989
3171477121: 7211 439811
3187768501: 7351 433651
3206203003: 40039 80077
3206290271: 36551 87721
3208476221: 27211 117911
3210223249: 25339 126691
3211036165: 5 29 829 26713
3216762067: 46309 69463
3228044821: 32803 98407
3232845401: 149 2221 9769
3233001781: 17981 179801
3234255949: 6133 527353
3253404013: 21559 150907
3255458221: 20173 161377
3255786451: 22381 145471
3258425633: 32957 98869
3263329351: 52021 62731
3263568901: 32983 98947
3266065705: 5 7 19 647 7591
3273820903: 40459 80917
3277104991: 23371 140221
3280624513: 21649 151537
3281417119: 10459 313741
3281736601: 11 13 19 31 47 829
3282575129: 12503 262543
3283676551: 9901 331651
3285725701: 28661 114641
3286184287: 28663 114649
3288043333: 10837 303409
3291521203: 18143 181421
3292426039: 7 19 89 278147
3296187175: 5 5 8821 14947
3296558777: 19139 172243
3299956747: 28723 114889
3311606767: 7 19 79 315181
3312197461: 67 1321 37423
3315139717: 28789 115153
3322227917: 44647 74411
3322551403: 40759 81517
3324006533: 33287 99859
3328354801: 25801 129001
3331300033: 13999 237967
3341750161: 8017 416833
3344935771: 12697 263443
3348463105: 5 13 29 43 109 379
3350906011: 9391 356821
3352448089: 9043 370723
3353925221: 38609 86869
3355619467: 36637 91591
3360841147: 79 1327 32059
3362531537: 44917 74861
3363612691: 15641 215051
3363763231: 41011 82021
3378687817: 38053 88789
3381115501: 15541 217561
3388831831: 7 11 1103 39901
3395120977: 19423 174799
3399205591: 16831 201961
3400458931: 811 991 4231
3405242611: 29 379 491 631
3405437543: 5227 651509
3406534921: 4987 683083
3407772817: 26107 130531
3412083049: 9931 343579
3412895561: 3461 986101
3430848583: 18523 185221
3430871599: 103 127 353 743
3432850411: 1123 3056857
3434575327: 29303 117209
3442964671: 41491 82981
3444614881: 317 2371 4583
3448493921: 10223 337327
3449074357: 4733 728729
3450935503: 41539 83077
3451640809: 67 89 578843
3452340451: 7 19 31 631 1327
3462817177: 26317 131581
3462945697: 4327 800311
3463594643: 30119 114997
3467083511: 17491 198221
3480174001: 227 2713 5651
3488911219: 31573 110503
3493302751: 22501 155251
3494479771: 14779 236449
3503770075: 5 5 13 43 409 613
3504515041: 37441 93601
3515576221: 52291 67231
3516648631: 67 1321 39733
3517363825: 5 5 3541 39733
3526139431: 31741 111091
3538213381: 42061 84121
3542901181: 10691 331391
3543231553: 5953 595201
3548195281: 12421 285661
3548378341: 21061 168481
3548607841: 26641 133201
3550211731: 11 19 53 79 4057
3551839201: 181 1873 10477
3564864421: 11491 310231
3574847575: 5 5 13 883 12457
3576294151: 14951 239201
3578605879: 23929 149551
3582052321: 103 353 98519
3591338701: 22651 158551
3594968821: 42397 84793
3596491907: 23227 154841
3596833567: 11437 314491
3606434581: 3229 1116889
3607804903: 4057 889279
3614518999: 7 13 883 44983
3618997649: 4817 751297
3619298413: 22739 159167
3625296109: 46639 77731
3628526287: 30119 120473
3629042191: 1459 2487349
3631105063: 12511 290233
3634084871: 24611 147661
3640031081: 17417 208993
3640339723: 1543 2359261
3640903111: 42667 85333
3645429775: 5 5 13 19 29 20357
3648274391: 24659 147949
3655817519: 5387 678637
3656511073: 27043 135211
3665242951: 30271 121081
3666242467: 16183 226549
3667604383: 28549 128467
3668713771: 19813 185167
3670572517: 30293 121169
3673724641: 16811 218531
3675571351: 2531 1452221
3682604161: 22937 160553
3697714021: 59 211 317 937
3698276741: 35111 105331
3699020257: 8689 425713
3701890081: 43 271 491 647
3708855067: 47741 77687
3712259503: 1879 1975657
3713066389: 24877 149257
3717794881: 73 4861 10477
3722207221: 8761 424861
3723894221: 15377 242173
3728463481: 43177 86353
3733646491: 43207 86413
3738624121: 43 4271 20357
3740242771: 23761 157411
3746022391: 17029 219979
3747242171: 16661 224911
3748911737: 43627 85931
3752145145: 5 7 167 727 883
3762166439: 7919 475081
3764551589: 37573 100193
3765280531: 15031 250501
3766963201: 14081 267521
3767551165: 5 7 2393 44983
3771410371: 149 2591 9769
3775385011: 38861 97151
3776308471: 13 67 631 6871
3778765121: 2081 1815841
3780257881: 17053 221677
3785940199: 13759 275161
3786019201: 5641 671161
3789227051: 50261 75391
3790906153: 17077 221989
3795206827: 30803 123209
3799422991: 7 13 1531 27271
3800306971: 43591 87181
3801299251: 50341 75511
3803635291: 14407 264013
3810111469: 2789 1366121
3816178711: 13171 289741
3819431809: 673 5675233
3820181275: 5 5 43 79 44983
3821945191: 743 1597 3221
3825418675: 5 5 13 19 43 14407
3828335557: 45403 84319
3830834531: 2851 1343681
3832413097: 19577 195761
3839122651: 7 13 4261 9901
3839518801: 16561 231841
3854370493: 12853 299881
3863326897: 199 937 20719
3867136351: 13 67 1321 3361
3867634471: 19 409 497701
3877846459: 25423 152533
3882505771: 19 109 631 2971
3886386001: 71 211 259421
3888925501: 31181 124721
3889292273: 32569 119417
3890138011: 42373 91807
3891084487: 4909 792643
3892656769: 8737 445537
3894053311: 22063 176497
3895074991: 57781 67411
3904805311: 11 19 29 631 1021
3905592049: 6779 576131
3913505641: 811 1123 4297
3921119857: 15733 249229
3925284301: 101 3701 10501
3926933557: 31333 125329
3935155225: 5 5 1093 144013
3961243441: 163 2647 9181
3969195121: 8273 479777
3983895001: 6691 595411
3986664571: 44647 89293
3993401411: 25799 154789
3999429751: 24151 165601
4005660961: 36541 109621
4007299801: 26993 148457
4009936261: 15473 259157
4010949377: 49057 81761
4011490019: 523 7670153
4020144133: 36607 109819
4028771849: 25913 155473
4031915401: 821 4910981
4034993269: 25933 155593
4035028861: 44917 89833
4035593351: 191 2851 7411
4037373001: 12601 320401
4041385147: 103 307 127807
4045691681: 7621 530861
4051007161: 16693 242677
4052793553: 17657 229529
4054302701: 6827 593863
4055575681: 7681 528001
4059250651: 52021 78031
4062489421: 24091 168631
4066010911: 53 2393 32059
4068100063: 27197 149579
4071045637: 17053 238729
4071478681: 17929 227089
4081449167: 19139 213253
4082268961: 34651 117811
4094497331: 13721 298411
4099811591: 58451 70141
4103624443: 27739 147937
4121386267: 6287 655541
4121541181: 2281 1806901
4122991549: 43291 95239
4136040199: 5323 777013
4137248701: 62401 66301
4140553477: 40697 101741
4142250601: 33151 124951
4144730641: 5521 750721
4145710421: 2741 1512481
4151369899: 24181 171679
4155375349: 26317 157897
4156580741: 37223 111667
4165905511: 20411 204101
4169525681: 55921 74561
4175289271: 45691 91381
4178535769: 28909 144541
4184169701: 26951 155251
4191932251: 13 31 67 155251
4197853921: 41 241 424841
4212528139: 29 53 79 34693
4221148289: 28463 148303
4227243337: 29077 145381
4244284441: 2971 1428571
4245668641: 12041 352601
4250837449: 8713 487873
4253277733: 1087 3912859
4261352869: 55171 77239
4262907421: 541 1621 4861
4263014701: 11 491 751 1051
4274220229: 24517 174337
4275230917: 32693 130769
4275761731: 6221 687311
4282136321: 37781 113341
4287447451: 7 19 67 481141
4290127579: 11317 379087
