9: 3 3
39: 3 13
91: 7 13
117: 3 3 13
133: 7 19
145: 5 29
247: 13 19
361: 19 19
1729: 7 13 19
1921: 17 113
2527: 7 19 19
2701: 37 73
3241: 7 463
4693: 13 19 19
5365: 5 29 37
5963: 67 89
6019: 13 463
7449: 3 13 191
7633: 17 449
8797: 19 463
8911: 7 19 67
9073: 43 211
9409: 97 97
10081: 17 593
10585: 5 29 73
12403: 79 157
19909: 43 463
24661: 7 13 271
30673: 37 829
31021: 67 463
32851: 7 13 19 19
34861: 71 491
38503: 139 277
42133: 7 13 463
50117: 23 2179
50737: 113 449
50997: 3 89 191
60485: 5 12097
60517: 73 829
61191: 3 3 13 523
61579: 7 19 463
67009: 113 593
74023: 79 937
76049: 113 673
97693: 211 463
97831: 19 19 271
105163: 103 1021
114361: 13 19 463
120205: 5 29 829
120451: 23 5237
147109: 157 937
165413: 53 3121
167143: 19 19 463
188501: 251 751
197633: 257 769
238465: 5 37 1289
266257: 449 593
281051: 127 2213
282133: 307 919
288637: 29 37 269
302177: 449 673
306833: 17 18049
350813: 29 12097
359341: 227 1583
360533: 347 1039
391645: 5 29 37 73
404101: 101 4001
433621: 199 2179
434531: 571 761
446247: 3 3 179 277
447589: 37 12097
455533: 13 67 523
456001: 7 13 5011
462961: 17 113 241
483379: 13 19 19 103
488881: 37 73 181
540649: 577 937
574927: 67 8581
619957: 13 103 463
652327: 13 19 19 139
668629: 13 19 2707
721801: 601 1201
729061: 349 2089
800527: 7 13 19 463
856561: 31 27631
862529: 17 113 449
878311: 7 271 463
883081: 73 12097
929633: 557 1669
943669: 397 2377
953305: 5 37 5153
970437: 3 13 149 167
983401: 331 2971
1028743: 131 7853
1139153: 17 113 593
1141273: 7 19 8581
1150297: 83 13859
1152151: 7 11 13 1151
1170001: 7 19 19 463
1173061: 181 6481
1187281: 103 11527
1190957: 149 7993
1191017: 107 11131
1245889: 337 3697
1258093: 397 3169
1299961: 13 19 19 277
1314631: 811 1621
1319599: 577 2287
1373653: 829 1657
1457773: 349 4177
1461241: 37 73 541
1496881: 433 3457
1551941: 509 3049
1562203: 827 1889
1600369: 313 5113
1626041: 521 3121
1754065: 5 29 12097
1782439: 223 7993
1784897: 97 18401
1808971: 19 19 5011
1812691: 199 9109
1817743: 853 2131
2039537: 113 18049
2142919: 937 2287
2172859: 13 19 19 463
2181121: 853 2557
2207659: 607 3637
2239129: 37 73 829
2250631: 31 79 919
2284453: 1069 2137
2409721: 431 5591
2429521: 17 241 593
2550841: 349 7309
2604331: 571 4561
2629801: 541 4861
2742193: 313 8761
2779393: 193 14401
2802691: 419 6689
2833831: 7 11 13 19 149
3059101: 1237 2473
3270403: 1279 2557
3297121: 241 13681
3305089: 17 433 449
3506221: 541 6481
3506257: 79 44383
3511747: 283 12409
3751513: 457 8209
3837271: 1481 2591
3898129: 1249 3121
3913003: 1399 2797
3973003: 463 8581
3981371: 941 4231
3985253: 367 10859
4125793: 7 19 67 463
4200799: 43 211 463
4364581: 13 67 5011
4365073: 17 433 593
4382641: 541 8101
4389613: 283 15511
4397881: 269 16349
4441681: 797 5573
4447585: 5 29 37 829
4485241: 109 41149
4526369: 17 449 593
4543621: 1231 3691
4571881: 1117 4093
4652561: 881 5281
4791553: 13 19 19 1021
4961867: 823 6029
4986577: 113 44129
5034551: 1021 4931
5255893: 577 9109
5292631: 1627 3253
5373629: 599 8971
5406787: 1163 4649
5419751: 1901 2851
5448967: 2131 2557
5603333: 1367 4099
5617489: 593 9473
5881151: 1123 5237
6145399: 13 463 1021
6304957: 283 22279
6471931: 1039 6229
6642217: 1289 5153
6696017: 863 7759
6707287: 163 41149
6733693: 109 163 379
6784513: 17 593 673
6955541: 1523 4567
6968131: 157 44383
6969511: 1867 3733
7220851: 11 131 5011
7262413: 1019 7127
7355671: 71 211 491
7371079: 859 8581
7532713: 2377 3169
7822171: 7 223 5011
7891657: 1777 4441
7995169: 7 13 103 853
8012845: 5 29 73 757
8036033: 1637 4909
8056571: 191 42181
8086231: 2011 4021
8104001: 449 18049
8145301: 229 35569
8293381: 1663 4987
8295001: 11 13 19 43 71
8477801: 971 8731
8535133: 937 9109
8602513: 1109 7757
8682419: 263 33013
8725753: 2089 4177
8774965: 5 29 73 829
8830801: 7 19 67 991
8902621: 7 13 19 19 271
8959567: 947 9461
9004997: 347 25951
9031651: 1901 4751
9154657: 43 211 1009
9157429: 757 12097
9174829: 1237 7417
9231041: 641 14401
9273547: 1523 6089
9280981: 919 10099
9493579: 1949 4871
9675901: 101 95801
9727201: 11 491 1801
9744827: 2549 3823
9920773: 37 73 3673
10006561: 241 41521
10028413: 829 12097
10217861: 317 32233
10551841: 61 172981
10580291: 239 44269
10644553: 653 16301
10703057: 593 18049
10749141: 3 3 13 91873
10783261: 109 98929
10804201: 151 71551
10908901: 29 73 5153
11049193: 2161 5113
11087461: 7 11 311 463
11137237: 1669 6673
11411423: 2179 5237
11621611: 79 157 937
11769067: 1021 11527
11770387: 761 15467
11811907: 919 12853
12169711: 2467 4933
12372427: 79 199 787
12466273: 113 110321
13129561: 37 73 4861
13390081: 2113 6337
13517041: 409 33049
13545101: 2851 4751
14200231: 331 42901
14324473: 1693 8461
14421589: 7 13 19 19 439
14595851: 941 15511
14632537: 1913 7649
14652991: 2707 5413
14781181: 691 21391
14783203: 2719 5437
15093349: 1229 12281
15210013: 7 13 19 19 463
15247621: 61 181 1381
15268501: 2089 7309
15358033: 1753 8761
15576571: 2791 5581
15884821: 2521 6301
15922661: 941 16921
15978007: 1999 7993
16240651: 7 463 5011
16585099: 1663 9973
16998961: 7 283 8581
17174561: 2393 7177
17505181: 37 73 6481
17542477: 29 37 16349
17645689: 1879 9391
17675923: 503 35141
17803759: 1723 10333
17812033: 2437 7309
17843281: 1597 11173
18027557: 2741 6577
18111773: 1229 14737
18212977: 1423 12799
18280453: 1489 12277
18342241: 2473 7417
18491987: 823 22469
18535177: 2153 8609
18740971: 1531 12241
19182553: 13 463 3187
19320073: 1747 11059
19720951: 293 67307
19813921: 449 44129
19848511: 2179 9109
20088181: 43 463 1009
20586637: 43 211 2269
20832283: 2287 9109
20949139: 577 36307
21367743: 3 89 191 419
21681677: 3607 6011
21816127: 1117 19531
21880801: 37 73 8101
22307941: 31 79 9109
22342861: 1787 12503
22580047: 7 463 6967
22697281: 2131 10651
23056001: 1601 14401
23061949: 863 26723
23164003: 2111 10973
23708089: 1063 22303
23969749: 23 199 5237
24161905: 5 53 73 1249
24549761: 863 28447
24598081: 37 181 3673
25620467: 4133 6199
26173909: 1543 16963
26281201: 17 113 13681
26748307: 2029 13183
26963089: 1039 25951
27509653: 3709 7417
27808463: 4567 6089
28213333: 3067 9199
28296781: 2011 14071
28691111: 827 34693
29448631: 1567 18793
29698817: 673 44129
30087041: 113 449 593
30437551: 1951 15601
30529693: 4177 7309
30544363: 2357 12959
31150351: 2791 11161
31309561: 181 172981
31504141: 4861 6481
31767121: 2521 12601
31989109: 1789 17881
32092259: 2069 15511
32416441: 281 115361
32673997: 37 73 12097
33196021: 19 67 89 293
34019659: 937 36307
34060219: 2383 14293
34146001: 113 449 673
34516561: 2221 15541
34672129: 17 113 18049
36053333: 3467 10399
36234521: 557 65053
36255451: 3011 12041
36307981: 4261 8521
37084447: 19 19 43 2389
37964809: 109 379 919
38248981: 3571 10711
38351347: 3917 9791
38714237: 1607 24091
38818597: 1069 36313
38878705: 5 29 73 3673
39378961: 4861 8101
39637573: 1291 30703
39869281: 23 331 5237
40166017: 2113 19009
40621591: 4507 9013
40800817: 2857 14281
41034301: 7 11 463 1151
41586871: 937 44383
42614641: 1811 23531
43694111: 2699 16189
44148649: 2713 16273
44432281: 3673 12097
44466157: 6301 7057
44482901: 3851 11551
44794993: 5113 8761
45046513: 523 86131
47253781: 4861 9721
47966239: 3907 12277
48049579: 523 91873
48070111: 1277 37643
48304481: 4013 12037
48481679: 2843 17053
48507331: 2011 24121
48644311: 859 56629
48722477: 5407 9011
49534129: 449 110321
49607317: 109 199 2287
49735351: 4987 9973
50492321: 11 821 5591
50672701: 1279 39619
51627817: 3593 14369
51772357: 7 13 139 4093
51803821: 31 971 1721
52204237: 3613 14449
52502581: 6481 8101
53544289: 4999 10711
53965441: 2777 19433
54096211: 13 19 19 11527
54459841: 4261 12781
54580037: 743 73459
55551991: 11 19 131 2029
55712521: 4721 11801
56096857: 1117 50221
56234293: 619 90847
56281391: 23 1123 2179
56495221: 1447 39043
56579491: 4021 14071
57011417: 617 92401
57082033: 577 98929
57364021: 11 13 19 43 491
57597229: 4057 14197
58449847: 3823 15289
58472957: 761 76837
58879591: 5237 11243
58930741: 109 577 937
59164651: 7 13 19 19 1801
59218513: 2909 20357
59309251: 3851 15401
59496431: 3571 16661
59552833: 1993 29881
60375745: 5 53 73 3121
60552161: 4493 13477
61171951: 3911 15641
62289541: 5581 11161
62479297: 2113 29569
62563333: 7 19 103 4567
63300173: 6163 10271
63834547: 7 19 19 25261
64113971: 1481 43291
64618191: 3 3 11 239 2731
64900405: 5 29 37 12097
65535077: 1889 34693
65571823: 307 213589
65627041: 4231 15511
66345221: 4703 14107
66696085: 5 29 73 6301
66922309: 2467 27127
67902031: 43 271 5827
68462551: 5851 11701
68465591: 1019 67189
69139201: 4801 14401
69381013: 13 463 11527
69485281: 4813 14437
69490711: 1459 47629
69703189: 3049 22861
70014853: 829 84457
70771307: 6869 10303
71592751: 4231 16921
72011239: 2029 35491
72108421: 7 11 191 4903
72450703: 13 463 12037
72492841: 1033 70177
73023157: 2053 35569
73527301: 4951 14851
73590001: 31 79 151 199
73745281: 7681 9601
73775969: 97 97 7841
74246033: 673 110321
74560501: 271 275131
74620739: 3527 21157
74698345: 5 29 73 7057
74985607: 5477 13691
75077801: 701 107101
75304561: 29 61 42569
76223197: 6301 12097
76465291: 7 19 67 8581
77555713: 3329 23297
77594653: 6229 12457
77600881: 2137 36313
77790371: 3221 24151
78304549: 3613 21673
79398901: 6301 12601
79422493: 6737 11789
79525261: 31 761 3371
79761841: 17 113 41521
80207381: 5171 15511
80224499: 1103 72733
80304001: 4481 17921
80927821: 13 19 103 3181
81438481: 271 300511
81926461: 19 67 139 463
82155481: 2617 31393
82487159: 8291 9949
82606231: 6427 12853
83034109: 2287 36307
83403041: 5273 15817
84118549: 2741 30689
84269761: 2953 28537
84568201: 2551 33151
85296251: 7541 11311
85368529: 7057 12097
85719871: 6547 13093
86739073: 2689 32257
86874433: 3187 27259
87160061: 2411 36151
87749521: 3541 24781
87843829: 983 89363
87943129: 3217 27337
88505381: 1811 48871
88701601: 401 221201
88983973: 13 19 19 67 283
89315941: 11 13 19 71 463
90218287: 2539 35533
90273751: 4751 19001
90471541: 1831 49411
90970133: 5507 16519
90995185: 5 29 757 829
91104367: 6037 15091
91116439: 3019 30181
92037749: 3917 23497
92696473: 937 98929
92965445: 5 29 53 12097
94174081: 3329 28289
94292017: 1093 86269
94368697: 29 269 12097
94536001: 7 19 607 1171
94620241: 3677 25733
96990541: 4021 24121
97551781: 1181 82601
98735209: 4057 24337
100371643: 439 228637
101305783: 2557 39619
101391907: 463 218989
101649241: 61 661 2521
102358747: 5059 20233
103360951: 89 1009 1151
106012747: 311 340877
107520533: 5987 17959
108573457: 1669 65053
108865073: 1289 84457
108906901: 8521 12781
110566591: 3187 34693
111202297: 5273 21089
112166981: 2591 43291
112563151: 1051 107101
112661929: 37 829 3673
112828801: 6133 18397
113072165: 5 3049 7417
113274151: 3319 34129
113605201: 7537 15073
114849901: 4051 28351
114967993: 7 19 463 1867
115289281: 433 449 593
116045827: 3407 34061
116613641: 4409 26449
116673481: 4831 24151
117445987: 5419 21673
117588013: 4099 28687
118072033: 223 529471
118322471: 127 421 2213
118737901: 3853 30817
119693267: 8933 13399
119710951: 5471 21881
120460033: 6337 19009
120787759: 3109 38851
122180449: 4513 27073
122491993: 13 19 19 43 607
122631329: 113 449 2417
124439041: 8641 14401
126095887: 109 127 9109
126386261: 6491 19471
126428851: 7951 15901
127458871: 2971 42901
128002777: 7 2131 8581
128046745: 5 29 73 12097
128536561: 8017 16033
129462131: 421 307511
129802447: 10099 12853
130028321: 941 138181
130876751: 9341 14011
131819101: 5741 22961
132683347: 3079 43093
133817491: 4933 27127
133861729: 53 797 3169
134563511: 191 704521
135170197: 3677 36761
135465601: 6029 22469
135969401: 9521 14281
136959301: 431 317771
137768017: 17 449 18049
137894641: 1931 71411
137918161: 17 593 13681
138069647: 67 859 2399
138862151: 1451 95701
138880501: 4951 28051
139945249: 1657 84457
140974471: 11 19 19 131 271
141069067: 5939 23753
141809581: 73 613 3169
141825239: 4349 32611
143528551: 199 331 2179
143836291: 109 577 2287
145187671: 7621 19051
145410931: 8527 17053
146116801: 101 1446701
147997361: 281 526681
148116601: 29 61 101 829
148910653: 8629 17257
149228917: 2803 53239
149954071: 1741 86131
150149077: 13 19 43 67 211
150577153: 5281 28513
150795241: 1627 92683
155076991: 1481 104711
155483065: 5 29 37 73 397
155905885: 5 29 829 1297
156463159: 5107 30637
158396401: 9109 17389
159160751: 10301 15451
159837661: 73 181 12097
161648779: 6229 25951
162387821: 9871 16451
162960361: 3541 46021
163014871: 191 853481
163263169: 3853 42373
164071921: 13 463 27259
164616361: 7 13 19 19 5011
164983601: 101 317 5153
166168699: 19 277 31573
166196293: 2749 60457
167589073: 127 577 2287
167692141: 9157 18313
168586111: 4591 36721
169940443: 6871 24733
170183021: 2437 69833
171747577: 6553 26209
172018667: 10709 16063
172092829: 439 392011
173068309: 3967 43627
173135009: 97 97 18401
173481751: 751 231001
177491497: 337 526681
177896951: 11551 15401
179581847: 5849 30703
180694579: 13 19 19 139 277
180985097: 12281 14737
181951969: 17 593 18049
184233499: 853 215983
185123601: 3 3 13 283 5591
185653333: 7867 23599
186125633: 7877 23629
187378753: 6337 29569
189549529: 13 19 211 3637
190761731: 5639 33829
191540893: 3557 53849
192279181: 2621 73361
192475999: 12409 15511
194692321: 11131 17491
196288291: 919 213589
197016751: 127 701 2213
197687485: 5 37 829 1289
199104533: 8147 24439
201576523: 4099 49177
201841553: 6577 30689
202984217: 11633 17449
203528033: 8237 24709
204814679: 5843 35053
204937129: 163 577 2179
206472961: 7681 26881
206893069: 4549 45481
207343757: 7759 26723
207408001: 4801 43201
208817167: 13 463 34693
210517709: 11239 18731
212320351: 7789 27259
213035761: 10321 20641
214038533: 8447 25339
214209601: 2113 101377
216095671: 11 71 271 1021
216451621: 29 617 12097
217033381: 12451 17431
218495479: 9349 23371
219946623: 3 13 191 29527
220720273: 7759 28447
221300731: 4999 44269
222739399: 883 252253
223093051: 311 717341
223675537: 1433 156089
224582221: 10597 21193
226250623: 2287 98929
226265521: 3761 60161
226267193: 29 1289 6053
226359547: 7523 30089
226586771: 3931 57641
228382619: 107 2134417
228485441: 3299 69259
229682881: 241 953041
229874407: 7 19 463 3733
230059127: 9791 23497
230534611: 6199 37189
230976289: 6311 36599
231506713: 13177 17569
233148889: 6829 34141
235231237: 37 829 7669
237680057: 10093 23549
242277121: 31 79 98929
243200299: 6367 38197
245413463: 13567 18089
246455939: 8599 28661
247001399: 953 259183
251327341: 2377 105733
252260083: 5023 50221
253874969: 4337 58537
255281951: 4349 58699
255296731: 3407 74933
256235113: 11801 21713
257460851: 6551 39301
257623021: 6067 42463
257725693: 5209 49477
258084481: 9601 26881
258877721: 6569 39409
259814591: 9871 26321
261320401: 61 661 6481
261442501: 3301 79201
262461631: 15511 16921
262462729: 23 2179 5237
265418401: 5431 48871
265990471: 1399 190129
266191201: 67 463 8581
267155461: 3853 69337
268505551: 11587 23173
270175669: 1597 169177
271306201: 2591 104711
272995561: 4583 59567
273720911: 1021 268091
274039051: 11 13 463 4139
276242257: 1279 215983
276460111: 12409 22279
277477903: 11779 23557
277704013: 6299 44087
279065377: 8353 33409
280312003: 11839 23677
280370461: 7 5011 7993
282589651: 11887 23773
283402241: 1871 151471
283634437: 6737 42101
285890489: 431 663319
286933373: 14939 19207
288361351: 6661 43291
288460217: 11119 25943
288997633: 7603 38011
289105741: 6427 44983
289151741: 4391 65851
290344753: 12049 24097
291428551: 31 79 127 937
291582721: 19 271 56629
292233943: 3823 76441
293166743: 3191 91873
294079941: 3 3 71 89 5171
296316641: 15937 18593
297624961: 6521 45641
297812677: 8629 34513
298204831: 12211 24421
300979369: 7759 38791
301000363: 10973 27431
301497799: 3253 92683
303817411: 6163 49297
306066199: 13831 22129
306191621: 10103 30307
307061371: 12391 24781
308162401: 1951 157951
308952547: 11117 27791
309881879: 7187 43117
311016737: 5879 52903
311806307: 1747 178481
312773141: 10211 30631
313153177: 14449 21673
314061697: 19 19 463 1879
314154937: 7927 39631
314862971: 11161 28211
316090157: 563 561439
316315117: 8893 35569
316929793: 17 449 41521
317070271: 7 19 19 271 463
319287151: 5651 56501
319556221: 7741 41281
324264943: 6367 50929
324673705: 5 29 37 73 829
325538119: 499 652381
325938251: 14741 22111
326035001: 11821 27581
327142765: 5 29 53 42569
328135051: 4051 81001
329243041: 673 489217
329788981: 6421 51361
330720463: 9109 36307
333564713: 15817 21089
333571591: 463 727 991
336273211: 12967 25933
338455153: 13009 26017
338458807: 9199 36793
338776111: 8677 39043
339406591: 14071 24121
341118933: 3 89 191 6689
344525633: 4793 71881
344966599: 3643 94693
345512389: 14197 24337
345569569: 15511 22279
345674071: 13147 26293
346642921: 1327 261223
347918273: 9803 35491
350583157: 73 397 12097
351058753: 13249 26497
351398581: 1291 272191
351715033: 4549 77317
352459697: 15329 22993
355039777: 43 139 191 311
355888963: 191 419 4447
357859921: 23 2971 5237
358770959: 17291 20749
359085889: 79 499 9109
360145633: 10957 32869
361307521: 13441 26881
361961933: 8969 40357
363594401: 2081 174721
364324451: 1021 356831
367695901: 29 3169 4001
368721601: 4801 76801
368834581: 5791 63691
368848481: 7841 47041
370106509: 2837 130457
371051281: 37 829 12097
371482849: 37 1297 7741
371675221: 11131 33391
372038627: 15749 23623
372383857: 9649 38593
372750031: 653 570827
373299841: 8641 43201
375978471: 3 11 277 41131
376336501: 4451 84551
376642501: 1951 193051
377187031: 13 19 619 2467
377393459: 4759 79301
377446477: 12541 30097
379270651: 7951 47701
383299801: 4001 95801
384939589: 67 463 12409
387311107: 16069 24103
390609941: 11411 34231
390612221: 8069 48409
391930003: 13999 27997
392275381: 9337 42013
393256961: 15361 25601
394980643: 7027 56209
395136505: 5 37 1289 1657
396036877: 16249 24373
396755713: 7529 52697
397430251: 8501 46751
398920601: 1847 215983
399224611: 3919 101869
401498249: 4373 91813
403095421: 14197 28393
404864701: 10061 40241
405314071: 14869 27259
405956801: 11633 34897
406122361: 4297 94513
406761587: 11047 36821
407181277: 173 2353649
407889161: 9521 42841
410756501: 2069 198529
411840833: 11717 35149
413138881: 617 661 1013
415204501: 12577 33013
416585401: 14851 28051
418104829: 18289 22861
418573201: 17 593 41521
419666833: 4969 84457
422209981: 8389 50329
422560837: 4597 91921
426985021: 4621 92401
427165601: 11933 35797
427184059: 43 197 211 239
427936897: 3313 129169
428588161: 14401 29761
433006771: 16451 26321
434098669: 6673 65053
435206921: 5153 84457
437345767: 7723 56629
437597101: 7907 55343
437866087: 10463 41849
437890699: 653 670583
439309261: 14821 29641
440636281: 1129 390289
441163739: 5717 77167
441512965: 5 29 829 3673
444407531: 71 191 32771
444864449: 17 593 44129
445998409: 787 566707
446113207: 2179 204733
446438953: 19 19 463 2671
446619617: 2833 157649
448059481: 23 79 83 2971
457274161: 15121 30241
460259773: 2131 215983
464416933: 29 37 269 1609
466942381: 1759 265459
467221681: 37 73 172981
467877853: 13183 35491
467929001: 7211 64891
469209751: 10831 43321
470000833: 12517 37549
470555989: 1933 243433
473750371: 15391 30781
474165259: 10711 44269
474642257: 10631 44647
474663887: 17789 26683
475468927: 10903 43609
475701499: 7 13 19 275131
475969231: 15427 30853
477461651: 10301 46351
478231291: 811 589681
478856003: 7127 67189
480228871: 5479 87649
481166731: 67 463 15511
482120827: 10979 43913
483945601: 4801 100801
485919889: 7 13 19 463 607
485933449: 8581 56629
487400057: 677 719941
490632661: 6679 73459
491646403: 15679 31357
492270373: 7 19 67 55243
493529959: 13 19 19 103 1021
493917211: 10477 47143
493977037: 14057 35141
494116831: 13 19 739 2707
495549451: 11551 42901
496328689: 11789 42101
498442951: 15787 31573
500128021: 379 577 2287
501311777: 29 1429 12097
501656221: 11 19 479 5011
505226767: 11239 44953
506329487: 10271 49297
507206701: 73 617 11261
508959697: 3613 140869
510111361: 8537 59753
510703183: 14293 35731
511121161: 10111 50551
511479697: 17 113 449 593
511611673: 3719 137567
515850217: 14869 34693
518471941: 13 43 491 1889
518820101: 13151 39451
519463673: 2239 232007
521165713: 8629 60397
522173809: 4987 104707
522779611: 14461 36151
523079461: 31 79 213589
523377961: 9091 57571
525726541: 2741 191801
527927891: 83 1231 5167
528409399: 7 19 463 8581
530959831: 11131 47701
531090167: 1973 269179
531681281: 13313 39937
531790813: 2797 190129
532805519: 8429 63211
535023193: 4027 132859
539324353: 313 337 5113
540066241: 11 13 19 197 1009
540568309: 5813 92993
544861633: 13477 40429
545057371: 157 1483 2341
545670533: 13487 40459
546481153: 15761 34673
546974401: 4201 130201
548187781: 3571 153511
550132741: 8293 66337
550482349: 79 157 44383
551639049: 3 13 311 45481
552268531: 2557 215983
552726481: 6521 84761
555321007: 11783 47129
555429169: 2143 259183
559536721: 8941 62581
561817589: 9677 58057
561941983: 9091 61813
562077121: 19009 29569
563947141: 13711 41131
566689927: 11903 47609
568048801: 13681 41521
568902001: 7951 71551
569720321: 13781 41341
570605713: 9029 63197
573062971: 13 19 463 5011
576105923: 21911 26293
576691741: 16981 33961
578166499: 12853 44983
579085921: 31 421 44371
580222721: 13 71 197 3191
584643811: 4231 138181
584868181: 13963 41887
585457301: 11 13 1151 3557
586509481: 10831 54151
587336401: 17137 34273
591043771: 17191 34381
591315931: 941 628391
593234123: 7517 78919
595590841: 17257 34513
595608091: 13 67 683821
598615799: 14983 39953
608628901: 11287 53923
608917753: 17449 34897
611812321: 14281 42841
612816751: 251 751 3251
617663761: 11 13 19 463 491
619584001: 2801 221201
620715499: 7879 78781
620928533: 14387 43159
622137601: 14401 43201
622244899: 9109 68311
622334057: 20369 30553
622821821: 21613 28817
624732421: 14431 43291
624955367: 18257 34231
626741501: 20441 30661
628360111: 31 2287 8863
629907841: 19441 32401
630062317: 6709 93913
630496621: 9491 66431
630949721: 3041 207481
631314811: 109 163 35533
632976097: 13 103 463 1021
633560881: 9091 69691
633595201: 14533 43597
634946017: 15937 39841
638874241: 7297 87553
640113193: 8209 77977
642426049: 6337 101377
645771127: 20749 31123
648955765: 5 29 37 73 1657
655523311: 15679 41809
656824033: 14797 44389
657732349: 17291 38039
657876133: 307 937 2287
658023001: 6737 97673
659048833: 23297 28289
663409883: 4703 141061
664272577: 4357 152461
666637417: 16903 39439
668504051: 12071 55381
669143201: 14081 47521
670851091: 8191 81901
670909727: 21149 31723
671402353: 7187 93419
674098471: 16421 41051
680860351: 18451 36901
682128529: 9433 72313
688195971: 3 3 71 89 12101
688855231: 8689 79279
693431821: 24223 28627
693956041: 5749 120709
694199537: 8783 79039
700119841: 31 937 24103
700899841: 349 2008309
705209671: 9109 77419
708477997: 13309 53233
710232829: 4787 148367
711374401: 17 241 401 433
712650881: 15413 46237
716169301: 15451 46351
717096641: 15461 46381
717335351: 2803 255917
718750231: 9437 76163
722512991: 17351 41641
724941559: 17029 42571
724969087: 13463 53849
732074149: 73 829 12097
739643491: 19231 38461
740763713: 18593 39841
741181547: 22229 33343
741615361: 17 2417 18049
741949837: 3517 210961
741985921: 6607 112303
744552649: 757 983557
746706961: 7 11 13 277 2693
747236701: 271 1531 1801
748419127: 13679 54713
748916649: 3 3 13 523 12239
749412529: 18049 41521
749670247: 17317 43291
750167881: 11287 66463
750510199: 9397 79867
754177177: 13 167 311 1117
755409799: 7723 97813
756493363: 6229 121447
757411705: 5 29 829 6301
757834531: 11239 67429
758493601: 15901 47701
760189181: 26723 28447
763369111: 5419 140869
763587607: 17477 43691
765186581: 15971 47911
766073221: 661 1158961
766649969: 17 113 593 673
769122433: 79 157 62011
770746451: 24043 32057
772836461: 11131 69431
775468121: 11369 68209
776081503: 19699 39397
776728661: 16091 48271
779566211: 11399 68389
785190451: 14011 56041
786185611: 4327 181693
787209277: 14029 56113
789271211: 20749 38039
789375511: 19867 39733
792447521: 16253 48757
795188431: 3911 203321
796560703: 4463 178481
801078631: 2693 297467
805505957: 11923 67559
809670049: 11617 69697
811478533: 16447 49339
812093257: 14249 56993
815430533: 16487 49459
818856377: 9539 85843
821376533: 16547 49639
822767041: 16561 49681
823951171: 11719 70309
824170439: 15131 54469
824846121: 3 3 11 71 239 491
828473641: 5011 165331
829705471: 7 19 727 8581
830664451: 14411 57641
832870891: 20407 40813
834338191: 17491 47701
834591031: 2549 327419
838918147: 6073 138139
841592657: 5297 158881
844615297: 2593 325729
847880161: 4441 190921
848286685: 5 29 829 7057
850193401: 6217 136753
852503737: 9733 87589
853555177: 9739 87643
853853617: 1597 534661
859481921: 11969 71809
867323521: 13171 65851
868088341: 17011 51031
873631027: 14779 59113
876584317: 7 7993 15667
880671367: 1459 603613
880869277: 6637 132721
881214067: 14843 59369
883690237: 131 859 7853
884468863: 3607 245209
885718297: 3319 266863
890687621: 17231 51691
891699571: 7 463 275131
896838049: 2617 342697
897916207: 14983 59929
898273051: 13 19 19 277 691
901144261: 9109 98929
901515691: 3943 228637
905655661: 23311 38851
906326077: 15053 60209
909115087: 1259 722093
910020833: 17417 52249
913620779: 5519 165541
915641821: 21397 42793
915752113: 113 449 18049
916497891: 3 3 67 71 21407
916729729: 2753 332993
918757127: 24749 37123
919001729: 1217 755137
924779519: 2099 440581
926292751: 2851 324901
927852851: 16451 56401
928040131: 10771 86161
929238913: 13633 68161
929559403: 21559 43117
930032941: 11527 80683
930329497: 109 937 9109
930940165: 5 29 37 73 2377
931869553: 8467 110059
937013621: 8837 106033
939059749: 27409 34261
939268441: 661 1420981
942878747: 28031 33637
944919141: 3 89 587 6029
945696487: 27259 34693
945970813: 25733 36761
948037921: 18401 51521
949154167: 13 103 463 1531
949324951: 21787 43573
953370133: 17827 53479
955872901: 1621 589681
960208201: 37 73 355501
965393551: 991 974161
965501857: 7129 135433
968133739: 12703 76213
970355431: 22027 44053
970586713: 13933 69661
971975273: 1663 584471
972471151: 22051 44101
973956151: 7 463 300511
976640689: 15013 65053
980860519: 719 1364201
980866351: 19531 50221
980957071: 22147 44293
982282921: 8693 112997
982916257: 7193 136649
987517441: 6553 150697
996175181: 10781 92401
996196741: 18223 54667
998033401: 10531 94771
1001338771: 12919 77509
1012846537: 15913 63649
1015269391: 22531 45061
1015753601: 18401 55201
1017980921: 1013 1004917
1018125187: 26053 39079
1019194327: 29863 34129
1020615163: 10103 101021
1024516693: 11317 90529
1024706359: 2287 448057
1026043219: 15271 67189
1027050499: 20269 50671
1031545789: 14737 69997
1032170041: 7 19 67 115831
1037627051: 13151 78901
1041360451: 11069 94079
1042271029: 17257 60397
1043218321: 5623 185527
1043799471: 3 3 11 13 71 11423
1044242911: 9973 104707
1045683823: 967 1081369
1047340963: 28027 37369
1048249343: 647 761 2129
1048478413: 12239 85667
1050920461: 25111 41851
1050950869: 6073 173053
1055608219: 8123 129953
1058412529: 1999 529471
1059154903: 4603 230101
1060293613: 19 43 463 2803
1062315577: 2017 526681
1063091459: 21737 48907
1065816181: 5641 188941
1065882673: 22303 47791
1067064781: 12347 86423
1069979689: 14629 73141
1072581277: 10357 103561
1072839941: 18911 56731
1082327401: 127 2213 3851
1086724321: 661 1644061
1090858081: 11329 96289
1091476801: 37 73 101 4001
1093916341: 7 103 991 1531
1096439503: 28057 39079
1099176761: 21401 51361
1102667297: 21739 50723
1105038871: 8311 132961
1105322653: 23509 47017
1105820251: 31 1291 27631
1106011201: 14401 76801
1112146001: 17 593 110321
1121089861: 6481 172981
1124582863: 787 1428949
1125795271: 21221 53051
1126562669: 25999 43331
1134496081: 2287 496063
1134679321: 9343 121447
1137732451: 15901 71551
1138173499: 1277 891287
1139434453: 23869 47737
1140446401: 24781 46021
1145170153: 23929 47857
1148422157: 6367 180371
1149983501: 23531 48871
1151139601: 29 61 521 1249
1151466997: 11789 97673
1153516571: 3931 293441
1154784151: 3623 318737
1157839381: 24061 48121
1168706449: 15289 76441
1169805091: 7 13 19 719 941
1171353241: 1091 1073651
1172900191: 19 19 67 71 683
1177673647: 17159 68633
1179103213: 12979 90847
1181535527: 983 1201969
1184932585: 5 37 1289 4969
1188437879: 15467 76837
1190532361: 1741 683821
1192755673: 313 3810721
1198880261: 19991 59971
1203144031: 18541 64891
1204176751: 17351 69401
1209445441: 113 593 18049
1210364273: 18169 66617
1210631131: 8699 139169
1212213901: 103 1021 11527
1213463809: 6257 193937
1221044653: 24709 49417
1222568707: 17483 69929
1224393409: 15649 78241
1228672513: 13249 92737
1229956003: 24799 49597
1231810357: 47 26208731
1232469001: 37 73 181 2521
1236464263: 577 937 2287
1241123005: 5 29 37 73 3169
1242409741: 9257 134213
1242693121: 20353 61057
1244290657: 8093 153749
1247373271: 14419 86509
1251722837: 3823 327419
1254141121: 6361 197161
1254948337: 17713 70849
1255663267: 28933 43399
1256709691: 1747 719353
1261208551: 6091 207061
1261475177: 6577 191801
1261570133: 20507 61519
1262106199: 22469 56171
1263012599: 18731 67429
1265099617: 15907 79531
1267133311: 25171 50341
1268469781: 20563 61687
1282568741: 14621 87721
1285704961: 29761 43201
1288287991: 199 2179 2971
1289138161: 241 5349121
1289193001: 31 937 44383
1292216833: 8719 148207
1293442907: 32831 39397
1299817891: 7687 169093
1302594841: 16141 80701
1305808741: 30817 42373
1307004641: 20873 62617
1311004813: 31357 41809
1313917081: 4243 309667
1315821821: 31991 41131
1315858381: 13711 95971
1318026961: 2699 488339
1319070671: 15727 83873
1321031317: 12541 105337
1321956721: 4931 268091
1322384771: 3221 410551
1322461141: 37 53 617 1093
1323086563: 11503 115021
1323238951: 14851 89101
1324049401: 31 79 577 937
1329545377: 83 16018619
1331413333: 21067 63199
1332804013: 13799 96587
1333257931: 16903 78877
1333842607: 8167 163321
1335954547: 23117 57791
1338247681: 21121 63361
1343575381: 21163 63487
1344531191: 6869 195739
1344690073: 6029 223037
1345514101: 18341 73361
1348286893: 7829 172217
1353051517: 4139 326903
1353440233: 16453 82261
1356241321: 26041 52081
1357341371: 5237 259183
1361837551: 6151 221401
1370071171: 7 19 19 463 1171
1370223541: 61 4621 4861
1375684831: 26227 52453
1380704077: 6373 216649
1384219009: 7297 189697
1391226679: 163 937 9109
1391329501: 23 5237 11551
1397169091: 26431 52861
1398642701: 443 3157207
1399144291: 15271 91621
1400352017: 14281 98057
1402248403: 26479 52957
1407953971: 15319 91909
1408610503: 26539 53077
1409696767: 36073 39079
1410521941: 26557 53113
1410740599: 28687 49177
1417958891: 32611 43481
1419339691: 7 11 19 103 9419
1425524563: 109 1549 8443
1430295241: 9041 158201
1431691441: 5641 253801
1438906651: 7 13 19 19 43801
1446457933: 17929 80677
1446812641: 21961 65881
1448921633: 21977 65929
1451635201: 14401 100801
1451737981: 4621 314161
1452153061: 4261 340801
1452536131: 27779 52289
1453548403: 26959 53917
1453605803: 13 67 523 3191
1454119885: 5 29 829 12097
1471864087: 127 2213 5237
1475188811: 5927 248893
1475874541: 8011 184231
1480412221: 6911 214211
1480849831: 27211 54421
1484071681: 14561 101921
1484742533: 22247 66739
1486078903: 27259 54517
1486356601: 5107 291043
1487387611: 27271 54541
1487539747: 29581 50287
1491510899: 15767 94597
1494595801: 27337 54673
1496207809: 17299 86491
1499559011: 3371 444841
1502434501: 19381 77521
1505552401: 33931 44371
1506230941: 6971 216071
1508953447: 19423 77689
1511872031: 26261 57571
1512395389: 15877 95257
1512865279: 12457 121447
1519199641: 5209 291649
1526233231: 2791 546841
1528776559: 29863 51193
1528936501: 131 1301 8971
1530275671: 13831 110641
1532111911: 11 19 71 223 463
1532250291: 3 11 13 149 23971
1533555271: 27691 55381
1537960321: 5981 257141
1548686081: 22721 68161
1550124547: 17971 86257
1558584889: 409 3810721
1560034841: 13417 116273
1560291811: 13 71 197 8581
1567090867: 25037 62591
1567830241: 22861 68581
1569179897: 25933 60509
1569202181: 22871 68611
1569639913: 19 19 463 9391
1571756733: 3 3 131 523 2549
1577121547: 25117 62791
1577194561: 17761 88801
1579079503: 28099 56197
1579626385: 5 37 1657 5153
1580201501: 16229 97369
1586638061: 4271 371491
1589994739: 22291 71329
1592434273: 2029 784837
1592595703: 28219 56437
1595622997: 19973 79889
1596380369: 30949 51581
1606749061: 23143 69427
1608900481: 15161 106121
1610083333: 23167 69499
1612597249: 10369 155521
1613258551: 2351 686201
1619680147: 20123 80489
1620646177: 20129 80513
1627969019: 4967 327757
1628731681: 191 8527391
1635548221: 28597 57193
1640880451: 7 19 67 89 2069
1644256321: 10711 153511
1646871601: 6733 244597
1651267291: 11731 140761
1651655399: 5003 330133
1659100081: 881 1883201
1665597781: 23563 70687
1667346121: 7 19 67 187111
1668378871: 8011 208261
1669641751: 71 1151 20431
1673056111: 16699 100189
1674658133: 23627 70879
1680306769: 3727 450847
1687374697: 13693 123229
1689480829: 73 3673 6301
1692004513: 4673 362081
1693383121: 8581 197341
1702577031: 3 89 197 32369
1708549501: 211 1741 4651
1715720119: 13099 130981
1716774481: 15661 109621
1717264181: 20333 84457
1718090221: 15667 109663
1723659649: 15233 113153
1731474379: 13159 131581
1734336241: 11 71 2220661
1738190981: 24071 72211
1742008273: 12049 144577
1747165897: 34129 51193
1750245211: 11 13 19 43 71 211
1752172003: 29599 59197
1753857361: 21871 80191
1753922503: 19387 90469
1756530301: 151 421 27631
1759533661: 4931 356831
1760706811: 29671 59341
1760772719: 11149 157931
1763667901: 3331 529471
1775658259: 23 83 107 8693
1776657661: 5591 317771
1779712273: 19 463 202309
1783592497: 8447 211151
1788432193: 18913 94561
1790995051: 11311 158341
1793619985: 5 29 3049 4057
1797960121: 6733 267037
1798071493: 13831 130003
1805947313: 10973 164581
1816408273: 33013 55021
1816838587: 163 307 36307
1817727211: 103 1531 11527
1830155351: 26261 69691
1830750769: 7393 247633
1830791761: 17 113 953041
1844028961: 24793 74377
1846959391: 19 19 1021 5011
1851594271: 32771 56501
1852666901: 24851 74551
1856689453: 30469 60937
1856828647: 13627 136261
1859787187: 21563 86249
1860373241: 17609 105649
1864022063: 7883 236461
1876822421: 6569 285709
1880504033: 25037 75109
1883509633: 25057 75169
1885729463: 28031 67273
1887446161: 16421 114941
1889528033: 25097 75289
1890214621: 11173 169177
1892186353: 73 3673 7057
1894955311: 15391 123121
1896674431: 3181 596251
1896689737: 19477 97381
1901994161: 11261 168901
1902303721: 30841 61681
1913422591: 30931 61861
1914233089: 32611 58699
1927075393: 19009 101377
1927737313: 9433 204361
1936031341: 16631 116411
1938228451: 15101 128351
1941326749: 39409 49261
1945335013: 38197 50929
1946215441: 28309 68749
1947139657: 3697 526681
1952718769: 1613 1210613
1962730531: 31327 62653
1969342561: 919 937 2287
1970097001: 36241 54361
1976457779: 20107 98297
1978113061: 10739 184199
1978167181: 16811 117671
1983371881: 4831 410551
1985383931: 18191 109141
1987204801: 3137 633473
1989947527: 14107 141061
1998913411: 11 19 131 73009
1999053601: 12401 161201
2002446821: 18269 109609
2006758961: 11161 179801
2008017313: 673 2983681
2009736541: 31 421 153991
2016698917: 10303 195739
2016762379: 1039 1941061
2023110289: 79 577 44383
2025231409: 30341 66749
2031137021: 1061 1914361
2032389157: 10343 196499
2032461451: 39043 52057
2034039871: 31891 63781
2034348961: 26041 78121
2035416181: 14449 140869
2036860561: 5779 352459
2038515209: 13219 154211
2040774121: 10957 186253
2042886911: 13 277 691 821
2047943701: 3301 620401
2057835781: 32077 64153
2063228203: 32119 64237
2072488771: 32191 64381
2082440533: 26347 79039
2084481661: 34513 60397
2086843361: 23857 87473
2087444089: 5077 411157
2088110491: 10093 206887
2095908491: 4079 513829
2096688049: 21997 95317
2099083537: 73 2377 12097
2100570223: 1663 1263121
2101757711: 39703 52937
2106650977: 113 449 41521
2107171801: 7 19 19 463 1801
2107301821: 41761 50461
2108568827: 37493 56239
2108746193: 743 2838151
2109288989: 22063 95603
2117955451: 23011 92041
2123271281: 14821 143261
2124069659: 5407 392837
2130553357: 2789 763913
2136758329: 30817 69337
2139462991: 32707 65413
2139819001: 8053 265717
2140699681: 127 631 26713
2143325491: 15511 138181
2143585621: 26731 80191
2144548033: 26737 80209
2147410261: 8461 253801
2153607941: 13397 160753
2155428829: 22303 96643
2158343551: 7 13 19 19 65701
2165523553: 12907 167779
2167455691: 41641 52051
2169646561: 26893 80677
2173610797: 6287 345731
2177186717: 233 9344149
2183757409: 20899 104491
2190827185: 5 29 1249 12097
2199931651: 379 631 9199
2212586881: 4201 526681
2216123671: 19219 115309
2217879901: 33301 66601
2218416619: 29789 74471
2231896501: 6151 362851
2232480277: 34129 65413
2238280147: 38629 57943
2238973073: 113 449 44129
2242574569: 2029 1105261
2247768913: 13 19 9100279
2254129837: 7603 296479
2254748527: 7159 314953
2254796281: 33577 67153
2262861901: 33637 67273
2263594717: 23789 95153
2267577089: 7937 285697
2270718847: 109 2287 9109
2276606503: 33739 67477
2282671951: 7 19 19 463 1951
2283456151: 109 577 36307
2284467277: 1093 2090089
2286169153: 2293 997021
2287378081: 53 521 82837
2296459351: 28351 81001
2297149453: 30313 75781
2300356301: 39161 58741
2303386597: 14153 162749
2304702181: 29 4861 16349
2307480211: 33967 67933
2308966661: 27743 83227
2318964821: 27803 83407
2322460909: 73 829 38377
2330338249: 21589 107941
2331181621: 34141 68281
2332461949: 19717 118297
2338160701: 16921 138181
2339783233: 30593 76481
2345875471: 43321 54151
2347701661: 12511 187651
2353176211: 67 4093 8581
2360519701: 19 43 103 28051
2361316621: 18367 128563
2375415841: 7433 319577
2375841049: 9749 243701
2375894809: 21799 108991
2379794473: 7 8581 39619
2380603501: 34501 69001
2388913921: 23041 103681
2392489721: 32609 73369
2396885251: 5407 443293
2403802133: 28307 84919
2414673271: 34747 69493
2416411621: 13 19 19 103 4999
2419188817: 24593 98369
2421049753: 2333 1037741
2424553051: 42643 56857
2428870753: 34849 69697
2432304097: 47 51751151
2435282911: 5923 411157
2438403661: 739 821 4019
2441432503: 34939 69877
2444736533: 28547 85639
2446810957: 24733 98929
2457252289: 26497 92737
2463546361: 12409 198529
2464193551: 15601 157951
2469855133: 7669 322057
2472907141: 28711 86131
2475131293: 15733 157321
2481134947: 8543 290429
2494186993: 1783 1398871
2496330559: 79 3469 9109
2497638781: 11 71 1171 2731
2503914571: 1063 2355517
2508410413: 43291 57943
2512958113: 337 2017 3697
2517601663: 11827 212869
2518062001: 7 13 19 19 76651
2520596233: 22453 112261
2528867713: 38953 64921
2536737361: 19037 133253
2537726491: 157 2797 5779
2546143531: 3109 818959
2549408401: 16831 151471
2552292913: 34061 74933
2555681479: 13 43 1117 4093
2557646771: 16661 153511
2560527901: 1723 1486087
2563295621: 29231 87691
2563994413: 19139 133967
2568660161: 12541 204821
2569098029: 20693 124153
2572432801: 449 673 8513
2573995133: 7829 328777
2576106031: 8689 296479
2577259621: 541 1297 3673
2577770561: 14657 175873
2579121967: 16141 159787
2579283631: 11971 215461
2582064929: 15937 162017
2582246701: 19207 134443
2582524319: 20747 124477
2585388149: 127 2213 9199
2589458327: 41549 62323
2599472899: 27253 95383
2600394031: 1171 2220661
2600866321: 2131 1220491
2611605811: 13421 194591
2612497873: 10223 255551
2613382201: 25561 102241
2617244033: 29537 88609
2624491607: 28789 91163
2624782703: 1619 1621237
2631298801: 601 4378201
2631860393: 4937 533089
2633672251: 7 19 19 463 2251
2641184789: 12589 209801
2643625909: 5749 459841
2651772313: 32869 80677
2652372007: 139 19081813
2655414559: 7 19 19 1050817
2657314351: 36451 72901
2658722321: 4231 628391
2660540653: 127 577 36307
2661264451: 28081 94771
2663144947: 4159 640333
2667558751: 11 13 19 853 1151
2671347839: 34457 77527
2673898151: 42221 63331
2675296033: 5857 456769
2676817973: 17923 149351
2680324519: 227 1583 7459
2681798717: 13 311 663319
2683350433: 6329 423977
2692600129: 10177 264577
2698281479: 1427 1890877
2703276701: 6551 412651
2712655993: 9067 299179
2712738727: 29269 92683
2714452177: 40357 67261
2720315569: 24223 112303
2727237559: 33029 82571
2730595501: 19751 138251
2733329101: 26141 104561
2736021961: 5081 538481
2736449431: 8719 313849
2738053141: 30211 90631
2750435651: 42821 64231
2751911051: 15583 176597
2752646177: 17489 157393
2756877841: 14563 189307
2760419729: 39161 70489
2761298857: 6569 420353
2765650529: 24103 114743
2765751931: 16631 166301
2766752561: 45553 60737
2772198001: 17551 157951
2775292151: 39511 70241
2780617963: 45667 60889
2782280689: 113 593 41521
2798483689: 73 3169 12097
2801847761: 45841 61121
2807249551: 43261 64891
2821642799: 48491 58189
2822521411: 37567 75133
2824804693: 40177 70309
2827961221: 30703 92107
2835768041: 11621 244021
2840319901: 5059 561439
2842610401: 41 601 115361
2848854499: 16879 168781
2866872781: 37861 75721
2876753639: 7013 410203
2876836387: 22129 130003
2877769501: 43801 65701
2889121159: 1009 2863351
2892585151: 11467 252253
2895187285: 5 37 3037 5153
2900333521: 269 1609 6701
2903965321: 8521 340801
2911516699: 7 13 19 463 3637
2920800637: 4057 719941
2927194037: 2939 995983
2929062533: 31247 93739
2933588503: 38299 76597
2936107049: 8849 331801
2938016701: 42373 69337
2944080133: 31327 93979
2949864481: 9181 321301
2951708191: 30137 97943
2952147041: 10457 282313
2957286781: 181 2521 6481
2958351527: 12689 233143
2961357841: 13 19 43 103 2707
2968417313: 1877 1581469
2970228199: 34469 86171
2974506841: 24391 121951
2985422551: 9371 318581
2990487061: 397 2377 3169
2992423633: 42373 70621
2997616513: 29569 101377
3000744671: 6203 483757
3004076321: 8171 367651
3011788651: 15601 193051
3012382081: 18593 162017
3020299327: 27479 109913
3023094619: 22447 134677
3025154861: 421 7185641
3028125781: 31771 95311
3031135837: 44953 67429
3031723945: 5 29 37 73 7741
3033336151: 1171 2590381
3036110401: 8641 351361
3037664897: 20353 149249
3045287797: 349 2089 4177
3046246337: 17 449 593 673
3051919621: 5581 546841
3051932929: 3037 1004917
3052103111: 5639 541249
3053053837: 21673 140869
3053057941: 23561 129581
3054614823: 3 3 13 197 132527
3054971653: 25771 118543
3057111721: 39097 78193
3058507513: 24733 123661
3059193391: 17491 174901
3061643447: 30307 101021
3066142561: 25633 119617
3068534701: 421 631 11551
3070208261: 31991 95971
3075075901: 14821 207481
3079383319: 15511 198529
3079743241: 9661 318781
3080439181: 37 73 181 6301
3082068013: 43003 71671
3083053387: 27763 111049
3100485943: 19687 157489
3105534251: 22751 136501
3110830003: 39439 78877
3111148097: 18593 167329
3112636489: 22777 136657
3112723351: 39451 78901
3114276619: 22783 136693
3118588621: 5503 566707
3125829101: 18301 170801
3128768413: 44221 70753
3133497313: 8537 367049
3137756161: 32341 97021
3148806403: 39679 79357
3151353941: 32411 97231
3152169439: 35509 88771
3152506501: 18217 173053
3154067281: 61 1381 37441
3159856393: 127 2213 11243
3162286651: 6451 490201
3168437761: 37 73 181 6481
3170327689: 30097 105337
3172279133: 14543 218131
3172658653: 39829 79657
3180143761: 15641 203321
3181425157: 17837 178361
3185210881: 23041 138241
3199864501: 9001 355501
3200985217: 28289 113153
3206203003: 40039 80077
3213668881: 11821 271861
3214897981: 28627 112303
3231697951: 31 79 577 2287
3234661561: 48673 66457
3239044033: 11383 284551
3246362881: 15803 205427
3246420101: 127 2213 11551
3249704401: 401 449 18049
3254578597: 12757 255121
3256366051: 40351 80701
3261108001: 349 9344149
3263097641: 23321 139921
3265122451: 28571 114281
3266176411: 33811 96601
3267761381: 33961 96221
3269696461: 15017 217733
3273820903: 40459 80917
3279023309: 21341 153649
3282974857: 28649 114593
3285362809: 79 937 44383
3291373177: 21841 150697
3295362727: 28703 114809
3307251221: 33203 99607
3307433263: 36373 90931
3311872219: 18199 181981
3315207197: 14867 222991
3317880001: 43201 76801
3318063769: 3539 937571
3336263461: 23581 141481
3345593833: 14029 238477
3347214421: 33403 100207
3348687709: 51193 65413
3355966321: 113 673 44129
3357390451: 43801 76651
3383990977: 4289 788993
3386969741: 10781 314161
3387014401: 33601 100801
3388238101: 17551 193051
3388690871: 3467 977413
3390564241: 26041 130201
3391393381: 5431 624451
3401510113: 26083 130411
3402758647: 47629 71443
3402839441: 7727 440383
3409527857: 15077 226141
3413054251: 47701 71551
3414819409: 23857 143137
3417002101: 13411 254791
3425757451: 6793 504307
3434100433: 337 1993 5113
3440695213: 30091 114343
3440739661: 22171 155191
3441666181: 33871 101611
3445470001: 26251 131251
3462909031: 41611 83221
3463907761: 41617 83233
3476870701: 4799 724499
3477467713: 3623 959831
3483661105: 5 29 73 397 829
3483871969: 24097 144577
3485027911: 14759 236129
3497134301: 7451 469351
3500530111: 13 43 71 89 991
3503763889: 11839 295951
3516454477: 45481 77317
3524086333: 18773 187721
3532233937: 11887 297151
3532275919: 37589 93971
3539854207: 9011 392837
3543203333: 34367 103099
3554383141: 42157 84313
3558740221: 2381 1494641
3565326493: 45137 78989
3565467361: 7841 454721
3574087859: 24407 146437
3583884349: 53923 66463
3586833253: 42349 84697
3591815203: 36307 98929
3597270517: 29989 119953
3597507607: 48973 73459
3600223213: 22679 158747
3602006101: 34651 103951
3602550451: 30011 120041
3603648043: 12799 281557
3614289109: 28031 128939
3619298413: 22739 159167
3633802561: 21313 170497
3634594861: 22787 159503
3649965281: 52321 69761
3651150331: 42727 85453
3659702911: 38261 95651
3673744903: 42859 85717
3678934981: 19181 191801
3686843801: 40583 90847
3692283211: 42967 85933
3696258151: 17551 210601
3698276741: 35111 105331
3708905341: 17581 210961
3717056377: 20323 182899
3717490001: 2801 1327201
3720995341: 7 191 463 6011
3733646491: 43207 86413
3749383681: 10067 372443
3751812557: 39233 95629
3756507301: 16381 229321
3758383207: 19387 193861
3787284821: 35531 106591
3789787501: 30781 123121
3791472803: 9257 409579
3791825423: 11243 337261
3798130753: 15913 238681
3838115161: 17183 223367
3838174661: 53653 71537
3844952329: 19609 196081
3848844553: 17207 223679
3852800033: 35837 107509
3860828311: 11743 328777
3863326897: 199 937 20719
3868576801: 45641 84761
3877056959: 8039 482281
3878515259: 22193 174763
3882346903: 44059 88117
3886769251: 421 9232231
3886837057: 433 8976529
3888057209: 22769 170761
3890619097: 79 967 50929
3892928203: 44119 88237
3895046191: 44131 88261
3896103559: 19739 197381
3906472321: 37 8101 13033
3923382061: 37 613 172981
3935333953: 10177 386689
3936258181: 461 1657 5153
3937994413: 23719 166027
3944598491: 18131 217561
3944621101: 18521 212981
3947383201: 41131 95971
3949101941: 29 11257 12097
3949617673: 26209 150697
3949853689: 199 2179 9109
3951983521: 2593 1524097
3956339791: 19891 198901
3960653029: 25693 154153
3961492393: 10957 361549
3963221851: 15739 251809
3966947137: 163 24337099
3987960913: 23869 167077
3993923077: 859 4649503
3994513223: 9011 443293
3995826847: 51613 77419
3998055301: 9643 414607
4001047109: 11549 346441
4004310403: 10069 397687
4012180561: 57571 69691
4012771271: 18287 219433
4025474641: 23981 167861
4027947023: 43117 93419
4036198541: 10589 381169
4047464957: 16427 246391
4060287793: 16453 246781
4062039649: 1087 3736927
4065336991: 22543 180337
4068619801: 52081 78121
4069276289: 13 67 523 8933
4069991791: 5471 743921
4070491489: 19237 211597
4070829421: 41149 98929
4073353243: 20183 201821
4075249361: 13931 292531
4099630217: 39929 102673
4100742757: 27061 151537
4106078839: 17911 229249
4106391241: 2969 1383089
4109409683: 43003 95561
4112130973: 42101 97673
4112957593: 34781 118253
4125516827: 23719 173933
4126111651: 46819 88129
4130060383: 20323 203221
4135710943: 7 13 19 19 67 1879
4140717703: 17623 234961
4142995639: 40709 101771
4148308627: 19 997 218989
4154966663: 283 659 22279
4160203213: 24379 170647
4162325831: 26339 158029
4165905511: 20411 204101
4168113757: 7717 540121
4174477021: 11 13 71 411157
4176385921: 45697 91393
4184442211: 8971 466441
4191241609: 12697 330097
4193509321: 13729 305449
4195357501: 2089 2008309
4212294811: 4567 922333
4217502449: 26513 159073
4217739181: 24547 171823
4228175701: 61507 68743
4229468161: 11681 362081
4232061703: 7993 529471
4246399301: 29641 143261
4251365101: 23053 184417
4267640833: 37717 113149
4274288929: 8737 489217
4278469889: 97 97 454721
4283771201: 18401 232801
4293088801: 21841 196561
