15: 3 5
21: 3 7
25: 5 5
35: 5 7
75: 3 5 5
105: 3 5 7
175: 5 5 7
259: 7 37
525: 3 5 5 7
679: 7 97
925: 5 5 37
1387: 19 73
1513: 17 89
1541: 23 67
2425: 5 5 97
2863: 7 409
3589: 37 97
3605: 5 7 103
5713: 29 197
6475: 5 5 7 37
6533: 47 139
6697: 37 181
8695: 5 37 47
10225: 5 5 409
10325: 5 5 7 59
10649: 23 463
12209: 29 421
15133: 37 409
16485: 3 5 7 157
16721: 23 727
16975: 5 5 7 97
25123: 7 37 97
25351: 101 251
31021: 67 463
35881: 53 677
37381: 29 1289
38081: 113 337
39673: 97 409
42127: 103 409
47197: 109 433
48709: 67 727
49051: 181 271
49561: 29 1709
61075: 5 5 7 349
71575: 5 5 7 409
73501: 31 2371
80137: 127 631
82937: 197 421
89725: 5 5 37 97
90195: 3 5 7 859
93961: 7 31 433
97615: 5 7 2789
101661: 3 7 47 103
105001: 13 41 197
105931: 7 37 409
111361: 193 577
118301: 281 421
128143: 127 1009
132193: 163 811
133111: 11 12101
134863: 157 859
145351: 191 761
159031: 109 1459
184075: 5 5 37 199
191351: 179 1069
197633: 257 769
199981: 31 6451
205435: 5 181 227
218505: 3 5 7 2081
218791: 331 661
219241: 11 19 1049
222529: 193 1153
253933: 197 1289
275887: 263 1049
277711: 7 97 409
282133: 307 919
287267: 103 2789
292741: 83 3527
302347: 19 15913
312067: 7 109 409
326717: 157 2081
336601: 463 727
336673: 197 1709
358203: 3 139 859
360533: 347 1039
373057: 59 6323
378325: 5 5 37 409
390937: 313 1249
411713: 29 14197
413175: 3 5 5 7 787
416641: 373 1117
478109: 179 2671
485357: 569 853
486157: 7 199 349
497503: 499 997
498871: 37 97 139
502153: 197 2549
512191: 37 109 127
513629: 293 1753
514447: 359 1433
518203: 7 181 409
520801: 241 2161
542669: 421 1289
563473: 37 97 157
576241: 211 2731
628075: 5 5 7 37 97
631747: 433 1459
636679: 631 1009
646601: 107 6043
648673: 193 3361
657901: 307 2143
665281: 577 1153
710425: 5 5 157 181
710533: 487 1459
713483: 23 67 463
719489: 421 1709
729973: 37 109 181
753667: 709 1063
764941: 331 2311
855553: 257 3329
868001: 311 2791
876961: 541 1621
933325: 5 5 37 1009
991825: 5 5 97 409
1016575: 5 5 7 37 157
1039849: 223 4663
1053761: 593 1777
1074529: 313 3433
1106525: 5 5 7 6323
1120307: 23 67 727
1154131: 11 239 439
1161649: 73 15913
1208605: 5 37 47 139
1222201: 101 12101
1239679: 7 409 433
1257127: 79 15913
1346413: 439 3067
1419607: 7 139 1459
1456309: 127 11467
1459009: 1021 1429
1467901: 37 97 409
1471975: 5 5 97 607
1509709: 389 3881
1527571: 661 2311
1537381: 877 1753
1690501: 751 2251
1714771: 61 28111
1717633: 757 2269
1787579: 859 2081
1850725: 5 5 181 409
1869211: 967 1933
1907851: 11 251 691
1939297: 577 3361
1950841: 61 31981
1969417: 919 2143
2202901: 1289 1709
2261953: 673 3361
2269093: 953 2381
2284453: 1069 2137
2337301: 883 2647
2359525: 5 5 7 97 139
2375881: 37 157 409
2379121: 1321 1801
2405173: 29 197 421
2560001: 769 3329
2563903: 1013 2531
2576449: 127 20287
2586229: 509 5081
2625583: 919 2857
2648275: 5 5 7 37 409
2727649: 739 3691
2796809: 197 14197
2855299: 1069 2671
2855651: 797 3583
2899801: 37 181 433
2944261: 991 2971
2975743: 227 13109
3037351: 251 12101
3051721: 17 89 2017
3072475: 5 5 7 97 181
3082951: 37 97 859
3089773: 367 8419
3127769: 197 15877
3283861: 7 31 37 409
3285829: 547 6007
3297121: 241 13681
3350197: 59 56783
3488717: 1447 2411
3561251: 23 67 2311
3625273: 757 4789
3751513: 457 8209
3761377: 193 19489
3828001: 101 151 251
3875233: 1153 3361
3877051: 601 6451
3886975: 5 5 181 859
4059859: 823 4933
4065967: 37 109891
4086937: 103 39679
4177117: 7 409 1459
4199521: 313 13417
4287817: 1249 3433
4331111: 491 8821
4360897: 227 19211
4368619: 523 8353
4407901: 277 15913
4417001: 701 6301
4467889: 17 89 2953
4543621: 1231 3691
4782541: 827 5783
4788151: 467 10253
4798117: 503 9539
4885291: 307 15913
4975961: 1033 4817
5049001: 31 271 601
5058337: 193 26209
5194129: 17 89 3433
5373629: 599 8971
5411501: 1097 4933
5444489: 29 197 953
5562025: 5 5 7 37 859
5615561: 7 59 13597
5707927: 2137 2671
5731933: 1129 5077
5876261: 467 12583
5976937: 421 14197
6106537: 307 19891
6278533: 1447 4339
6384251: 751 8501
6577121: 1481 4441
6622351: 1051 6301
6759751: 751 9001
6942775: 5 5 7 97 409
6976201: 1321 5281
7006099: 23 419 727
7180813: 97 181 409
7208155: 5 37 47 829
7235677: 631 11467
7342001: 251 29251
7360003: 7 37 157 181
7364057: 29 197 1289
7741823: 23 463 727
7823311: 61 277 463
8119771: 11 61 12101
8163877: 29 197 1429
8293381: 1663 4987
8328241: 1291 6451
8333333: 1667 4999
8416543: 619 13597
8559787: 2389 3583
8595361: 1693 5077
8609041: 7 31 97 409
8687035: 5 7 248201
8761553: 2293 3821
8849761: 241 36721
8862211: 97 211 433
9069229: 13 293 2381
9080191: 2131 4261
9107203: 7 409 3181
9371251: 1531 6121
9494101: 23 61 67 101
9534733: 13 569 1289
9728863: 1973 4931
9763517: 29 197 1709
9770923: 37 181 1459
9835541: 1811 5431
9863461: 2221 4441
9937025: 5 5 7 56783
10013329: 79 126751
10054345: 5 7 103 2789
10125361: 883 11467
10267951: 67 331 463
10275307: 7 37 97 409
10504061: 29 281 1289
10679131: 2311 4621
11111671: 31 358441
11245153: 577 19489
11303909: 1373 8233
11527181: 29 397489
11541307: 1699 6793
11548811: 43 491 547
11570203: 1009 11467
11841607: 127 93241
11978119: 109 109891
12169711: 2467 4933
12430947: 3 733 5653
12513089: 673 18593
12801097: 631 20287
12975691: 1471 8821
12999247: 37 409 859
13116097: 673 19489
13244041: 271 48871
13359397: 839 15923
13404751: 1831 7321
13602653: 29 197 2381
13692013: 1399 9787
13845877: 97 349 409
13926641: 29 281 1709
14026897: 1873 7489
14072275: 5 5 7 97 829
14160615: 3 5 7 157 859
14240381: 23 67 9241
14469841: 73 379 523
14624047: 919 15913
14652991: 2707 5413
14687681: 2213 6637
14794081: 2221 6661
14800391: 1571 9421
15038121: 3 7 761 941
15122593: 577 26209
15188557: 1949 7793
15253057: 1747 8731
15293371: 61 239 1049
15295321: 2371 6451
15508711: 31 211 2371
15720013: 1499 10487
15737401: 29 421 1289
16228711: 409 39679
16253551: 2851 5701
16604381: 131 126751
16666651: 23 251 2887
16757833: 1249 13417
17192605: 5 37 199 467
17301109: 7 409 6043
17540209: 17 89 11593
17638657: 673 26209
17645689: 1879 9391
17913421: 883 20287
18279829: 919 19891
18299933: 1289 14197
18634123: 1171 15913
18647641: 23 67 12101
18732433: 373 50221
18765475: 5 5 37 20287
18984923: 563 33721
19061281: 2521 7561
19135751: 2251 8501
19173511: 7 37 181 409
19222783: 3181 6043
19529401: 727 26863
19673851: 211 93241
19890271: 181 109891
20210051: 491 41161
20261251: 2251 9001
20296901: 1301 15601
20327533: 263 77291
20469583: 1009 20287
20492033: 419 48907
20504881: 67 463 661
20865181: 29 421 1709
20904799: 1867 11197
21080269: 7 37 199 409
21116551: 1327 15913
21355951: 2311 9241
21372781: 131 163151
21401131: 1973 10847
21785785: 5 7 37 16823
21868309: 199 109891
22028203: 3319 6637
22071331: 19 73 15913
22352641: 1321 16921
22470817: 1153 19489
22552267: 67 463 727
22591301: 3881 5821
22885129: 37 613 1009
22917001: 101 226901
22994371: 3391 6781
23383081: 2017 11593
23464033: 2797 8389
23865667: 7 349 9769
24242261: 2843 8527
24262673: 1709 14197
24856241: 4397 5653
24990841: 757 33013
25052527: 2503 10009
25081993: 509 49277
25214977: 1297 19441
25448893: 1303 19531
25457917: 179 142223
25463431: 7 31 271 433
25476751: 251 101501
25564703: 103 248201
25714417: 1873 13729
25799237: 587 43951
26122979: 2087 12517
26145325: 5 5 409 2557
26452801: 2161 12241
26689601: 211 126491
26868661: 31 859 1009
26974711: 283 95317
27100273: 2719 9967
27219697: 2609 10433
27303251: 1613 16927
27441577: 1657 16561
27506095: 5 59 93241
27956503: 3739 7477
27965411: 2311 12101
27984133: 397 70489
28213333: 3067 9199
28637713: 13 1289 1709
28707301: 7 37 271 409
28914817: 2689 10753
29373163: 599 49037
29564641: 2161 13681
29581501: 4441 6661
29780461: 271 109891
30218977: 1153 26209
30353149: 2647 11467
30453121: 1531 19891
30474721: 1801 16921
31078529: 1217 25537
31513501: 3001 10501
31542751: 97 433 751
31595633: 593 53281
31692805: 5 47 157 859
31778587: 2819 11273
32092259: 2069 15511
32504239: 239 307 443
32587073: 449 72577
32596981: 599 54419
32813831: 2339 14029
33247171: 2273 14627
33554629: 1747 19207
33614869: 509 66041
33620497: 53 677 937
33710119: 97 167 2081
34101559: 2143 15913
34305285: 3 5 7 157 2081
34516561: 2221 15541
35012881: 281 124601
36053333: 3467 10399
36196561: 31 181 6451
36255451: 3011 12041
36314371: 2131 17041
36441329: 3697 9857
36504199: 2467 14797
36663947: 1277 28711
36697525: 5 5 37 97 409
37093607: 4973 7459
37577539: 2503 15013
37649503: 4339 8677
38010307: 3083 12329
38193157: 773 49409
38642231: 23 727 2311
38682811: 271 349 409
38885003: 2887 13469
38941183: 883 44101
39123263: 233 167911
39368611: 1231 31981
39469519: 47 829 1013
39545221: 3631 10891
39775033: 397 100189
39924535: 5 7 409 2789
40220363: 547 73529
40269061: 7 37 181 859
40325041: 3889 10369
40470473: 2549 15877
40621591: 4507 9013
41237425: 5 5 37 109 409
41539807: 1723 24109
41662297: 2887 14431
42149971: 4591 9181
42318277: 3253 13009
42626413: 2143 19891
42702661: 4621 9241
43097401: 109 271 1459
43957603: 1483 29641
44174101: 31 601 2371
44205421: 13 41 197 421
44425231: 709 62659
45175201: 3361 13441
45463441: 2857 15913
45504931: 31 37 97 409
46003231: 823 55897
46060561: 3433 13417
46246411: 37 109 11467
46788481: 3361 13921
47020177: 3067 15331
47388673: 17 89 31321
47582803: 433 109891
47632513: 2609 18257
48507331: 2011 24121
48612527: 5693 8539
49045033: 1699 28867
49453363: 181 433 631
49459801: 101 251 1951
50514001: 251 201251
50889985: 5 37 139 1979
51008921: 1559 32719
51088133: 4127 12379
52157791: 7 1459 5107
52283107: 2287 22861
52457021: 421 124601
53390611: 5167 10333
53402671: 7 97 78649
53486557: 4931 10847
53699689: 2647 20287
54194851: 31 271 6451
54368273: 2129 25537
54414361: 199 271 1009
54520247: 6029 9043
54628903: 7 409 19081
55199251: 31 751 2371
55638871: 3181 17491
56096857: 1117 50221
56514053: 1373 41161
56952151: 251 226901
58225597: 859 67783
58522501: 3001 19501
58590001: 1117 52453
58595725: 5 5 433 5413
58725703: 5419 10837
58835071: 631 93241
58861981: 19 3097999
59592751: 1051 56701
59837995: 5 7 613 2789
60547831: 1471 41161
60822301: 101 602201
61179343: 1181 51803
61621561: 3511 17551
62394931: 1951 31981
63388033: 4597 13789
63884129: 29 1289 1709
64182449: 67 463 2069
64436093: 149 432457
65284975: 5 5 7 59 6323
65376721: 2243 29147
65502529: 3361 19489
65793671: 1061 62011
66223753: 1129 58657
66596261: 1571 42391
66606517: 1063 62659
66774913: 3089 21617
66935701: 7 37 109 2371
67224959: 1367 49177
67559383: 19 67 73 727
67996567: 6733 10099
68006401: 1321 51481
68113633: 7 37 409 643
68165761: 3121 21841
68182003: 5839 11677
68460175: 5 5 7 37 97 109
68462551: 5851 11701
68476825: 5 5 37 181 409
68768569: 3709 18541
68860423: 109 433 1459
69017581: 4441 15541
69125673: 3 47 139 3527
69139201: 4801 14401
70084801: 2791 25111
70727941: 1283 55127
70947091: 811 87481
71382401: 193 577 641
71689531: 67 463 2311
71760001: 139 601 859
72611701: 4261 17041
72721097: 2843 25579
72993601: 4933 14797
73861621: 491 150431
73934209: 2593 28513
74389525: 5 5 7 425083
74525401: 1481 50321
74620739: 3527 21157
74731609: 17 89 49393
75017251: 61 71 17321
75143251: 6553 11467
75159991: 19 61 64849
75408217: 607 124231
75663451: 6151 12301
76164013: 3299 23087
76307617: 3907 19531
76451077: 1171 65287
76490809: 229 334021
76517501: 8501 9001
77635069: 1583 49043
77878531: 191 407741
78305333: 197 397489
78644611: 6271 12541
78672151: 2371 33181
79078357: 181 433 1009
79354081: 2161 36721
79400213: 7717 10289
79417801: 2971 26731
79525261: 31 761 3371
79916263: 7 37 97 3181
80858233: 127 631 1009
80918281: 6361 12721
81078259: 1049 77291
81107461: 29 197 14197
81633511: 3853 21187
81816547: 4523 18089
81954133: 5227 15679
82995421: 191 571 761
83063249: 113 735073
83811421: 29 41 70489
84136417: 17 89 55609
84288551: 7951 10601
84333901: 1471 57331
84354821: 5303 15907
84633301: 3253 26017
84936961: 1801 47161
85572631: 3271 26161
86247925: 5 5 37 93241
87141475: 5 5 37 94207
87676681: 53 1117 1481
88088449: 3361 26209
89421931: 5981 14951
89439577: 4729 18913
89517299: 3863 23173
90093361: 2633 34217
90273751: 4751 19001
90318941: 41 1289 1709
91301731: 919 99349
91616801: 3191 28711
92010937: 239 367 1049
92131771: 3919 23509
92303857: 4297 21481
93431521: 5581 16741
93453119: 3947 23677
94080169: 1009 93241
94091197: 1213 77569
94538341: 1621 58321
94602301: 2293 41257
94620241: 3677 25733
94680337: 1777 53281
94774699: 3079 30781
95054863: 1009 94207
95095001: 3251 29251
95451361: 5641 16921
95594617: 4889 19553
95704525: 5 5 7 349 1567
95786401: 1493 64157
96061525: 5 5 7 97 5659
97070377: 313 310129
98086423: 563 174221
98992531: 11 71 126751
99584371: 97 433 2371
99625681: 2017 49393
99751747: 6317 15791
100907047: 5023 20089
101519057: 3359 30223
102229921: 3049 33529
102690901: 5851 17551
103454369: 193 577 929
103518601: 6661 15541
104335393: 953 109481
104852881: 7 31 271 1783
106059781: 1571 67511
106905793: 197 421 1289
106908457: 4513 23689
108140401: 4651 23251
109437751: 5231 20921
110127739: 3319 33181
110131201: 19 479 12101
110135821: 3967 27763
110856349: 2719 40771
111414931: 331 463 727
111575341: 2203 50647
112260331: 31 37 97 1009
113681575: 5 5 7 37 97 181
113740933: 3373 33721
114060597: 3 7 859 6323
114329881: 7561 15121
114469073: 3089 37057
114516751: 5351 21401
115233301: 911 126491
116210953: 313 371281
116321617: 5393 21569
116735347: 2647 44101
117435839: 1979 59341
117987841: 7681 15361
118041871: 3691 31981
118566533: 6287 18859
118858297: 7177 16561
120770209: 7 157 109891
121752811: 6121 19891
122489047: 613 199819
125122099: 4567 27397
126386261: 6491 19471
126428851: 7951 15901
126432001: 1801 70201
127420931: 11 71 163151
128344231: 37 433 8011
128359177: 1619 79283
128399233: 193 577 1153
128540101: 1301 98801
128734549: 2837 45377
129013499: 10253 12583
129235763: 607 212909
129541721: 4111 31511
129767551: 4651 27901
130196893: 59 349 6323
130876751: 9341 14011
131198611: 97 409 3307
131791991: 10891 12101
131826913: 193 683041
135125011: 7 109 409 433
135563221: 3511 38611
135647569: 5209 26041
135830371: 2203 61657
136184371: 11071 12301
137894641: 1931 71411
138828821: 6803 20407
141029869: 9199 15331
141739333: 197 421 1709
142107727: 239 647 919
142529839: 6781 21019
142807969: 3889 36721
142930657: 5347 26731
143106133: 6907 20719
145056679: 1483 97813
145574617: 1453 100189
145591153: 3347 43499
145603333: 6967 20899
145857529: 2953 49393
145975021: 4567 31963
146010721: 1987 73483
146021633: 6977 20929
146156617: 5407 27031
146564895: 3 5 659 14827
147405259: 157 859 1093
148353967: 349 425083
148652767: 3259 45613
148910653: 8629 17257
149532571: 8647 17293
149794129: 1453 103093
150155039: 5003 30013
150163651: 11 71 192271
150265117: 10009 15013
151082401: 1289 117209
151152451: 251 602201
151197355: 5 37 47 17389
151264513: 4649 32537
151358059: 5023 30133
151818289: 7 37 97 6043
151837093: 4357 34849
152036387: 1069 142223
154513633: 7177 21529
154944533: 7187 21559
155239979: 5087 30517
155412853: 1163 133631
155613943: 233 523 1277
156052651: 7901 19751
156463159: 5107 30637
157182637: 6269 25073
157542533: 7247 21739
157803521: 7253 21757
158099257: 4789 33013
158404141: 7 31 37 109 181
159924733: 727 219979
160165897: 4219 37963
160330969: 1459 109891
161005573: 53 757 4013
161216021: 7331 21991
161304001: 7333 21997
161367013: 5417 29789
161801039: 6569 24631
162800161: 5441 29921
163814725: 5 5 37 409 433
164593153: 3313 49681
165450751: 31 2251 2371
166356391: 1361 122231
167342869: 421 397489
167460077: 12433 13469
167469121: 12241 13681
167472451: 9151 18301
167696317: 8731 19207
169067201: 1601 105601
169608067: 59 349 8237
171515719: 5347 32077
172667821: 4967 34763
173254033: 29 2269 2633
173331173: 29 421 14197
173881951: 67 1123 2311
174307897: 3529 49393
174563677: 7237 24121
175158461: 3821 45841
176395465: 5 37 47 20287
178416127: 6679 26713
178482151: 151 331 3571
178918741: 7723 23167
179476789: 2221 80809
179593501: 6701 26801
180497633: 7757 23269
180845029: 757 238897
181150561: 2053 88237
181164071: 11 1361 12101
182188117: 8537 21341
182655901: 281 401 1621
184552351: 101 151 12101
184603417: 4297 42961
184993121: 7853 23557
185671279: 3407 54497
185793103: 23 73 239 463
185939269: 6257 29717
186423427: 37 97 127 409
186568471: 7577 24623
187695795: 3 5 7 859 2081
188985961: 9721 19441
189539743: 43 277 15913
190475281: 10433 18257
190905697: 3433 55609
191834567: 43 263 16963
192594395: 5 7 1973 2789
192978061: 199 409 2371
194159881: 5689 34129
194612425: 5 5 7 409 2719
195043213: 5279 36947
195106237: 3607 54091
195935653: 1783 109891
196049701: 9901 19801
196093531: 6793 28867
196287391: 9907 19813
198861167: 2879 69073
199104533: 8147 24439
199789441: 8161 24481
200731231: 31 2371 2731
201171517: 53 1709 2221
202107511: 2011 100501
202340821: 23 727 12101
202579711: 2621 77291
202883825: 5 5 719 11287
203110001: 4751 42751
203528033: 8237 24709
203792941: 11 1531 12101
204421801: 2351 86951
204780001: 10501 19501
205280245: 5 109 181 2081
205344259: 239 859181
205364251: 11701 17551
206541763: 1373 150431
206623873: 37 487 11467
207132481: 10177 20353
209602225: 5 5 7 37 32371
209698061: 23 727 12541
210812311: 10267 20533
210885181: 13 41 395657
212146507: 7283 29129
212561911: 19 73 331 463
213680251: 19 71 151 1049
214626809: 3089 69481
216821881: 331 661 991
217517653: 10429 20857
218112133: 8527 25579
219581731: 2287 96013
220222297: 6637 33181
222493261: 463 661 727
222630193: 3853 57781
223051141: 8623 25867
223475561: 4441 50321
223777351: 7 97 139 2371
225875323: 4339 52057
225998605: 5 7 859 7517
226153927: 73 3097999
226791685: 5 37 47 26083
228274381: 5711 39971
228988033: 8737 26209
228991501: 8089 28309
229335751: 71 101 31981
229913191: 3391 67801
230430401: 14401 16001
232306021: 179 1297799
232631029: 11467 20287
232794253: 10789 21577
234792221: 1931 121591
235667611: 31 97 181 433
238989997: 127 1881811
239806561: 8941 26821
240272077: 12007 20011
240371083: 7309 32887
245326789: 127 409 4723
245497669: 6397 38377
245950561: 4729 52009
247291201: 1951 126751
247588963: 13627 18169
247805839: 6427 38557
247912897: 7873 31489
250376437: 5081 49277
250873261: 5987 41903
251162401: 7 37 409 2371
251235181: 3109 80809
251836999: 13109 19211
252409501: 541 466561
254405713: 6029 42197
254641171: 2731 93241
254861461: 197 757 1709
256165681: 1087 235663
256882675: 5 5 7 37 97 409
257177779: 2029 126751
257919751: 181 601 2371
258728891: 941 274951
259628377: 4513 57529
260674261: 2381 109481
261186001: 8081 32321
262243441: 2909 90149
263025823: 12889 20407
263345569: 13681 19249
264350521: 11497 22993
264798301: 1291 205111
265390189: 12619 21031
265405681: 2053 129277
265690081: 37 97 181 409
268881961: 61 277 15913
269304231: 3 7 859 14929
270088237: 15373 17569
270343471: 4111 65761
271871161: 5281 51481
271956475: 5 5 7 37 97 433
272062267: 12841 21187
272883751: 7 6043 6451
274012801: 6257 43793
275283401: 71 701 5531
275712533: 9587 28759
275739901: 4933 55897
275748301: 3463 79627
279744031: 7 31 109 11827
280283401: 5581 50221
280312003: 11839 23677
280649903: 157 859 2081
281898167: 13709 20563
282237331: 5653 49927
282338083: 37 433 17623
283484449: 5077 55837
283498381: 4861 58321
283840093: 2857 99349
284301751: 8431 33721
286064087: 23 463 26863
286844869: 5107 56167
286950049: 3697 77617
286991821: 2011 142711
288194581: 5119 56299
288620333: 8009 36037
290149207: 5387 53861
291604321: 31 109 211 409
292538819: 6983 41893
294122401: 3301 89101
297801589: 5077 58657
298216801: 271 601 1831
298931401: 239 919 1361
300979369: 7759 38791
301260175: 5 5 97 124231
302204033: 10037 30109
303038641: 3907 77563
305615581: 2203 138727
305889931: 9349 32719
306095651: 5051 60601
306772451: 101 251 12101
307061371: 12391 24781
309727111: 37 97 211 409
310290901: 761 407741
311206351: 43 101 131 547
312607457: 2129 146833
312727741: 79 1951 2029
312773141: 10211 30631
313158913: 6689 46817
314617933: 7 409 109891
314736661: 10243 30727
315571429: 15889 19861
316078309: 37 109 181 433
316096021: 541 584281
316525483: 15913 19891
319167157: 8933 35729
321781633: 10357 31069
323036101: 647 499283
323516161: 1999 161839
325938251: 14741 22111
326104769: 5743 56783
326931601: 9041 36161
327626017: 4153 78889
331162933: 907 365119
331361101: 281 421 2801
333065305: 5 37 83 109 199
333571591: 463 727 991
334930321: 11 61 499151
335554321: 5081 66041
336100213: 15877 21169
336488881: 421 853 937
337160227: 5807 58061
337294405: 5 7 37 181 1439
337331191: 1471 229321
337908715: 5 97 696719
338455153: 13009 26017
338878513: 8233 41161
343958749: 4637 74177
344525633: 4793 71881
348668321: 10781 32341
349007401: 2801 124601
349369021: 61 67 73 1171
349371697: 13681 25537
349470703: 13219 26437
352517177: 3833 91969
352735351: 9391 37561
355496851: 37 109 181 487
356184721: 6673 53377
357273001: 6301 56701
358416577: 8467 42331
358817887: 18061 19867
359038909: 6323 56783
359696431: 13411 26821
360018361: 13417 26833
360740647: 1373 262739
361391803: 2027 178289
363081181: 8821 41161
364375213: 12073 30181
366487201: 13537 27073
366547091: 8863 41357
368476501: 11083 33247
368934721: 3697 99793
371376631: 13627 27253
371502211: 3643 101977
372825851: 1061 351391
373628503: 1483 251941
374284321: 193 577 3361
375120721: 1951 192271
375385121: 67 463 12101
376302499: 12269 30671
376544161: 7 433 124231
377295871: 9157 41203
377354701: 4051 93151
378002923: 463 727 1123
378641297: 12739 29723
379732501: 11251 33751
379877633: 2671 142223
381587471: 9043 42197
381767797: 4483 85159
382582591: 223 1715617
384464965: 5 37 139 14951
384698689: 13399 28711
384993451: 9811 39241
387351121: 1249 310129
389046727: 97 1459 2749
390247093: 1789 218137
391708241: 3697 105953
391858139: 16823 23293
394114657: 577 683041
395643761: 9377 42193
397801171: 37 97 271 409
397858447: 7 37 1536133
399365611: 9421 42391
401335351: 8179 49069
401427937: 6679 60103
402863221: 10729 37549
403095421: 14197 28393
403095967: 10039 40153
407661847: 2083 195709
410377915: 5 37 47 109 433
410628961: 8641 47521
410925761: 293 1402477
411568873: 67 6142819
412067501: 3251 126751
413564059: 37 97 139 829
414395701: 191 761 2851
416168461: 7213 57697
417268333: 15823 26371
418192133: 11807 35419
419184481: 11821 35461
419666833: 4969 84457
419894021: 11831 35491
424411501: 10301 41201
428457251: 101 251 16901
430276537: 9277 46381
433658611: 37 199 58897
433971497: 197 1289 1709
434279881: 7 409 151687
434782783: 4663 93241
436523473: 4357 100189
437029477: 10453 41809
437866087: 10463 41849
439910927: 8971 49037
441109201: 13 41 197 4201
441325589: 1607 274627
441786481: 239 647 2857
443384023: 6079 72937
446044843: 4723 94441
447370201: 1801 248401
447571043: 3863 115861
447734113: 577 673 1153
449382961: 11071 40591
449501761: 12241 36721
450215833: 727 619279
451698589: 8677 52057
453457441: 6421 70621
453557287: 17389 26083
454398193: 7537 60289
455305753: 7 109 409 1459
457014559: 7333 62323
457320533: 12347 37039
458640001: 151 251 12101
458869951: 10711 42841
459248641: 12373 37117
459758581: 6781 67801
460129447: 37 613 20287
463264003: 13613 34031
463729969: 1249 371281
464012033: 12437 37309
464227457: 1409 329473
465377041: 3547 131203
466865587: 19 73 463 727
469328203: 15319 30637
469824769: 2689 174721
470269675: 5 5 103 181 1009
471664513: 8209 57457
472814413: 8219 57527
473604841: 15121 31321
473847839: 7949 59611
474154951: 31 2371 6451
474663887: 17789 26683
475020181: 541 878041
475370897: 463 547 1877
475468927: 10903 43609
477745313: 2267 210739
478317601: 8929 53569
479289637: 5023 95419
479489557: 10949 43793
481166731: 67 463 15511
481239361: 181 271 9811
481339565: 5 7 2789 4931
481967399: 8963 53773
484023307: 37 97 157 859
484709681: 3833 126457
485303041: 1031 470711
486601615: 5 37 59 109 409
486619489: 13681 35569
488192849: 8971 54419
488207501: 18041 27061
490703617: 9907 49531
491646403: 15679 31357
495416503: 15739 31477
498529081: 9521 52361
498662561: 12893 38677
501450181: 14929 33589
502380001: 13681 36721
504392743: 83 1723 3527
505239737: 18353 27529
505626001: 331 661 2311
505706167: 11467 44101
505716751: 8821 57331
506401993: 15373 32941
507960001: 15937 31873
508788041: 9209 55249
509403247: 643 792229
509551201: 13033 39097
510787201: 19489 26209
511098521: 179 1069 2671
511121161: 10111 50551
512363321: 1289 397489
512421733: 4663 109891
512977327: 18493 27739
513346891: 4831 106261
514286491: 6547 78553
517721573: 233 2221981
518702141: 23 67 463 727
519742981: 4861 106921
519920311: 7211 72101
529214311: 16267 32533
530698057: 29 1289 14197
530759989: 19471 27259
534738073: 2707 197539
536192161: 3041 176321
536700601: 571 939931
537926899: 14669 36671
542057293: 2269 238897
542574649: 5209 104161
542889901: 8807 61643
542963821: 1723 315127
543354593: 22937 23689
544500421: 8521 63901
544861633: 13477 40429
545220869: 9533 57193
545430607: 19069 28603
545670533: 13487 40459
545738203: 16519 33037
548832793: 18521 29633
551976175: 5 5 37 409 1459
552894301: 43 61 101 2087
553027201: 9601 57601
554118661: 13591 40771
560704213: 4003 140071
560907271: 16747 33493
563947141: 13711 41131
565753151: 19421 29131
566705171: 9719 58309
568432531: 73 277 28111
570575549: 709 804761
570626575: 5 5 409 55807
572613049: 11593 49393
573684721: 3571 160651
577352641: 13873 41617
578740429: 17569 32941
579956653: 17029 34057
586284475: 5 5 7 59 56783
586759603: 4423 132661
586881517: 937 626341
587336401: 17137 34273
587444287: 12119 48473
588254389: 2543 231323
589249081: 43 61 277 811
591043771: 17191 34381
592467451: 7027 84313
593348537: 19889 29833
598371107: 19973 29959
600790259: 10007 60037
603415933: 6343 95131
604357451: 5323 113537
604611019: 307 919 2143
605341837: 20089 30133
606789097: 20113 30169
608447797: 6073 100189
608961241: 7 31 433 6481
609244501: 14251 42751
611112601: 11 4591 12101
615760133: 14327 42979
615875989: 37 97 157 1093
617971225: 5 5 37 643 1039
619015181: 281 1289 1709
619107553: 4789 129277
620072251: 12451 49801
621263581: 439 1415179
622137601: 14401 43201
624045781: 1741 358441
624894037: 2887 216451
625464953: 29 197 109481
625482001: 241 1201 2161
630888481: 17761 35521
631656901: 20521 30781
634357519: 18679 33961
636021131: 9421 67511
636936697: 11287 56431
637956775: 5 5 37 631 1093
638306579: 157 859 4733
638488891: 61 131 79901
638837761: 14593 43777
642750499: 2237 287327
643642301: 6551 98251
646409801: 2351 274951
646687801: 73 277 31981
647101267: 2383 271549
648321451: 22051 29401
648726151: 23251 27901
650028061: 331 661 2971
654101551: 2791 234361
657241795: 5 7 2789 6733
657920257: 257 769 3329
658452781: 7 97 409 2371
658510399: 97 181 37507
659846021: 14831 44491
660774583: 7 859 109891
661582501: 31 2371 9001
663812501: 11 101 131 4561
664574653: 18229 36457
664598273: 13313 49921
665593051: 151 277 15913
667081801: 11551 57751
668966009: 17669 37861
670022701: 2551 262651
672426077: 83 2297 3527
673778827: 12979 51913
675841927: 6781 99667
676273027: 13003 52009
676728343: 16453 41131
677419531: 8231 82301
677661661: 17551 38611
677953669: 1699 399031
678218311: 12277 55243
679308701: 1709 397489
680182951: 7 37 409 6421
683360881: 7 37 409 6451
686059921: 149 1481 3109
687776311: 1171 587341
688165669: 22171 31039
688940851: 37 97 139 1381
689032225: 5 5 7 97 40591
689537441: 15161 45481
692232589: 2789 248201
692444689: 1213 570853
694656901: 18637 37273
695436673: 15823 43951
698959561: 7333 95317
700541857: 97 181 39901
702356833: 1489 471697
703513081: 1321 532561
703617517: 29 1709 14197
704133481: 5791 121591
706842529: 19249 36721
710166367: 10453 67939
711304903: 18859 37717
711675667: 13339 53353
713388025: 5 5 7 409 9967
714379901: 12373 57737
715427861: 15443 46327
723231001: 5869 123229
729515921: 1193 611497
730704133: 15607 46819
734348491: 31 97 103 2371
735432773: 7829 93937
735940027: 37 181 109891
738820351: 13591 54361
740201491: 181 631 6481
741965821: 12841 57781
746331041: 15773 47317
747628267: 8647 86461
747919969: 193 1153 3361
748134157: 21187 35311
748638001: 13681 54721
751702519: 487 1543537
754551311: 6221 121291
754574881: 5857 128833
755162729: 17 1489 29833
755864321: 7937 95233
756295381: 1621 466561
761901901: 2281 334021
762193153: 2833 269041
763587607: 17477 43691
765070769: 9857 77617
765186581: 15971 47911
765378241: 15973 47917
766393729: 3877 197677
769006153: 19609 39217
769933609: 1489 517081
773286889: 11353 68113
775468121: 11369 68209
776138249: 17359 44711
777884911: 463 727 2311
781517881: 17681 44201
782272681: 59 349 37991
782708617: 97 109 181 409
784042309: 8443 92863
784810297: 25057 31321
785846071: 37 181 271 433
787546273: 1153 683041
788156491: 7019 112289
793931377: 11369 69833
796912289: 1217 654817
798011281: 16921 47161
799298581: 17881 44701
801061169: 21617 37057
801866647: 14159 56633
802755677: 17669 45433
806003903: 67 419 28711
806046433: 3469 232357
807218413: 10739 75167
809177251: 2371 341281
809506133: 16427 49279
812132569: 937 866737
812311751: 19001 42751
814772431: 11 6121 12101
816454649: 83 2789 3527
816718681: 12781 63901
817773947: 23 727 48907
823687951: 1231 669121
826388351: 3539 233509
828646051: 191 761 5701
832236451: 6151 135301
833606263: 7 37 97 33181
833810473: 89 2729 3433
834445789: 7459 111871
834746431: 12511 66721
836687329: 7873 106273
839776211: 11831 70981
840749761: 16741 50221
842960981: 16763 50287
849863611: 2371 358441
850829203: 7 47 409 6323
851703301: 179 1069 4451
852650321: 1091 781531
854319269: 11933 71593
856762901: 101 701 12101
857185489: 11953 71713
857450287: 26731 32077
858419011: 6247 137413
858951241: 1597 537853
861206261: 11981 71881
872342173: 2029 429937
873237925: 5 5 7 37 157 859
873368401: 1201 727201
874193891: 12071 72421
874837633: 17077 51229
875690311: 27397 31963
880972111: 10181 86531
882189001: 9901 89101
882208501: 37 97 409 601
883363301: 401 1289 1709
883980289: 181 409 11941
884582087: 25237 35051
884584891: 21031 42061
891052507: 24373 36559
892650067: 14939 59753
894583841: 1217 735073
894676987: 20287 44101
894764605: 5 7 103 248201
895955851: 7 37 1459 2371
899017891: 28111 31981
899091649: 197 953 4789
902296357: 12619 71503
904349921: 9281 97441
909288073: 19 73 655579
910515601: 31 601 48871
912621601: 9109 100189
915641821: 21397 42793
916361425: 5 5 7 37 97 1459
918930979: 127 631 11467
922834837: 397 2324521
922845241: 21481 42961
923270741: 281 1289 2549
925198081: 11497 80473
926245531: 37 97 409 631
927421321: 421 1289 1709
928742413: 11519 80627
929144273: 15919 58367
929159941: 7621 121921
929497817: 10163 91459
931644583: 14389 64747
932847371: 157 859 6917
933200123: 8819 105817
935008523: 9437 99079
938035099: 6007 156157
947119501: 1621 584281
949324951: 21787 43573
955609903: 21859 43717
958395901: 23 277 150431
959142361: 1801 532561
959885417: 5657 169681
960486997: 2221 432457
960805567: 25309 37963
962375941: 17911 53731
962769553: 2833 339841
972471151: 22051 44101
973368481: 18013 54037
974935501: 3221 302681
976382509: 12757 76537
976396961: 18041 54121
978466651: 409 1009 2371
981357703: 19813 49531
983646217: 18913 52009
983659601: 9857 99793
985407061: 727 1355443
985419991: 2621 375971
985813885: 5 7 2789 10099
988698881: 4993 198017
989283481: 12841 77041
989908921: 14071 70351
999260501: 18251 54751
999469693: 157 859 7411
1000041571: 463 727 2971
1002726913: 11969 83777
1006457281: 20161 49921
1007246431: 307 1531 2143
1011284819: 12983 77893
1011570457: 25969 38953
1013199461: 2549 397489
1015071331: 3011 337121
1015269391: 22531 45061
1020220661: 9221 110641
1020221461: 7 37 409 9631
1020615163: 10103 101021
1024966801: 12101 84701
1025101463: 7547 135829
1028753251: 701 1049 1399
1031178793: 4217 244529
1032101461: 22717 45433
1033541441: 193 577 9281
1034935273: 2749 376477
1037759929: 17471 59399
1038912031: 15913 65287
1040295691: 22807 45613
1041457801: 8951 116351
1044378721: 9857 105953
1044719761: 8081 129281
1045882033: 7 97 157 9811
1050721561: 22921 45841
1051998841: 7867 133723
1057367593: 11497 91969
1058829905: 5 7 2789 10847
1059193297: 16273 65089
1062708557: 9283 114479
1063091459: 21737 48907
1064672857: 3433 310129
1065030607: 37 109 181 1459
1068579821: 9437 113233
1069194547: 11467 93241
1069278607: 5413 197539
1069703551: 7 139 433 2539
1070063191: 23131 46261
1072839941: 18911 56731
1076232961: 6841 157321
1079098231: 8941 120691
1081607311: 127 181 211 223
1092902533: 19087 57259
1098404941: 12527 87683
1101623381: 19163 57487
1101813319: 1063 1036513
1102615501: 13 41 197 10501
1109100401: 2111 525391
1109304913: 12589 88117
1112525731: 37 181 271 613
1114323841: 6961 160081
1117547201: 19301 57901
1121091089: 7307 153427
1123433977: 11173 100549
1123635475: 5 5 409 109891
1129384021: 9091 124231
1135428031: 23827 47653
1135781177: 22063 51479
1142300503: 23899 47797
1147782475: 5 5 7 349 18793
1149032981: 19571 58711
1152793621: 7 31 271 19603
1155690451: 13879 83269
1157445451: 17011 68041
1161901183: 16069 72307
1168256953: 24169 48337
1169218753: 59 349 56783
1172817151: 11 101 151 6991
1175136481: 15331 76651
1177456589: 197 421 14197
1179103213: 12979 90847
1184284327: 6037 196171
1187422741: 631 1881811
1189681681: 67 661 26863
1191216133: 19927 59779
1191751849: 15439 77191
1196470801: 7213 165877
1198707469: 10949 109481
1202893561: 15511 77551
1203144031: 18541 64891
1206825523: 6343 190261
1208016265: 5 409 590717
1217159791: 2311 526681
1222092091: 11 9181 12101
1224206047: 21187 57781
1227176791: 5839 210169
1229972329: 877 1402477
1235353801: 11 151 709 1049
1238498423: 8233 150431
1238599291: 5431 228061
1238799361: 7681 161281
1244684431: 13763 90437
1250700907: 17683 70729
1252031981: 19381 64601
1260534601: 12553 100417
1261362577: 11839 106543
1264124201: 26501 47701
1264145401: 107 743 15901
1265519113: 3929 322097
1266557881: 9871 128311
1274607673: 3433 371281
1275816781: 271 2137 2203
1284533251: 101 1051 12101
1286842861: 2473 520357
1294261781: 20771 62311
1301396581: 29717 43793
1302040279: 67 727 26731
1302594841: 16141 80701
1302745481: 5381 242101
1303352353: 193 1153 5857
1304727607: 13339 97813
1305124003: 19 43 73 79 277
1306467049: 24097 54217
1308758533: 20887 62659
1312845661: 25621 51241
1316475749: 14813 88873
1323136501: 10501 126001
1323171061: 6451 205111
1324344341: 21011 63031
1326951851: 8821 150431
1328623463: 31567 42089
1329451931: 33757 39383
1331413333: 21067 63199
1333282861: 14197 93913
1333449067: 6263 212909
1336699981: 211 6335071
1338579257: 29873 44809
1339236151: 11 61 71 28111
1340628199: 11579 115781
1342086721: 313 1249 3433
1346599081: 4861 277021
1346624533: 21187 63559
1347538321: 8011 168211
1350185797: 5197 259801
1351823851: 7 31 157 39679
1354991653: 26029 52057
1356476161: 13921 97441
1356779521: 7681 176641
1357341371: 5237 259183
1358710185: 3 5 7 157 82421
1362804481: 23689 57529
1363200833: 21317 63949
1367645683: 157 859 10141
1369059737: 24223 56519
1370680897: 27457 49921
1370919031: 21997 62323
1371253489: 3433 399433
1376588431: 10711 128521
1376791729: 1873 735073
1378203751: 26251 52501
1381647439: 23509 58771
1383453919: 4159 332641
1387347131: 1069 1297799
1387709731: 13171 105361
1390679281: 61 811 28111
1391207581: 9631 144451
1395564127: 18679 74713
1397678699: 15263 91573
1399789483: 4733 295751
1402248403: 26479 52957
1406106787: 34231 41077
1406500903: 4483 313741
1411706431: 8011 176221
1414154827: 18803 75209
1416144133: 21727 65179
1417837037: 29167 48611
1419459121: 26641 53281
1423304461: 1621 878041
1425860101: 26701 53401
1431354805: 5 37 409 18917
1436486641: 8081 177761
1437349889: 4993 287873
1437717847: 18959 75833
1439640889: 7589 189701
1440752827: 18979 75913
1442250137: 2957 487741
1444441861: 21943 65827
1452770857: 109 433 30781
1453876129: 11497 126457
1458051337: 17077 85381
1462471921: 6869 212909
1463178817: 17107 85531
1464568381: 27061 54121
1465454101: 19141 76561
1468193851: 9733 150847
1469415781: 127 1009 11467
1480328617: 2543 582119
1481112109: 37 97 409 1009
1484080291: 19 73 463 2311
1485600241: 2617 567673
1487387611: 27271 54541
1488204217: 19289 77153
1492762133: 22307 66919
1492815975: 3 5 5 7 503 5653
1495170073: 17293 86461
1496566807: 37507 39901
1497917371: 11071 135301
1501194679: 30631 49009
1501970777: 21617 69481
1502124427: 19379 77513
1503779593: 21031 71503
1505322529: 8467 177787
1505775907: 163 9237889
1507178851: 9151 164701
1509320671: 8581 175891
1509723775: 5 5 7 157 54949
1513620937: 23017 65761
1513822861: 661 991 2311
1515785041: 331 991 4621
1516720129: 3697 410257
1519061263: 9187 165349
1519129081: 17431 87151
1520190341: 22511 67531
1521835381: 11 19 61 79 1511
1525781251: 19531 78121
1527080215: 5 97 3148619
1530898111: 73 379 55333
1531770661: 33377 45893
1532534251: 16693 91807
1533555271: 27691 55381
1538071061: 22643 67927
1540208251: 27751 55501
1540495001: 17 7481 12113
1541394401: 15601 98801
1541828569: 9817 157057
1547991751: 101 151 101501
1550256481: 193 577 13921
1553578357: 9043 171799
1558236421: 7 31 97 181 409
1559121023: 11399 136777
1560323329: 257 6071297
1563799981: 14947 104623
1563824861: 10211 153151
1572032879: 16187 97117
1577738683: 7507 210169
1578562589: 10259 153871
1579696609: 13633 115873
1580940637: 15913 99349
1587764251: 7741 205111
1588247851: 211 1831 4111
1588950641: 8699 182659
1589953051: 181 433 20287
1595622997: 19973 79889
1604853701: 11 145895791
1605531439: 26713 60103
1608118975: 5 5 37 1009 1723
1608935239: 7867 204517
1610232823: 14653 109891
1612326997: 197 1709 4789
1614341431: 28411 56821
1614437059: 10141 159199
1616387653: 28429 56857
1618587001: 13411 120691
1619887195: 5 37 47 186301
1620770551: 31 2371 22051
1625739319: 127 631 20287
1630062253: 28549 57097
1634861971: 211 271 28591
1635200533: 37 631 70039
1637181571: 16519 99109
1637434657: 18097 90481
1642610413: 15319 107227
1645859251: 28687 57373
1650682153: 28729 57457
1652671081: 18181 90901
1653992299: 97 181 94207
1658731381: 1627 1019503
1661409289: 18229 91141
1662784117: 20389 81553
1664318501: 101 251 65651
1664337601: 12301 135301
1666511551: 463 727 4951
1671557233: 103 409 39679
1673157281: 7121 234961
1673513731: 28927 57853
1679130641: 31741 52901
1682259181: 5531 304151
1684044781: 15511 108571
1686590641: 5393 312737
1689703237: 97 157 181 613
1692314587: 33589 50383
1695339197: 4493 377329
1711255541: 11071 154571
1712859301: 4339 394759
1715720119: 13099 130981
1716317893: 739 2322487
1720138813: 37861 45433
1720732861: 10711 160651
1720788379: 30637 56167
1720994833: 18553 92761
1731995497: 20809 83233
1732329241: 1831 946111
1744680053: 8039 217027
1746881401: 151 727 15913
1750094011: 10459 167329
1750119589: 47 181 409 503
1759420141: 32491 54151
1761461857: 9629 182933
1762779437: 463 727 5237
1764019999: 7 83 1459 2081
1764288901: 19801 89101
1765370293: 1723 1024591
1773096931: 17191 103141
1788007321: 11617 153913
1791426787: 21163 84649
1791513661: 7 97 409 6451
1798188241: 4241 424001
1800095251: 37 59 97 8501
1808691661: 7 409 433 1459
1813073653: 30109 60217
1813675681: 12841 141241
1818027271: 31 6451 9091
1818827141: 24623 73867
1826206471: 61 67 73 6121
1827702101: 24683 74047
1827705001: 277 463 14251
1828916251: 14669 124679
1829365561: 7129 256609
1834063897: 3557 515621
1835314993: 17359 105727
1846620277: 9859 187303
1850315689: 22993 80473
1856009377: 19267 96331
1861026133: 24907 74719
1865399725: 5 5 7 97 109891
1866986893: 15277 122209
1867906721: 24953 74857
1870396861: 9221 202841
1873650901: 3301 567601
1874059321: 16561 113161
1874326843: 15307 122449
1875510913: 16369 114577
1876447927: 27397 68491
1876485691: 30631 61261
1877445571: 331 661 8581
1877492761: 2393 784577
1878691753: 30649 61297
1878774913: 10753 174721
1879201297: 19387 96931
1879731481: 1321 1422961
1882413649: 17713 106273
1885021777: 19417 97081
1889528033: 25097 75289
1891580167: 20287 93241
1897266457: 4657 407401
1897321619: 17783 106693
1898747299: 1009 1881811
1899971137: 5407 351391
1910273863: 18637 102499
1911177409: 20287 94207
1911781441: 38593 49537
1913296951: 21871 87481
1913422591: 30931 61861
1914852829: 11299 169471
1916429377: 32833 58369
1916872291: 20089 95419
1920594079: 13859 138581
1923500575: 5 5 181 425083
1924031233: 10639 180847
1924810291: 181 271 39241
1930960879: 103 199 94207
1936031341: 16631 116411
1936491259: 16069 120511
1937105941: 25411 76231
1939369531: 11 43 709 5783
1950987193: 18341 106373
1951469101: 31237 62473
1955914843: 3067 637729
1960009153: 3929 498857
1961914417: 11437 171541
1962730531: 31327 62653
1963529443: 15667 125329
1965139807: 7603 258469
1965948013: 16759 117307
1969698371: 18119 108709
1970025721: 1811 1087811
1973142407: 36269 54403
1976033401: 25301 78101
1976640967: 7 103 409 6703
1980485341: 11491 172351
1980729937: 3079 643303
1985320369: 33211 59779
1994203213: 16879 118147
1997161559: 27367 72977
1997844157: 22349 89393
1998010171: 31 97 103 6451
1998637609: 11177 178817
2004299641: 31657 63313
2006394779: 18287 109717
2010548791: 7927 253633
2011212451: 31 181 358441
2012435167: 13229 152123
2016952525: 5 5 7 97 118819
2016988663: 15913 126751
2019417285: 3 5 2789 48271
2020529497: 7 97 227 13109
2022556577: 33521 60337
2022840541: 8821 229321
2030516251: 22531 90121
2040697511: 83 3527 6971
2040881779: 37 157 409 859
2041265041: 17077 119533
2049296521: 24551 83471
2060471741: 21013 98057
2060910307: 22699 90793
2072194871: 31511 65761
2072488771: 32191 64381
2073912961: 26293 78877
2081592451: 21751 95701
2081758831: 6421 324211
2084993909: 1493 1396513
2089912699: 7 37 109 181 409
2094900673: 21019 99667
2096688049: 21997 95317
2101757711: 39703 52937
2108275489: 577 1153 3169
2108764481: 26513 79537
2114643217: 22993 91969
2115019243: 433 631 7741
2120290291: 7 31 37 181 1459
2126161181: 21737 97813
2126184337: 8563 248299
2126327281: 13 41 281 14197
2128536001: 4001 532001
2130134533: 26647 79939
2130965407: 13613 156539
2134251571: 409 1871 2789
2139039769: 10093 211933
2139462991: 32707 65413
2141340833: 26717 80149
2142218651: 16901 126751
2144548033: 26737 80209
2144961253: 32749 65497
2145850513: 17509 122557
2145906661: 19753 108637
2150843141: 42937 50093
2161002901: 31 2371 29401
2161880491: 67 71 331 1373
2163130187: 8233 262739
2167384351: 11 61 101 31981
2170314529: 193 577 19489
2185550761: 61 35828701
2185691089: 239 9145151
2189700833: 27017 81049
2190578215: 5 7 2789 22441
2194953193: 22861 96013
2200200697: 1117 1969741
2209932811: 11941 185071
2210347657: 7 409 433 1783
2210365675: 5 5 7 59 97 2207
2210621797: 23509 94033
2216093707: 14887 148861
2216352331: 40771 54361
2222788921: 11113 200017
2227207399: 19267 115597
2230305949: 499 997 4483
2231896501: 6151 362851
2234808577: 277 919 8779
2236009441: 577 1153 3361
2240049043: 2179 1028017
2241511405: 5 7 97 283 2333
2252020483: 1459 1543537
2253376133: 27407 82219
2262861901: 33637 67273
2267804281: 36571 62011
2267953021: 4861 466561
2269009861: 11909 190529
2270854657: 29 197 397489
2274774793: 10169 223697
2276606503: 33739 67477
2277635281: 7873 289297
2280256513: 18049 126337
2294378881: 1777 1291153
2294455411: 33871 67741
2295700801: 3361 683041
2295806101: 9781 234721
2298363451: 23971 95881
2307480211: 33967 67933
2312302891: 6451 358441
2312963333: 27767 83299
2325273421: 373 1117 5581
2326319101: 17053 136417
2329584217: 39409 59113
2332301401: 37 3061 20593
2333010751: 24151 96601
2333050111: 7 31 97 271 409
2333074153: 13397 174149
2334262331: 5471 426661
2337470461: 35803 65287
2338735367: 5413 432059
2343130021: 281 1289 6469
2347414609: 12113 193793
2349895649: 24683 95203
2353485527: 2297 1024591
2355320101: 101 3701 6301
2359801291: 41161 57331
2365094161: 10141 233221
2366923087: 13003 182029
2369012651: 14051 168601
2374930075: 5 5 7 409 33181
2379503947: 39829 59743
2379610351: 24391 97561
2384044081: 30881 77201
2387675861: 19949 119689
2388072787: 23189 102983
2389164779: 8147 293257
2391028399: 19963 119773
2393394551: 29959 79889
2397856033: 1423 1685071
2398879283: 44711 53653
2405709571: 67 463 77551
2414673271: 34747 69493
2423028475: 5 5 7 97 349 409
2424184621: 24121 100501
2425818601: 9851 246251
2433791593: 22063 110311
2433792901: 4621 526681
2437454629: 2143 1137403
2437518481: 18661 130621
2446893703: 15643 156421
2452359457: 22147 110731
2454143413: 11677 210169
2458542181: 1753 1402477
2464892821: 20269 121609
2469725611: 3691 669121
2470985011: 11 61 131 28111
2474859073: 8179 302587
2477437441: 15361 161281
2482625653: 31513 78781
2482808851: 6043 410857
2487604351: 71 151 331 701
2488507201: 14401 172801
2496351727: 19 67 73 26863
2505292381: 103 613 39679
2512672091: 43411 57881
2519186671: 35491 70981
2519230141: 757 1621 2053
2522618611: 23677 106543
2524973933: 38923 64871
2531385001: 22501 112501
2534419553: 9689 261577
2536220789: 5309 477721
2536737361: 19037 133253
2537105761: 35617 71233
2539269601: 11 239 919 1051
2539736257: 15937 159361
2540351107: 7 223 349 4663
2545660981: 35677 71353
2550063011: 11903 214237
2550584671: 15971 159701
2555391481: 8311 307471
2555907331: 17341 147391
2556387901: 3271 781531
2560407571: 12853 199207
2560910419: 109 1783 13177
2562752761: 1801 1422961
2567101249: 15277 168037
2567726407: 37 109 631 1009
2574243721: 7 47 139 181 311
2574757417: 37057 69481
2574861001: 3001 858001
2575572551: 43951 58601
2580055123: 16063 160621
2580814583: 13187 195709
2581668799: 12703 203233
2589458327: 41549 62323
2589515941: 61 277 331 463
2599637041: 127 1009 20287
2609748571: 3631 718741
2614731541: 1381 1893361
2615491451: 20879 125269
2623206697: 25609 102433
2626783921: 36241 72481
2626911631: 9437 278363
2634242113: 50221 52453
2643803675: 5 5 607 174221
2647710901: 11 12101 19891
2652541651: 73 151 331 727
2653176913: 19469 136277
2654851387: 25763 103049
2659591217: 2777 957721
2660783591: 21059 126349
2668544503: 49037 54419
2679178951: 47251 56701
2682584161: 13681 196081
2684846953: 23173 115861
2690726851: 23801 113051
2693195569: 23209 116041
2694802573: 21649 124477
2699471503: 36739 73477
2708811001: 13 41 229 22193
2710617583: 6793 399031
2711912417: 2963 915259
2712456601: 26041 104161
2713382401: 15361 176641
2720442089: 45263 60103
2728102651: 71 4691 8191
2728730287: 26119 104473
2734334741: 13331 205111
2734731949: 8269 330721
2735934391: 5923 461917
2738184697: 17443 156979
2745729001: 12101 226901
2748236791: 26849 102359
2749430413: 19819 138727
2760438751: 7 107 409 9011
2761225171: 9931 278041
2766789061: 9941 278321
2768453101: 181 2371 6451
2771632063: 739 3750517
2772059687: 42989 64483
2772198001: 17551 157951
2774754685: 5 109 859 5927
2781939241: 3581 776861
2788958827: 5179 538513
2790016673: 45233 61681
2791999651: 7 199 349 5743
2794640941: 29 1289 74761
2798272387: 157 859 20749
2798821511: 17971 155741
2810114491: 12953 216947
2814298345: 5 97 2179 2663
2821068001: 2251 1253251
2823236641: 37 433 176221
2827961221: 30703 92107
2839431401: 13001 218401
2840461651: 41809 67939
2840634109: 10453 271753
2844125197: 463 6142819
2857487873: 6173 462901
2861858801: 42391 67511
2866872781: 37861 75721
2867467313: 653 4391221
2868467257: 16937 169361
2869144141: 41491 69151
2870079191: 7 1181 347173
2875260727: 30133 95419
2876461501: 3001 958501
2891894917: 8753 330389
2894667781: 31063 93187
2899275133: 29641 97813
2901514531: 21991 131941
2905870309: 13477 215617
2907625801: 22993 126457
2915378519: 13469 216451
2918660449: 193 577 26209
2919982931: 33091 88241
2921552653: 17093 170921
2922989455: 5 37 47 127 2647
2925450221: 463 6318467
2932664803: 8563 342481
2933563781: 31271 93811
2938537493: 6389 459937
2938905091: 12277 239383
2941329619: 22573 130303
2944677601: 5689 517609
2945208001: 31333 93997
2954487551: 44381 66571
2958453401: 18131 163171
2960416561: 15091 196171
2961049063: 7 97 227 19211
2961832177: 49681 59617
2968206601: 27241 108961
2968579153: 37 127 433 1459
2969005751: 29251 101501
2970228199: 34469 86171
2976407809: 22273 133633
2984049181: 31 761 126491
2991103457: 3917 763621
2992473067: 21187 141241
2996614249: 2833 1057753
2996944133: 31607 94819
2997745001: 18251 164251
3002237729: 7673 391273
3005429197: 8779 342343
3006173171: 20021 150151
3008012701: 9851 305351
3011262841: 31 271 358441
3014193001: 18301 164701
3020299327: 27479 109913
3021130841: 14561 207481
3023049727: 44893 67339
3025074157: 7 37 859 13597
3030393901: 20807 145643
3031948219: 36151 83869
3038171011: 71 491 87151
3041819111: 5413 561947
3043057249: 16633 182953
3055146641: 23689 128969
3057111721: 39097 78193
3063683503: 39139 78277
3068135351: 3571 859181
3069279001: 101 151 201251
3070208261: 31991 95971
3071729443: 35053 87631
3072774127: 7069 434683
3077802001: 19 79 1051 1951
3086767657: 24847 124231
3088408429: 239 2857 4523
3096385717: 17597 175961
3100267997: 29 197 421 1289
3105542683: 17623 176221
3109292029: 97 181 409 433
3121731121: 18289 170689
3122742079: 50647 61657
3123604381: 14431 216451
3125501711: 8627 362293
3131991241: 5881 532561
3134453281: 23873 131297
3138189337: 4297 730321
3142656469: 16903 185923
3151587349: 16927 186187
3156599161: 13627 231643
3161757457: 25147 125731
3176334929: 34513 92033
3177303097: 8053 394549
3184016191: 24061 132331
3189230903: 21737 146719
3189888001: 39937 79873
3192323681: 32621 97861
3194966161: 241 13257121
3203895601: 31 37 433 6451
3213264601: 101 251 126751
3213895051: 40087 80173
3214785817: 25357 126781
3217915759: 17939 179381
3233001781: 17981 179801
3234743041: 641 5046401
3237053311: 26821 120691
3239137861: 29 281 397489
3240288781: 9811 330271
3240935611: 83 3527 11071
3242533897: 953 1429 2381
3245782591: 20143 161137
3249335941: 32911 98731
3249560371: 2857 1137403
3250505941: 48907 66463
3254302357: 49277 66041
3263475151: 109 1459 20521
3263568901: 32983 98947
3266369929: 3769 866641
3274133729: 39089 83761
3274264033: 33037 99109
3276748081: 31 109 409 2371
3277863079: 1759 1863481
3281593591: 40507 81013
3285113599: 30637 107227
3295217971: 40591 81181
3304307341: 21727 152083
3304446191: 49783 66377
3311236741: 33223 99667
3314111123: 16619 199417
3322130111: 23531 141181
3322727437: 36457 91141
3324006533: 33287 99859
3332340703: 40819 81637
3335899927: 28879 115513
3340617193: 5869 569197
3346430497: 31489 106273
3347214421: 33403 100207
3349997731: 40927 81853
3351523561: 15877 211093
3352026133: 33427 100279
3361838453: 11159 301267
3364355791: 24733 136027
3367980991: 67 463 108571
3370452709: 13 197 1021 1289
3370812427: 4679 720413
3373220995: 5 37 269 67783
3374598781: 41077 82153
3378739633: 17729 190577
3380971361: 12689 266449
3397224871: 19 61 73 40153
3400039441: 97 211 271 613
3402785233: 617 2179 2531
3403593901: 22051 154351
3408200641: 41281 82561
3425005091: 50683 67577
3425323843: 8677 394759
3434865877: 9907 346711
3440355823: 57241 60103
3442332031: 24121 142711
3449196001: 641 1601 3361
3452583401: 1451 2379451
3455220497: 9413 367069
3459912457: 827 4183691
3460153247: 48029 72043
3460467151: 101 151 226901
3462909031: 41611 83221
3466421129: 2671 1297799
3480393271: 37 97 409 2371
3491486461: 34849 100189
3504434431: 491 1051 6791
3508999651: 41887 83773
3516286411: 11 73 131 33427
3517330249: 36781 95629
3518080981: 27961 125821
3520909237: 29669 118673
3527380819: 24247 145477
3531677593: 2713 1301761
3541312087: 48589 72883
3541832269: 46099 76831
3542303047: 29759 119033
3546090721: 34381 103141
3548150959: 23 67 463 4973
3548195281: 12421 285661
3549571651: 57241 62011
3550063477: 48649 72973
3551570491: 7 3187 159199
3552997315: 5 7 409 248201
3572218801: 5623 635287
3574380739: 14947 239137
3583604161: 8641 414721
3586833253: 42349 84697
3599103691: 21211 169681
3600278833: 15493 232381
3601007041: 83 3527 12301
3602006101: 34651 103951
3605086801: 197 1289 14197
3605263861: 277 463 28111
3610037161: 25057 144073
3612157201: 11161 323641
3612845563: 2803 1288921
3618235099: 1399 2586301
3620475679: 36847 98257
3626144077: 9643 376039
3633697891: 31 97 1208413
3648274391: 24659 147949
3649116277: 13859 263303
3650592667: 49333 73999
3651150331: 42727 85453
3652695281: 113 1217 26561
3668926801: 61 331 181711
3674893753: 4793 766721
3677745821: 4111 894611
3678750209: 29137 126257
3682471321: 331 661 16831
3683700235: 5 107 109 181 349
3688099241: 16529 223129
3692283211: 42967 85933
3692438569: 37 97 157 6553
3704116219: 24847 149077
3707593501: 29251 126751
3716075521: 23041 161281
3720371251: 12451 298801
3720505591: 11 239 1415179
3723104797: 30509 122033
3727047133: 60103 62011
3729097633: 35257 105769
3732753601: 14401 259201
3733056211: 26053 143287
3741883321: 11 12101 28111
3748281967: 17317 216451
3749674321: 25537 146833
3751554581: 35363 106087
3757929187: 50053 75079
3761091937: 27427 137131
3761741821: 41351 90971
3771476899: 6037 624727
3779970049: 7297 518017
3780340357: 37 97 157 6709
3785056549: 25117 150697
3786262241: 25121 150721
3800358151: 46601 81551
3801857221: 281 953 14197
3808444993: 12343 308551
3820445227: 37273 102499
3823654451: 23801 160651
3830100715: 5 7 6733 16253
3840356017: 7687 499591
3841061281: 29 197 421 1597
3842146361: 32371 118691
3859948847: 19813 194819
3860781299: 25367 152197
3861362551: 39301 98251
3865667573: 39521 97813
3871918231: 8171 473861
3873265585: 5 7 2789 39679
3873382297: 18353 211049
3883439647: 31159 124633
3886035871: 13291 292381
3886075663: 4523 859181
3890736481: 36013 108037
3894053311: 22063 176497
3895046191: 44131 88261
3896103559: 19739 197381
3901518913: 7213 540901
3903525163: 263 1049 14149
3908413559: 25523 153133
3924477901: 13063 300427
3924906457: 4513 869689
3925042381: 13 29 41 197 1289
3927935623: 11443 343261
3928115773: 16183 242731
3934531603: 8699 452297
3937526911: 44371 88741
3949897879: 39749 99371
3966690649: 7753 511633
3971677951: 31511 126041
3982017601: 36433 109297
3989401579: 40771 97849
3993427441: 109 1459 25111
4001715541: 36523 109567
4008837631: 37 97 409 2731
4025141761: 3209 1254329
4027012021: 307 2143 6121
4038698821: 17191 234931
4043903249: 9857 410257
4053623731: 31981 126751
4055746861: 24071 168491
4057697947: 7963 509569
4059273961: 12041 337121
4060942381: 45061 90121
4063732063: 55207 73609
4066897979: 11287 360317
4068671881: 26041 156241
4073208701: 463 727 12101
4075249361: 13931 292531
4087390501: 52201 78301
4091862377: 21323 191899
4092064699: 59753 68483
4095544129: 13249 309121
4098208297: 32009 128033
4100903803: 6827 600689
4106260033: 36997 110989
4108863061: 37 97 829 1381
4110440657: 29 197 421 1709
4111577419: 10139 405521
4112227105: 5 7 103 409 2789
4124908981: 55621 74161
4134414961: 11549 357989
4136041001: 101 251 163151
4145031991: 271 2371 6451
4151364491: 10739 386569
4152054025: 5 5 7 47 181 2789
4158560953: 20393 203921
4161000793: 13417 310129
4161668029: 11587 359167
4168053121: 727 5733223
4168649633: 37277 111829
4175289271: 45691 91381
4178491201: 32321 129281
4179634453: 3517 1188409
4186561633: 37357 112069
4191454411: 26431 158581
4198591417: 11113 377809
4206754927: 1783 2359369
4208721667: 18169 231643
4209626539: 487 8643997
4211966955: 3 5 7 157 255503
4221685321: 7 107 409 13781
4224335281: 59929 70489
4225362989: 1973 2141593
4230809659: 37 181 433 1459
4240777201: 32561 130241
4242469987: 7 37 103 109 1459
4257022891: 11 12101 31981
4258854451: 12799 332749
4259129257: 36587 116411
4280863501: 31 601 229771
4282033687: 32719 130873
4282863751: 17491 244861
4286289853: 503 8521451
