9: 3 3
21: 3 7
27: 3 3 3
63: 3 3 7
81: 3 3 3 3
189: 3 3 3 7
231: 3 7 11
567: 3 3 3 3 7
589: 19 31
697: 17 41
891: 3 3 3 3 11
1135: 5 227
1541: 23 67
1561: 7 223
2047: 23 89
2871: 3 3 11 29
3565: 5 23 31
4187: 53 79
5963: 67 89
9211: 61 151
13795: 5 31 89
14111: 103 137
14701: 61 241
15863: 29 547
16297: 43 379
17767: 109 163
21565: 5 19 227
23193: 3 3 3 859
23347: 37 631
25327: 19 31 43
25351: 101 251
35185: 5 31 227
36391: 151 241
48133: 127 379
48805: 5 43 227
49141: 157 313
53893: 7 7699
86521: 31 2791
95221: 7 61 223
96049: 139 691
99199: 19 23 227
108837: 3 3 3 29 139
112141: 127 883
115393: 257 449
116185: 5 19 1223
134413: 139 967
134863: 157 859
136681: 103 1327
137149: 23 67 89
138415: 5 19 31 47
144145: 5 127 227
146611: 271 541
162401: 17 41 233
166003: 19 8737
181351: 151 1201
194221: 167 1163
196093: 157 1249
219781: 271 811
221761: 211 1051
223231: 19 31 379
229633: 277 829
235711: 7 151 223
238855: 5 23 31 67
245077: 7 157 223
268867: 313 859
270847: 31 8737
282637: 109 2593
288331: 31 71 131
334657: 379 883
345301: 11 31391
358203: 3 139 859
361201: 601 601
365713: 229 1597
375691: 43 8737
376201: 7 223 241
383857: 19 89 227
390937: 313 1249
422659: 163 2593
430165: 5 227 379
438751: 541 811
476269: 173 2753
488593: 7 223 313
540193: 97 5569
552745: 5 227 487
561601: 433 1297
613963: 7 139 631
625321: 631 991
625873: 613 1021
630631: 199 3169
651511: 7 163 571
659211: 3 7 31391
668197: 691 967
668515: 5 19 31 227
679729: 337 2017
690223: 79 8737
701893: 433 1621
722261: 491 1471
725017: 103 7039
729061: 349 2089
747751: 31 24121
751843: 31 79 307
799443: 3 3 3 29 1021
840781: 347 2423
886657: 769 1153
906193: 337 2689
924265: 5 31 67 89
938503: 613 1531
939401: 71 101 131
963333: 3 3 3 3 7 1699
964343: 137 7039
1002205: 5 227 883
1018601: 23 67 661
1053761: 593 1777
1056331: 727 1453
1072891: 859 1249
1152271: 43 127 211
1197373: 283 4231
1261129: 1123 1123
1278691: 43 131 227
1293337: 569 2273
1340899: 7 223 859
1381801: 151 9151
1409661: 3 3 11 29 491
1509931: 541 2791
1563151: 1021 1531
1592935: 5 31 43 239
1627921: 571 2851
1660051: 71 103 227
1711711: 463 3697
1716877: 223 7699
1720727: 179 9613
1868791: 71 26321
1869211: 967 1933
1893943: 487 3889
1904033: 797 2389
1922779: 37 157 331
1949689: 7 223 1249
1994041: 7 37 7699
1994689: 577 3457
2030341: 823 2467
2102437: 1297 1621
2160973: 307 7039
2192219: 907 2417
2219851: 61 151 241
2281049: 617 3697
2435833: 379 6427
2489791: 1193 2087
2505889: 1583 1583
2508013: 53 79 599
2542671: 3 3 3 3 31391
2647547: 7 613 617
2704801: 11 29 61 139
2848217: 563 5059
2892611: 71 131 311
2947421: 421 7001
2976487: 863 3449
2978281: 17 41 4273
3159851: 131 24121
3216529: 19 31 43 127
3311323: 379 8737
3342827: 1493 2239
3561251: 23 67 2311
3568661: 1091 3271
3584491: 547 6553
3585601: 101 131 271
3634633: 853 4261
3671359: 283 12973
3768451: 971 3881
3849931: 491 7841
3852589: 13 296353
3862207: 983 3929
3878293: 397 9769
3913003: 1399 2797
4082653: 1429 2857
4151869: 1289 3221
4231681: 571 7411
4271239: 7 631 967
4441681: 797 5573
4499701: 1061 4241
4907701: 701 7001
5090821: 1303 3907
5146093: 19 31 8737
5173601: 929 5569
5250421: 11 29 109 151
5292631: 1627 3253
5403069: 3 3 7 139 617
5423713: 2017 2689
5512319: 107 51517
5874337: 7 109 7699
5976721: 37 163 991
6060647: 503 12049
6186403: 1759 3517
6196501: 37 223 751
6356395: 5 23 31 1783
6365941: 421 15121
6456241: 11 29 37 547
6504989: 659 9871
6508417: 409 15913
6544627: 23 31 67 137
6631549: 463 14323
6641461: 197 33713
6646333: 19 23 67 227
6774499: 1063 6373
6943931: 571 12161
7080217: 19 53 79 89
7163083: 1693 4231
7251321: 3 7 11 31391
7294645: 5 227 6427
7299139: 1709 4271
7392961: 2719 2719
7593697: 919 8263
7633273: 107 71339
7648033: 1597 4789
8108101: 859 9439
8224295: 5 47 79 443
8260591: 719 11489
8378371: 23 89 4093
8437651: 157 223 241
8463709: 523 16183
8595361: 1693 5077
8784559: 7 163 7699
8837291: 617 14323
8896271: 431 20641
9006401: 1733 5197
9198421: 463 19867
9340753: 1327 7039
9598933: 19 31 43 379
9622111: 1721 5591
9720941: 1021 9521
9787471: 29 547 617
9909451: 37 223 1201
9916495: 5 227 8737
10028965: 5 31 89 727
10386241: 1861 5581
10462321: 1009 10369
10509751: 7 61 151 163
10566271: 541 19531
10743097: 1093 9829
10769263: 2381 4523
10924129: 997 10957
10990351: 1201 9151
11107121: 1361 8161
11463713: 613 18701
11534111: 1471 7841
11720729: 2339 5011
11805907: 1087 10861
12018139: 7 223 7699
12276551: 7 613 2861
12357991: 151 223 367
12482101: 811 15391
12559681: 31 379 1069
12878077: 733 17569
12884653: 199 64747
12890503: 2539 5077
13012651: 2551 5101
13049461: 541 24121
13112815: 5 79 89 373
13168273: 19 31 79 283
13313897: 2389 5573
13496981: 1061 12721
13529521: 431 31391
13536361: 131 191 541
13694761: 2617 5233
14026897: 1873 7489
14138281: 109 151 859
14373433: 307 46819
14378371: 7 61 151 223
14517049: 953 15233
14555221: 2203 6607
14571811: 23 227 2791
14652991: 2707 5413
14913991: 43 127 2731
15253057: 1747 8731
15413911: 1069 14419
15865979: 1223 12973
16027819: 479 33461
16097413: 733 21961
16134169: 877 18397
16149241: 191 84551
16253551: 2851 5701
16351105: 5 31 105491
16433739: 3 3 3 7 86951
16585099: 1663 9973
16668621: 3 3 59 31391
17189311: 2339 7349
17270369: 1697 10177
17349307: 2083 8329
17596549: 367 47947
17610889: 349 50461
17655901: 61 241 1201
17870561: 2441 7321
18255931: 31 211 2791
18497095: 5 43 227 379
18520141: 1627 11383
19093721: 1021 18701
19241083: 631 30493
19442119: 2789 6971
20044135: 5 31 89 1453
20389861: 733 27817
20492033: 419 48907
21063361: 11 61 31391
21128761: 2851 7411
21165643: 1627 13009
21215801: 3761 5641
21400481: 1889 11329
21480787: 4231 5077
21625171: 61 241 1471
21633769: 73 296353
21654533: 2687 8059
21808117: 23 227 4177
21947239: 613 35803
22091941: 157 223 631
22111519: 859 25741
22265881: 11 29 223 313
22270849: 193 257 449
22363741: 19 31 43 883
22451389: 229 98041
22669501: 2381 9521
22781341: 11 269 7699
22948261: 7 61 223 241
22993073: 4229 5437
23292361: 1171 19891
24271987: 19 107 11939
24482503: 3499 6997
24642239: 2027 12157
25168671: 3 3 3 11 83 1021
25514959: 1733 14723
25525499: 2063 12373
25718419: 19 67 89 227
26057371: 4271 6101
26257771: 131 227 883
26401681: 103 137 1871
26880127: 157 313 547
27278343: 3 3 3 547 1847
27282443: 457 59699
27722857: 2633 10529
27816391: 1319 21089
27969381: 3 3 3 3 11 31391
28296781: 2011 14071
28426201: 877 32413
28526305: 5 653 8737
28746145: 5 19 31 43 227
29053333: 659 44087
29541943: 109 271027
29755237: 1609 18493
29971811: 2371 12641
31091989: 1913 16253
31150351: 2791 11161
31513501: 3001 10501
31658593: 673 47041
32561791: 151 223 967
32880355: 5 19 283 1223
33092401: 1151 28751
33120341: 3323 9967
33318641: 1361 24481
33355351: 101 131 2521
33386251: 151 221101
33464353: 13 2574181
34006483: 7 631 7699
34618201: 601 57601
34745047: 4813 7219
36053333: 3467 10399
36307981: 4261 8521
36484471: 3229 11299
36825839: 5011 7349
36919681: 2297 16073
37028899: 3253 11383
37286257: 29 167 7699
37962541: 4357 8713
38129851: 3301 11551
38270377: 2767 13831
38305261: 1291 29671
38624041: 37 61 109 157
38894689: 673 57793
39370013: 3389 11617
39545221: 3631 10891
39547171: 4447 8893
40198891: 4793 8387
40307827: 7 313 18397
40390327: 1699 23773
40465501: 3181 12721
40621591: 4507 9013
40674841: 3331 12211
40987201: 1601 25601
42149971: 4591 9181
42212119: 157 313 859
42266251: 3251 13001
42318277: 3253 13009
42501439: 127 379 883
42816373: 479 89387
43026661: 919 46819
44039119: 2099 20981
44177401: 163 271027
44238481: 7 61 313 331
44790505: 5 19 31 67 227
44859403: 1087 41269
45877861: 31 43 127 271
46069831: 109 163 2593
46094401: 4801 9601
46342369: 2053 22573
46529761: 1489 31249
47101741: 19 31 211 379
47366047: 31 53 127 227
47706251: 2551 18701
49019851: 4951 9901
49080007: 1567 31321
49237651: 2521 19531
49424551: 11 491 9151
49459801: 101 251 1951
49598209: 1409 35201
49735351: 4987 9973
50087467: 3539 14153
50615269: 4357 11617
51063791: 1721 29671
51088133: 4127 12379
51090691: 5651 9041
51190651: 61 109 7699
51346777: 2389 21493
51518897: 2393 21529
51627817: 3593 14369
51803821: 31 971 1721
51984241: 31 1676911
52036321: 31 43 103 379
52140451: 11 151 31391
52493647: 3623 14489
52501121: 449 116929
52952131: 3697 14323
53675623: 6553 8191
53949761: 4241 12721
54116791: 241 431 521
54255521: 4253 12757
54511021: 2791 19531
54630955: 5 127 227 379
54814393: 1531 35803
54888763: 4231 12973
55384033: 4297 12889
55547451: 3 3 3 3 571 1201
55725671: 587 94933
56029933: 3529 15877
56250611: 2339 24049
56417467: 6133 9199
56423599: 3067 18397
56524423: 389 145307
56806351: 7 151 223 241
56872153: 13 1297 3373
57113281: 421 135661
58312171: 43 211 6427
58645511: 29 547 3697
58679941: 4423 13267
58986091: 5431 10861
60084451: 7 61 223 631
60294037: 67 103 8737
60355549: 4153 14533
60660991: 53 131 8737
60837841: 31 71 131 211
61092481: 4513 13537
61377109: 157 313 1249
62938071: 3 3 7 859 1163
63300173: 6163 10271
63524449: 37 223 7699
63553621: 4603 13807
64042903: 5659 11317
64349011: 67 661 1453
65082991: 739 88069
65203061: 7 11 571 1483
65395331: 71 79 89 131
65514541: 131 500111
65797711: 7 61 223 691
65853323: 5009 13147
67065571: 37 313 5791
67321711: 2791 24121
67409035: 5 31 67 6491
67815149: 6379 10631
67916287: 2203 30829
68391559: 2837 24107
68953319: 6133 11243
68976331: 3391 20341
69625711: 379 183709
70067713: 1277 54869
70197961: 421 166741
70771307: 6869 10303
71592751: 4231 16921
71664139: 79 907141
71761933: 1013 70841
72601651: 61 991 1201
72875317: 19 439 8737
72884701: 6037 12073
73448299: 3697 19867
73705633: 4957 14869
73770061: 157 547 859
73771549: 5791 12739
75138337: 1129 66553
75469519: 3547 21277
75621281: 5021 15061
75999961: 37 61 151 223
76515431: 5197 14723
76709101: 7 157 223 313
77146831: 6211 12421
77295961: 6217 12433
77313889: 457 169177
77418841: 1447 53503
78433783: 223 547 643
78644611: 6271 12541
78658801: 13 397 15241
79270801: 43 211 8737
79381501: 1123 70687
81643561: 461 177101
81992191: 1931 42461
82199521: 181 454141
83192411: 1709 48679
83217541: 11 241 31391
83485903: 6673 12511
84212129: 2003 42043
84247963: 2903 29021
84546541: 157 538513
84707261: 8521 9941
85269061: 2309 36929
85666151: 3779 22669
85953021: 3 7 11 607 613
86243701: 2131 40471
86405941: 4969 17389
87155713: 3529 24697
87516171: 3 3 29 547 613
87694261: 1997 43913
88126421: 5749 15329
88132169: 3833 22993
89223271: 1949 45779
89381791: 3343 26737
89439337: 13 6879949
89814173: 1069 84017
89998273: 4243 21211
90933571: 31 1051 2791
90995197: 7333 12409
91587289: 2393 38273
91587943: 6053 15131
91712363: 1627 56369
91828081: 1009 91009
92267341: 3631 25411
92295799: 439 210241
92594197: 1627 56911
92879383: 139 691 967
94364011: 7 61 223 991
94502701: 4861 19441
94922363: 563 168601
95025711: 3 11 521 5527
95077531: 37 991 2593
95307301: 37 223 11551
95393801: 5101 18701
95829131: 1511 63421
96691771: 11 29 61 4969
96779281: 2341 41341
97071211: 6967 13933
97796953: 4423 22111
98725643: 7649 12907
99115297: 3319 29863
99138631: 8623 11497
99327329: 103 137 7039
99521163: 3 3 3 7 613 859
100095157: 1303 76819
101057317: 103 981139
101256577: 2309 43853
102463271: 6199 16529
102469069: 1493 68633
103253333: 5867 17599
104097097: 13 433 18493
105413029: 2089 50461
106156931: 8923 11897
106485121: 7297 14593
106653929: 569 187441
106804043: 4003 26681
106889581: 31 131 26321
107216801: 1151 93151
107520533: 5987 17959
109231229: 2699 40471
109499851: 8209 13339
111328519: 5449 20431
111540001: 5281 21121
111993967: 3347 33461
112844131: 3067 36793
112964993: 8233 13721
113316529: 2749 41221
114267661: 6761 16901
114329881: 7561 15121
115526753: 2069 55837
115804501: 5381 21521
116151661: 7621 15241
116673481: 4831 24151
117662981: 6263 18787
118901521: 271 541 811
119125891: 1459 81649
119695819: 139 861121
119907751: 8941 13411
120509539: 5011 24049
120872467: 223 631 859
121297951: 37 61 223 241
123697801: 2161 57241
124522531: 7 223 241 331
124533131: 5261 23671
124611917: 8647 14411
124809101: 1613 77377
124981117: 2887 43291
125868943: 3967 31729
126440731: 4591 27541
127280035: 5 127 227 883
127535651: 9221 13831
128320849: 433 296353
130103551: 2551 51001
133227451: 7 151 241 523
133969291: 373 359167
134528851: 61 241 9151
136372501: 241 571 991
136456273: 4673 29201
139133611: 31 89 211 239
139422229: 1013 137633
139744549: 7 2593 7699
139792069: 1999 69931
140709281: 10273 13697
141069067: 5939 23753
142131553: 3307 42979
142386889: 43 379 8737
143078261: 557 256873
143106133: 6907 20719
143271941: 6911 20731
144426085: 5 23 89 103 137
144473027: 587 246121
145410931: 8527 17053
146156617: 5407 27031
146272901: 6983 20947
147028001: 7001 21001
148081447: 11383 13009
148733641: 7 151 223 631
148910653: 8629 17257
149532571: 8647 17293
149814841: 11 29 61 7699
150573457: 6337 23761
153669287: 2239 68633
153909351: 3 3 29 491 1201
154011467: 10133 15199
154513633: 7177 21529
156412873: 1069 146317
156571477: 1597 98041
157182637: 6269 25073
157867777: 577 273601
158068153: 5623 28111
158104801: 3361 47041
158139433: 2377 66529
158175343: 4447 35569
158468489: 1229 128941
159887173: 853 187441
161158601: 8311 19391
162561631: 23 67 105491
162776629: 19 31 43 6427
163485091: 7 11 223 9521
164063797: 2939 55823
164714761: 3209 51329
165030133: 263 627491
165283471: 9091 18181
165890561: 5591 29671
166442251: 6451 25801
166595131: 9127 18253
166724041: 11 61 241 1031
166987147: 1759 94933
167188861: 7 61 151 2593
167579497: 6473 25889
168015277: 139 157 7699
168443887: 157 859 1249
168554569: 313 538513
169407577: 4339 39043
169700081: 3761 45121
170690269: 2347 72727
171800201: 8581 20021
172002029: 10159 16931
172018667: 10709 16063
172232369: 3389 50821
172272187: 6563 26249
172534051: 157 313 3511
173647585: 5 23 31 67 727
174898249: 19 31 296941
175904851: 23 89 85933
176597821: 9397 18793
176736101: 7349 24049
177439061: 7691 23071
178052221: 9521 18701
178482151: 151 331 3571
179552751: 3 7 521 16411
183368357: 3253 56369
185131483: 3253 56911
185653333: 7867 23599
186750779: 10093 18503
187139593: 109 223 7699
187915213: 73 2574181
188413405: 5 19 227 8737
189686503: 9739 19477
191279089: 7393 25873
191664929: 977 196177
191845249: 10729 17881
195579697: 223 859 1021
196287391: 9907 19813
196706851: 11 241 74201
197466361: 4057 48673
198705431: 3323 59797
199308451: 67 101 29453
199789441: 8161 24481
200001829: 157 859 1483
200155933: 31 739 8737
200436859: 7 967 29611
203218451: 4271 47581
203269177: 7129 28513
203687203: 6607 30829
203843251: 1151 177101
204421801: 2351 86951
204697429: 9049 22621
204730027: 7333 27919
204781637: 4271 47947
205183243: 3169 64747
205364251: 11701 17551
207908009: 4271 48679
208139311: 1031 201881
208509715: 5 227 183709
208615843: 5107 40849
210216451: 101 2081351
210521143: 7 157 223 859
213835861: 19 31 43 8443
213842539: 313 547 1249
214810771: 7 223 241 571
215612401: 4073 52937
216474259: 6007 36037
217112591: 13451 16141
217517653: 10429 20857
217985491: 11161 19531
219675341: 131 1676911
219802589: 6053 36313
220471841: 8573 25717
220531501: 10501 21001
220620997: 1297 170101
221281999: 19 31 43 8737
223631521: 2281 98041
224339221: 757 296353
226366003: 10639 21277
227132641: 10657 21313
227205749: 29 547 14323
227418133: 8707 26119
227512651: 2851 79801
228483377: 5039 45343
232788109: 4153 56053
232794253: 10789 21577
233589601: 7 151 223 991
234607073: 2381 98533
234610291: 10831 21661
234615781: 19 31 379 1051
234870301: 10837 21673
235375841: 641 367201
235476697: 7673 30689
236080373: 5323 44351
236470249: 1009 234361
237382831: 7 223 241 631
240414001: 3061 78541
240436489: 229 1049941
241587431: 2591 93241
241688701: 661 365641
242144041: 1433 168977
242969299: 9439 25741
243789701: 2311 105491
243875881: 103 271 8737
243992011: 2791 87421
244413379: 7 37 331 2851
246487597: 2693 91529
248170891: 331 749761
251642129: 8689 28961
252110477: 2543 99139
252853921: 9181 27541
253158751: 11251 22501
253367185: 5 19 31 227 379
254047981: 11 61 241 1571
254527561: 5641 45121
257460851: 6551 39301
259378201: 101 2568101
259959001: 281 925121
260156101: 5101 51001
262806831: 3 3 7 617 6761
264800323: 1279 207037
265542301: 1201 221101
265687567: 13309 19963
265731931: 11527 23053
265924921: 3559 74719
267118417: 10337 25841
268626181: 9463 28387
268969221: 3 3 3 859 11597
269547739: 6703 40213
269744749: 1093 246793
269803801: 43 131 211 227
271672633: 631 430543
272615201: 9533 28597
274090097: 5519 49663
274954993: 2887 95239
275156461: 19 131 227 487
275733721: 1621 170101
276066253: 31 379 23497
276751201: 10891 25411
276794761: 3631 76231
277210081: 9613 28837
277477903: 11779 23557
277772221: 109 331 7699
278943061: 9643 28927
279033049: 557 500957
279792721: 13 73 294829
279850951: 163 223 7699
281288801: 5591 50311
282589651: 11887 23773
282707461: 127 883 2521
283897883: 7691 36913
284040801: 3 3 11 139 20641
284555041: 14323 19867
285790819: 6203 46073
288025363: 7237 39799
288630343: 6007 48049
288997633: 7603 38011
289477891: 53 227 24061
290291681: 6101 47581
293346637: 13267 22111
296072071: 43 2467 2791
297499339: 10909 27271
299207923: 7 1531 27919
299671921: 12241 24481
300131833: 3907 76819
300164287: 8663 34649
300262141: 37 151 223 241
301845853: 31 43 127 1783
302204033: 10037 30109
302408371: 4969 60859
302560501: 5501 55001
303035881: 31 71 131 1051
306101173: 7 157 223 1249
306638413: 6619 46327
307411345: 5 31 227 8737
307849741: 13591 22651
309755393: 13633 22721
309969199: 947 327317
310962361: 4409 70529
312773141: 10211 30631
313037731: 131 191 12511
314943767: 3623 86929
315151433: 8369 37657
316315117: 8893 35569
316418401: 13 1597 15241
316583041: 10273 30817
318166669: 1733 183593
318740869: 1279 249211
319144951: 101 131 24121
321114871: 7 11 223 18701
321252037: 197 1630721
322020973: 157 313 6553
322486321: 61 151 157 223
324051253: 5693 56921
325098901: 101 131 24571
329558941: 7039 46819
332628871: 8443 39397
332836813: 19 43 307 1327
333619357: 9133 36529
333879361: 3517 94933
334487521: 18289 18289
335814883: 313 859 1249
336273211: 12967 25933
336379681: 11 61 491 1021
337767977: 2213 152629
338682961: 19 739 24121
341096881: 11681 29201
342265951: 11701 29251
342544831: 6791 50441
342569671: 4363 78517
342859843: 6547 52369
344082043: 6679 51517
344347081: 13 397 66721
344395283: 13553 25411
346446871: 12409 27919
346989857: 2243 154699
347056315: 5 23 31 67 1453
348253151: 101 131 26321
348668321: 10781 32341
349154137: 6229 56053
350743213: 7079 49547
351723769: 4093 85933
351861343: 3571 98533
354118231: 37 2593 3691
355117153: 5227 67939
359089091: 16411 21881
359705371: 8941 40231
359935603: 223 859 1879
361198241: 10973 32917
362430511: 10739 33749
363520111: 389 934499
368355691: 11 991 33791
369236341: 199 241 7699
370268501: 491 754111
371376631: 13627 27253
371603779: 1399 265621
372383857: 9649 38593
372815191: 7 223 241 991
374195473: 7687 48679
375357163: 4567 82189
376354945: 5 19 3961631
377978401: 6481 58321
379835695: 5 227 379 883
380142757: 9749 38993
382060141: 61 6263281
382572851: 14939 25609
383069083: 67 89 227 283
383425351: 9791 39161
384223921: 1861 206461
384369841: 1297 296353
384715091: 12479 30829
384993451: 9811 39241
385065391: 3271 117721
385723801: 61 691 9151
385832809: 17569 21961
386865397: 8263 46819
387503957: 16073 24109
387544615: 5 19 227 17971
388482659: 14557 26687
389293351: 4651 83701
389925629: 5099 76471
391930003: 13999 27997
392114269: 15877 24697
393289051: 43 101 137 661
393871633: 15373 25621
394314901: 71 211 26321
394528531: 19333 20407
394851241: 43 1051 8737
395207107: 6287 62861
402513931: 157 313 8191
403104913: 7589 53117
403419901: 61 859 7699
404558617: 8009 50513
408973091: 3371 121321
410044951: 71 101 211 271
410746051: 5851 70201
411988207: 16573 24859
412402631: 8291 49741
414706501: 11 1201 31391
415476343: 7207 57649
416121301: 6151 67651
417746629: 6163 67783
418667401: 9151 45751
418755937: 1489 281233
419691581: 7481 56101
419701387: 7 223 313 859
422521051: 2851 148201
424820257: 4729 89833
426053393: 2273 187441
426409285: 5 43 227 8737
428180191: 3911 109481
428721037: 1669 256873
428842537: 1109 386693
429890581: 11971 35911
430276537: 9277 46381
432525607: 10399 41593
432926839: 1759 246121
433224667: 379 1143073
434088449: 4547 95467
434541817: 6949 62533
434644033: 12037 36109
434835641: 10729 40529
435182777: 9871 44087
435408619: 6599 65981
436509457: 1627 268291
437747935: 5 19 53 227 383
438191521: 3121 140401
439309261: 14821 29641
441758461: 8581 51481
443649137: 953 465529
445664759: 4523 98533
446715221: 12203 36607
448222609: 10861 41269
449461183: 223 503 4007
451817401: 7 223 241 1201
452706937: 13457 33641
453385381: 5651 80231
454745773: 4447 102259
454945501: 5701 79801
454982683: 19 227 105491
461137363: 9157 50359
461235061: 7 2593 25411
461272267: 10739 42953
462582667: 859 538513
462728857: 12907 35851
465505633: 12457 37369
465926761: 181 2574181
466315543: 463 1007161
467083399: 13669 34171
467929001: 7211 64891
468723331: 19 2791 8839
469268101: 2647 177283
469784561: 8849 53089
471107251: 19531 24121
471208879: 523 900973
472091497: 7243 65179
472491181: 31 43 127 2791
472708321: 12553 37657
473581057: 4993 94849
473694943: 6883 68821
475969231: 15427 30853
476059523: 6299 75577
477267481: 139 691 4969
479317561: 10321 46441
480388213: 1621 296353
480763001: 1931 248971
481734401: 17921 26881
483351217: 10993 43969
487207729: 11971 40699
487890703: 15619 31237
488716873: 17569 27817
490803461: 12791 38371
491578735: 5 19 1223 4231
492976901: 3701 133201
494606215: 5 1657 59699
495416503: 15739 31477
496036873: 109 163 27919
497612341: 31 541 29671
498059647: 11159 44633
500129281: 6203 80627
500985941: 12923 38767
502104373: 6469 77617
505292509: 1627 310567
511121161: 10111 50551
511773499: 5059 101161
512489671: 211 1051 2311
513384301: 17551 29251
515408041: 19 239 113501
516775361: 9281 55681
517456337: 7583 68239
517750201: 5689 91009
519248341: 6871 75571
519370433: 5323 97571
522419101: 251 2081351
523109287: 967 540961
524151253: 16189 32377
524545303: 7243 72421
525669377: 6529 80513
526980241: 8677 60733
539014861: 7 11 223 31391
539537941: 13411 40231
541350401: 401 1350001
542761301: 13451 40351
542883841: 4231 128311
543266177: 15259 35603
543367441: 4861 111781
546911569: 10459 52291
549452003: 15131 36313
549557251: 19141 28711
550052137: 7417 74161
552573793: 10513 52561
553321693: 8317 66529
554118661: 13591 40771
554368987: 17659 31393
557511499: 103 137 39509
557794177: 7873 70849
557876479: 9643 57853
559059481: 211 1051 2521
560022391: 1693 330787
560748161: 3137 178753
564600823: 14461 39043
566638941: 3 11 547 31391
567815617: 10657 53281
572917141: 18251 31391
574277851: 7 37 61 163 223
579047009: 2027 285667
581055623: 6959 83497
582065851: 241 1201 2011
582646069: 73 7981453
584441131: 79 1051 7039
585809261: 2741 213721
586579111: 61 1249 7699
586871377: 547 859 1249
587565221: 7481 78541
590414977: 10867 54331
590617171: 991 595981
591043771: 17191 34381
591238369: 5521 107089
595034611: 691 861121
595996699: 9967 59797
596034181: 19301 30881
596301961: 18397 32413
596675941: 31 2203 8737
598318339: 3607 165877
598923781: 2341 255841
600507277: 12253 49009
600911611: 10453 57487
601279051: 1367 439853
604546501: 13 601 77377
606692729: 14779 41051
606789097: 20113 30169
610252657: 7 223 313 1249
610469113: 2729 223697
610889137: 21961 27817
613332721: 6007 102103
613544611: 11677 52543
614354851: 11 61 631 1451
616372781: 19231 32051
624732421: 14431 43291
624955321: 199 991 3169
628903213: 9479 66347
630888481: 17761 35521
631314811: 109 163 35533
636111451: 12611 50441
640298023: 23857 26839
641069729: 10337 62017
644593351: 251 2568101
647817913: 11383 56911
647941631: 20641 31391
651861761: 14741 44221
653553811: 19 31 127 8737
654641681: 9241 70841
659846021: 14831 44491
661213063: 7 223 613 691
663224311: 131 227 22303
663869509: 4153 159853
664574653: 18229 36457
665626501: 5501 121001
665743429: 13 73 317 2213
667578871: 8171 81701
669212641: 2683 249427
669711961: 6277 106693
672602737: 1249 538513
674672065: 5 31 89 48907
675654409: 17 3833 10369
676880821: 18397 36793
678168401: 8681 78121
678465061: 2731 248431
679053677: 13457 50461
681303241: 18457 36913
682276993: 20233 33721
682460501: 15083 45247
685374691: 31 67 79 4177
686003401: 8731 78571
688482523: 157 1249 3511
692045729: 9769 70841
696032791: 10771 64621
696447181: 18661 37321
697712401: 1009 691489
700951681: 5521 126961
702773011: 2593 271027
706915009: 8017 88177
710011501: 2221 319681
711304903: 18859 37717
713620001: 401 1779601
714232699: 6389 111791
715427861: 15443 46327
716792023: 7573 94651
717164449: 23 43 67 79 137
725368471: 9041 80231
728028319: 14779 49261
729854401: 3301 221101
730704133: 15607 46819
732302299: 3011 243209
733488209: 11057 66337
734614303: 12547 58549
736162561: 1621 454141
736915033: 139 5301547
737675083: 6521 113123
739683437: 21067 35111
740355199: 13009 56911
742665331: 19 23 131 12973
742941937: 2797 265621
743526401: 2741 271261
743832091: 9643 77137
744118657: 22273 33409
744803221: 4549 163729
746125921: 523 1426627
747374669: 887 842587
747912961: 10337 72353
747972359: 18233 41023
749782939: 619 1211281
752519041: 1889 398369
753022201: 13721 54881
753379843: 5527 136309
753574537: 12277 61381
756669763: 25111 30133
757306639: 37 163 199 631
757630801: 4721 160481
758493601: 15901 47701
759622753: 19489 38977
760222387: 37 199 223 463
763240417: 4289 177953
768916661: 16981 45281
776081503: 19699 39397
776516833: 19 43 53 79 227
777613717: 4969 156493
779566211: 11399 68389
780178001: 9311 83791
781981201: 29 859 31391
787209277: 14029 56113
788912021: 13241 59581
790269721: 15661 50461
790468141: 10627 74383
791118043: 2707 292249
791423953: 4673 169361
793122601: 131 251 24121
796066571: 11519 69109
798686101: 4261 187441
799395013: 223 1021 3511
807857389: 15193 53173
808635521: 3767 214663
808763971: 13049 61979
811231441: 7121 113921
813015901: 7621 106681
814618249: 14533 56053
816002419: 139 1933 3037
820281491: 17539 46769
820305601: 19 31 499 2791
820884835: 5 19 23 43 8737
821399167: 3583 229249
822815531: 26557 30983
823979417: 21529 38273
826157905: 5 19 31 53 67 79
826709509: 27919 29611
826860961: 4861 170101
828473641: 5011 165331
829163561: 14051 59011
830231821: 10891 76231
832048447: 14423 57689
832704007: 967 861121
832870891: 20407 40813
833824181: 11789 70729
839208439: 11827 70957
840618793: 7 223 538513
843463501: 151 1201 4651
844742371: 11 76794761
844893901: 5701 148201
845687701: 19 89 500111
846508321: 7057 119953
846810589: 5227 162007
847474097: 7517 112741
852952459: 5059 168601
853144723: 877 972799
853877641: 9241 92401
854868257: 23873 35809
855335803: 7 59 269 7699
855574931: 4831 177101
859787011: 7331 117281
862914341: 17989 47969
865607557: 3517 246121
866532263: 7649 113287
867052481: 491 1765891
867100417: 26881 32257
872750623: 3253 268291
873631027: 14779 59113
874521313: 3067 285139
879196897: 9377 93761
880946401: 601 1465801
881214067: 14843 59369
882656479: 5827 151477
883757239: 157 859 6553
886922851: 14891 59561
887570599: 12163 72973
890485135: 5 23 379 20431
890604127: 7 163 631 1237
894611911: 25903 34537
895054081: 6529 137089
897756751: 21187 42373
900829321: 7 241 523 1021
905368441: 10321 87721
907514561: 17393 52177
909389287: 8893 102259
910355221: 433 1297 1621
917980867: 863 1063709
918400033: 17497 52489
919233151: 8941 102811
920711045: 5 23 457 17519
923503921: 22651 40771
925934683: 9623 96221
928686991: 4621 200971
929238913: 13633 68161
933262261: 9661 96601
935008523: 9437 99079
935919865: 5 227 383 2153
938030101: 17683 53047
939131719: 223 547 7699
940191841: 61 491 31391
941178547: 19 67 227 3257
941363281: 11597 81173
942088201: 17 41 233 5801
943672321: 10369 91009
943992037: 313 859 3511
944657443: 10867 86929
945755431: 151 6263281
945838657: 3457 273601
946323841: 17761 53281
949358801: 10271 92431
949778911: 6571 144541
950693251: 19501 48751
954132821: 5197 183593
957516931: 7 109 163 7699
958211563: 613 1021 1531
960076627: 19597 48991
960946321: 11717 82013
962097559: 103 1327 7039
964200421: 23473 41077
964677241: 11 61 151 9521
964995601: 977 987713
965516647: 23857 40471
969415529: 3833 252913
973313317: 733 1327849
974303185: 5 19 31 47 7039
979476751: 11 151 491 1201
980605369: 1129 868561
984133441: 193 257 19841
989283481: 12841 77041
991190653: 3967 249859
991913081: 5483 180907
992045827: 27919 35533
997807819: 19 31 43 39397
999260501: 18251 54751
1002071071: 20021 50051
1002980179: 613 631 2593
1004209411: 5011 200401
1007969481: 3 3 3 139 491 547
1008777001: 15881 63521
1010274451: 3253 310567
1011284819: 12983 77893
1012136581: 1093 926017
1012998673: 6637 152629
1013211631: 17657 57383
1014119947: 15923 63689
1015269391: 22531 45061
1016802235: 5 227 895861
1016894761: 15241 66721
1017573841: 2161 470881
1018961287: 1163 876149
1019091943: 11287 90289
1022336611: 6043 169177
1025529649: 8269 124021
1027354321: 7 37 109 151 241
1027526501: 701 1465801
1027988053: 53 79 245519
1028236369: 8017 128257
1032101461: 22717 45433
1034283421: 22741 45481
1034768771: 19699 52529
1035693187: 3847 269221
1036924331: 8269 125399
1037945101: 27901 37201
1042883443: 7 37 523 7699
1045677613: 1933 540961
1045829737: 3529 296353
1046405377: 25057 41761
1048727521: 3691 284131
1050721561: 22921 45841
1056869137: 8689 121633
1058277151: 17389 60859
1060794769: 13297 79777
1063213641: 3 3 3 7 139 40471
1063713031: 4283 248357
1065413753: 173 2237 2753
1067064781: 12347 86423
1072549051: 7 223 241 2851
1078837817: 10949 98533
1083349387: 223 631 7699
1083395041: 137 443 17851
1083730201: 421 2574181
1091948051: 26981 40471
1098433051: 27061 40591
1103216461: 569 853 2273
1105322653: 23509 47017
1107379681: 19213 57637
1108505777: 8597 128941
1109297281: 1471 754111
1112502403: 89 419 29833
1112967991: 9631 115561
1114277221: 631 1765891
1114620373: 433 2574181
1117122967: 6823 163729
1118086831: 37 991 30493
1120297697: 27329 40993
1121255407: 2539 441613
1123406047: 16759 67033
1123566991: 61 151 223 547
1135428031: 23827 47653
1135577953: 21313 53281
1136142911: 29191 38921
1142300503: 23899 47797
1142692651: 151 1201 6301
1144759351: 31 101 131 2791
1149008689: 5857 196177
1149032981: 19571 58711
1152258841: 5581 206461
1154691409: 13873 83233
1155408409: 31 43 379 2287
1163716333: 13 1597 56053
1170614593: 12097 96769
1175319289: 3719 316031
1177874587: 30697 38371
1180697743: 6427 183709
1184554801: 24337 48673
1186915861: 19891 59671
1190531821: 14713 80917
1195642337: 8513 140449
1196969707: 17299 69193
1204176751: 17351 69401
1205606533: 20047 60139
1210761321: 3 7 11 431 12161
1214527861: 19 227 379 743
1217181061: 20143 60427
1219064491: 19 31 43 127 379
1219389697: 12097 100801
1222568707: 17483 69929
1224443221: 89 227 60607
1227278011: 4019 305369
1232516171: 21499 57329
1236032227: 17579 70313
1237644307: 7867 157321
1241055481: 6133 202357
1241839501: 7 223 241 3301
1242693121: 20353 61057
1245452209: 16193 76913
1248140521: 67 661 28183
1249785941: 20411 61231
1252046329: 2939 426011
1255705011: 3 3 3 3 11 139 10139
1258094801: 28961 43441
1258239871: 7 37 631 7699
1258962541: 22441 56101
1259514281: 14489 86929
1260782161: 13421 93941
1261099531: 25111 50221
1261191847: 59 21376133
1262386337: 5297 238321
1263783377: 5693 221989
1268946253: 25189 50377
1269315893: 2939 431887
1274508661: 6871 185491
1275619753: 15973 79861
1284674899: 22669 56671
1284674969: 14633 87793
1288349851: 11351 113501
1289348407: 10589 121763
1289698541: 4421 291721
1297219771: 71 131 211 661
1297387855: 5 227 1143073
1301971453: 1327 981139
1302422221: 27281 47741
1306022859: 3 3 3 3 29 613 907
1309531861: 11 37 491 6553
1310811217: 2393 547769
1311284801: 12071 108631
1312845661: 25621 51241
1316475749: 14813 88873
1316896501: 5849 225149
1319315713: 13729 96097
1324044907: 7069 187303
1324731591: 3 3 3 3 521 31391
1327026403: 25759 51517
1327244095: 5 23 89 103 1259
1327745989: 10987 120847
1332634843: 223 463 12907
1335105703: 139 1933 4969
1335954547: 23117 57791
1340121257: 12203 109819
1340628199: 11579 115781
1343904241: 43 131 227 1051
1346316973: 79 89 419 457
1351184017: 4957 272581
1352401597: 9829 137593
1356681691: 43 127 248431
1358065333: 613 631 3511
1358425741: 13931 97511
1359803413: 6733 201961
1362132541: 7 11 37 179 2671
1362742561: 10657 127873
1368450205: 5 19 23 31 89 227
1368769681: 26161 52321
1370357557: 997 1374481
1373329927: 8287 165721
1375684831: 26227 52453
1376483627: 30293 45439
1376799577: 18553 74209
1377988201: 8101 170101
1378798321: 13411 102811
1380023413: 6011 229583
1393946227: 11807 118061
1395283231: 2063 676337
1397357851: 18691 74761
1399559797: 4231 330787
1399860901: 8101 172801
1400725981: 61 151 241 631
1402886269: 23689 59221
1404116689: 3407 412127
1406346481: 8317 169093
1412437501: 20089 70309
1412756801: 21701 65101
1414490113: 12097 116929
1415964961: 6361 222601
1419575167: 18839 75353
1419673529: 53 79 339067
1423958537: 2297 619921
1431331021: 127 131 227 379
1433928581: 21863 65587
1434939661: 37 61 223 2851
1438819357: 7369 195253
1445539577: 1753 824609
1446812641: 21961 65881
1447660339: 523 2767993
1449620797: 33749 42953
1455403489: 8009 181721
1455763891: 7211 201881
1456504237: 3499 416263
1457073889: 1399 1041511
1461541789: 35911 40699
1462195309: 12907 113287
1464351903: 3 3 7 859 27059
1468568711: 9787 150053
1473041767: 8443 174469
1479647233: 17203 86011
1479761377: 12823 115399
1480849831: 27211 54421
1484542489: 3433 432433
1488103681: 29881 49801
1492762133: 22307 66919
1494512353: 6113 244481
1497221281: 27361 54721
1502124427: 19379 77513
1504633423: 24533 61331
1505432881: 31 43 883 1279
1507268005: 5 19 1223 12973
1509450721: 241 6263281
1515664153: 27529 55057
1515785041: 331 991 4621
1517410681: 4153 365377
1524708013: 14759 103307
1526398651: 223 991 6907
1529648231: 33871 45161
1532419099: 9787 156577
1533343261: 10111 151651
1533555271: 27691 55381
1537855961: 11321 135841
1538604523: 3923 392201
1539583921: 13873 110977
1544015773: 73 937 22573
1544315441: 34033 45377
1545932389: 20441 75629
1546249951: 13903 111217
1547125507: 24877 62191
1548815717: 9689 159853
1563799981: 14947 104623
1568259001: 19801 79201
1568916311: 34303 45737
1570180057: 8089 194113
1576759045: 5 31 43 236573
1580591011: 16231 97381
1581576641: 22961 68881
1581616081: 8293 190717
1581943837: 5413 292249
1591392349: 157 2887 3511
1591544809: 757 1297 1621
1594768501: 33751 47251
1596163241: 659 2422099
1597184761: 8521 187441
1602581297: 25841 62017
1609848151: 7583 212297
1611363601: 23 31 67 89 379
1612689981: 3 7 76794761
1614519331: 151 223 47947
1616387653: 28429 56857
1619447437: 36929 43853
1625075321: 12541 129581
1625925121: 15241 106681
1627644961: 23293 69877
1627816681: 211 883 8737
1635200533: 37 631 70039
1637436457: 20233 80929
1638564181: 23371 70111
1642736519: 16547 99277
1646349841: 8461 194581
1646590843: 14347 114769
1649012143: 30697 53719
1649383273: 8123 203051
1649863717: 9319 177043
1650682153: 28729 57457
1651132111: 10159 162529
1657119223: 9103 182041
1659543001: 151 1201 9151
1660392343: 14407 115249
1662237697: 6529 254593
1667964403: 7 37 223 28879
1671276601: 20441 81761
1672239389: 10559 158371
1673513731: 28927 57853
1674113421: 3 29 613 31391
1674503821: 15467 108263
1674782851: 7 223 859 1249
1676755777: 1597 1049941
1677510667: 7 313 613 1249
1678151707: 20483 81929
1679405599: 5077 330787
1683187501: 31 2251 24121
1689588269: 10069 167801
1692015209: 18097 93497
1697558501: 33641 50461
1707421633: 23857 71569
1710952601: 7351 232751
1713601217: 13799 124183
1715115751: 4751 361001
1715450023: 7 223 313 3511
1718408641: 97 2081 8513
1723279699: 37 613 75979
1724060911: 26261 65651
1724475757: 11261 153137
1727180281: 1511 1143071
1727194153: 11527 149839
1728969289: 6199 278911
1729548151: 331 571 9151
1731541813: 36037 48049
1731995497: 20809 83233
1732782811: 3271 529741
1734361931: 33391 51941
1739529457: 13903 125119
1746182881: 6373 273997
1747165897: 34129 51193
1757000341: 8221 213721
1757610983: 22963 76541
1762538581: 22441 78541
1764972301: 19 131 379 1871
1769976541: 241 991 7411
1782324811: 19 3889 24121
1785414061: 15971 111791
1789197919: 25903 69073
1789486129: 31 6607 8737
1790677193: 31541 56773
1791432521: 857 2090353
1791745789: 7603 235663
1801093939: 14557 123727
1805306609: 4337 416257
1805555201: 24533 73597
1808205701: 24551 73651
1812675757: 367 4939171
1812678401: 9601 188801
1820346481: 19081 95401
1827702101: 24683 74047
1827791281: 337 2017 2689
1830029347: 5591 327317
1835114401: 24733 74197
1841246749: 331 1063 5233
1850233897: 19237 96181
1851118501: 9871 187531
1854597851: 10151 182701
1859787187: 21563 86249
1860121771: 6521 285251
1860977953: 3583 519391
1861482043: 9199 202357
1862571151: 7 223 241 4951
1863350981: 9941 187441
1868292589: 103 1327 13669
1869673873: 25841 72353
1876064191: 6007 312313
1876900481: 25013 75037
1877948011: 19 131 821 919
1880544907: 21683 86729
1881309697: 593 3172529
1882645389: 3 3 3 859 81173
1885021777: 19417 97081
1886239781: 9739 193679
1892594401: 35521 53281
1894804021: 11 61 151 18701
1894909141: 30781 61561
1899971137: 5407 351391
1903473783: 3 3 3 29 1021 2381
1906492141: 1621 1176121
1909566073: 19543 97711
1910668033: 25237 75709
1920840391: 26839 71569
1922485969: 19609 98041
1924975879: 27749 69371
1925040493: 433 4445821
1928307163: 27773 69431
1928450371: 10979 175649
1928585777: 14639 131743
1930403333: 25367 76099
1930447501: 16607 116243
1934249521: 43 71 227 2791
1937105941: 25411 76231
1943024581: 13291 146191
1945350259: 11027 176417
1948655017: 757 2574181
1950369247: 19 31 379 8737
1950575551: 36061 54091
1950645187: 13967 139661
1959274153: 12277 159589
1964099341: 71 1051 26321
1965183001: 15401 127601
1971531151: 9467 208253
1972522861: 16787 117503
1974474049: 9697 203617
1975987001: 29101 67901
1976089987: 13109 150743
1976094631: 7 37 991 7699
1976505571: 19 227 487 941
1978305841: 11681 169361
1983904393: 13259 149627
1984865521: 3793 523297
1985934187: 307 919 7039
1994203213: 16879 118147
1995401357: 36473 54709
1997844157: 22349 89393
2002092067: 11959 167413
2012708881: 4421 455261
2012837191: 29 61 911 1249
2014209871: 21157 95203
2018761111: 31771 63541
2019327521: 7823 258127
2022213311: 41051 49261
2023295251: 9151 221101
2024869991: 18371 110221
2030600833: 26017 78049
2031357439: 167 1163 10459
2032248961: 20161 100801
2032461451: 39043 52057
2033456641: 10729 189529
2034348961: 26041 78121
2036224321: 26053 78157
2038374031: 31 67 89 11027
2039888131: 18439 110629
2041265041: 17077 119533
2047077937: 6361 321817
2047867873: 5297 386609
2050949809: 9883 207523
2051329981: 15121 135661
2059457851: 11 37 223 22691
2061251749: 38371 53719
2063473057: 31 103 487 1327
2069485013: 39397 52529
2070189421: 6709 308569
2075486827: 14407 144061
2078069563: 8059 257857
2080215127: 34981 59467
2086236181: 26371 79111
2086973041: 31 2791 24121
2087559293: 4397 474769
2088768533: 26387 79159
2094784687: 9343 224209
2097580697: 29983 69959
2099750977: 10513 199729
2102740889: 10007 210127
2104856153: 197 10684549
2109744823: 14419 146317
2118597955: 5 67 727 8699
2121988051: 151 1201 11701
2126184337: 8563 248299
2126773741: 17431 122011
2126800747: 23059 92233
2136140621: 18869 113209
2137495361: 26693 80077
2139106261: 8741 244721
2143198997: 25357 84521
2143567373: 35863 59771
2144721901: 7 223 241 5701
2147291821: 19 6679 16921
2147903287: 31793 67559
2148892903: 32779 65557
2150969633: 26777 80329
2153607941: 13397 160753
2154301657: 16673 129209
2155528873: 2053 1049941
2155932433: 73 1597 18493
2165069761: 19841 109121
2168869949: 19013 114073
2169646561: 26893 80677
2170186021: 32941 65881
2173134421: 19441 111781
2174790619: 17029 127711
2175136133: 26927 80779
2177027821: 487 541 8263
2177645557: 23333 93329
2185704553: 12967 168559
2190225871: 127 883 19531
2191017571: 43 379 134443
2193471377: 11833 185369
2194422751: 37 151 523 751
2196278143: 21391 102673
2197675307: 4013 547639
2197813333: 27067 81199
2199872341: 61 151 241 991
2202101761: 17737 124153
2216123671: 19219 115309
2217622457: 30829 71933
2220382627: 9619 230833
2223501481: 11437 194413
2224877323: 14557 152839
2230036681: 8221 271261
2231341999: 28927 77137
2233031701: 27283 81847
2234202049: 21139 105691
2235524509: 1567 1426627
2238449851: 11 491 414451
2242069201: 5077 441613
2246809153: 13147 170899
2249128417: 5521 407377
2256489901: 271 541 15391
2259650963: 29717 76039
2271286183: 9007 252169
2271409633: 6547 346939
2280258859: 38287 59557
2280940639: 10069 226531
2286921113: 2633 868561
2293014533: 27647 82939
2297733173: 12517 183569
2298727121: 13841 166081
2301745249: 727 1453 2179
2302706551: 39181 58771
2307480211: 33967 67933
2307990001: 8629 267469
2308317547: 2903 795149
2310123589: 15733 146833
2313259391: 10939 211469
2314850561: 30097 76913
2318628841: 25147 92203
2318938931: 20431 113501
2323143649: 14533 159853
2341075843: 17107 136849
2346747401: 1601 1465801
2359156471: 7 223 241 6271
2360376257: 47041 50177
2360519701: 19 43 103 28051
2361316621: 18367 128563
2369012651: 14051 168601
2370442501: 7 223 241 6301
2375603551: 1987 1195573
2385574201: 34537 69073
2390436091: 43 211 487 541
2391185801: 6791 352111
2394915421: 2281 1049941
2395455553: 3457 692929
2401060117: 40009 60013
2410245473: 25639 94007
2416134241: 14821 163021
2425477237: 11299 214663
2425728397: 9829 246793
2426647763: 41051 59113
2428870753: 34849 69697
2429365447: 19333 125659
2432185111: 2683 906517
2438403661: 739 821 4019
2448374689: 22129 110641
2448378259: 41399 59141
2448413893: 19793 123701
2449191841: 28573 85717
2451260831: 30319 80849
2456536681: 271 1171 7741
2462008309: 11597 212297
2473802101: 11411 216791
2483220601: 1801 1378801
2483255947: 31517 78791
2484548947: 24923 99689
2485090261: 15031 165331
2490413183: 2699 922717
2493698131: 35311 70621
2495761889: 18043 138323
2501012599: 12503 200033
2503478143: 26371 94933
2504996173: 631 1531 2593
2506147291: 19 31 487 8737
2514929581: 35461 70921
2514936079: 15859 158581
2515514137: 6673 376969
2515535731: 103 24422677
2516234251: 20479 122869
2517963829: 7027 358327
2519230141: 757 1621 2053
2521290661: 15121 166741
2529410281: 223 2221 5107
2531801071: 12781 198091
2533465661: 20549 123289
2535849229: 31849 79621
2537105761: 35617 71233
2540549881: 23761 106921
2544326929: 20593 123553
2553913121: 3389 753589
2553937651: 11551 221101
2555219713: 43777 58369
2561810161: 313 1249 6553
2562379399: 5807 441257
2565258121: 23689 108289
2569327129: 22669 113341
2572727909: 7103 362203
2575311733: 373 6904321
2576244023: 27941 92203
2593514041: 19 5659 24121
2597006017: 23761 109297
2598405421: 157 859 19267
2601366721: 9161 283961
2605557781: 31 43 127 15391
2611455751: 6301 414451
2615491451: 20879 125269
2617244033: 29537 88609
2634641951: 24197 108883
2635781461: 14821 177841
2636360191: 36307 72613
2639022721: 19417 135913
2652380609: 11777 225217
2654934631: 44623 59497
2660738771: 14891 178681
2666041051: 61 151 241 1201
2669885667: 3 3 29 547 18701
2671407701: 21101 126601
2672605657: 25849 103393
2673713929: 15139 176611
2675470351: 19 71 227 8737
2678184401: 28751 93151
2683025627: 42293 63439
2686816133: 29927 89779
2695064653: 36709 73417
2697636061: 13411 201151
2701878941: 21221 127321
2703039739: 14723 183593
2704546027: 26003 104009
2718640513: 47041 57793
2721256777: 17389 156493
2723932801: 30133 90397
2725357249: 21313 127873
2726640901: 4657 585493
2728624939: 16519 165181
2728730287: 26119 104473
2729006809: 33721 80929
2729336521: 4937 552833
2737789441: 19777 138433
2751778499: 16931 162529
2752336201: 14551 189151
2758984441: 5527 499183
2761545403: 37159 74317
2763243367: 11311 244297
2763262837: 487 1459 3889
2763271369: 23509 117541
2764670455: 5 227 379 6427
2774316313: 1549 1791037
2788025611: 7 223 241 7411
2789751763: 16703 167021
2798272387: 157 859 20749
2800836151: 19 101 379 3851
2805888739: 787 3565297
2822118769: 11593 243433
2823669801: 3 3 3 3 571 61051
2824685161: 14741 191621
2838680209: 28081 101089
2840195107: 19 31 43 127 883
2844897001: 31 131 251 2791
2851432501: 12251 232751
2855290901: 30851 92551
2863858999: 19 89 443 3823
2864096047: 26759 107033
2864311717: 22483 127399
2864687951: 21851 131101
2866785991: 21859 131149
2877769501: 43801 65701
2879806931: 23 67 71 26321
2892431701: 31051 93151
2893842001: 101 211 251 541
2895004927: 26903 107609
2898023521: 31081 93241
2904676633: 24103 120511
2904875191: 43 127 211 2521
2911022239: 22027 132157
2911965493: 49261 59113
2912592211: 6997 416263
2913106267: 2797 1041511
2915953633: 31177 93529
2916924121: 23761 122761
2918021131: 3547 822673
2927963231: 22091 132541
2933563781: 31271 93811
2943195421: 10253 287057
2943765631: 19183 153457
2954487551: 44381 66571
2957162101: 33301 88801
2962599121: 5527 536023
2964137001: 3 7 2551 55331
2966881039: 36313 81703
2968206601: 27241 108961
2972843551: 37 223 571 631
2977476989: 22277 133657
2978188141: 20627 144383
2981605771: 25741 115831
2983900033: 13249 225217
2986015873: 25537 116929
2990978407: 33461 89387
2994415201: 27361 109441
2995146179: 22343 134053
2995660081: 36901 81181
2996604451: 101 271 109481
3003840127: 8263 363529
3005085529: 17 41 1009 4273
3005281603: 49033 61291
3008717281: 9697 310273
3016428013: 20759 145307
3017211809: 11987 251707
3022619701: 7699 392599
3025714231: 2647 1143073
3030393901: 20807 145643
3032775703: 67 1453 31153
3033157921: 3229 939349
3036342961: 43 211 379 883
3037446127: 30187 100621
3042365617: 10243 297019
3042630533: 31847 95539
3044332267: 9463 321709
3044636687: 45053 67579
3045763111: 22531 135181
3046830067: 163 613 30493
3048428743: 41737 73039
3049386451: 27611 110441
3050782147: 7 139 631 4969
3052721377: 6521 468137
3053956453: 11383 268291
3054297997: 17477 174761
3056834551: 19 47 1051 3257
3057129109: 22573 135433
3057254513: 8243 370891
3058507513: 24733 123661
3064704457: 5303 577919
3071729443: 35053 87631
3074534299: 35069 87671
3076092361: 15383 199967
3077802001: 19 79 1051 1951
3080319859: 19037 161807
3083053387: 27763 111049
3088739881: 151 991 20641
3091864819: 43 71903833
3102259031: 22739 136429
3105534251: 22751 136501
3118588621: 5503 566707
3120152281: 6661 468421
3127461193: 6353 492281
3146902111: 39667 79333
3147622591: 239 1871 7039
3148721851: 11 61 691 6791
3152156611: 2671 1180141
3155535541: 19861 158881
3159849451: 11 9151 31391
3165858053: 479 6609307
3170262409: 37537 84457
3170613601: 10837 292573
3173271851: 4271 742981
3176875651: 46021 69031
3180567511: 11 61 151 31391
3182891401: 151 1201 17551
3184139701: 39901 79801
3184458481: 13687 232663
3185165791: 12781 249211
3185627743: 331 3037 3169
3187709263: 14419 221077
3189888001: 39937 79873
3191296499: 23063 138373
3192323681: 32621 97861
3195288721: 173 2753 6709
3205012963: 17903 179021
3215031751: 151 751 28351
3220929251: 33391 96461
3238053589: 9619 336631
3239702131: 61 151 547 643
3250405801: 61 241 221101
3253162921: 8233 395137
3256500551: 13451 242101
3261194581: 32971 98911
3262781141: 4091 797551
3266657921: 3761 868561
3271104601: 8171 400331
3272976307: 103 3637 8737
3281593591: 40507 81013
3283387273: 4357 753589
3292319471: 7 14983 31391
3295217971: 40591 81181
3297581641: 12841 256801
3297636343: 5743 574201
3299892877: 9199 358723
3301902449: 26687 123727
3306933541: 19441 170101
3307062709: 569 2273 2557
3307251221: 33203 99607
3307867993: 2179 1518067
3310186153: 12457 265729
3311236741: 33223 99667
3316160251: 15391 215461
3320270893: 691 967 4969
3320735461: 2381 1394681
3322551403: 40759 81517
3323813137: 2213 1501949
3325807729: 9007 369247
3330101347: 2803 1188049
3331422343: 20407 163249
3338712757: 1297 2574181
3344772839: 1607 2081377
3347214421: 33403 100207
3347504851: 13159 254389
3351561553: 16057 208729
3355382857: 19309 173773
3364070533: 33487 100459
3388968049: 17881 189529
3394046797: 45127 75211
3396131489: 4457 761977
3396353479: 37907 89597
3402758647: 47629 71443
3405516161: 6257 544273
3408200641: 41281 82561
3412575097: 29209 116833
3429601561: 67 89 487 1181
3430091491: 12487 274693
3441666181: 33871 101611
3442461877: 7639 450643
3442615351: 7 223 241 9151
3448620793: 26263 131311
3451008133: 19 31 53 227 487
3451202077: 797 4330241
3452102971: 12527 275573
3454238467: 23053 149839
3465187411: 7 61 151 223 241
3472853719: 12157 285667
3490197619: 13009 268291
3490433119: 11587 301237
3498145489: 12907 271027
3500797121: 27479 127399
3502970551: 41851 83701
3505364101: 34183 102547
3508999651: 41887 83773
3523416749: 45979 76631
3525403729: 23 1453 105491
3527380819: 24247 145477
3533662129: 15349 230221
3535184161: 11383 310567
3543561529: 37649 94121
3543672793: 7817 453329
3549842221: 9421 376801
3550378129: 13003 273043
3558966461: 5741 619921
3568588817: 19913 179209
3578228083: 7723 463321
3582244307: 48869 73303
3586256521: 9241 388081
3605151241: 42457 84913
3607842617: 51437 70141
3608115757: 9619 375103
3609494533: 34687 104059
3614111437: 46567 77611
3615880689: 3 3 3 29 1021 4523
3617633251: 71 101 131 3851
3630596257: 26947 134731
3632452741: 5827 623383
3637250371: 35569 102259
3637831753: 42649 85297
3643480501: 30181 120721
3650760415: 5 19 31 43 127 227
3652075351: 71 251 204931
3653628247: 30223 120889
3658519243: 6763 540961
3660812401: 2141 1709861
3663368977: 691 5301547
3665242951: 30271 121081
3668732341: 3449 1063709
3675171263: 51517 71339
3679485811: 36037 102103
3679657997: 49529 74293
3712618279: 23599 157321
3721247271: 3 3 3 7 859 22921
3723474217: 3697 1007161
3724766101: 7 223 241 9901
3724910837: 25639 145283
3727894771: 941 3961631
3735864763: 14407 259309
3758351605: 5 227 379 8737
3760983029: 25037 150217
3763815451: 11 139 269 9151
3766822669: 12037 312937
3766920301: 859 1249 3511
3772354483: 167 1163 19423
3773220881: 47581 79301
3777900391: 67 89 227 2791
3783032101: 103 137 268091
3785356387: 30763 123049
3785486293: 34129 110917
3785940199: 13759 275161
3786682369: 15889 238321
3788230081: 4231 895351
3795206827: 30803 123209
3813919453: 43669 87337
3821259331: 43711 87421
3823155001: 20611 185491
3844068791: 2963 1297357
3844988551: 21269 180779
3846828371: 491 547 14323
3869363737: 19 127 379 4231
3872013751: 13267 291853
3881445751: 31151 124601
3887683021: 23567 164963
3892503691: 25471 152821
3892928203: 44119 88237
3893239261: 16111 241651
3897547501: 19 23 103 131 661
3900164083: 7717 505399
3905876501: 36083 108247
3913434937: 10729 364753
3915262171: 22123 176977
3918101653: 4483 873991
3926444215: 5 67 2339 5011
3928653581: 25589 153529
3934531603: 8699 452297
3937994413: 23719 166027
3938447311: 38431 102481
3940128001: 14401 273601
3942298207: 5639 699113
3942600481: 28081 140401
3950915299: 3037 1300927
3952130311: 631 6263281
3955054027: 51349 77023
3970673947: 19927 199261
3975296755: 5 19 283 147863
3975411289: 4909 809821
3975414301: 31 47 53 51481
3975757501: 8581 463321
3978004009: 7 223 331 7699
3986664571: 44647 89293
3987009709: 31219 127711
3987598201: 1021 1531 2551
3994881823: 37 139 631 1231
4020144133: 36607 109819
4027218011: 32413 124247
4028771849: 25913 155473
4034370911: 25931 155581
4040166103: 13009 310567
4041405901: 13 277 701 1601
4044434831: 24631 164201
4044579991: 89 107 227 1871
4049673871: 23 31 131 191 227
4053006889: 14869 272581
4059776533: 36787 110359
4061452237: 35851 113287
4068828451: 4051 1004401
4073850961: 46441 87721
4073888071: 11 29 37 547 631
4074119681: 16481 247201
4074795511: 15959 255329
4086437587: 31963 127849
4087149617: 2729 1497673
4090440769: 7873 519553
4090575679: 5839 700561
4095653017: 107 743 51517
4103084701: 23 31 101 227 251
4119403843: 37 7699 14461
4122408871: 7 151 241 16183
4122991549: 43291 95239
4132459981: 13 15241 20857
4136189341: 40231 102811
4154263345: 5 31 127 239 883
4156707829: 2549 1630721
4159012439: 23549 176611
4160411251: 32251 129001
4160578951: 23 101 1791037
4162325831: 26339 158029
4164645313: 25453 163621
4165717537: 15137 275201
4170387493: 48817 85429
4171735277: 10343 403339
4172747401: 1621 2574181
4172804707: 32299 129193
4176824657: 52769 79153
4183664101: 32341 129361
4183969587: 3 7 613 325019
4186561633: 37357 112069
4195310417: 42403 98939
4200339791: 26459 158749
4206040357: 14879 282683
4217502449: 26513 159073
4219113901: 24551 171851
4227636337: 53089 79633
4232787521: 26561 159361
4233808153: 18047 234599
4249772101: 47 227 379 1051
4271116249: 40531 105379
4277166251: 24151 177101
4278910249: 4969 861121
4291402651: 13967 307253
4293538549: 22699 189151
