9: 3 3
49: 7 7
65: 5 13
87: 3 29
133: 7 19
261: 3 3 29
403: 13 31
679: 7 97
703: 19 37
931: 7 7 19
961: 31 31
1541: 23 67
1843: 19 97
2809: 53 53
3679: 13 283
4753: 7 7 97
5833: 19 307
8119: 23 353
8249: 73 113
8773: 31 283
8911: 7 19 67
9131: 23 397
11041: 61 181
11359: 37 307
12493: 13 31 31
12673: 19 23 29
12901: 7 19 97
15251: 101 151
23651: 67 353
26599: 67 397
28121: 61 461
34191: 3 3 29 131
47197: 109 433
48133: 127 379
49141: 157 313
52801: 7 19 397
54811: 59 929
56033: 137 409
64945: 5 31 419
65803: 23 2861
70801: 101 701
79381: 163 487
83441: 181 461
87287: 191 457
90307: 7 7 19 97
105851: 151 701
109801: 19 5779
114049: 13 31 283
140141: 353 397
146611: 271 541
148417: 193 769
175861: 7 7 37 97
191687: 67 2861
194503: 19 29 353
195371: 11 17761
196297: 73 2689
213823: 37 5779
215821: 19 37 307
224681: 83 2707
269011: 367 733
271963: 31 31 283
286903: 379 757
289441: 241 1201
306353: 83 3691
318451: 7 7 67 97
334369: 7 37 1291
340033: 337 1009
360533: 347 1039
410041: 41 73 137
452893: 7 23 29 97
453041: 449 1009
453151: 151 3001
453685: 5 31 2927
456301: 181 2521
459709: 233 1973
479119: 283 1693
481601: 401 1201
485431: 19 29 881
486019: 373 1303
497503: 499 997
498871: 37 97 139
503991: 3 3 29 1931
534061: 11 47 1033
536131: 541 991
537283: 29 97 191
543973: 23 67 353
550591: 31 17761
597871: 547 1093
611777: 23 67 397
661709: 149 4441
750541: 11 31 31 71
831281: 11 75571
849091: 19 23 29 67
857209: 137 6257
873181: 661 1321
885523: 23 38501
914551: 11 71 1171
939727: 307 3061
950779: 19 163 307
973241: 233 4177
1000001: 101 9901
1009933: 353 2861
1056331: 727 1453
1063981: 19 29 1931
1079827: 7 19 23 353
1085471: 571 1901
1135817: 397 2861
1144735: 5 283 809
1144833: 3 29 13159
1314631: 811 1621
1333333: 23 29 1999
1355201: 463 2927
1357621: 23 67 881
1433407: 599 2393
1457773: 349 4177
1459171: 7 7 97 307
1495051: 151 9901
1536523: 53 53 547
1539287: 227 6781
1576411: 19 29 2861
1627921: 571 2851
1644391: 7 7 37 907
1774153: 307 5779
1817743: 853 2131
1869211: 967 1933
1886941: 7 7 97 397
1892323: 1297 1459
1964161: 193 10177
2011969: 449 4481
2259583: 709 3187
2284453: 1069 2137
2291191: 7 7 19 23 107
2295871: 619 3709
2342701: 31 75571
2449357: 157 15601
2520541: 881 2861
2559113: 409 6257
2579567: 67 38501
2632033: 53 53 937
2743951: 7 7 29 1931
2840671: 19 307 487
2865619: 379 7561
2892229: 233 12413
2949541: 7 19 67 331
3063481: 61 50221
3068017: 449 6833
3110641: 157 19813
3167539: 727 4357
3223243: 23 353 397
3308059: 29 37 3083
3313529: 1303 2543
3341359: 7 7 19 37 97
3375487: 919 3673
3402449: 1429 2381
3440407: 587 5861
3443497: 619 5563
3470921: 761 4561
3535519: 13 31 31 283
3537667: 7 19 67 397
3541567: 29 97 1259
3568661: 1091 3271
3577993: 661 5413
3647621: 1103 3307
3768451: 971 3881
4062637: 19 37 5779
4408801: 23 67 2861
4510255: 5 59 15289
4521329: 1009 4481
4543621: 1231 3691
4567837: 1069 4273
4604299: 7 97 6781
4743121: 241 19681
4799887: 1789 2683
4874321: 23 211927
4883113: 313 15601
4886773: 661 7393
4997461: 7 7 79 1291
5031181: 19 23 29 397
5039651: 71 70981
5089901: 61 181 461
5184481: 211 24571
5206451: 311 16741
5292631: 1627 3253
5481451: 31 151 1171
5625739: 7 7 29 37 107
5723677: 757 7561
6186403: 1759 3517
6201469: 313 19813
6231331: 883 7057
6330721: 1453 4357
6334351: 727 8713
6342701: 1951 3251
6384951: 3 3 397 1787
6420481: 241 26641
6534641: 1201 5441
6594901: 1483 4447
6633217: 193 34369
6696097: 2113 3169
6710089: 23 291743
6894497: 1009 6833
6940601: 701 9901
6950923: 7 29 97 353
7108597: 233 30509
7236769: 673 10753
7262413: 1019 7127
7267051: 11 31 101 211
7396057: 389 19013
7576801: 19 29 13751
7598761: 1873 4057
7644673: 577 13249
7703291: 197 39103
7820201: 1831 4271
7826113: 769 10177
8004655: 5 283 5657
8044411: 23 397 881
8110351: 2153 3767
8241221: 1973 4177
8250409: 593 13913
8278981: 61 135721
8452837: 379 22303
8698069: 499 17431
8725753: 2089 4177
8751799: 7 19 23 2861
8957233: 31 283 1021
8959567: 947 9461
9062509: 31 283 1033
9090001: 181 50221
9131401: 2137 4273
9137329: 229 39901
9174829: 1237 7417
9280981: 919 10099
9342187: 967 9661
9389447: 67 353 397
9493903: 2179 4357
9863461: 2221 4441
9936301: 67 148303
9964921: 71 140351
9991537: 2707 3691
10217353: 887 11519
10360321: 1217 8513
10657459: 31 127 2707
10690951: 101 151 701
10792981: 991 10891
10880137: 613 17749
11456491: 2141 5351
11621849: 2273 5113
11903311: 7 29 191 307
11921821: 653 18257
12659989: 1453 8713
12895871: 599 21529
12924055: 5 31 199 419
13031701: 19 29 67 353
13073941: 2557 5113
13147333: 199 66067
13374593: 2833 4721
13554487: 199 68113
13590853: 353 38501
13807069: 3109 4441
13871341: 11 71 17761
14199109: 67 211927
14976991: 211 70981
15133121: 191 79231
15247621: 61 181 1381
15257089: 1009 15121
15283273: 1129 13537
15284897: 397 38501
15504301: 631 24571
15616303: 547 28549
15972781: 11 31 31 1511
15995449: 1789 8941
16324001: 2333 6997
16520533: 2347 7039
16531741: 59 280199
16655191: 7 19 97 1291
16661633: 2357 7069
16705021: 1669 10009
16883371: 757 22303
16988269: 1291 13159
17068321: 31 31 17761
17236801: 151 211 541
17321347: 1291 13417
17347771: 7 29 97 881
17378707: 997 17431
17477131: 7 19 331 397
17911807: 2677 6691
17980093: 31 619 937
18069745: 5 31 116579
18112513: 1609 11257
18674713: 1933 9661
18727201: 41 73 6257
18985627: 2179 8713
19139537: 191 100207
19368233: 2273 8521
19546781: 67 291743
19712239: 547 36037
19724299: 7 19 148303
19895401: 211 94291
19972009: 97 103 1999
20272253: 1163 17431
20310751: 3187 6373
20633167: 3709 5563
20836531: 67 353 881
21214051: 19 29 38501
21308197: 157 135721
21810359: 1907 11437
21935611: 919 23869
22103803: 2851 7753
22392913: 1789 12517
22397497: 67 353 947
22695751: 13 31 199 283
22724989: 7 23 191 739
23129633: 2777 8329
23228459: 23 353 2861
23403859: 2851 8209
23636881: 1201 19681
23868781: 1847 12923
23988703: 2683 8941
24266107: 1021 23767
24290779: 1559 15581
24490849: 1973 12413
24550241: 2861 8581
24565501: 181 135721
24735061: 13 541 3517
24966913: 1889 13217
25088779: 487 51517
25504051: 151 168901
25909453: 3943 6571
25992019: 19 37 36973
26017291: 3607 7213
26022919: 13 31 31 2083
26122979: 2087 12517
26123791: 23 397 2861
26429761: 769 34369
26442631: 2749 9619
26463431: 743 35617
26750413: 937 28549
27012001: 3001 9001
27331921: 3697 7393
27467587: 7 7 97 5779
27682073: 419 66067
27724249: 7 7 19 97 307
27737569: 823 33703
27872443: 1867 14929
27956503: 3739 7477
28073741: 389 72169
28103041: 3061 9181
28186291: 7 19 211927
28284001: 241 117361
28324441: 607 46663
28369507: 4211 6737
28539347: 419 68113
28666153: 59 523 929
28894211: 4831 5981
28950101: 277 104513
29712901: 3001 9901
29922751: 29 37 79 353
30343831: 7 23 29 67 97
30371821: 3109 9769
30589021: 463 66067
30618673: 4481 6833
31405501: 71 631 701
31622993: 233 135721
31778587: 2819 11273
31995841: 1201 26641
32414581: 271 119611
33145927: 29 397 2879
33223193: 563 59011
33567451: 31 71 101 151
33583111: 2683 12517
33704101: 2053 16417
33708907: 19 307 5779
33822471: 3 67 191 881
33919381: 881 38501
34097467: 1847 18461
34527949: 883 39103
34884847: 1579 22093
34885603: 3907 8929
35213459: 2423 14533
35798491: 4231 8461
36053333: 3467 10399
36255451: 3011 12041
36307981: 4261 8521
36435389: 1559 23371
36510641: 5233 6977
36953929: 2719 13591
37093607: 4973 7459
37093627: 3673 10099
37133281: 4001 9281
37252333: 2341 15913
37649503: 4339 8677
37962541: 4357 8713
38023321: 7 29 97 1931
38270377: 2767 13831
38589607: 7 7 23 97 353
38826607: 547 70981
38903287: 3119 12473
39388441: 1093 36037
39429517: 3529 11173
40018309: 5413 7393
40675981: 2411 16871
40920371: 797 51343
40973761: 61 671701
41121433: 1283 32051
41296501: 2521 16381
41529361: 241 172321
41710411: 4567 9133
41747539: 43 97 10009
41848687: 1447 28921
41873003: 997 41999
41899981: 2447 17123
42129613: 2053 20521
42480673: 313 135721
42563333: 3767 11299
43384129: 4441 9769
43386373: 367 118219
43567873: 5113 8521
43838341: 3823 11467
44118361: 7 19 67 4951
44963029: 37 397 3061
45069505: 5 13 31 22367
45794599: 457 100207
46086773: 383 120331
46104833: 17 2712049
46173881: 13 47 75571
46543213: 2579 18047
46991815: 5 13 31 23321
47366629: 349 135721
47539253: 1709 27817
47630767: 739 64453
47647117: 7 19 67 5347
47903701: 3461 13841
48719779: 1669 29191
49598209: 1409 35201
49735351: 4987 9973
50028749: 23 397 5479
50388577: 337 149521
50576641: 4001 12641
50823151: 5821 8731
50990149: 7 23 29 67 163
51283501: 3581 14321
51518897: 2393 21529
51849101: 4177 12413
52916509: 1307 40487
53542147: 3659 14633
53851207: 1259 42773
53949011: 2999 17989
53949761: 4241 12721
53954881: 3529 15289
53976077: 463 116579
53989327: 7 7 37 97 307
54255521: 4253 12757
54350801: 1181 46021
54767881: 7 37 103 2053
56110633: 509 110237
56157853: 4957 11329
56335951: 7 29 97 2861
56751553: 859 66067
57339361: 41 1398521
57833861: 4391 13171
58157779: 1907 30497
58449847: 3823 15289
58679941: 4423 13267
58876291: 397 148303
58986091: 5431 10861
59300209: 199 297991
59330041: 23 67 38501
59552833: 1993 29881
60033403: 5479 10957
60194257: 1973 30509
60234769: 7 7 19 23 29 97
61343437: 6067 10111
62289541: 5581 11161
62563333: 7 19 103 4567
62567381: 461 135721
63606563: 6907 9209
63639881: 3761 16921
63644377: 7753 8209
63721897: 1597 39901
64144001: 61 461 2281
64709551: 541 119611
64781341: 5843 11087
65643661: 37 307 5779
66158233: 1213 54541
67348081: 4451 15131
67665511: 67 353 2861
67916287: 2203 30829
68598037: 19 37 97579
68976331: 3391 20341
69139201: 4801 14401
69168881: 1321 52361
69231061: 1861 37201
69728531: 2411 28921
71911921: 17 4230113
71960743: 2683 26821
72123509: 479 150571
72348409: 7 19 23 67 353
72543547: 4259 17033
72588671: 67 397 2729
72623731: 31 31 75571
72721097: 2843 25579
72727201: 1301 55901
72884701: 6037 12073
72993601: 4933 14797
73961521: 2221 33301
74810231: 353 211927
74927161: 6121 12241
75503971: 1021 73951
75803267: 7109 10663
76099739: 67 397 2861
76462921: 271 283 997
77146831: 6211 12421
77217691: 19 29 353 397
77582233: 1093 70981
77594653: 6229 12457
77605277: 7193 10789
78043771: 13 31 31 6247
78185531: 1831 42701
78644611: 6271 12541
78646339: 19 97 139 307
78981253: 13 2131 2851
79464533: 5147 15439
80194141: 53 53 28549
80903269: 5689 14221
81600179: 3499 23321
81822329: 1069 76541
82192951: 701 117251
83099521: 19 37 43 2749
83204801: 3041 27361
83403041: 5273 15817
84135019: 397 211927
84247963: 2903 29021
84485161: 4111 20551
85409941: 197 491 883
85680937: 19 37 307 397
85888837: 59 929 1567
86405177: 3433 25169
86654527: 733 118219
86865721: 311 279311
86876177: 1493 58189
87650413: 3539 24767
87670837: 3673 23869
88055731: 1063 82837
88132169: 3833 22993
88738817: 7297 12161
89151931: 11 71 211 541
89784581: 5471 16411
90014653: 6709 13417
90758701: 11 101 151 541
91014181: 2281 39901
91092377: 7793 11689
92517041: 4621 20021
93046351: 101 151 6101
93461281: 1861 50221
93828973: 7 7 19 97 1039
94406203: 37 397 6427
94681049: 3769 25121
94774699: 3079 30781
95452781: 3989 23929
95594617: 4889 19553
96555889: 2861 33749
96878101: 5683 17047
96894071: 4019 24109
98328037: 1657 59341
98386051: 701 140351
99244913: 6359 15607
99722503: 23 29 307 487
100090879: 7 7 19 107509
101135101: 1901 53201
101649241: 61 661 2521
102035251: 5051 20201
102463271: 6199 16529
102798593: 443 232051
102985279: 353 291743
104220703: 7219 14437
104398841: 4817 21673
105184951: 7753 13567
105407281: 7 7 67 97 331
105619537: 19 29 67 2861
106063961: 3761 28201
107112331: 2207 48533
109406851: 1451 75401
109437751: 5231 20921
109516933: 1279 85627
110151361: 2861 38501
110413333: 6067 18199
111914497: 8941 12517
112025369: 3823 29303
112723007: 8669 13003
112759039: 2083 54133
113323123: 6733 16831
113605201: 7537 15073
114103261: 653 174737
115039081: 157 313 2341
115821971: 397 291743
115920793: 157 738349
116045827: 3407 34061
116113801: 601 193201
116443213: 4079 28547
116673481: 4831 24151
117321121: 9281 12641
117774559: 7 19 23 38501
118901521: 271 541 811
119907751: 8941 13411
120236707: 5483 21929
120460033: 6337 19009
121577881: 181 671701
121646137: 8221 14797
122839417: 4957 24781
123434929: 4969 24841
123464221: 353 397 881
124028519: 4547 27277
124767721: 13 127 75571
124885361: 61 461 4441
125173847: 1523 82189
126425047: 7 7 67 97 397
126600229: 7 97 186451
126607141: 2521 50221
127436093: 4177 30509
128357311: 3271 39241
131256451: 4051 32401
132332201: 2003 66067
132950273: 3329 39937
134321089: 7 19 353 2861
135192601: 4561 29641
135868723: 2729 49787
136608601: 2551 53551
137340451: 8287 16573
138308017: 3037 45541
139592101: 11 31 151 2711
140889601: 1601 88001
140950561: 1201 117361
142131553: 3307 42979
142236649: 31 31 283 523
145820503: 8539 17077
147028001: 7001 21001
147175813: 7673 19181
147889741: 4441 33301
147921553: 13 31 283 1297
148273373: 10739 13807
148278313: 977 151769
148468927: 9949 14923
149419117: 6271 23827
149506781: 467 320143
149852431: 271 379 1459
150866689: 1009 149521
151000151: 101 151 9901
151022233: 47 3213239
151452611: 571 265241
152716537: 5527 27631
153550339: 3919 39181
154882561: 1291 119971
155047069: 199 779131
155106007: 7 29 97 7877
155598791: 7639 20369
156392237: 2003 78079
156400891: 5333 29327
157182637: 6269 25073
157445201: 11617 13553
157542533: 7247 21739
158364151: 11 31 31 71 211
160438441: 233 349 1973
160677661: 19 29 331 881
160750393: 19 29 291743
161304001: 7333 21997
162588043: 2719 59797
163759753: 9049 18097
163903039: 5227 31357
164591701: 6553 25117
166251151: 11 101 151 991
166397491: 13 31 283 1459
166444181: 11173 14897
167579497: 6473 25889
167881121: 7481 22441
168085801: 13 151 85627
168380251: 13 31 151 2767
168632983: 7561 22303
169500833: 7517 22549
169515919: 859 197341
169764259: 7 19 97 13159
170446249: 5839 29191
170584961: 7541 22621
170782921: 9241 18481
170785441: 2017 84673
170823997: 11173 15289
171147601: 5851 29251
171515719: 5347 32077
173092717: 7 19 97 13417
173401621: 7603 22807
173678203: 9319 18637
174277909: 13 127 283 373
174563677: 7237 24121
174972409: 2887 60607
175318963: 11467 15289
175373461: 4297 40813
175806115: 5 31 419 2707
176169841: 2311 76231
176227829: 2213 79633
176554303: 13159 13417
176597821: 9397 18793
179798521: 7 23 29 97 397
180115489: 163 487 2269
182375971: 4271 42701
183223591: 97 353 5351
183402343: 4283 42821
183961969: 3583 51343
184855717: 11491 16087
185781331: 7561 24571
186733567: 1367 136601
188516329: 89 617 3433
188571241: 3331 56611
189482107: 6883 27529
189631747: 4513 42019
189686503: 9739 19477
190210987: 1423 133669
190934371: 331 397 1453
192857761: 6211 31051
193378109: 2927 66067
193594433: 3593 53881
194389903: 9859 19717
195218167: 8837 22091
196035001: 7001 28001
196352953: 2803 70051
197991109: 4243 46663
198998911: 67 2970133
199088273: 7369 27017
200946061: 31 31 211 991
201261061: 8191 24571
201789127: 7103 28409
202532287: 5197 38971
203231621: 8231 24691
203349367: 13 31 283 1783
203736431: 11471 17761
204488231: 3371 60661
205625473: 7489 27457
206573081: 11 13 1444567
206804701: 61 601 5641
206957521: 1201 172321
208507891: 31 283 23767
210056155: 5 31 463 2927
210461959: 5923 35533
211210511: 9689 21799
211552993: 1597 132469
212473801: 101 701 3001
212652217: 2917 72901
212825341: 2521 84421
215957281: 23 67 353 397
216474259: 6007 36037
217033381: 12451 17431
219029329: 6619 33091
219708259: 23 353 27061
221817961: 6661 33301
222116563: 12907 17209
222439573: 9433 23581
222587083: 1423 156421
223018489: 6679 33391
223051141: 8623 25867
223762111: 67 353 9461
223901063: 3389 66067
224069167: 7 29 191 5779
225677251: 4751 47501
226366003: 10639 21277
226957699: 8053 28183
226978051: 6151 36901
227475601: 5701 39901
228917417: 3823 59879
229181527: 4729 48463
229627711: 19 307 39367
231103237: 313 738349
231506713: 13177 17569
232771501: 6229 37369
234695671: 7 97 179 1931
234715021: 5791 40531
235088617: 3067 76651
235224571: 5261 44711
235928071: 5431 43441
236290261: 1741 135721
236604113: 17 13917889
237457501: 211 1125391
237656431: 271 541 1621
237814951: 11 701 30841
238045501: 2251 105751
238568749: 9769 24421
238571503: 12923 18461
240693069: 3 29 967 2861
241053031: 10099 23869
241370179: 6343 38053
241602601: 181 601 2221
241960181: 4621 52361
242229149: 4019 60271
244061371: 11047 22093
244185281: 8161 29921
244879081: 6673 36697
245538331: 29 97 191 457
247974877: 709 349753
251556787: 3547 70921
255927181: 6047 42323
257586211: 19 43 103 3061
259760521: 181 1435141
260304871: 929 280199
261162589: 2903 89963
261703417: 8089 32353
261856261: 9343 28027
264104509: 1543 171163
264350521: 11497 22993
265418401: 5431 48871
265731931: 11527 23053
267118417: 10337 25841
267559627: 8179 32713
267777533: 1973 135721
270984001: 13441 20161
271094473: 13 31 283 2377
271993507: 6359 42773
274056889: 3613 75853
275283401: 71 701 5531
275661751: 10501 26251
277309979: 4357 63647
277606657: 1153 240769
277787141: 9623 28867
277997833: 5273 52721
278422201: 2801 99401
280105169: 6833 40993
280283401: 5581 50221
280312003: 11839 23677
281049121: 19 23 29 67 331
283229491: 6871 41221
283248127: 3529 80263
283521169: 2089 135721
284625881: 15401 18481
284679613: 3137 90749
286023403: 11959 23917
286676371: 4831 59341
289191421: 2143 134947
289380097: 13177 21961
289776073: 1609 180097
290344699: 283 379 2707
291646697: 5693 51229
292172719: 10009 29191
292270889: 2549 114661
292290181: 9871 29611
293209531: 6991 41941
293379001: 4751 61751
293614861: 2311 127051
293625109: 5167 56827
295057949: 7013 42073
295309081: 991 297991
298760239: 11243 26573
298814407: 12541 23827
299160973: 3607 82939
300003181: 6547 45823
300498661: 19 307 51517
301393269: 3 3 67 397 1259
303994263: 3 191 530531
304560913: 1259 241907
304788013: 6599 46187
305581561: 9697 31513
306741817: 1567 195751
309102613: 15601 19813
309654161: 461 671701
311311001: 11551 26951
311955071: 7211 43261
312589619: 23 353 38501
312761659: 7 7 23 97 2861
312773141: 10211 30631
312798397: 4567 68491
312887953: 7 19 79 97 307
314736661: 10243 30727
315392731: 7573 41647
315689977: 5923 53299
316229581: 1531 206551
316349281: 12577 25153
317173213: 7 19 37 64453
317722861: 2341 135721
319440769: 7297 43777
319741297: 113 2829569
322020973: 157 313 6553
323618221: 29 1931 5779
325016851: 2851 114001
325224901: 67 353 13751
326018657: 73 4466009
326579507: 23 67 211927
326648071: 9661 33811
326695141: 12781 25561
326931601: 9041 36161
326980417: 3617 90401
329311529: 11113 29633
329379209: 563 585043
330612481: 17 1201 16193
331868197: 9109 36433
332521271: 317 1048963
333853801: 59 929 6091
334065661: 5641 59221
334963333: 10567 31699
336273211: 12967 25933
336893257: 16417 20521
337089127: 19 23 29 67 397
338298661: 541 631 991
338458807: 9199 36793
341226733: 2927 116579
342152641: 2521 135721
346236661: 2521 137341
346305403: 13159 26317
348794189: 11437 30497
349773313: 10177 34369
350598481: 137 409 6257
351133399: 43 67 307 397
351552631: 23 397 38501
352351693: 6637 53089
352735351: 9391 37561
353747851: 31 151 75571
354802241: 9049 39209
354870431: 7691 46141
355297301: 10883 32647
358454771: 4463 80317
358922497: 9473 37889
359416201: 31 1171 9901
359696431: 13411 26821
360493201: 1741 207061
363881057: 6359 57223
364143551: 15581 23371
364458907: 379 961633
365177671: 67 397 13729
365208601: 12511 29191
368476501: 11083 33247
370743137: 8089 45833
371011801: 6421 57781
372038627: 15749 23623
372378871: 6823 54577
374223697: 1607 232871
375662911: 13 1627 17761
377806687: 9719 38873
378708217: 12413 30509
380137633: 11257 33769
382389781: 821 465761
384472481: 11321 33961
384993451: 9811 39241
385459669: 7 19 1013 2861
385684471: 12421 31051
385832809: 17569 21961
386407477: 9829 39313
386649121: 11353 34057
387987601: 229 313 5413
388695301: 11383 34147
389733401: 6581 59221
390609941: 11411 34231
390756851: 9151 42701
393731881: 61 6454621
393986737: 8009 49193
394689371: 8111 48661
394978651: 5861 67391
395027689: 7 19 2970133
395604721: 4241 93281
396864469: 6007 66067
397847899: 4987 79777
398050217: 4073 97729
399090451: 5281 75571
400803613: 7 19 353 8537
400943401: 353 397 2861
402191597: 8753 45949
402454009: 163 863 2861
402853537: 7873 51169
403692301: 601 671701
404350213: 3067 131839
410044951: 71 101 211 271
411840833: 11717 35149
412540957: 7417 55621
413841031: 3391 122041
414439621: 8681 47741
414832969: 9109 45541
416474137: 9127 45631
417767201: 11801 35401
419894021: 11831 35491
423422177: 2657 159361
424632913: 7789 54517
428691319: 7 19 23 353 397
429595039: 13109 32771
432523051: 16981 25471
433006771: 16451 26321
433635329: 257 1687297
435358657: 10433 41729
436215739: 8527 51157
436644391: 71 547 11243
437029477: 10453 41809
438740149: 5237 83777
441001961: 491 898171
442209013: 4957 89209
444725051: 11551 38501
445162147: 859 518233
447880057: 1399 320143
448901021: 5471 82051
449372551: 23 67 331 881
449575963: 23 67 291743
449642971: 15661 28711
450909551: 101 4464451
451232447: 7757 58171
452901031: 11 283 145487
453366029: 8693 52153
458869951: 10711 42841
459248641: 12373 37117
460069987: 13 283 125053
463029373: 19 163 307 487
463792987: 7 7 97 97579
463803721: 3541 130981
464305843: 19273 24091
465505633: 12457 37369
465711841: 7 29 67 97 353
467875211: 8831 52981
468844653: 3 29 5389019
468950021: 12503 37507
469020553: 6007 78079
469598221: 8191 57331
471168253: 15349 30697
471272299: 8863 53173
471793609: 7 7 79 307 397
471812701: 10861 43441
472708321: 12553 37657
474468229: 8893 53353
475371251: 4451 106801
477189121: 16921 28201
480228871: 5479 87649
480269921: 12653 37957
480703451: 47 1033 9901
481922767: 307 1569781
483006889: 157 313 9829
487130561: 16451 29611
487926191: 16871 28921
490803461: 12791 38371
492559141: 367 733 1831
492956731: 1291 381841
493387441: 53 59 83 1901
498363751: 2791 178561
498442951: 15787 31573
500520833: 12917 38749
501779821: 8467 59263
504223141: 1901 265241
504659017: 113 4466009
506788651: 31 701 23321
506871901: 3001 168901
512036929: 1217 420737
514661401: 4951 103951
515232901: 61 8446441
516522871: 1279 403849
516764063: 19687 26249
517567051: 16087 32173
517750201: 5689 91009
519248341: 6871 75571
521620807: 22367 23321
521792041: 19 29 331 2861
521884153: 7 7 19 97 5779
523617179: 14771 35449
524321521: 19681 26641
524581751: 18701 28051
524690041: 4999 104959
525127777: 7639 68743
526129771: 9781 53791
527631553: 10273 51361
527748253: 2039 258827
529427251: 13751 38501
530715883: 3643 145681
530787931: 10861 48871
533484001: 15121 35281
534521131: 9439 56629
534593281: 9601 55681
535517581: 8747 61223
536002111: 1297 413263
537361921: 5059 106219
545220869: 9533 57193
549132871: 7 67 79 14821
549530017: 5923 92779
549860023: 7237 75979
550312621: 53 1171 8867
550951957: 1459 377623
554490061: 61 181 50221
556643077: 15973 34849
558065801: 41 73 137 1361
559702153: 16729 33457
560516581: 11161 50221
560612167: 11839 47353
563909041: 5779 97579
564331697: 7919 71263
566262217: 1873 302329
566689927: 11903 47609
566889571: 3511 161461
566906617: 4177 135721
568267207: 15077 37691
568569781: 13 1297 33721
569178307: 19 307 97579
570605713: 9029 63197
574950643: 7583 75821
575539901: 3023 190387
586370533: 7 19 23 67 2861
587336401: 17137 34273
587493481: 2857 205633
588049001: 21001 28001
591043771: 17191 34381
594799201: 31 101 271 701
595590841: 17257 34513
598239007: 7213 82939
598702501: 3001 199501
602950717: 1459 413263
604972201: 2551 237151
606323147: 2861 211927
606633871: 709 855619
606886561: 6833 88817
610430113: 2389 255517
611706601: 11 31 101 17761
611852671: 17491 34981
611887361: 5923 103307
612546793: 13729 44617
612790921: 11071 55351
613343371: 10111 60661
615895897: 12409 49633
617645531: 21523 28697
622821821: 21613 28817
623332529: 10193 61153
624577471: 7 7 97 331 397
625482001: 241 1201 2161
625528303: 9133 68491
625835167: 19 29 397 2861
626362489: 2239 279751
630393671: 12517 50363
631219409: 5483 115123
631767943: 8887 71089
633729811: 11 13 47 94291
634661347: 199 3189253
636092641: 29 37 307 1931
636596651: 15451 41201
638561201: 5441 117361
641975041: 61 157 67033
651514753: 18049 36097
652815253: 499 1308247
652969351: 271 811 2971
655327177: 16759 39103
657414577: 11467 57331
660498301: 61 661 16381
662209831: 19 37 163 5779
662853151: 9103 72817
667558211: 15607 42773
670851091: 8191 81901
674132101: 151 4464451
676283569: 13 31 31 54133
678033553: 337 449 4481
678142039: 5923 114493
679151651: 6143 110557
679975003: 18439 36877
680484391: 29 97 241907
681081701: 4889 139309
682185793: 5569 122497
690861451: 7 19 97 53551
697748501: 101 151 45751
697791403: 18679 37357
701000701: 101 701 9901
704012429: 9689 72661
704884159: 7 7 97 148303
707262317: 4259 166063
708066721: 4289 165089
708229217: 509 1391413
709565273: 18097 39209
710232829: 4787 148367
711675667: 13339 53353
712650881: 15413 46237
714379901: 12373 57737
716550001: 3373 212437
720048701: 71 571 17761
725143751: 1571 461581
727459921: 7481 97241
727956181: 757 961633
728458501: 15583 46747
730057583: 15319 47657
732084569: 17431 41999
732525553: 7507 97579
734560129: 3217 228337
735210871: 19 29 691 1931
735228451: 4951 148501
737840261: 2389 308849
738339241: 4561 161881
739262569: 89 2689 3089
740959837: 1213 610849
741214237: 13613 54449
743227651: 4423 168037
743694211: 13 757 75571
745968749: 1373 543313
746331041: 15773 47317
751546801: 2293 327757
754020361: 19417 38833
756205633: 15877 47629
757834531: 11239 67429
758123191: 7 29 97 38501
763146259: 15583 48973
765227681: 17 5441 8273
765378241: 15973 47917
766174001: 18121 42281
766503409: 7 97 227 4973
766648741: 157 313 15601
767769449: 6047 126967
772118821: 991 779131
774027781: 16063 48187
775468121: 11369 68209
777459541: 13729 56629
779391131: 26321 29611
779819587: 13963 55849
780170869: 3733 208993
780384013: 10559 73907
780457399: 17669 44171
780487093: 31 3067 8209
781980733: 157 313 15913
786731401: 29 97 307 911
787209277: 14029 56113
789445691: 11471 68821
789769441: 29 97 223 1259
792138691: 31 271 94291
794042371: 16741 47431
795616021: 9973 79777
803891215: 5 283 379 1499
804978721: 157 313 16381
809883361: 7 97 139 8581
812036461: 10771 75391
812093257: 14249 56993
812701027: 13591 59797
813170737: 16633 48889
813859369: 5209 156241
814924027: 3319 245533
815424061: 4049 201389
816953341: 14431 56611
821376533: 16547 49639
821798101: 181 1801 2521
828209539: 1669 496231
829297571: 83 2707 3691
831745027: 29 97 457 647
832048447: 14423 57689
832127489: 11777 70657
833888057: 15817 52721
834299071: 331 881 2861
834611777: 18913 44129
834676723: 2861 291743
835228801: 11 541 140351
836636653: 8209 101917
839208439: 11827 70957
841217653: 20509 41017
843738301: 7 7 19 97 9343
846961321: 5821 145501
850028939: 11903 71413
855073301: 16883 50647
857538991: 20707 41413
859964491: 19 421 107509
862716053: 67 947 13597
864508453: 5659 152767
864553483: 1613 535991
868088341: 17011 51031
868361473: 7 37 67 163 307
869109281: 17021 51061
873883001: 1301 671701
878258863: 12637 69499
878603701: 14821 59281
878940833: 17117 51349
880590481: 29 239 127051
880714921: 1451 606971
881214067: 14843 59369
888211279: 2467 360037
890687621: 17231 51691
892441837: 7 19 23 291743
895398523: 9463 94621
897689651: 67 397 33749
901469689: 1049 859361
903108821: 12269 73609
908247781: 7 7 29 331 1931
909025741: 13 31 127 17761
909444001: 41 73 113 2689
910587151: 67 353 38501
912621601: 9109 100189
913960513: 337 2712049
914634883: 6763 135241
915641821: 21397 42793
916428547: 7237 126631
916438381: 19 23 733 2861
916597501: 2687 341123
916604581: 5827 157303
918400033: 17497 52489
920342237: 3917 234961
920375821: 11467 80263
924472759: 7 7 19 29 97 353
925198081: 11497 80473
931797469: 5483 169943
931935799: 1999 466201
933184801: 21601 43201
939964117: 25033 37549
948088301: 4931 192271
948275641: 4591 206551
949358801: 10271 92431
951232133: 17807 53419
955527301: 53 71 271 937
955938901: 17851 53551
959115943: 3463 276961
959382467: 6323 151729
960370093: 10957 87649
963696337: 20323 47419
966501199: 2887 334777
967259471: 7331 131941
968324881: 19681 49201
969069259: 283 1459 2347
971317271: 29 239 353 397
973630633: 157 313 19813
975765787: 15619 62473
977770531: 22111 44221
979817777: 2609 375553
980356877: 5717 171481
980957071: 22147 44293
982282921: 8693 112997
985784557: 5791 170227
987912361: 11113 88897
988069501: 18451 53551
989908921: 14071 70351
991609921: 18181 54541
1003103011: 29 43 883 911
1006800829: 7933 126913
1007289031: 7 7 97 211927
1009387921: 233 349 12413
1010510971: 1307 773153
1010648761: 11329 89209
1013468707: 97 307 34033
1014119947: 15923 63689
1015269391: 22531 45061
1016300719: 7 7 37 97 5779
1022210171: 23531 43441
1023472061: 7541 135721
1024088099: 67 397 38501
1024289281: 12097 84673
1025797213: 7 7 19 37 97 307
1025831893: 6829 150217
1031268961: 18541 55621
1032101461: 22717 45433
1033114513: 12149 85037
1033921729: 337 449 6833
1034475601: 12157 85093
1034958601: 157 313 21061
1036812769: 7027 147547
1037560681: 22777 45553
1037640451: 26951 38501
1037849177: 10739 96643
1040295691: 22807 45613
1041619141: 8069 129089
1045523071: 28921 36151
1046641531: 13 787 102301
1048030751: 151 701 9901
1048319581: 20021 52361
1050920461: 25111 41851
1052942941: 103 239 42773
1056264211: 11491 91921
1058277151: 17389 60859
1061493457: 25237 42061
1062606601: 7 7 23 353 2671
1068200641: 181 2341 2521
1068529771: 19 37 307 4951
1069524931: 10093 105967
1069738111: 13 31 31 85627
1070969189: 4583 233683
1075268737: 3457 311041
1075361791: 7 7 19 1155061
1086477809: 13457 80737
1090839247: 26111 41777
1094128897: 7589 144173
1102573501: 21001 52501
1107403097: 11093 99829
1109304913: 12589 88117
1114662811: 3187 349753
1115105113: 23 97 397 1259
1117365271: 11 31 31 105701
1121176981: 23677 47353
1123529851: 14293 78607
1127003617: 3559 316663
1129146481: 23761 47521
1131399073: 7 7 307 75211
1133320897: 193 577 10177
1135428031: 23827 47653
1137752887: 10667 106661
1138289041: 23857 47713
1142524501: 16901 67601
1143730459: 13807 82837
1143747661: 7 7 97 331 727
1144624031: 9767 117193
1144949191: 331 397 8713
1149251941: 18121 63421
1153164097: 15187 75931
1153439707: 7 19 29 97 3083
1154078033: 26729 43177
1157445451: 17011 68041
1161625457: 16631 69847
1166569709: 5693 204913
1168256953: 24169 48337
1168286401: 181 6454621
1173229201: 6361 184441
1176304251: 3 191 397 5171
1179142801: 397 2970133
1182815449: 11117 106397
1182907423: 6949 170227
1184502589: 1523 777743
1186627601: 12721 93281
1186767583: 67 397 44617
1186915861: 19891 59671
1189168129: 18433 64513
1193229577: 379 757 4159
1196969707: 17299 69193
1197262471: 5021 238451
1201773689: 14153 84913
1202142061: 24517 49033
1202549921: 353 397 8581
1204034959: 19 43 883 1669
1204072057: 23 353 148303
1209995137: 13 1087 85627
1210525009: 197 883 6959
1211187169: 2143 565183
1214998867: 31177 38971
1217181061: 20143 60427
1222646041: 211 379 15289
1229111201: 4001 307201
1229956003: 24799 49597
1232215651: 853 1444567
1234274497: 157 313 25117
1236888881: 18367 67343
1242825569: 4937 251737
1242841693: 9103 136531
1245092353: 9787 127219
1247229559: 19 37 307 5779
1247238001: 1297 961633
1247784331: 9277 134503
1254580541: 47 4463 5981
1255048393: 373 3364741
1257216577: 17729 70913
1260895879: 19 37 353 5081
1262742139: 5923 213193
1264324231: 6781 186451
1264887007: 17783 71129
1265099617: 15907 79531
1267401241: 31 541 75571
1268946253: 25189 50377
1269295201: 349 1741 2089
1270297063: 7 29 733 8537
1270369231: 8731 145501
1274202631: 13 1297 75571
1276378133: 20627 61879
1276412347: 7 23 37 353 607
1287089701: 8231 156371
1290819581: 16937 76213
1291933501: 151 2851 3001
1293469519: 14683 88093
1294238989: 14221 91009
1296613501: 29401 44101
1296973549: 4813 269473
1304213527: 7789 167443
1304322259: 997 1308247
1305614743: 22853 57131
1307512729: 2659 491731
1307520469: 10903 119923
1309723213: 13679 95747
1311099067: 307 739 5779
1313172481: 13697 95873
1313428201: 18121 72481
1320380597: 27253 48449
1321209541: 1471 898171
1321528033: 7 19 67 148303
1322997833: 14537 91009
1323238951: 14851 89101
1324284413: 67 397 49787
1326448621: 14869 89209
1327026403: 25759 51517
1328256247: 18223 72889
1328560801: 29761 44641
1328994217: 6271 211927
1329662179: 14887 89317
1333215703: 25819 51637
1337682271: 31 571 75571
1338579257: 29873 44809
1342216531: 17761 75571
1346538961: 16411 82051
1355731009: 193 7024513
1356328121: 8681 156241
1358965121: 3041 446881
1361195551: 3847 353833
1365328121: 14683 92987
1368045529: 3593 380753
1370288881: 13 1231 85627
1372149197: 19013 72169
1373452033: 21397 64189
1375684831: 26227 52453
1377301171: 5147 267593
1381501393: 28097 49169
1382900401: 16381 84421
1389635677: 37 67 97 5779
1389675541: 21523 64567
1390738009: 7459 186451
1392878983: 19273 72271
1395564127: 18679 74713
1399789483: 4733 295751
1399821619: 7 29 79 191 457
1402010569: 59 929 25579
1402248403: 26479 52957
1403022547: 1459 961633
1405643017: 6577 213721
1408680001: 24571 57331
1409052091: 23741 59351
1412611237: 8623 163819
1414154827: 18803 75209
1414987003: 67 397 53197
1418365873: 16843 84211
1421189551: 30781 46171
1421341417: 19 29 67 38501
1427771089: 29269 48781
1428580729: 29881 47809
1431219727: 7 191 1070471
1432940671: 11971 119701
1436002751: 30941 46411
1437866561: 21893 65677
1438534153: 7 67 97 103 307
1438620691: 8087 177893
1449438131: 32971 43961
1450792891: 28793 50387
1450913851: 151 541 17761
1452194257: 12703 114319
1453073539: 24109 60271
1456628419: 1693 860383
1459313131: 23 67 331 2861
1460048311: 8147 179213
1465217911: 27067 54133
1467566101: 11551 127051
1471691413: 2503 587971
1476728389: 11587 127447
1478002501: 28211 52391
1478091891: 3 67 191 38501
1483650421: 11 31 31 140351
1484205889: 1721 862409
1488103681: 29881 49801
1488204217: 19289 77153
1496207809: 17299 86491
1497221281: 27361 54721
1498495561: 61 181 135721
1502124427: 19379 77513
1502421061: 2131 705031
1502897243: 21341 70423
1506274771: 67 397 56629
1510439809: 193 769 10177
1510860121: 353 397 10781
1511558533: 22447 67339
1515928537: 16993 89209
1515962891: 25013 60607
1517849191: 2861 530531
1518452383: 7 29 607 12323
1521221473: 17443 87211
1528805821: 181 8446441
1538012449: 17539 87691
1540052677: 36709 41953
1541746769: 26177 58897
1544599061: 22691 68071
1545801097: 6217 248641
1547536771: 11 31 53 85627
1547543161: 27817 55633
1547745871: 7 19 97 119971
1549308001: 19681 78721
1552915531: 3331 466201
1556306753: 23 67 353 2861
1556329633: 22777 68329
1558811521: 8233 189337
1559121023: 11399 136777
1560016001: 1601 974401
1560222901: 31 31 541 3001
1561157929: 557 2802797
1563580261: 4951 315811
1567830241: 22861 68581
1579079503: 28099 56197
1579718017: 13249 119233
1581540013: 8893 177841
1582874113: 10273 154081
1583230241: 22973 68917
1583937139: 21799 72661
1589853281: 23021 69061
1590910501: 9151 173851
1591051463: 7283 218461
1592595703: 28219 56437
1592902711: 6311 252401
1594058857: 13309 119773
1595017217: 13313 119809
1595120473: 433 1213 3037
1595181721: 7 7 23 733 1931
1599630569: 2273 703753
1606147013: 20323 79031
1607530051: 28351 56701
1609518583: 39103 41161
1609913059: 4603 349753
1611420697: 10729 150193
1613072663: 9467 170389
1614341431: 28411 56821
1627515667: 3847 423061
1627874911: 13 1657 75571
1628692201: 28537 57073
1629999841: 12401 131441
1630307617: 25537 63841
1635548221: 28597 57193
1638294661: 28621 57241
1641971701: 20261 81041
1651104001: 3823 431887
1651880413: 12853 128521
1654857499: 283 1657 3529
1659195253: 36433 45541
1661536801: 38557 43093
1663167899: 39103 42533
1665293101: 17401 95701
1665320911: 19 23 29 331 397
1668217027: 33349 50023
1670572261: 181 461 20021
1671276601: 20441 81761
1672288801: 9901 168901
1674626147: 33413 50119
1674658133: 23627 70879
1683617027: 53 31766359
1684704773: 12413 135721
1693080901: 271 631 9901
1695419041: 23773 71317
1701129281: 23813 71437
1702123201: 18451 92251
1703481709: 499 3413791
1707421633: 23857 71569
1709259553: 11467 149059
1720635313: 23 353 211927
1722939461: 5393 319477
1724126171: 11987 143833
1725217121: 23981 71941
1731445921: 8161 212161
1734394201: 11551 150151
1737800191: 6763 256957
1738120903: 10949 158747
1739529457: 13903 125119
1739864449: 12577 138337
1739877751: 37 79 103 5779
1741080661: 24091 72271
1742815621: 24103 72307
1744074151: 24571 70981
1746447821: 32371 53951
1746543401: 13931 125371
1748294251: 11 941 168901
1750293997: 23 67 397 2861
1752172003: 29599 59197
1752250699: 19 23 37 307 353
1754576617: 13963 125659
1754634337: 29303 59879
1760706811: 29671 59341
1760746501: 20981 83921
1762133689: 8233 214033
1766839049: 9173 192613
1787295511: 127 631 22303
1790267051: 36643 48857
1794458287: 19 307 307639
1795708501: 9001 199501
1796170351: 21191 84761
1798016221: 37 67 79 9181
1801558201: 61 157 313 601
1805641811: 5231 345181
1807583449: 7 19 353 38501
1809935353: 9697 186649
1809980069: 26053 69473
1812135029: 2399 755371
1813073653: 30109 60217
1816853581: 16111 112771
1819313281: 2459 739859
1823235937: 31333 58189
1823554783: 35617 51199
1825610281: 11 53 1021 3067
1828182427: 21379 85513
1834104151: 11 311 541 991
1837281661: 7699 238639
1838362121: 4721 389401
1838453203: 30319 60637
1850233897: 19237 96181
1850315689: 22993 80473
1850463851: 1151 1607701
1852039253: 653 2836201
1852356281: 37273 49697
1856689453: 30469 60937
1862001571: 6781 274591
1862829169: 13649 136481
1865208727: 5399 345473
1868271421: 37201 50221
1875510913: 16369 114577
1878092089: 27409 68521
1879443919: 19 23 29 148303
1879990111: 2659 707029
1882413649: 17713 106273
1885021777: 19417 97081
1885132393: 3433 549121
1888481497: 7 19 67 211927
1893427981: 16447 115123
1893873367: 35533 53299
1894909141: 30781 61561
1895188429: 5167 366787
1898876233: 373 1303 3907
1900687381: 25171 75511
1905586801: 7177 265513
1908935617: 28603 66739
1914824297: 35729 53593
1917281341: 2341 819001
1920204493: 233 1973 4177
1921786001: 5807 330943
1924304141: 17909 107449
1927124047: 2347 821101
1927424981: 10739 179479
1929593773: 19 101557567
1931880133: 157 313 39313
1931886601: 151 701 18251
1935105437: 23 397 211927
1938266959: 6067 319477
1943419897: 12907 150571
1943819659: 8647 224797
1945350259: 11027 176417
1949984929: 37321 52249
1953674843: 4691 416473
1955219311: 31267 62533
1960717477: 10159 193003
1962730531: 31327 62653
1963181081: 18089 108529
1973561377: 28097 70241
1977712111: 8053 245587
1978504219: 19 37 487 5779
1984104721: 3511 565111
1984474507: 36373 54559
1985042911: 3583 554017
1985765959: 8537 232607
1986220787: 36389 54583
1989909931: 33721 59011
1992643021: 40609 49069
1993944031: 3671 543161
1995784961: 25793 77377
2001129901: 34651 57751
2003220161: 25841 77521
2004924673: 9337 214729
2005360351: 22391 89561
2007004033: 7573 265021
2008585897: 22409 89633
2012389471: 24571 81901
2012946065: 5 13 1303 23767
2016355321: 4871 413951
2016481477: 22453 89809
2022213311: 41051 49261
2024009761: 9281 218081
2025938251: 19 5779 18451
2027351929: 11257 180097
2030076721: 449 1009 4481
2036224321: 26053 78157
2036995211: 30089 67699
2037233839: 18427 110557
2038845001: 6451 316051
2039203747: 7 7 19 2190337
2044936897: 41281 49537
2054578819: 36343 56533
2054711381: 26171 78511
2066037247: 36037 57331
2068610221: 17191 120331
2074761907: 6199 334693
2077975901: 4621 449681
2081216089: 5659 367771
2082857491: 11 13 71 271 757
2086888213: 6967 299539
2087028067: 14447 144461
2094177403: 32359 64717
2094960001: 10501 199501
2101849291: 16741 125551
2102598331: 71 211 140351
2102670961: 53 2029 19553
2102740889: 10007 210127
2104149961: 271 7764391
2105502571: 29021 72551
2106556061: 5783 364267
2108764481: 26513 79537
2112375401: 5417 389953
2114102593: 20563 102811
2117383321: 15601 135721
2121576241: 13297 159553
2123005111: 43441 48871
2123112967: 23039 92153
2136128457: 3 2861 248879
2138706389: 5693 375673
2139462991: 32707 65413
2142302741: 26723 80167
2142324367: 23143 92569
2143956851: 3557 602743
2144548033: 26737 80209
2146481371: 23 29 223 14431
2149255487: 37853 56779
2153077657: 6217 346321
2154129433: 9283 232051
2156216567: 9479 227473
2156767003: 32839 65677
2159728273: 15913 135721
2165467081: 21937 98713
2168869949: 19013 114073
2169258121: 571 3799051
2169273583: 379 757 7561
2170185517: 23293 93169
2172684061: 7417 292933
2174166881: 26921 80761
2175136133: 26927 80779
2182185281: 22441 97241
2186514901: 1031 2120771
2187544531: 29581 73951
2188728341: 27011 81031
2190104701: 601 1301 2801
2196223121: 30941 70981
2201924341: 33181 66361
2210688229: 24781 89209
2213623963: 397 5575879
2214761251: 23531 94121
2216267467: 23539 94153
2224278253: 33349 66697
2229346879: 13267 168037
2244664729: 13537 165817
2249413583: 6359 353737
2249782921: 16381 137341
2256666133: 27427 82279
2267433097: 6803 333299
2278829281: 19489 116929
2279052749: 36979 61631
2279748971: 21191 107581
2283430117: 23893 95569
2285864701: 31 3001 24571
2286489397: 23909 95633
2294455411: 33871 67741
2295406591: 13831 165961
2297515387: 3863 594749
2301316033: 27697 83089
2301745249: 727 1453 2179
2308966661: 27743 83227
2309781841: 19681 117361
2310059971: 8011 288361
2316824161: 24571 94291
2319963271: 9103 254857
2321551751: 39341 59011
2321616691: 31 991 75571
2341608119: 8467 276557
2344700093: 12503 187531
2350043767: 24239 96953
2362478311: 25981 90931
2365538281: 5693 415517
2368661417: 23 353 291743
2375571277: 13879 171163
2375894809: 21799 108991
2380502581: 9221 258161
2380847107: 14389 165463
2380856479: 36037 66067
2382412339: 19927 119557
2385059041: 21841 109201
2385076987: 24419 97673
2387194951: 15451 154501
2388339103: 8923 267661
2397219931: 71 1901 17761
2398311937: 7 191 307 5843
2399506283: 7559 317437
2401195213: 9829 244297
2401464451: 29 67 107 11551
2401493557: 11243 213599
2405646101: 2861 840841
2406615919: 4513 533263
2421822301: 37201 65101
2425249601: 28433 85297
2428870753: 34849 69697
2442213049: 509 4798061
2455024133: 28607 85819
2456066251: 4451 551801
2456536681: 271 1171 7741
2462715067: 5119 481093
2474175371: 33161 74611
2476250053: 16231 152563
2478066553: 13807 179479
2480900353: 233 349 30509
2482435981: 20341 122041
2486831491: 20359 122149
2493698131: 35311 70621
2501100193: 4337 576689
2502368857: 6121 408817
2509860961: 41 73 137 6121
2510046241: 7873 318817
2510085721: 11 13 2131 8237
2512677361: 10939 229699
2516120461: 4943 509027
2523490201: 4999 504799
2524532267: 21929 115123
2526616093: 44617 56629
2531034289: 7 7 19 97 28027
2533481303: 23 2861 38501
2534098841: 30941 81901
2540108891: 23 67 881 1871
2542196809: 22549 112741
2545934077: 25229 100913
2546531311: 2011 1266301
2550780277: 25253 101009
2552923891: 7 37 97 307 331
2557942297: 36037 70981
2564263001: 33151 77351
2572286707: 32077 80191
2572727909: 7103 362203
2573735071: 9341 275531
2575080397: 25373 101489
2575577161: 3121 825241
2578132561: 14083 183067
2585503669: 7 7 23 67 97 353
2590788041: 8861 292381
2591176339: 17209 150571
2594649451: 3181 815671
2597892977: 13721 189337
2607435307: 20029 130183
2608628761: 5821 448141
2609294101: 25541 102161
2610816223: 29021 89963
2612879881: 48193 54217
2616180821: 29531 88591
2623737637: 43291 60607
2634641951: 24197 108883
2635974203: 23767 110909
2636182495: 5 31 419 40591
2646374657: 2657 996001
2649744257: 17159 154423
2657773801: 151 991 17761
2657776507: 12541 211927
2661953731: 12899 206369
2662700041: 23 331 397 881
2663905333: 23 397 291743
2665512389: 23 67 397 4357
2666676601: 307 2053 4231
2674854733: 3877 689929
2685750871: 19 23 29 211927
2689040173: 19813 135721
2695064653: 36709 73417
2704383551: 42461 63691
2706464599: 47491 56989
2718511621: 7 7 19 97 30103
2723908877: 19553 139309
2726857753: 3187 855619
2735574073: 8599 318127
2739606451: 26171 104681
2740736813: 4091 669943
2741365189: 15787 173647
2746839877: 42793 64189
2750500111: 17989 152899
2752164719: 30631 89849
2754704993: 9137 301489
2759516431: 7 29 97 353 397
2759631909: 3 29 2861 11087
2761880521: 3671 752351
2762363521: 8641 319681
2762427817: 10729 257473
2763972883: 7 19 139 307 487
2766712411: 541 1297 3943
2774650369: 32257 86017
2774786873: 7853 353341
2784427969: 21911 127079
2787689473: 13633 204481
2791053541: 37357 74713
2813732923: 36037 78079
2814191821: 7 19 67 315811
2823827029: 20959 134731
2825491901: 21701 130201
2828551079: 17033 166063
2828698133: 30707 92119
2837917633: 30757 92269
2840963203: 13 127 199 8647
2842332931: 46171 61561
2843747347: 7 19 23 557 1669
2845140481: 20161 141121
2845141393: 4153 685081
2851132481: 9281 307201
2851693501: 26701 106801
2858005351: 31 31 991 3001
2858105251: 26731 106921
2858583961: 23911 119551
2863075231: 7933 360907
2869934491: 21871 131221
2872325011: 22853 125687
2872327321: 37897 75793
2878098499: 2663 1080773
2879050301: 3083 933847
2884465729: 24019 120091
2897492809: 5839 496231
2899638523: 42571 68113
2903684741: 1277 2273833
2903695393: 11489 252737
2909545783: 13729 211927
2912612881: 12721 228961
2923467751: 24809 117839
2923938151: 53551 54601
2926852951: 11 71 211 17761
2929762837: 17117 171161
2933234251: 47501 61751
2933588503: 38299 76597
2936938877: 44249 66373
2940478609: 2473 1189033
2945549881: 38377 76753
2948064001: 32257 91393
2951297441: 8737 337793
2967118997: 2543 1166779
2970929341: 44119 67339
2973569581: 20611 144271
2978766341: 31511 94531
2985240329: 39103 76343
2988163003: 7 19 353 63647
2993635471: 13679 218849
2998919873: 15809 189697
3003661097: 18269 164413
3007629731: 12433 241907
3008269573: 3389 887657
3013299757: 13 2707 85627
3017135713: 8377 360169
3028586471: 15887 190633
3036395251: 53551 56701
3045310529: 14249 213721
3046165501: 14251 213751
3047600641: 31873 95617
3048189691: 83 5741 6397
3049610257: 19 67 97 24697
3054981563: 19421 157303
3056395543: 17483 174821
3063685633: 31957 95869
3066639817: 27689 110753
3070144741: 22621 135721
3071591261: 6983 439867
3074083651: 19603 156817
3074534299: 35069 87671
3078372277: 2131 1444567
3084413203: 19 37 4387501
3086767657: 24847 124231
3095629153: 449 1009 6833
3097958931: 3 3 67 397 12941
3104041309: 10007 310187
3108912479: 15667 198437
3112207477: 15607 199411
3112590937: 45553 68329
3113794711: 12637 246403
3115112191: 41221 75571
3121642927: 13 3259 73681
3126614401: 26641 117361
3129580151: 701 4464451
3139942321: 13591 231031
3142095661: 21187 148303
3142863751: 28031 112121
3146387401: 10601 296801
3159119209: 5737 550657
3163078201: 61 461 112481
3171708497: 45481 69737
3172279133: 14543 218131
3178259401: 877 3624013
3180981781: 32563 97687
3184139701: 39901 79801
3184903987: 9679 329053
3190173409: 18257 174737
3200288303: 12911 247873
3205979393: 9857 325249
3216409099: 35869 89671
3216966853: 3677 874889
3223775251: 2791 1155061
3228044821: 32803 98407
3229317529: 33961 95089
3229979653: 50833 63541
3230231947: 10111 319477
3232912621: 21491 150431
3234415313: 44053 73421
3239174233: 25453 127261
3239620777: 18973 170749
3243537751: 23251 139501
3245419981: 10891 297991
3248891101: 43 197 421 911
3259595539: 36109 90271
3266092801: 21601 151201
3266699239: 4519 722881
3271677953: 40961 79873
3273820903: 40459 80917
3279052817: 7793 420769
3280018381: 21647 151523
3281593591: 40507 81013
3283768963: 49627 66169
3284852561: 8273 397057
3285725701: 28661 114641
3288750187: 4909 669943
3288915631: 67 331 148303
3292356943: 20287 162289
3322130111: 23531 141181
3326803201: 33301 99901
3332340703: 40819 81637
3335425831: 283 2971 3967
3336384031: 50023 66697
3337462981: 17419 191599
3338780251: 3251 1027001
3349859701: 23629 141769
3362531537: 44917 74861
3375478529: 22817 147937
3382049731: 36781 91951
3391449601: 19681 172321
3393373127: 4079 831913
3398362291: 20611 164881
3399901517: 47609 71413
3403549627: 997 3413791
3412575097: 29209 116833
3414771697: 47713 71569
3420321601: 27073 126337
3421657801: 46663 73327
3423084673: 9619 355867
3430848583: 18523 185221
3436674121: 8053 426757
3439087501: 9391 366211
3441611557: 29333 117329
3452287471: 18133 190387
3453679729: 49169 70241
3467821087: 15739 220333
3468274879: 24043 144253
3470962553: 8783 395191
3472200271: 51031 68041
3474464203: 7 19 23 397 2861
3474542497: 29473 117889
3479590561: 25153 138337
3479969593: 20857 166849
3483871969: 24097 144577
3486703667: 26119 133493
3488681501: 101 151 228751
3489474577: 45757 76261
3499030081: 11831 295751
3499588051: 2437 1436023
3505989397: 30577 114661
3507373591: 9871 355321
3515042367: 3 3 23 397 42773
3524086333: 18773 187721
3532795351: 71 701 70981
3548607841: 26641 133201
3557006971: 7 7 23 353 8941
3560861467: 55819 63793
3568588817: 19913 179209
3570928927: 29879 119513
3571184789: 34033 104933
3574087859: 24407 146437
3580867909: 18043 198463
3581734081: 8513 420737
3582244307: 48869 73303
3584800801: 42337 84673
3584982241: 12097 296353
3585040691: 44221 81071
3587553971: 17291 207481
3591357631: 8311 432121
3591634741: 1949 1842809
3592462501: 13751 261251
3594110081: 34613 103837
3595831207: 29983 119929
3597270517: 29989 119953
3597507607: 48973 73459
3598289089: 5113 703753
3612395687: 14923 242069
3617990461: 2521 1435141
3620606095: 5 31 59 523 757
3620714911: 11 4451 73951
3630596257: 26947 134731
3638799001: 283 541 23767
3640875281: 40993 88817
3646081027: 31 1657 70981
3650185837: 36433 100189
3657668587: 19 23 29 397 727
3661441261: 22871 160091
3664521781: 28537 128413
3672754633: 27103 135511
3673744903: 42859 85717
3690587227: 19 97 317 6317
3692283211: 42967 85933
3704116219: 24847 149077
3715505641: 5281 703561
3723104797: 30509 122033
3725164411: 15259 244129
3726680047: 21929 169943
3728463481: 43177 86353
3736642573: 8243 453311
3737709991: 421 2791 3181
3740141131: 16061 232871
3743072341: 35323 105967
3746108863: 7 97 307 17971
3751961263: 53047 70729
3757629979: 37 101557567
3757929187: 50053 75079
3760896133: 35407 106219
3769946473: 38833 97081
3774508717: 7 29 67 97 2861
3779968693: 24593 153701
3782315881: 197 491 39103
3785353357: 26981 140297
3787284821: 35531 106591
3796105951: 11 71 1093 4447
3797234443: 21787 174289
3798040471: 17791 213481
3800005111: 7 19 29 353 2791
3801333097: 19 97 353 5843
3804521911: 29077 130843
3806586631: 43627 87253
3816610241: 61 461 135721
3821722561: 6481 589681
3827366209: 193 577 34369
3829270061: 28051 136511
3835354117: 7 7 19 107 38501
3842417041: 9241 415801
3847000709: 3343 1150763
3860781299: 25367 152197
3860956361: 24691 156371
3862457089: 337 11461297
3863326897: 199 937 20719
3868159417: 3659 1057163
3873151921: 49201 78721
3874135651: 50821 76231
3883327841: 12641 307201
3883439647: 31159 124633
3884153681: 23 67 881 2861
3888925501: 31181 124721
3892461931: 33349 116719
3892928203: 44119 88237
3895046191: 44131 88261
3912719071: 8731 448141
3917319841: 44257 88513
3924969689: 25577 153457
3926344073: 18089 217057
3928038913: 23689 165817
3928653581: 25589 153529
3935864017: 28057 140281
3944711497: 67 397 148303
3951472961: 36293 108877
3956339791: 19891 198901
3957957121: 59 929 72211
3959921521: 44497 88993
3964119001: 31481 125921
3965813359: 39829 99571
3971497801: 43051 92251
3977260813: 11149 356737
3983974177: 1879 2120263
3986664571: 44647 89293
4002156553: 12653 316301
4005639919: 15823 253153
4011996871: 47881 83791
4018283501: 10151 395851
4020375151: 13 31 151 66067
4021861439: 11579 347341
4025801441: 43669 92189
4028598403: 15173 265511
4030698673: 28393 141961
4031766181: 2341 1722241
4034969401: 661 1321 4621
4035729523: 7 7 19 23 29 67 97
4045222081: 36721 110161
4046719601: 26951 150151
4050202501: 22501 180001
4053302881: 73 89 113 5521
4054039841: 36761 110281
4066007107: 31883 127529
4072546261: 7 7 97 307 2791
4085500351: 283 2347 6151
4091862377: 21323 191899
4095986753: 46567 87959
4098208297: 32009 128033
4100316221: 53 1171 66067
4103331277: 32029 128113
4104591529: 2293 1790053
4107173603: 13 4451 70981
4108541911: 23 29 2153 2861
4109791393: 54181 75853
4114089491: 197 491 42533
4114590811: 5281 779131
4115881207: 11003 374069
4131368327: 15439 267593
4135146209: 14033 294673
4137100111: 34381 120331
4139062771: 19 439 496231
4139820967: 20347 203461
4140553477: 40697 101741
4140711989: 30509 135721
4145880961: 24337 170353
4147919821: 45541 91081
4157722801: 10601 392201
4162325831: 26339 158029
4167331667: 52709 79063
4173356251: 19 2251 97579
4175362133: 37307 111919
4176824657: 52769 79153
4193357629: 26437 158617
4200535531: 541 7764391
4206758533: 37447 112339
4208890819: 7 7 23 97 38501
4217739181: 24547 171823
4228090903: 45979 91957
4228110167: 62473 67679
4232966251: 32531 130121
4235818861: 46021 92041
4237506073: 25867 163819
4244746069: 3853 1101673
4245607201: 11 31 701 17761
4246655341: 24631 172411
4251975121: 9721 437401
4262551547: 19559 217933
4274288929: 8737 489217
4282671721: 16361 261761
4290721315: 5 31 419 66067
4294276801: 23 881 211927
