9: 3 3
21: 3 7
49: 7 7
55: 5 11
63: 3 3 7
91: 7 13
147: 3 7 7
441: 3 3 7 7
529: 23 23
637: 7 7 13
721: 7 103
1045: 5 11 19
1281: 3 7 61
1339: 13 103
1351: 7 193
1649: 17 97
1891: 31 61
2509: 13 193
2821: 7 13 31
3367: 7 13 37
4577: 23 199
5047: 7 7 103
5551: 7 13 61
5995: 5 11 109
6531: 3 7 311
9373: 7 13 103
9457: 7 7 193
10143: 3 3 7 7 23
10311: 3 7 491
13747: 59 233
17563: 7 13 193
18971: 61 311
19879: 103 193
22177: 67 331
22351: 7 31 103
23241: 3 61 127
24727: 79 313
25019: 127 197
26677: 7 37 103
26901: 3 3 7 7 61
28939: 43 673
29341: 13 37 61
29951: 61 491
36051: 3 61 197
41881: 7 31 193
43981: 7 61 103
44287: 67 661
49987: 7 37 193
64533: 3 7 7 439
65611: 7 7 13 103
69231: 3 47 491
71969: 79 911
73657: 73 1009
75343: 59 1277
79003: 199 397
82411: 7 61 193
82801: 31 2671
87759: 3 3 7 7 199
97921: 181 541
105271: 23 23 199
115231: 139 829
119341: 131 911
122941: 7 7 13 193
137151: 3 3 7 7 311
139153: 7 103 193
152701: 311 491
162931: 61 2671
171601: 157 1093
172081: 7 13 31 61
175951: 251 701
204001: 7 151 193
216531: 3 3 7 7 491
218791: 331 661
232471: 37 61 103
233289: 3 3 7 7 23 23
243061: 7 13 2671
252883: 43 5881
258427: 13 103 193
269011: 367 733
275887: 263 1049
285143: 313 911
297541: 233 1277
302281: 7 7 31 199
314821: 13 61 397
318551: 461 691
318553: 157 2029
328021: 331 991
335357: 11 43 709
385003: 439 877
398391: 3 7 61 311
405511: 31 103 127
435601: 37 61 193
435711: 3 311 467
437251: 331 1321
499291: 13 193 199
555397: 373 1489
578771: 311 1861
582429: 3 23 23 367
587861: 443 1327
628971: 3 7 61 491
638731: 37 61 283
643801: 223 2887
653333: 467 1399
655051: 661 991
670033: 7 13 37 199
710533: 487 1459
721519: 83 8693
721801: 601 1201
736291: 607 1213
765703: 619 1237
777043: 19 40897
785513: 53 14821
803551: 7 7 23 23 31
838201: 7 13 61 151
872361: 3 3 7 61 227
873181: 661 1321
896041: 263 3407
901601: 47 19183
963857: 643 1499
974071: 7 7 103 193
998713: 73 13681
1005157: 19 52903
1033669: 7 13 37 307
1051491: 3 7 7 23 311
1080721: 577 1873
1101145: 5 19 67 173
1122769: 433 2593
1240891: 211 5881
1284751: 13 37 2671
1293337: 569 2273
1309111: 991 1321
1313659: 613 2143
1314631: 811 1621
1327261: 13 23 23 193
1336699: 7 13 37 397
1346413: 439 3067
1356621: 3 7 64601
1363411: 7 31 61 103
1420579: 487 2917
1421263: 461 3083
1463393: 283 5171
1496161: 577 2593
1496881: 433 3457
1590287: 709 2243
1611731: 11 146521
1734481: 7 31 7993
1735147: 659 2633
1745701: 19 139 661
1768621: 421 4201
1808989: 7 13 103 193
1865227: 7 13 103 199
1925791: 7 103 2671
1931401: 593 3257
1987021: 997 1993
2018457: 3 3 7 7 23 199
2033941: 7 7 13 31 103
2035153: 1009 2017
2217697: 1093 2029
2249335: 5 11 40897
2326897: 157 14821
2337301: 883 2647
2427607: 7 7 13 37 103
2447501: 7 7 199 251
2450581: 7 23 31 491
2489739: 3 7 7 16937
2507711: 367 6833
2554741: 7 31 61 193
2689759: 877 3067
2885401: 601 4801
2909665: 5 11 52903
3206721: 3 7 311 491
3264797: 467 6991
3270403: 1279 2557
3375001: 7 31 103 151
3455815: 5 11 19 3307
3573943: 1049 3407
3608521: 7 193 2671
3715897: 643 5779
3811171: 7 7 13 31 193
3940661: 61 64601
3957913: 673 5881
3975931: 631 6301
4002271: 7 7 13 61 103
4029601: 461 8741
4101637: 1013 4049
4181921: 1181 3541
4225123: 7 7 23 23 163
4255903: 1459 2917
4265257: 1033 4129
4307101: 1373 3137
4499701: 1061 4241
4525041: 3 61 79 313
4543621: 1231 3691
4548817: 7 7 13 37 193
4733731: 31 311 491
4740629: 167 28387
4856689: 1873 2593
4863127: 1103 4409
4958317: 7 13 23 23 103
5050861: 31 61 2671
5122133: 1307 3919
5131573: 1433 3581
5275843: 1453 3631
5292631: 1627 3253
5417641: 19 285139
5481451: 31 151 1171
5566051: 631 8821
5766001: 1201 4801
5774801: 401 14401
5783849: 359 16111
5892511: 31 131 1451
5964859: 1931 3089
5979247: 1223 4889
6040031: 691 8741
6252217: 457 13681
6310501: 103 197 311
6658669: 1999 3331
6752151: 3 3 7 7 61 251
6828851: 71 96181
7103551: 7 13 251 311
7214969: 1097 6577
7268917: 619 11743
7434541: 1031 7211
7435343: 439 16937
7499401: 7 7 13 61 193
7517701: 61 251 491
7534891: 7 13 31 2671
7648033: 1597 4789
7859707: 887 8861
7904701: 7 193 5851
8366211: 3 3 7 7 61 311
8406361: 229 36709
8445559: 727 11617
8560207: 2617 3271
8662721: 1499 5779
8674801: 751 11551
8883161: 7 7 199 911
8964001: 2593 3457
9039451: 211 42841
9055651: 11 823241
9104229: 3 3 47 21523
9146521: 271 33751
9184183: 1429 6427
9314761: 61 311 491
9353761: 1249 7489
9561799: 13 37 103 193
9780409: 1399 6991
9808651: 1279 7669
9863461: 2221 4441
10024561: 71 271 521
10084177: 2593 3889
10168393: 277 36709
10179181: 37 103 2671
10179601: 409 24889
10267951: 67 331 463
10276309: 967 10627
10374439: 1019 10181
10411241: 761 13681
10504033: 97 108289
10509751: 7 61 151 163
10635751: 7 233 6521
10694593: 7 7 13 103 163
10798543: 7 193 7993
10912513: 1249 8737
10993087: 7 79 103 193
11036551: 1051 10501
11066551: 571 19381
11254349: 29 388081
11303909: 1373 8233
11358043: 719 15797
11411331: 3 61 127 491
11628949: 853 13633
11856457: 163 72739
11873387: 197 60271
11941651: 751 15901
11958673: 569 21017
11984005: 5 11 109 1999
12032021: 2003 6007
12257659: 127 96517
12318541: 1327 9283
12328771: 7 13 61 2221
12502951: 31 151 2671
12662923: 7 7 13 103 193
12711007: 1783 7129
12890503: 2539 5077
12932609: 929 13921
13208391: 3 3 7 7 61 491
13773061: 2143 6427
13804129: 1009 13681
13821193: 1663 8311
13895791: 7 13 311 491
13939253: 719 19387
14526091: 1237 11743
14555221: 2203 6607
14658997: 67 331 661
14729101: 1451 10151
14794081: 2221 6661
14826721: 7 13 61 2671
14829211: 1783 8317
15253057: 1747 8731
15479777: 587 26371
15537151: 7 37 239 251
15567007: 2647 5881
15682645: 5 11 285139
15734821: 3191 4931
15911321: 41 388081
16042027: 2003 8009
16199353: 1093 14821
16214851: 251 64601
16253551: 2851 5701
16343251: 3301 4951
16609783: 239 69497
17116837: 2069 8273
17349307: 2083 8329
17357569: 389 44621
17487415: 5 11 109 2917
17554919: 59 233 1277
17701041: 3 61 197 491
17883751: 3251 5501
17917159: 13 103 13381
17966781: 3 3 7 7 131 311
18225703: 3019 6037
18303319: 1747 10477
18857601: 3 3 7 7 61 701
19073611: 37 193 2671
19149571: 7 59 199 233
19166251: 13 193 7639
19172521: 457 41953
19328653: 3109 6217
19609633: 2557 7669
19669271: 1811 10861
19839001: 7 13 311 701
19841801: 7 23 251 491
20090911: 311 64601
20234341: 3181 6361
20261251: 2251 9001
20294191: 211 96181
20544457: 907 22651
20995651: 61 491 701
21010001: 3001 7001
21154861: 7 13 37 61 103
21246593: 1553 13681
21355951: 2311 9241
21654533: 2687 8059
21747853: 757 28729
22016881: 1553 14177
22526297: 79 313 911
22591401: 3 7 7 313 491
22981351: 71 431 751
23057851: 151 311 491
23244451: 31 311 2411
23268961: 53 89 4933
23316751: 1291 18061
23476447: 2423 9689
23777401: 3313 7177
23867071: 4231 5641
24179347: 2459 9833
24482503: 3499 6997
24506301: 3 127 131 491
24612981: 3 127 64601
24651991: 7 13 61 4441
24825451: 7 31 233 491
25052527: 2503 10009
25271751: 3 61 197 701
25370801: 1301 19501
25500511: 37 193 3571
25741045: 5 11 468019
25805321: 1109 23269
25981231: 787 33013
25984661: 1669 15569
26044921: 7 7 199 2671
26568601: 151 251 701
26953417: 1009 26713
27032671: 631 42841
27219697: 2609 10433
27832657: 1759 15823
27949969: 19 461 3191
28213333: 3067 9199
28406953: 3769 7537
28489041: 3 3 7 7 64601
29581501: 4441 6661
29593061: 491 60271
30071809: 2029 14821
30196201: 7 7 31 103 193
30720409: 1109 27701
30809941: 61 193 2617
30824399: 2267 13597
31206361: 2281 13681
31470211: 3967 7933
31719091: 491 64601
31902553: 1567 20359
32813831: 2339 14029
32817151: 4051 8101
32820229: 13 103 127 193
32920817: 1913 17209
33044791: 13 31 167 491
33412849: 19 43 40897
33861901: 151 224251
34043101: 131 151 1721
34166203: 83 411641
34424901: 3 3 7 7 251 311
34539209: 89 388081
34989571: 1871 18701
35169601: 1361 25841
35286049: 37 47 103 197
35507749: 3769 9421
35571601: 13 31 61 1447
36040627: 7 7 37 103 193
36198073: 569 63617
36307981: 4261 8521
36418201: 1051 34651
36504199: 2467 14797
36974341: 3511 10531
36975211: 7 13 61 6661
37035337: 2029 18253
37243647: 3 3 7 23 25703
37469701: 3061 12241
37962541: 4357 8713
38010307: 3083 12329
38045151: 3 3 23 23 61 131
38129851: 3301 11551
38179191: 3 197 64601
38327951: 251 311 491
38351347: 3917 9791
38991859: 607 64237
39465091: 1571 25121
39489173: 709 55697
39536641: 2377 16633
39541591: 67 331 1783
39547171: 4447 8893
39639691: 7 13 37 61 193
40266731: 2591 15541
40305609: 3 3 127 179 197
40621591: 4507 9013
41764201: 4231 9871
41808581: 1181 35401
42026419: 2647 15877
42065161: 3313 12697
42149971: 4591 9181
42231523: 1753 24091
42563333: 3767 11299
42737365: 5 11 19 40897
42923461: 7 7 509 1721
43554889: 7 103 193 313
43646593: 1409 30977
43837361: 3181 13781
44326153: 103 233 1847
45285301: 701 64601
45383911: 4261 10651
45559729: 3019 15091
45769645: 5 109 137 613
45879941: 3911 11731
46386589: 1759 26371
46424511: 3 3 7 7 23 23 199
46724131: 2791 16741
46780169: 1493 31333
47771641: 2273 21017
47930023: 1999 23977
48064021: 4003 12007
48110063: 6007 8009
48498451: 331 146521
49401601: 2657 18593
49735351: 4987 9973
49789711: 4423 11257
49977281: 1361 36721
50249761: 4093 12277
50565941: 587 86143
50683547: 5813 8719
51014071: 109 468019
51430381: 61 311 2711
51823201: 101 513101
51941631: 3 7 79 131 239
51967733: 809 64237
52154579: 1319 39541
52366951: 7 13 37 103 151
53154337: 5953 8929
53210521: 7 7 13 103 811
53638903: 5179 10357
53880121: 2017 26713
54637831: 5227 10453
54648529: 13 23 193 947
55041091: 7 131 193 311
55283635: 5 11 19 52903
55384033: 4297 12889
55466321: 4561 12161
55581121: 6301 8821
55633667: 1523 36529
55682311: 5641 9871
56173131: 3 3 7 47 61 311
56326867: 1231 45757
56423599: 3067 18397
57189001: 4951 11551
58113771: 3 199 311 313
58624273: 1597 36709
59418331: 7 7 61 103 193
59699521: 7 31 103 2671
60398801: 2591 23311
62482753: 577 108289
63034409: 1733 36373
63193393: 2053 30781
63388033: 4597 13789
63535771: 13 31 37 4261
64349011: 67 661 1453
65403889: 1453 45013
65431393: 7489 8737
65589571: 1531 42841
65844001: 2251 29251
66096253: 5749 11497
66300551: 2351 28201
66649601: 821 81181
67065571: 37 313 5791
67341141: 3 3 7 7 311 491
67657681: 7 7 13 106213
68079313: 659 103307
68314357: 4133 16529
68482051: 11 1951 3191
68837921: 1811 38011
69234991: 7 7 23 23 2671
69381109: 7 7 59 103 233
70242661: 181 388081
70871821: 41 1728581
71006077: 7537 9421
71881537: 7 13 103 7669
71960743: 2683 26821
72130465: 5 11 223 5881
72529081: 1483 48907
73289861: 4943 14827
73436741: 7 7 61 79 311
73449181: 13 37 311 491
73721201: 227 324763
73859479: 19 661 5881
73902403: 6079 12157
74879213: 6703 11171
75606049: 3889 19441
75888037: 1999 37963
75935971: 2179 34849
75973501: 2251 33751
76129987: 4363 17449
76532017: 23 23 199 727
77725561: 19 67 61057
77812153: 2447 31799
77826991: 11 173 40897
77919481: 1213 64237
78167701: 4421 17681
79183417: 1327 59671
79396997: 643 123479
79624621: 139 691 829
80316149: 4909 16361
80375707: 4483 17929
80657419: 5297 15227
81926461: 19 67 139 463
82219801: 41 53 157 241
82288603: 1277 64439
82597831: 139 461 1289
82753881: 3 7 61 64601
83041729: 43 1931203
83248513: 3449 24137
83363941: 1279 65179
83770081: 1831 45751
84001807: 4583 18329
84090043: 5023 16741
84644057: 347 243931
85296251: 7541 11311
85666151: 3779 22669
86067367: 4639 18553
86268781: 3511 24571
87485833: 2269 38557
88658641: 1471 60271
89067601: 7 163 251 311
89532271: 6691 13381
89784581: 5471 16411
90347041: 3361 26881
90757171: 8521 10651
91104367: 6037 15091
91126369: 7177 12697
91474687: 8731 10477
92267341: 3631 25411
92303857: 4297 21481
93082699: 1423 65413
93311573: 2789 33457
93527521: 241 388081
93538703: 2239 41777
93591721: 6841 13681
94065061: 1867 50383
94612771: 11 43 317 631
94684261: 7 23 31 61 311
95652481: 3697 25873
96142851: 3 3 7 7 311 701
96362371: 7 7 61 103 313
96850381: 661 146521
97796953: 4423 22111
98034751: 4951 19801
98061553: 1129 86857
98779441: 6701 14741
100618933: 4729 21277
101269741: 1453 69697
101447941: 7 61 193 1231
102268801: 41 181 13781
102516857: 6917 14821
103143583: 5563 18541
103418101: 541 191161
103989381: 3 227 311 491
104569501: 47 1151 1933
105043709: 6833 15373
105831181: 3529 29989
106355431: 7 7 13 103 1621
106374071: 4211 25261
106797901: 7 7 23 193 491
107043401: 311 491 701
107520533: 5987 17959
107903617: 3463 31159
108570411: 3 3 79 311 491
109437751: 5231 20921
109521457: 5233 20929
109541461: 6043 18127
109562113: 19 109 52903
109883071: 991 110881
109963901: 2141 51361
110097421: 7 103 311 491
111610333: 1997 55889
111864151: 7 31 193 2671
112272551: 251 491 911
112470493: 8017 14029
112702591: 7507 15013
112844131: 3067 36793
113317411: 499 227089
113492101: 6151 18451
113492941: 4027 28183
114199339: 709 161071
114232561: 5171 22091
114329881: 7561 15121
114348181: 31 1381 2671
114608495: 5 1049 21851
115699957: 4519 25603
117055261: 421 278041
117445987: 5419 21673
117473251: 7 61 103 2671
119115459: 3 3 23 23 127 197
120370861: 13 31 298687
122806501: 1901 64601
123399431: 5237 23563
123434929: 4969 24841
123769801: 761 162641
123771511: 7867 15733
124070401: 7 7 13 31 61 103
124928371: 2243 55697
124944561: 3 3 7 7 311 911
125354941: 3541 35401
125782861: 1381 91081
126386261: 6491 19471
126428851: 7951 15901
126762109: 7591 16699
126937387: 1699 74713
127282351: 7 7 79 131 251
127417123: 3259 39097
129200801: 9281 13921
129205781: 6563 19687
129575729: 2659 48731
130285171: 2239 58189
130444951: 7 13 251 5711
132186757: 5749 22993
132772501: 757 175393
133292701: 1741 76561
133391611: 8167 16333
134084989: 5563 24103
134274421: 1709 78569
134431067: 23 23 199 1277
134867809: 433 311473
136545067: 5843 23369
137200981: 6763 20287
137316901: 211 673 967
137340451: 8287 16573
137813129: 4793 28753
138069691: 31 47 193 491
138653101: 4451 31151
138960913: 7 7 13 218149
139748311: 131 911 1171
139807251: 3 3 199 251 311
140883151: 151 933001
140922611: 1979 71209
141580341: 3 3 7 23 199 491
141618181: 6871 20611
141786079: 179 792101
141968221: 5081 27941
142164301: 4507 31543
142243219: 1063 133813
142957387: 19 2143 3511
143520833: 6917 20749
143742115: 5 11 109 23977
143822449: 2399 59951
144593863: 193 197 3803
144601441: 2273 63617
145202311: 991 146521
145251091: 2131 68161
145603333: 6967 20899
146272901: 6983 20947
146615041: 23 103 199 311
146686549: 1399 104851
147613351: 31 61 251 311
147899281: 4597 32173
147959467: 3847 38461
148359509: 4973 29833
148436209: 5449 27241
150126837: 3 7 7 1021271
150289393: 7669 19597
150354829: 6917 21737
151525537: 1759 86143
152963791: 10711 14281
153589801: 151 701 1451
153969817: 1093 140869
154420289: 3209 48121
154513633: 7177 21529
155613943: 233 523 1277
156463159: 5107 30637
157368661: 7243 21727
157803521: 7253 21757
157807981: 67 1321 1783
157980061: 31 103 49477
158496911: 10903 14537
158817061: 13 31 37 10651
159714211: 1511 105701
159788851: 1951 81901
160378861: 4787 33503
160806097: 67 661 3631
160906351: 5179 31069
161489989: 6793 23773
161775301: 499 324199
162243091: 9007 18013
162395521: 4817 33713
163382101: 421 388081
163442203: 3631 45013
163970159: 8537 19207
164059799: 2339 70141
165728521: 7 61 193 2011
166019863: 2617 63439
166196293: 2749 60457
166444181: 11173 14897
166662703: 2557 65179
167372437: 6469 25873
168054907: 439 382813
168380251: 13 31 151 2767
169234003: 9199 18397
169625587: 2659 63793
169771541: 7523 22567
170190259: 43 673 5881
171328523: 3779 45337
173218501: 6581 26321
174347251: 13 127 105601
174598387: 10789 16183
175082689: 73 1009 2377
175246981: 7 7 13 103 2671
175698901: 7 193 130051
175799401: 4789 36709
177349147: 6659 26633
177719089: 409 434521
178343749: 67 661 4027
178433451: 3 3 7 7 311 1301
178835581: 19 43 71 3083
179306345: 5 43 647 1289
179719921: 577 311473
181036601: 7027 25763
183131257: 2707 67651
183672451: 11551 15901
183682681: 7 13 103 19597
185095021: 1499 123479
186054721: 5569 33409
186310781: 11821 15761
186654241: 8641 21601
187239529: 127 193 7639
187571341: 7321 25621
187941469: 331 661 859
188533981: 37 61 103 811
189046441: 2161 87481
190154251: 7 7 199 19501
190758349: 8863 21523
190999591: 8741 21851
191984491: 223 860917
192704513: 10753 17921
193157581: 463 417187
193554241: 1321 146521
193955537: 13681 14177
194389903: 9859 19717
194740911: 3 3 127 347 491
195475351: 6991 27961
195609981: 3 7 61 311 491
195908777: 2087 93871
196287391: 9907 19813
197555557: 139 461 3083
197700823: 1783 110881
198220579: 2347 84457
200031283: 3163 63241
202519601: 251 701 1151
202825297: 1873 108289
203824661: 79 313 8243
206020123: 199 1035277
206299051: 7 193 311 491
206941681: 1277 162053
207508969: 3271 63439
209301121: 8353 25057
209834683: 6829 30727
209951821: 541 388081
210023917: 11833 17749
210402277: 7253 29009
211145221: 7 23 491 2671
211373713: 433 488161
213035761: 10321 20641
213229261: 7 37 103 7993
214891411: 7 7 31 193 733
216126751: 7351 29401
216821881: 331 661 991
217186537: 7369 29473
218112133: 8527 25579
219581731: 2287 96013
220119781: 7 61 193 2671
221026697: 9733 22709
221391227: 12149 18223
221695051: 6079 36469
223384171: 31 7205941
223959739: 2207 101477
224479333: 13 23 37 103 197
224600977: 13681 16417
224606449: 8209 27361
224715251: 6037 37223
225671629: 1223 184523
226523137: 12289 18433
226720777: 7529 30113
226786577: 9859 23003
227132641: 10657 21313
227418133: 8707 26119
227588185: 5 11 109 37963
227925253: 487 468019
228274381: 5711 39971
232253629: 1447 160507
232481431: 7 7 13 31 61 193
233394367: 7639 30553
234183251: 251 933001
235742513: 13297 17729
235882921: 281 839441
237321727: 7703 30809
237709801: 7 193 251 701
238001653: 10909 21817
239763421: 1171 204751
240329209: 1723 139483
240784637: 4007 60091
241311181: 61 103 193 199
242208631: 7 193 179281
242582551: 11551 21001
242649761: 4561 53201
242729401: 12721 19081
243392153: 1523 159811
244719801: 3 3 79 491 701
245031801: 3 7 7 439 3797
245521771: 11 521 42841
245702293: 331 661 1123
246382711: 3347 73613
246917563: 9391 26293
247536811: 5563 44497
248978017: 7057 35281
250070471: 7 7 79 64601
251947921: 5881 42841
252552301: 6007 42043
253069807: 3631 69697
253158751: 11251 22501
253444309: 1039 243931
254682191: 197 491 2633
255927181: 6047 42323
258034813: 5167 49939
258757201: 10531 24571
259963761: 3 61 197 7211
261312481: 8641 30241
261659035: 5 11 673 7069
261870841: 29 89 241 421
263288251: 9001 29251
264124939: 13 23 23 193 199
264265429: 29 1373 6637
264350521: 11497 22993
266003101: 7 13 37 199 397
268495529: 857 313297
268626181: 9463 28387
268999081: 13 61 127 2671
269547739: 6703 40213
269941141: 6301 42841
270083661: 3 61 127 11621
270783251: 14251 19001
271763467: 8243 32969
272007331: 2633 103307
273586531: 5231 52301
274697263: 3907 70309
274810241: 12841 21401
274840021: 4999 54979
274937851: 8291 33161
275018653: 7 13 163 18541
275101373: 4283 64231
275554801: 1801 153001
276868609: 12889 21481
277024801: 2081 133121
277787141: 9623 28867
278159563: 11 19 461 2887
278200945: 5 11 19 266221
278943061: 9643 28927
279544123: 1453 192391
280793377: 2593 108289
281627451: 3 3 7 7 701 911
281960911: 199 733 1933
282391201: 3121 90481
282841171: 14071 20101
282963281: 7127 39703
283020013: 6359 44507
284297059: 9013 31543
286767313: 7 193 233 911
286785713: 4373 65581
287364351: 3 61 131 11987
288751121: 1361 212161
288757591: 31 61 311 491
289022911: 331 661 1321
289525761: 3 3 7 7 311 2111
290495101: 13 127 251 701
292052201: 7 7 61 199 491
292397041: 2671 109471
292956973: 5413 54121
295257913: 1553 190121
295419097: 7687 38431
296703217: 2137 138841
296842783: 2659 111637
297970255: 5 11 19 285139
301649921: 17 97 182929
302963101: 7 193 224251
303191741: 7109 42649
303792751: 9001 33751
304179001: 7 61 193 3691
305841031: 2579 118589
306256439: 15797 19387
306638413: 6619 46327
307629401: 14321 21481
308849311: 31 103 197 491
311733601: 2693 115757
314068321: 7 37 61 103 193
316349281: 12577 25153
319167157: 8933 35729
320522671: 7 7 31 79 2671
321781633: 10357 31069
322164077: 14821 21737
323152831: 193 547 3061
324186451: 7351 44101
325408813: 227 1433519
325590131: 1061 306871
326035001: 11821 27581
328187723: 233 1103 1277
328375411: 7 7 13 193 2671
328402181: 10463 31387
328573477: 199 397 4159
329700857: 6053 54469
329788981: 6421 51361
330609161: 2711 121951
331376737: 1777 186481
332782591: 3613 92107
335727001: 877 382813
338455153: 13009 26017
338458807: 9199 36793
338753227: 9203 36809
339020371: 31 61 179281
340464001: 6151 55351
340996801: 229 1489069
341488621: 727 469723
343857973: 2677 128449
345638401: 14401 24001
345674071: 13147 26293
346731463: 13 23 23 127 397
347347087: 9319 37273
347500229: 1493 232753
348178429: 157 1093 2029
351715033: 4549 77317
351910021: 10831 32491
355844503: 7 37 103 13339
355882201: 31 103 227 491
356981821: 7 61 313 2671
358651129: 773 463973
359512011: 3 3 23 467 3719
359696431: 13411 26821
360195151: 8093 44507
360496349: 8171 44119
361282253: 2243 161071
361845351: 3 3 7 7 61 13451
362276251: 15541 23311
362569201: 113 337 9521
363870151: 10501 34651
364192973: 10453 34841
366487201: 13537 27073
366560461: 31 193 197 311
367666201: 7 23 491 4651
368113411: 43 631 13567
370238401: 13 127 224251
371502211: 3643 101977
371573653: 11 83 406981
372038627: 15749 23623
372404113: 1777 209569
373906513: 7309 51157
375881941: 211 673 2647
376835491: 37 61 103 1621
377704471: 16831 22441
377900461: 8821 42841
380146117: 13 103 193 1471
380256121: 7 7 59 103 1277
382766671: 7 193 311 911
383263921: 937 409033
383793541: 11311 33931
384661201: 1933 198997
386865397: 8263 46819
387385021: 23 31 311 1747
388277921: 3041 127681
388695301: 11383 34147
389951431: 331 1178101
390104353: 331 661 1783
392176541: 29 13523329
393339061: 3739 105199
394961381: 661 597521
397526177: 4657 85361
398432039: 499 798461
399671641: 8941 44701
402358321: 8971 44851
402752533: 11587 34759
404379191: 2903 139297
405212987: 2659 152393
407047829: 8237 49417
407864371: 311 491 2671
411319351: 5981 68771
412258801: 31 61 311 701
412402631: 8291 49741
412837471: 10861 38011
414741961: 241 541 3181
415108891: 14407 28813
417268333: 15823 26371
417767201: 11801 35401
418226581: 14461 28921
419331121: 11 19 2006369
420383251: 16741 25111
420525221: 3947 106543
421909131: 3 7 311 64601
423195323: 5939 71257
423890587: 5503 77029
424279621: 6211 68311
426462031: 3187 133813
428667691: 199 2154109
429135841: 3361 127681
430769521: 7 13 31 311 491
431731991: 233 1277 1451
432995209: 1129 383521
433315741: 331 991 1321
434454689: 5857 74177
434704141: 15761 27581
437707069: 8369 52301
438612731: 3491 125641
439309261: 14821 29641
439432753: 5413 81181
439562401: 61 7205941
440968901: 2111 208891
441458591: 7 7 59 311 491
442181291: 18211 24281
443353633: 12157 36469
443633497: 13789 32173
444490621: 3109 142969
446044843: 4723 94441
446490059: 197 2266447
446893723: 18541 24103
447191893: 7477 59809
448337969: 439 1021271
448851001: 251 701 2551
453550151: 19717 23003
453557287: 17389 26083
453919201: 12301 36901
454573093: 13 103 193 1759
458869951: 10711 42841
459316261: 37 131 193 491
459628351: 7 13 31 61 2671
460896451: 11551 39901
464012033: 12437 37309
464305843: 19273 24091
464621609: 3593 129313
465658903: 15259 30517
466246747: 233 1277 1567
466850221: 8167 57163
474848611: 2693 176327
475969231: 15427 30853
476792473: 8677 54949
478317601: 8929 53569
478746269: 8933 53593
478910467: 7 7 1103 8861
479005861: 3461 138401
481135021: 8291 58031
482120827: 10979 43913
483351217: 10993 43969
483459181: 8311 58171
484435381: 19 331 77029
484468651: 31 2671 5851
484768777: 11941 40597
486798049: 89 149 36709
488061451: 3331 146521
488328913: 9883 49411
488863481: 18397 26573
490040029: 11833 41413
490234951: 11071 44281
496078129: 37 127 193 547
499127833: 5419 92107
499411981: 8447 59123
499705039: 4999 99961
499857751: 7669 65179
500520833: 12917 38749
500982437: 9403 53279
502022041: 3761 133481
503935159: 7 7 13 193 4099
510425569: 4519 112951
517697641: 6311 82031
518618491: 5981 86711
518820101: 13151 39451
520406551: 7 151 193 2551
520809451: 11411 45641
522855191: 131 3991261
522949939: 19 673 40897
523703179: 9343 56053
524226341: 12541 41801
524428723: 7 7 13 103 7993
526297357: 997 527881
529214311: 16267 32533
531580349: 9413 56473
532258271: 9419 56509
532274455: 5 19 137 40897
532339655: 5 661 161071
532800133: 13327 39979
532835213: 1373 388081
538284113: 6793 79241
542574649: 5209 104161
542761301: 13451 40351
544162301: 661 823241
544400065: 5 11 19 520957
545355163: 461 829 1427
545576249: 359 1519711
545738203: 16519 33037
547659451: 5851 93601
547661533: 23 23 1035277
548032153: 1747 313699
549826951: 1741 315811
552163333: 13567 40699
553925893: 9283 59671
554494951: 16651 33301
555321007: 11783 47129
559702153: 16729 33457
560193889: 2969 188681
562184731: 1531 367201
562467361: 13693 41077
563247119: 9941 56659
564331697: 7919 71263
565640461: 5881 96181
567737633: 13757 41269
567815617: 10657 53281
568386673: 1597 355909
568776083: 13063 43541
569907801: 3 3 127 197 2531
572766251: 19541 29311
573958993: 13681 41953
575133131: 9791 58741
575874751: 59 103 193 491
577301381: 2141 269641
580786331: 9839 59029
581943511: 37 103 311 491
582966529: 4337 134417
583388929: 1873 311473
584540729: 4597 127157
584570491: 9871 59221
587336401: 17137 34273
588941461: 19 30996919
589013119: 12973 45403
591043771: 17191 34381
591717787: 12163 48649
592780371: 3 61 79 131 313
594492823: 7039 84457
595616227: 12203 48809
596534989: 18919 31531
596895853: 2647 225499
604066597: 5639 107123
604571353: 23 23 199 5743
610414807: 20173 30259
611812321: 14281 42841
613038781: 19 109 296011
614768617: 19 67 331 1459
615416341: 14323 42967
615752051: 20261 30391
618033001: 7177 86113
622818241: 31 311 64601
623191441: 311 1381 1451
628868467: 12539 50153
629924351: 7 7 199 64601
631148813: 21757 29009
632936743: 5557 113899
634249829: 3527 179827
640358629: 1753 365293
640748157: 3 7 7 439 9929
641475451: 23 23 61 103 193
642290027: 20693 31039
644004817: 12689 50753
644574569: 23269 27701
644865211: 16061 40151
646977361: 12161 53201
647683721: 13291 48731
652370473: 13339 48907
653235841: 21601 30241
654033701: 701 933001
655219207: 12799 51193
655740631: 7 13 7205941
659850337: 13807 47791
664745657: 16879 39383
665932801: 47 103 151 911
666100911: 3 7 491 64601
670909727: 21149 31723
673086163: 2213 304151
674295481: 6121 110161
676728343: 16453 41131
676880821: 18397 36793
682460501: 15083 45247
682839721: 1459 468019
684634133: 15107 45319
686128969: 19 883 40897
689443273: 11743 58711
689479627: 2467 279481
690992977: 17209 40153
691639231: 1879 368089
692135731: 7 7 199 70981
696439873: 4339 160507
698571721: 3631 192391
701454979: 23689 29611
707265451: 9403 75217
709879301: 15383 46147
710741953: 11923 59611
711367763: 6287 113149
713054651: 4451 160201
713585141: 5779 123479
714978739: 14293 50023
716169301: 15451 46351
719818321: 10141 70981
720068161: 15493 46477
720385903: 18979 37957
724912801: 20353 35617
727988797: 6967 104491
733013341: 6991 104851
735039337: 17749 41413
735064619: 16603 44273
735511969: 22921 32089
737859601: 3881 190121
738897149: 23 23 199 7019
739160269: 23 32137403
739643491: 19231 38461
741036773: 14437 51329
741214237: 13613 54449
741409813: 4603 161071
742811023: 19 739 52903
745708657: 9103 81919
750480127: 4253 176459
752646379: 727 1035277
754332149: 11213 67273
755336539: 199 3795661
757221977: 9173 82549
758056531: 331 991 2311
759472561: 29 41 181 3529
760928401: 5851 130051
761932033: 15937 47809
765075067: 827 925121
765378241: 15973 47917
766057421: 2741 279481
767261509: 7 79 911 1523
767769449: 6047 126967
769006153: 19609 39217
772622641: 7 7 31 37 59 233
774044641: 8389 92269
776249251: 13931 55721
776359871: 7 7 23 23 61 491
778724761: 661 1178101
779566211: 11399 68389
779819587: 13963 55849
780384013: 10559 73907
780457399: 17669 44171
786672251: 22901 34351
789325241: 1321 597521
794885301: 3 3 7 7 491 3671
796066571: 11519 69109
796378433: 983 810151
798428947: 4957 161071
798917855: 5 43 643 5779
801660433: 7 7 103 193 823
806754061: 5923 136207
807649489: 2593 311473
807889039: 8863 91153
809506133: 16427 49279
811440601: 7901 102701
811556737: 2657 305441
814324183: 1303 624961
815224463: 79 313 32969
815935007: 3347 243781
818491477: 1753 466909
820807843: 1987 413089
820974661: 13 61 1035277
823799161: 3943 208927
823951171: 11719 70309
824532931: 15349 53719
824579281: 13537 60913
826049071: 23 193 379 491
831821327: 23549 35323
832120901: 1301 639601
833601601: 7 37 79 131 311
835667119: 7 7 23 23 103 313
835935361: 16693 50077
837289051: 18301 45751
837960901: 21001 39901
838743283: 7 313 382813
842960981: 16763 50287
847643251: 7 13 61 311 491
848247481: 4549 186469
849606031: 20611 41221
850402801: 9721 87481
851778817: 14593 58369
854187181: 11047 77323
855073301: 16883 50647
857100421: 16903 50707
858050461: 37 61 103 3691
859889917: 4637 185441
860422273: 15319 56167
860543797: 9277 92761
862116883: 4643 185681
862466671: 11 3191 24571
865322371: 661 991 1321
868113937: 13177 65881
869152411: 4783 181717
872686501: 2381 366521
881212469: 5749 153281
888838273: 6217 142969
891355717: 7 7 103 176611
891456541: 1021 873121
896202469: 19 109 643 673
902132947: 4889 184523
902318369: 2339 385771
908736097: 15073 60289
909521911: 10663 85297
910238851: 23977 37963
914897023: 4783 191281
917252551: 16189 56659
922845241: 21481 42961
925584631: 12973 71347
925749079: 7607 121697
926305471: 7 13 37 103 2671
927161159: 7459 124301
929559403: 21559 43117
931797469: 5483 169943
933184801: 21601 43201
933554551: 7639 122209
933643279: 16333 57163
934168861: 28297 33013
934388911: 61 103 127 1171
935794081: 73 937 13681
936519121: 6121 153001
937867549: 5737 163477
938376181: 21661 43321
939947009: 263 1049 3407
947485351: 15391 61561
948907361: 25841 36721
950383369: 13 37 103 19183
954924013: 13177 72469
958581817: 20269 47293
959901193: 2687 357239
960019727: 10691 89797
962442001: 73 601 21937
964375987: 283 659 5171
965060251: 103 197 199 239
965485561: 6781 142381
967186171: 7 61 103 21991
968283247: 15559 62233
969901661: 6907 140423
972268753: 2137 454969
972471151: 22051 44101
973073431: 11 709 124769
976146697: 1723 566539
976382509: 12757 76537
976704001: 7 13 61 251 701
976892671: 10141 96331
977046533: 18047 54139
977700389: 26573 36793
978352201: 2521 388081
979804009: 13999 69991
982585531: 11083 88657
982680637: 4957 198241
983291821: 31 491 64601
984008089: 14029 70141
985503949: 1447 681067
986363977: 3407 289511
986705083: 7 13 23 23 103 199
987250501: 29251 33751
992326861: 3739 265399
1007701417: 73 1009 13681
1007713171: 22447 44893
1007752901: 3191 315811
1009025263: 5023 200881
1010461121: 18353 55057
1012765217: 2473 409529
1012846537: 15913 63649
1012867993: 5779 175267
1013211631: 17657 57383
1015269391: 22531 45061
1019149551: 3 3 7 47 491 701
1021281301: 18451 55351
1022388641: 18461 55381
1022648299: 5839 175141
1022739521: 661 1547261
1027744453: 22669 45337
1029489301: 251 701 5851
1034283421: 22741 45481
1037742751: 47 1151 19183
1039480129: 14419 72091
1040550967: 3607 288481
1041513877: 3727 279451
1052066833: 1993 527881
1053186331: 3067 343393
1058989231: 23011 46021
1064857411: 3331 319681
1072636201: 7 13 151 251 311
1074493501: 151 701 10151
1076762161: 3457 311473
1077808513: 12409 86857
1080124657: 16433 65729
1085482251: 3 3 7 7 61 40351
1087501361: 1321 823241
1087844077: 6733 161569
1088196751: 31 37 61 103 151
1090437841: 37 193 311 491
1090839247: 26111 41777
1092558013: 127 823 10453
1092995421: 3 7 7 439 16937
1093675987: 8839 123733
1094189221: 20921 52301
1101271333: 3391 324763
1103291521: 8641 127681
1111629961: 13 31 37 74551
1114404391: 13807 80713
1115163391: 3307 337213
1117004257: 14947 74731
1119136921: 7 7 23 31 103 311
1120297697: 27329 40993
1121091089: 7307 153427
1121452021: 3511 319411
1124303077: 3943 285139
1124501401: 67 1453 11551
1127993861: 19391 58171
1128420481: 12697 88873
1129716811: 23767 47533
1132409551: 7 7 13 61 151 193
1132723033: 13 103 127 6661
1134341839: 28297 40087
1135103867: 27509 41263
1135172851: 61 151 251 491
1135577953: 21313 53281
1139523661: 23 23 2154109
1142023507: 10687 106861
1142300503: 23899 47797
1144624031: 9767 117193
1147018787: 27653 41479
1147158811: 10711 107101
1150196983: 13 103 858997
1156995407: 27773 41659
1166779981: 12911 90371
1167498091: 991 1178101
1168050241: 4201 278041
1168706449: 15289 76441
1174087471: 3067 382813
1178227027: 461 829 3083
1180804201: 439 877 3067
1184554801: 24337 48673
1186915861: 19891 59671
1197998101: 5851 204751
1200003559: 1483 809173
1202085067: 28309 42463
1202142061: 24517 49033
1203399649: 3637 330877
1204034959: 19 43 883 1669
1207252621: 613 919 2143
1210237081: 131 911 10141
1212036013: 13159 92107
1212297847: 28429 42643
1215555601: 13 31 61 197 251
1217410097: 3137 388081
1220233691: 61 131 311 491
1222933207: 23 23 199 11617
1224200801: 20201 60601
1225136881: 73 1009 16633
1225545571: 61 311 64601
1226405473: 18289 67057
1228338259: 8171 150329
1231595839: 6883 178933
1232113351: 7 193 701 1301
1233783187: 7 13 193 70249
1234646533: 20287 60859
1234706201: 13963 88427
1237131567: 3 3 7 7 23 23 5303
1237366261: 1483 834367
1238490691: 10861 114031
1241108437: 11491 108007
1244817301: 7 13 61 224251
1247449351: 19 4129 15901
1248140521: 67 661 28183
1250676967: 10429 119923
1251571801: 761 1644641
1259866037: 2399 525163
1260484351: 7 193 933001
1264145401: 107 743 15901
1265801473: 2593 488161
1266025351: 17791 71161
1266989701: 20551 61651
1272866167: 17839 71353
1273519051: 7 151 233 5171
1275068341: 26993 47237
1275619753: 15973 79861
1276581307: 29173 43759
1281110209: 7159 178951
1281947437: 7309 175393
1292925421: 13591 95131
1294955641: 7 61 397 7639
1296613501: 29401 44101
1299699619: 673 1931203
1299963601: 601 1201 1801
1301204087: 29453 44179
1301439911: 4241 306871
1302257197: 5779 225343
1302509881: 61 103 207307
1302594841: 16141 80701
1302745481: 5381 242101
1304692039: 7 37 103 48907
1305099511: 23 199 313 911
1308249881: 743 1760767
1308952701: 3 3 7 23 59 61 251
1309382713: 16183 80911
1309440001: 41 89 241 1489
1309814821: 7 31 6036013
1311858269: 233 1277 4409
1312845661: 25621 51241
1314667811: 31649 41539
1315474513: 13709 95957
1323392131: 33013 40087
1324656127: 10733 123419
1326159619: 5881 225499
1327026403: 25759 51517
1328898841: 10111 131431
1333215703: 25819 51637
1333678963: 31627 42169
1335361609: 7309 182701
1335940057: 9769 136753
1337038489: 21017 63617
1348823767: 6299 214133
1349599945: 5 647 417187
1357180933: 389 3488897
1358311813: 677 2006369
1362966383: 23831 57193
1363040689: 15823 86143
1365211423: 2917 468019
1367423357: 20129 67933
1368769681: 26161 52321
1369537849: 3529 388081
1370135521: 11161 122761
1372754441: 5801 236641
1375684831: 26227 52453
1376044979: 947 1453057
1383877853: 509 2718817
1397169091: 26431 52861
1403772581: 7211 194671
1409792801: 15329 91969
1412900707: 11887 118861
1415327519: 19471 72689
1416144133: 21727 65179
1423067801: 15401 92401
1424287099: 23869 59671
1426068821: 21803 65407
1431044161: 21841 65521
1432253197: 5023 285139
1434735457: 3697 388081
1434978181: 7 7 13 103 21871
1437638671: 7 31 103 131 491
1440350299: 3943 365293
1443275351: 7 7 239 251 491
1443365551: 331 1321 3301
1445926591: 33751 42841
1453073539: 24109 60271
1456844033: 22037 66109
1458757111: 7 31 61 193 571
1462849681: 5521 264961
1463241529: 229 6389701
1464087601: 2351 622751
1465217911: 27067 54133
1465908193: 13537 108289
1468824787: 19163 76649
1472508181: 157 1093 8581
1478698909: 6907 214087
1484868061: 137 613 17681
1487387611: 27271 54541
1489587997: 31513 47269
1489949803: 24413 61031
1492762133: 22307 66919
1493581501: 11251 132751
1495170073: 17293 86461
1501689427: 7 7 103 233 1277
1502124859: 15823 94933
1503761941: 11 3191 42841
1506877417: 397 3795661
1509065881: 211 673 10627
1511751601: 19441 77761
1516410901: 22483 67447
1521221473: 17443 87211
1522937849: 857 1777057
1526557231: 643 2374117
1527888433: 10093 151381
1532037001: 11 3251 42841
1533555271: 27691 55381
1538071061: 22643 67927
1539620941: 14831 103811
1540208251: 27751 55501
1540384651: 13 127 933001
1544599061: 22691 68071
1546484581: 1747 885223
1547543161: 27817 55633
1548553609: 17599 87991
1556271421: 1321 1178101
1557264041: 4931 315811
1562213489: 21649 72161
1565138611: 12511 125101
1574362441: 28057 56113
1582874113: 10273 154081
1590394313: 34537 46049
1594789651: 7 13 37 311 1523
1595995633: 3673 434521
1597198201: 11701 136501
1607232313: 73 1553 14177
1607530051: 28351 56701
1608738301: 5851 274951
1609138081: 6781 237301
1616387653: 28429 56857
1617131041: 6133 263677
1625764891: 22901 70991
1628090231: 16901 96331
1629514723: 5827 279649
1629801901: 7 13 3061 5851
1630062253: 28549 57097
1630161541: 23311 69931
1630328281: 4201 388081
1632955381: 5659 288559
1638747793: 17 5953 16193
1642736519: 16547 99277
1647258001: 6961 236641
1649097649: 27073 60913
1649461301: 33161 49741
1650287083: 25693 64231
1661784961: 1867 890083
1662784117: 20389 81553
1664391771: 3 3 7 7 61 61871
1665871019: 6803 244873
1674522521: 7 7 23 23 64601
1675121887: 10939 153133
1677115441: 8191 204751
1678151707: 20483 81929
1685819791: 4591 367201
1687572577: 3457 488161
1697316331: 2671 635461
1704448201: 4789 355909
1704830545: 5 11 30996919
1706304901: 7 7 103 233 1451
1708079101: 25309 67489
1709765713: 15629 109397
1710753001: 20681 82721
1722804799: 3307 520957
1727184031: 79 103 233 911
1728960133: 24007 72019
1729918081: 12541 137941
1730299221: 3 3 7 7 61 131 491
1731364861: 6421 269641
1735053343: 19 263 331 1049
1735698601: 7 13 37 193 2671
1737831501: 3 3 7 7 61 64601
1742008273: 12049 144577
1747416881: 7 7 23 1550503
1748214901: 4861 359641
1751323951: 13 31 1627 2671
1757055847: 20959 83833
1763981381: 36373 48497
1767803047: 21023 84089
1776073781: 8111 218971
1781371621: 43 967 42841
1783334719: 199 397 22573
1784323201: 21121 84481
1784865337: 14083 126739
1793322301: 4621 388081
1794136627: 21179 84713
1796170351: 21191 84761
1796809561: 2731 657931
1802845611: 3 3 7 1861 15377
1811444461: 16087 112603
1817936371: 18181 99991
1818324187: 19 43 673 3307
1818827141: 24623 73867
1821514633: 26993 67481
1821774001: 2111 862991
1822787419: 8839 206221
1824928579: 14653 124543
1825639873: 337 5417329
1828272901: 7 13 311 64601
1831812841: 19141 95701
1837646551: 13 31 37 251 491
1838453203: 30319 60637
1838524321: 6211 296011
1841968261: 7 7 31 61 103 193
1848528331: 13 23 103 193 311
1852317251: 35141 52711
1852666901: 24851 74551
1853926777: 21529 86113
1856689453: 30469 60937
1859787187: 21563 86249
1862006293: 7 103 193 13381
1862434817: 12289 151553
1866699017: 281 6643057
1867906721: 24953 74857
1882668151: 7 7 13 23 23 37 151
1885467781: 127 163 91081
1894349101: 16451 115151
1895812883: 6719 282157
1909260373: 8171 233663
1914403573: 4933 388081
1914824297: 35729 53593
1915974733: 14869 128857
1920301951: 21911 87641
1924365991: 33161 58031
1929673807: 5557 347251
1932808963: 13903 139021
1934350351: 21991 87961
1934864551: 61 491 64601
1937105941: 25411 76231
1948898429: 11399 170971
1955219311: 31267 62533
1961886019: 21523 91153
1968451849: 7 13 23 23 103 397
1968457071: 3 7 1451 64601
1969429531: 367 733 7321
1972522861: 16787 117503
1975331581: 4219 468199
1975940881: 1231 1605151
1986220787: 36389 54583
1988672533: 25747 77239
1989985453: 59 197 313 547
1990056007: 11923 166909
1993490731: 67 661 45013
1995414121: 421 541 8761
1996235011: 21673 92107
1997481781: 103 127 311 491
2000436751: 487 1531 2683
2003557681: 6991 286591
2004299641: 31657 63313
2007802673: 5233 383681
2007903301: 157 1093 11701
2014992211: 23 23 199 19141
2017283311: 71 3221 8821
2017921291: 661 1321 2311
2024139277: 6067 333631
2028416021: 26003 78007
2029830409: 20149 100741
2033810857: 13 23 23 37 7993
2034315553: 10691 190283
2036224321: 26053 78157
2040979973: 32993 61861
2043931781: 1321 1547261
2044431541: 24169 84589
2048443501: 13 61 151 17107
2056832821: 19 2647 40897
2058591641: 127 491 33013
2066334463: 39367 52489
2070303709: 14389 143881
2071874419: 18583 111493
2071894951: 7 31 61 193 811
2072624761: 487 1459 2917
2073202561: 13729 151009
2075827501: 11 19 109 91121
2081113141: 47 1381 32063
2081127481: 12653 164477
2093206681: 13681 153001
2109576379: 11483 183713
2110028851: 7 103 151 19381
2112391693: 13177 160309
2114694751: 13 103 151 10459
2120487541: 7451 284591
2123112967: 23039 92153
2126184337: 8563 248299
2133876991: 18859 113149
2139462991: 32707 65413
2147022749: 18917 113497
2154252259: 9103 236653
2155655767: 7963 270709
2156477401: 13 23 37 397 491
2159855569: 1873 1153153
2161380511: 19 109 487 2143
2162323351: 661 991 3301
2163573991: 40897 52903
2164829701: 331 1321 4951
2167577527: 23279 93113
2169130031: 7187 301813
2169323861: 26891 80671
2181897329: 42641 51169
2183757409: 20899 104491
2188955501: 38201 57301
2189515541: 21661 101081
2200168477: 13 23 103 199 359
2201924341: 33181 66361
2203649197: 38329 57493
2210849551: 311 701 10141
2216099341: 10037 220793
2216123671: 19219 115309
2217949949: 9929 223381
2218473373: 41539 53407
2223471251: 38501 57751
2225091521: 13681 162641
2225653201: 8761 254041
2226516901: 7 193 701 2351
2238594073: 3433 652081
2245519981: 17911 125371
2253843961: 6079 370759
2255147401: 13 23 151 199 251
2261018597: 20753 108949
2261760229: 11369 198941
2268708137: 43481 52177
2269307587: 23819 95273
2269506313: 41257 55009
2271677053: 26371 86143
2272657969: 32141 70709
2286503395: 5 11 5881 7069
2287447111: 13807 165673
2293014533: 27647 82939
2297593187: 4211 545617
2298363451: 23971 95881
2309405617: 223 3109 3331
2309522341: 7 7 103 193 2371
2309927647: 8243 280229
2310170221: 37 491 127163
2310391639: 25693 89923
2313532421: 61 311 121951
2316226771: 9439 245389
2317183123: 40897 56659
2319724441: 34057 68113
2321300833: 27817 83449
2321403521: 37321 62201
2323072291: 43 1321 40897
2323738681: 11 4931 42841
2323866169: 21559 107791
2328636311: 23 23 79 55721
2331896971: 311 491 15271
2343283831: 7 7 31 193 7993
2345907961: 21661 108301
2364025951: 7 23 151 97241
2367341761: 337 7024753
2371547869: 8747 271127
2374327135: 5 137 3466171
2377553569: 4759 499591
2378043193: 1597 1489069
2382965861: 2333 1021417
2386771609: 13297 179497
2387525141: 28211 84631
2391586561: 7 7 13 103 36451
2392261741: 17293 138337
2401493557: 11243 213599
2403802133: 28307 84919
2412172153: 34729 69457
2419188817: 24593 98369
2421966439: 29411 82349
2422082491: 4231 572461
2424553051: 42643 56857
2425742453: 9479 255907
2429464141: 13 31 37 61 2671
2435512421: 6911 352411
2445568021: 13 31 37 164011
2448442501: 151 251 64601
2452359457: 22147 110731
2459007937: 67 331 110881
2461807363: 21157 116359
2462440753: 35089 70177
2463305161: 10831 227431
2470214251: 24851 99401
2473802101: 11411 216791
2479260317: 32141 77137
2485230751: 35251 70501
2485467379: 2887 860917
2494120049: 10529 236881
2497866617: 32719 76343
2503017367: 15319 163393
2504165941: 9631 260011
2506529257: 25033 100129
2507755681: 271 9253711
2510495989: 6469 388081
2512807981: 18947 132623
2513440801: 131 911 21061
2514929581: 35461 70921
2516684801: 40961 61441
2519186671: 35491 70981
2522618611: 23677 106543
2525900833: 29017 87049
2526566041: 20521 123121
2527975951: 43543 58057
2532598591: 9511 266281
2533915781: 29063 87187
2534790721: 2113 1199617
2538947809: 15193 167113
2543298421: 157 1093 14821
2545398241: 4027 632083
2548701451: 37 61 193 5851
2555706731: 20639 123829
2563487713: 349 1489 4933
2575558171: 20719 124309
2575848043: 42463 60661
2582246701: 19207 134443
2592351751: 11 5501 42841
2594220751: 661 1321 2971
2597509993: 13 193 1035277
2598933481: 443 1327 4421
2601743641: 7 7 103 193 2671
2607435307: 20029 130183
2616180821: 29531 88591
2620964501: 41801 62701
2621331049: 11173 234613
2623206697: 25609 102433
2628703213: 19379 135647
2642008069: 22541 117209
2643000949: 12853 205633
2648671957: 25733 102929
2655289331: 14479 183389
2656493659: 9829 270271
2659517371: 7 103 1381 2671
2659703041: 6121 434521
2659939453: 36469 72937
2661748601: 1373 1938637
2673898151: 42221 63331
2674581651: 3 3 7 7 311 19501
2676053333: 29867 89599
2676590953: 3109 860917
2678516611: 4159 644029
2680883617: 25889 103553
2704681801: 5779 468019
2712403891: 12109 223999
2712456601: 26041 104161
2721020849: 13469 202021
2722591411: 2311 1178101
2723641669: 7 23 23 37 103 193
2728997441: 30161 90481
2734240801: 9103 300367
2738053141: 30211 90631
2738905969: 8731 313699
2742119407: 26183 104729
2743426027: 13999 195973
2744074681: 2389 1148629
2748524711: 14731 186581
2751996457: 7 7 193 397 733
2754028201: 4621 595981
2761545403: 37159 74317
2766403333: 30367 91099
2767579907: 10739 257713
2772376069: 4027 688447
2772562171: 18061 153511
2779217281: 10993 252817
2781117721: 27541 100981
2784454291: 461 691 8741
2791053541: 37357 74713
2802309553: 577 1873 2593
2802534877: 14149 198073
2805773905: 5 11 109 468019
2809918651: 41357 67943
2810937713: 12497 224929
2813512591: 37507 75013
2813637611: 12503 225037
2813732923: 36037 78079
2822830561: 23761 118801
2824685161: 14741 191621
2827961221: 30703 92107
2828436911: 4451 635461
2828698133: 30707 92119
2832384133: 30727 92179
2833427617: 5099 555683
2840963203: 13 127 199 8647
2844472933: 1373 2071721
2851693501: 26701 106801
2858583961: 23911 119551
2860404881: 593 1481 3257
2866309537: 7 7 13 1061 4241
2868006521: 9323 307627
2872948321: 23971 119851
2878989101: 8059 357239
2886437281: 7 13 491 64601
2886519971: 49741 58031
2888754643: 48073 60091
2893953313: 6673 433681
2894667781: 31063 93187
2895754051: 31 37 103 127 193
2896171921: 20341 142381
2898023521: 31081 93241
2901832151: 15551 186601
2901910813: 647 4485179
2909354977: 1123 1453 1783
2927963231: 22091 132541
2931708097: 27073 108289
2931738811: 27961 104851
2943435673: 19 109 461 3083
2945464273: 11317 260269
2951136343: 19207 153649
2952649813: 8287 356299
2955149713: 4339 681067
2958453401: 18131 163171
2959473531: 3 7 7 131 313 491
2966697553: 15107 196379
2973667117: 3677 808721
2974506841: 24391 121951
2992079107: 1447 2067781
2992394501: 31583 94747
2994415201: 27361 109441
2995660081: 36901 81181
2995689151: 7 13 151 311 701
3006173171: 20021 150151
3016605601: 2287 1319023
3017920123: 15859 190297
3018147217: 18313 164809
3018185551: 32401 93151
3031242061: 331 991 9241
3035357921: 47713 63617
3037841551: 14731 206221
3039093991: 5119 593689
3046055601: 3 311 467 6991
3056100623: 15959 191497
3057058657: 2053 1489069
3059183863: 19 109 139 10627
3065493229: 17509 175081
3066667531: 11807 259733
3066754241: 31973 95917
3068690309: 6907 444287
3072138383: 5843 525781
3078460303: 9733 316291
3086671039: 67 661 69697
3088408429: 239 2857 4523
3095406881: 7 7 491 128659
3096885949: 2797 1107217
3099923059: 5683 545473
3110830003: 39439 78877
3110951251: 45541 68311
3112636489: 22777 136657
3119884093: 11909 261977
3123082241: 4481 696961
3125814517: 7 7 23 347 7993
3126317393: 15313 204161
3126951133: 8629 362377
3135914893: 18169 172597
3137271061: 45013 69697
3140900831: 6899 455269
3142863751: 28031 112121
3144136249: 3037 1035277
3148806403: 39679 79357
3149323421: 26959 116819
3155291003: 3539 891577
3158872207: 9199 343393
3170343301: 61 151 491 701
3174698143: 47 197 199 1723
3176909737: 3697 859321
3182302313: 17729 179497
3185210881: 23041 138241
3185944273: 25243 126211
3187599997: 47237 67481
3194202881: 7121 448561
3206220673: 36721 87313
3209987159: 5783 555073
3211233781: 7 47 103 193 491
3217744531: 40111 80221
3220245421: 5171 622751
3224816233: 34469 93557
3229252501: 5641 572461
3239367841: 45403 71347
3239620777: 18973 170749
3240285049: 7723 419563
3243157501: 661 991 4951
3243537751: 23251 139501
3243815633: 26849 120817
3255732739: 7 7993 58189
3264213499: 19597 166567
3272091571: 7 7 31 2154109
3274271911: 521 677 9283
3275415001: 3433 954097
3281100001: 601 5459401
3286184287: 28663 114649
3297581641: 12841 256801
3299060521: 47791 69031
3304052371: 20323 162577
3306891733: 557 5936969
3308471531: 24907 132833
3310343719: 36389 90971
3312089041: 17761 186481
3313196881: 619 1237 4327
3315439201: 151 21956551
3324430951: 24967 133153
3327700267: 1783 1866349
3332340703: 40819 81637
3333943537: 1471 2266447
3336458459: 2819 1183561
3362948821: 16741 200881
3363717241: 10531 319411
3364070533: 33487 100459
3364559491: 52951 63541
3371272381: 9181 367201
3378664171: 109 30996919
3378687817: 38053 88789
3379364297: 4229 799093
3382900921: 14107 239803
3383477191: 41131 82261
3386114401: 7451 454451
3390076163: 1277 2654719
3393493071: 3 23 199 247141
3394650971: 17981 188791
3396188941: 22027 154183
3401032477: 10429 326113
3402758647: 47629 71443
3404168197: 29173 116689
3407952169: 23833 142993
3408084371: 3371 1011001
3413020051: 7 31 103 311 491
3416784061: 10499 325439
3420524467: 29243 116969
3429112051: 251 1301 10501
3429137401: 2467 1390003
3432192961: 26881 127681
3440836231: 7 79 103 193 313
3440892181: 1669 2061649
3447719581: 18121 190261
3447846991: 12143 283937
3450935503: 41539 83077
3457896259: 24007 144037
3462817177: 26317 131581
3462909031: 41611 83221
3465366601: 601 1201 4801
3467821087: 15739 220333
3469919311: 23 31 37 103 1277
3493072871: 13931 250741
3495642949: 17827 196087
3496063321: 14341 243781
3497192089: 2543 1375223
3497214337: 29569 118273
3504653401: 12919 271279
3511565551: 13 151 251 7127
3512369857: 29633 118529
3517040701: 8941 393361
3520795561: 13931 252731
3522337171: 263 3407 3931
3525353921: 7481 471241
3525641551: 4451 792101
3531599353: 18793 187921
3531794351: 54251 65101
3536281831: 17167 205993
3539859121: 97 337 108289
3541895177: 48593 72889
3553653577: 8887 399871
3553703791: 11 7541 42841
3556433959: 13 127 2154109
3563551991: 24371 146221
3570935681: 131 27259051
3577077533: 15443 231631
3578189341: 24421 146521
3578395213: 8693 411641
3581831761: 22621 158341
3584800801: 42337 84673
3589375921: 52837 67933
3599103691: 21211 169681
3600222161: 19081 188681
3600223213: 22679 158747
3610247851: 7 61 199 42487
3619284401: 49121 73681
3629740401: 3 3 7 61 311 3037
3636038771: 911 3991261
3641670781: 7 31 61 103 2671
3642956731: 2621 1389911
3651150331: 42727 85453
3656511073: 27043 135211
3662969113: 4357 840709
3667561801: 31627 115963
3678588373: 17509 210097
3679947751: 28597 128683
3692283211: 42967 85933
3699584737: 44633 82889
3702277801: 49681 74521
3704091751: 30431 121721
3706404781: 23011 161071
3718428121: 27271 136351
3719123423: 33403 111341
3728088673: 83 5167 8693
3732674401: 21601 172801
3733851577: 30553 122209
3757077521: 2381 1577941
3762046487: 22397 167971
3762189081: 3 3 7 7 311 27431
3771474761: 10691 352771
3799507339: 48731 77969
3800306971: 43591 87181
3800755531: 131 2861 10141
3806780755: 5 43 673 26309
3811357201: 17123 222587
3824339819: 25247 151477
3826699537: 47917 79861
3830387569: 15473 247553
3842266651: 10631 361421
3842267401: 7 103 811 6571
3853113769: 283 2633 5171
3857354983: 47791 80713
3868612741: 7 61 103 87961
3874471147: 31123 124489
3881412433: 433 2593 3457
3886283377: 7793 498689
3888911401: 3301 1178101
3890736481: 36013 108037
3891090817: 17041 228337
3892503691: 25471 152821
3892928203: 44119 88237
3895046191: 44131 88261
3896103559: 19739 197381
3903028183: 11807 330569
3904760797: 7 103 1277 4241
3908131991: 18047 216553
3916900261: 1931 2028431
3917319841: 44257 88513
3920956969: 5693 688733
3932680801: 7 31 103 251 701
3945743581: 13 31 61 160507
3954564181: 37 61 103 17011
3970922341: 4621 859321
3972776333: 48823 81371
3975864463: 1087 3657649
4001715541: 36523 109567
4002592133: 36527 109579
4004405881: 7 7 103 193 4111
4007486543: 53279 75217
4031031577: 10889 370193
4032259123: 19597 205759
4034993269: 25933 155593
4042578403: 44959 89917
4059776533: 36787 110359
4065336991: 22543 180337
4068671881: 26041 156241
4078805921: 9521 428401
4078866221: 23321 174901
4081806919: 26083 156493
4089090421: 13 103 193 15823
4103745689: 26153 156913
4107809601: 3 3 7 7 61 311 491
4114592311: 571 7205941
4120490221: 42841 96181
4122312351: 3 61 79 313 911
4126401181: 7 7 23 61 193 311
4135506103: 367 733 15373
4137068557: 14149 292393
4140903383: 21859 189437
4141235161: 7 31 61 193 1621
4142342401: 17851 232051
4155200921: 131 491 64601
4158560953: 20393 203921
4162374091: 8821 471871
4164854719: 26347 158077
4169287081: 15661 266221
4176385921: 45697 91393
4177512289: 17 97 977 2593
4192638451: 7151 586301
4193496803: 59 1103 64439
4193770033: 43661 96053
4195415041: 8161 514081
4228090903: 45979 91957
4232787521: 26561 159361
4240705855: 5 19 107 417187
4242354731: 26591 159541
4259605789: 619 1237 5563
4259808781: 9421 452161
4271832671: 17789 240139
4275230917: 32693 130769
4275534481: 11383 375607
4275941587: 41357 103391
4282033687: 32719 130873
4283445403: 46279 92557
4286794019: 9011 475729
4287612127: 20707 207061
4289393281: 37813 113437
4292880139: 40123 106993
4293636173: 19867 216119
